0.25,0.25,0.25,0.25
0.00970874,0.00970874,0.970874,0.00970874
0.00970874,0.00970874,0.970874,0.00970874
0.00970874,0.00970874,0.970874,0.00970874
0.00970874,0.00970874,0.970874,0.00970874
0.00970874,0.00970874,0.970874,0.00970874
0.00970874,0.00970874,0.970874,0.00970874
0.00970874,0.00970874,0.970874,0.00970874
0.00970874,0.00970874,0.970874,0.00970874
0.00970874,0.00970874,0.970874,0.00970874
0.00970874,0.00970874,0.970874,0.00970874
0.00970874,0.00970874,0.970874,0.00970874
0.00970874,0.00970874,0.970874,0.00970874
0.00970874,0.00970874,0.970874,0.00970874
0.00970874,0.00970874,0.970874,0.00970874
0.00970874,0.00970874,0.970874,0.00970874
0.00970874,0.00970874,0.970874,0.00970874
0.00970874,0.00970874,0.970874,0.00970874
0.00970874,0.00970874,0.970874,0.00970874
0.00970874,0.00970874,0.970874,0.00970874
0.00970874,0.00970874,0.970874,0.00970874
0.00970874,0.00970874,0.970874,0.00970874
0.00970874,0.00970874,0.970874,0.00970874
0.00970874,0.00970874,0.970874,0.00970874
0.00970874,0.00970874,0.970874,0.00970874
0.00970874,0.00970874,0.970874,0.00970874
0.00970874,0.00970874,0.970874,0.00970874
0.00970874,0.00970874,0.970874,0.00970874
0.00970874,0.00970874,0.970874,0.00970874
0.00970874,0.00970874,0.970874,0.00970874
0.00970874,0.00970874,0.970874,0.00970874
0.00970874,0.00970874,0.970874,0.00970874
0.00970874,0.00970874,0.970874,0.00970874
0.00970874,0.00970874,0.970874,0.00970874
0.00970874,0.00970874,0.970874,0.00970874
0.00970874,0.00970874,0.970874,0.00970874
0.00970874,0.00970874,0.970874,0.00970874
0.00970874,0.00970874,0.970874,0.00970874
0.00970874,0.00970874,0.970874,0.00970874
0.00970874,0.00970874,0.970874,0.00970874
0.326797,0.00980392,0.653595,0.00980392
0.326797,0.00980392,0.653595,0.00980392
0.326797,0.00980392,0.653595,0.00980392
0.326797,0.00980392,0.653595,0.00980392
0.326797,0.00980392,0.653595,0.00980392
0.326797,0.00980392,0.653595,0.00980392
0.326797,0.00980392,0.653595,0.00980392
0.392157,0.00980392,0.588235,0.00980392
0.392157,0.00980392,0.588235,0.00980392
0.392157,0.00980392,0.588235,0.00980392
0.392157,0.00980392,0.588235,0.00980392
0.420168,0.00980392,0.560224,0.00980392
0.420168,0.00980392,0.560224,0.00980392
0.420168,0.00980392,0.560224,0.00980392
0.420168,0.00980392,0.560224,0.00980392
0.420168,0.00980392,0.560224,0.00980392
0.43573,0.00980392,0.544662,0.00980392
0.445633,0.00980392,0.534759,0.00980392
0.408497,0.00980392,0.571895,0.00980392
0.408497,0.00980392,0.571895,0.00980392
0.420168,0.00980392,0.560224,0.00980392
0.420168,0.00980392,0.560224,0.00980392
0.428922,0.00980392,0.551471,0.00980392
0.43573,0.00980392,0.544662,0.00980392
0.43573,0.00980392,0.544662,0.00980392
0.412797,0.00980392,0.567595,0.00980392
0.420168,0.00980392,0.560224,0.00980392
0.426257,0.00980392,0.554135,0.00980392
0.408497,0.00980392,0.571895,0.00980392
0.392157,0.00980392,0.588235,0.00980392
0.392157,0.00980392,0.588235,0.00980392
0.399419,0.00980392,0.580973,0.00980392
0.399419,0.00980392,0.580973,0.00980392
0.399419,0.00980392,0.580973,0.00980392
0.399419,0.00980392,0.580973,0.00980392
0.399419,0.00980392,0.580973,0.00980392
0.399419,0.00980392,0.580973,0.00980392
0.40568,0.00980392,0.574713,0.00980392
0.40568,0.00980392,0.574713,0.00980392
0.40568,0.00980392,0.574713,0.00980392
0.40568,0.00980392,0.574713,0.00980392
0.40568,0.00980392,0.574713,0.00980392
0.392157,0.00980392,0.588235,0.00980392
0.392157,0.00980392,0.588235,0.00980392
0.392157,0.00980392,0.588235,0.00980392
0.392157,0.00980392,0.588235,0.00980392
0.392157,0.00980392,0.588235,0.00980392
0.379507,0.00980392,0.600886,0.00980392
0.379507,0.00980392,0.600886,0.00980392
0.379507,0.00980392,0.600886,0.00980392
0.379507,0.00980392,0.600886,0.00980392
0.379507,0.00980392,0.600886,0.00980392
0.367647,0.00980392,0.612745,0.00980392
0.367647,0.00980392,0.612745,0.00980392
0.367647,0.00980392,0.612745,0.00980392
0.374856,0.00980392,0.605536,0.00980392
0.381264,0.00980392,0.599129,0.00980392
0.386997,0.00980392,0.593395,0.00980392
0.386997,0.00980392,0.593395,0.00980392
0.386997,0.00980392,0.593395,0.00980392
0.386997,0.00980392,0.593395,0.00980392
0.392157,0.00980392,0.588235,0.00980392
0.392157,0.00980392,0.588235,0.00980392
0.396825,0.00980392,0.583567,0.00980392
0.396825,0.00980392,0.583567,0.00980392
0.40107,0.00980392,0.579323,0.00980392
0.40107,0.00980392,0.579323,0.00980392
0.404945,0.00980392,0.575448,0.00980392
0.408497,0.00980392,0.571895,0.00980392
0.411765,0.00980392,0.568627,0.00980392
0.411765,0.00980392,0.568627,0.00980392
0.411765,0.00980392,0.568627,0.00980392
0.403691,0.00980392,0.576701,0.00980392
0.395928,0.00980392,0.584465,0.00980392
0.395928,0.00980392,0.584465,0.00980392
0.395928,0.00980392,0.584465,0.00980392
0.388457,0.00980392,0.591935,0.00980392
0.388457,0.00980392,0.591935,0.00980392
0.388457,0.00980392,0.591935,0.00980392
0.388457,0.00980392,0.591935,0.00980392
0.381264,0.00980392,0.599129,0.00980392
0.381264,0.00980392,0.599129,0.00980392
0.381264,0.00980392,0.599129,0.00980392
0.385154,0.00980392,0.595238,0.00980392
0.385154,0.00980392,0.595238,0.00980392
0.385154,0.00980392,0.595238,0.00980392
0.385154,0.00980392,0.595238,0.00980392
0.388776,0.00980392,0.591616,0.00980392
0.392157,0.00980392,0.588235,0.00980392
0.395319,0.00980392,0.585073,0.00980392
0.389045,0.00980392,0.591348,0.00980392
0.389045,0.00980392,0.591348,0.00980392
0.382966,0.00980392,0.597426,0.00980392
0.386215,0.00980392,0.594177,0.00980392
0.389273,0.00980392,0.591119,0.00980392
0.389273,0.00980392,0.591119,0.00980392
0.389273,0.00980392,0.591119,0.00980392
0.389273,0.00980392,0.591119,0.00980392
0.389273,0.00980392,0.591119,0.00980392
0.383632,0.00980392,0.59676,0.00980392
0.383632,0.00980392,0.59676,0.00980392
0.383632,0.00980392,0.59676,0.00980392
0.386634,0.00980392,0.593759,0.00980392
0.389471,0.00980392,0.590921,0.00980392
0.392157,0.00980392,0.588235,0.00980392
0.392157,0.00980392,0.588235,0.00980392
0.392157,0.00980392,0.588235,0.00980392
0.394703,0.00980392,0.585689,0.00980392
0.397121,0.00980392,0.583271,0.00980392
0.397121,0.00980392,0.583271,0.00980392
0.397121,0.00980392,0.583271,0.00980392
0.397121,0.00980392,0.583271,0.00980392
0.392157,0.00980392,0.588235,0.00980392
0.392157,0.00980392,0.588235,0.00980392
0.392157,0.00980392,0.588235,0.00980392
0.392157,0.00980392,0.588235,0.00980392
0.387315,0.00980392,0.593077,0.00980392
0.382592,0.00980392,0.5978,0.00980392
0.385154,0.00980392,0.595238,0.00980392
0.385154,0.00980392,0.595238,0.00980392
0.385154,0.00980392,0.595238,0.00980392
0.385154,0.00980392,0.595238,0.00980392
0.387597,0.00980392,0.592795,0.00980392
0.389929,0.00980392,0.590463,0.00980392
0.389929,0.00980392,0.590463,0.00980392
0.389929,0.00980392,0.590463,0.00980392
0.385547,0.00980392,0.594845,0.00980392
0.387847,0.00980392,0.592545,0.00980392
0.390048,0.00980392,0.590344,0.00980392
0.392157,0.00980392,0.588235,0.00980392
0.392157,0.00980392,0.588235,0.00980392
0.392157,0.00980392,0.588235,0.00980392
0.392157,0.00980392,0.588235,0.00980392
0.392157,0.00980392,0.588235,0.00980392
0.394178,0.00980392,0.586214,0.00980392
0.390156,0.00980392,0.590236,0.00980392
0.390156,0.00980392,0.590236,0.00980392
0.390156,0.00980392,0.590236,0.00980392
0.390156,0.00980392,0.590236,0.00980392
0.390156,0.00980392,0.590236,0.00980392
0.390156,0.00980392,0.590236,0.00980392
0.390156,0.00980392,0.590236,0.00980392
0.390156,0.00980392,0.590236,0.00980392
0.390156,0.00980392,0.590236,0.00980392
0.390156,0.00980392,0.590236,0.00980392
0.390156,0.00980392,0.590236,0.00980392
0.390156,0.00980392,0.590236,0.00980392
0.390156,0.00980392,0.590236,0.00980392
0.390156,0.00980392,0.590236,0.00980392
0.390156,0.00980392,0.590236,0.00980392
0.390156,0.00980392,0.590236,0.00980392
0.390156,0.00980392,0.590236,0.00980392
0.390156,0.00980392,0.590236,0.00980392
0.390156,0.00980392,0.590236,0.00980392
0.390156,0.00980392,0.590236,0.00980392
0.392157,0.00980392,0.588235,0.00980392
0.330033,0.165017,0.49505,0.00990099
0.330033,0.165017,0.49505,0.00990099
0.331832,0.164567,0.493701,0.00990099
0.331832,0.164567,0.493701,0.00990099
0.331832,0.164567,0.493701,0.00990099
0.333563,0.164134,0.492402,0.00990099
0.333563,0.164134,0.492402,0.00990099
0.333563,0.164134,0.492402,0.00990099
0.308031,0.227356,0.454712,0.00990099
0.304646,0.228484,0.456969,0.00990099
0.304646,0.228484,0.456969,0.00990099
0.304646,0.228484,0.456969,0.00990099
0.304646,0.228484,0.456969,0.00990099
0.291206,0.262085,0.436808,0.00990099
0.292808,0.261484,0.435807,0.00990099
0.289621,0.262679,0.437799,0.00990099
0.286502,0.263849,0.439748,0.00990099
0.286502,0.263849,0.439748,0.00990099
0.286502,0.263849,0.439748,0.00990099
0.28345,0.264993,0.441655,0.00990099
0.28345,0.264993,0.441655,0.00990099
0.28345,0.264993,0.441655,0.00990099
0.28345,0.264993,0.441655,0.00990099
0.280463,0.266114,0.443523,0.00990099
0.27233,0.287108,0.430661,0.00990099
0.27233,0.287108,0.430661,0.00990099
0.27233,0.287108,0.430661,0.00990099
0.27233,0.287108,0.430661,0.00990099
0.27399,0.286444,0.429666,0.00990099
0.27399,0.286444,0.429666,0.00990099
0.27399,0.286444,0.429666,0.00990099
0.27399,0.286444,0.429666,0.00990099
0.27399,0.286444,0.429666,0.00990099
0.27399,0.286444,0.429666,0.00990099
0.27399,0.286444,0.429666,0.00990099
0.27399,0.286444,0.429666,0.00990099
0.275595,0.285802,0.428703,0.00990099
0.275595,0.285802,0.428703,0.00990099
0.275595,0.285802,0.428703,0.00990099
0.287448,0.255509,0.447141,0.00990099
0.29703,0.231023,0.462046,0.00990099
0.304935,0.21082,0.474344,0.00990099
0.304935,0.21082,0.474344,0.00990099
0.306583,0.210313,0.473204,0.00990099
0.30363,0.211221,0.475248,0.00990099
0.30363,0.211221,0.475248,0.00990099
0.300734,0.212112,0.477252,0.00990099
0.300734,0.212112,0.477252,0.00990099
0.300734,0.212112,0.477252,0.00990099
0.307318,0.19508,0.487701,0.00990099
0.308995,0.194601,0.486503,0.00990099
0.306149,0.195414,0.488536,0.00990099
0.303355,0.196213,0.490531,0.00990099
0.300611,0.196996,0.492491,0.00990099
0.30232,0.196508,0.491271,0.00990099
0.299652,0.197271,0.493177,0.00990099
0.299652,0.197271,0.493177,0.00990099
0.299652,0.197271,0.493177,0.00990099
0.299652,0.197271,0.493177,0.00990099
0.299652,0.197271,0.493177,0.00990099
0.305179,0.182645,0.502274,0.00990099
0.305179,0.182645,0.502274,0.00990099
0.306879,0.182192,0.501028,0.00990099
0.306879,0.182192,0.501028,0.00990099
0.304255,0.182892,0.502952,0.00990099
0.304255,0.182892,0.502952,0.00990099
0.305929,0.182445,0.501724,0.00990099
0.305929,0.182445,0.501724,0.00990099
0.305929,0.182445,0.501724,0.00990099
0.310701,0.16985,0.509549,0.00990099
0.310701,0.16985,0.509549,0.00990099
0.310701,0.16985,0.509549,0.00990099
0.310701,0.16985,0.509549,0.00990099
0.312341,0.16944,0.508319,0.00990099
0.316507,0.158492,0.5151,0.00990099
0.313934,0.159098,0.517067,0.00990099
0.313934,0.159098,0.517067,0.00990099
0.315562,0.158715,0.515822,0.00990099
0.315562,0.158715,0.515822,0.00990099
0.315562,0.158715,0.515822,0.00990099
0.315562,0.158715,0.515822,0.00990099
0.317145,0.158342,0.514612,0.00990099
0.320809,0.148731,0.520559,0.00990099
0.312974,0.169281,0.507844,0.00990099
0.312974,0.169281,0.507844,0.00990099
0.314502,0.168899,0.506698,0.00990099
0.314502,0.168899,0.506698,0.00990099
0.314502,0.168899,0.506698,0.00990099
0.314502,0.168899,0.506698,0.00990099
0.312055,0.169511,0.508533,0.00990099
0.313563,0.169134,0.507402,0.00990099
0.315032,0.168767,0.506301,0.00990099
0.315032,0.168767,0.506301,0.00990099
0.316462,0.168409,0.505228,0.00990099
0.309873,0.185516,0.49471,0.00990099
0.307551,0.186149,0.496398,0.00990099
0.308948,0.185768,0.495382,0.00990099
0.30668,0.186387,0.497032,0.00990099
0.30668,0.186387,0.497032,0.00990099
0.30668,0.186387,0.497032,0.00990099
0.304444,0.186997,0.498658,0.00990099
0.304444,0.186997,0.498658,0.00990099
0.304444,0.186997,0.498658,0.00990099
0.307864,0.177974,0.50426,0.00990099
0.307864,0.177974,0.50426,0.00990099
0.302329,0.192576,0.495194,0.00990099
0.302329,0.192576,0.495194,0.00990099
0.303722,0.192186,0.494192,0.00990099
0.30508,0.191805,0.493213,0.00990099
0.30508,0.191805,0.493213,0.00990099
0.308223,0.183582,0.498294,0.00990099
0.308223,0.183582,0.498294,0.00990099
0.308223,0.183582,0.498294,0.00990099
0.30605,0.184167,0.499882,0.00990099
0.30605,0.184167,0.499882,0.00990099
0.301247,0.196815,0.492037,0.00990099
0.301247,0.196815,0.492037,0.00990099
0.301247,0.196815,0.492037,0.00990099
0.301247,0.196815,0.492037,0.00990099
0.301247,0.196815,0.492037,0.00990099
0.302585,0.196432,0.491081,0.00990099
0.302585,0.196432,0.491081,0.00990099
0.302585,0.196432,0.491081,0.00990099
0.302585,0.196432,0.491081,0.00990099
0.305471,0.188863,0.495765,0.00990099
0.301227,0.199995,0.488877,0.00990099
0.301227,0.199995,0.488877,0.00990099
0.30253,0.199617,0.487952,0.00990099
0.30253,0.199617,0.487952,0.00990099
0.30253,0.199617,0.487952,0.00990099
0.305206,0.192626,0.492267,0.00990099
0.305206,0.192626,0.492267,0.00990099
0.301405,0.202557,0.486137,0.00990099
0.301405,0.202557,0.486137,0.00990099
0.302675,0.202184,0.485241,0.00990099
0.302675,0.202184,0.485241,0.00990099
0.300608,0.202791,0.486699,0.00990099
0.303092,0.196288,0.49072,0.00990099
0.303092,0.196288,0.49072,0.00990099
0.304353,0.195927,0.489818,0.00990099
0.300918,0.204892,0.48429,0.00990099
0.302143,0.204527,0.483429,0.00990099
0.300138,0.205124,0.484838,0.00990099
0.300138,0.205124,0.484838,0.00990099
0.300138,0.205124,0.484838,0.00990099
0.30135,0.204763,0.483986,0.00990099
0.298235,0.212881,0.478983,0.00990099
0.295399,0.220271,0.474429,0.00990099
0.296571,0.219899,0.473629,0.00990099
0.297718,0.219536,0.472846,0.00990099
0.297718,0.219536,0.472846,0.00990099
0.298839,0.21918,0.47208,0.00990099
0.298839,0.21918,0.47208,0.00990099
0.298839,0.21918,0.47208,0.00990099
0.298839,0.21918,0.47208,0.00990099
0.298839,0.21918,0.47208,0.00990099
0.29623,0.225911,0.467958,0.00990099
0.297323,0.225555,0.467221,0.00990099
0.299598,0.219705,0.470796,0.00990099
0.301758,0.214151,0.474191,0.00990099
0.301758,0.214151,0.474191,0.00990099
0.301758,0.214151,0.474191,0.00990099
0.302836,0.213815,0.473448,0.00990099
0.302836,0.213815,0.473448,0.00990099
0.302836,0.213815,0.473448,0.00990099
0.303892,0.213487,0.472721,0.00990099
0.303892,0.213487,0.472721,0.00990099
0.302023,0.214068,0.474008,0.00990099
0.302023,0.214068,0.474008,0.00990099
0.302023,0.214068,0.474008,0.00990099
0.302023,0.214068,0.474008,0.00990099
0.302023,0.214068,0.474008,0.00990099
0.302023,0.214068,0.474008,0.00990099
0.302023,0.214068,0.474008,0.00990099
0.302023,0.214068,0.474008,0.00990099
0.300177,0.214642,0.47528,0.00990099
0.301236,0.214313,0.47455,0.00990099
0.301236,0.214313,0.47455,0.00990099
0.301236,0.214313,0.47455,0.00990099
0.301236,0.214313,0.47455,0.00990099
0.303288,0.20903,0.477782,0.00990099
0.303288,0.20903,0.477782,0.00990099
0.30524,0.204,0.480858,0.00990099
0.307101,0.199208,0.48379,0.00990099
0.307101,0.199208,0.48379,0.00990099
0.3046,0.20565,0.479849,0.00990099
0.305644,0.205336,0.479118,0.00990099
0.303834,0.20588,0.480386,0.00990099
0.303834,0.20588,0.480386,0.00990099
0.302044,0.206416,0.481638,0.00990099
0.302044,0.206416,0.481638,0.00990099
0.302044,0.206416,0.481638,0.00990099
0.303092,0.206102,0.480905,0.00990099
0.303092,0.206102,0.480905,0.00990099
0.304854,0.201543,0.483702,0.00990099
0.304854,0.201543,0.483702,0.00990099
0.304854,0.201543,0.483702,0.00990099
0.305884,0.20124,0.482975,0.00990099
0.305884,0.20124,0.482975,0.00990099
0.304133,0.201755,0.484211,0.00990099
0.305154,0.201454,0.483491,0.00990099
0.303433,0.20196,0.484705,0.00990099
0.305115,0.197591,0.487392,0.00990099
0.306131,0.197298,0.48667,0.00990099
0.304435,0.197788,0.487876,0.00990099
0.304435,0.197788,0.487876,0.00990099
0.302106,0.20385,0.484144,0.00990099
0.303108,0.203553,0.483438,0.00990099
0.304092,0.203261,0.482746,0.00990099
0.305701,0.199098,0.4853,0.00990099
0.305701,0.199098,0.4853,0.00990099
0.305701,0.199098,0.4853,0.00990099
0.303508,0.204773,0.481818,0.00990099
0.303508,0.204773,0.481818,0.00990099
0.303508,0.204773,0.481818,0.00990099
0.303508,0.204773,0.481818,0.00990099
0.305046,0.200791,0.484261,0.00990099
0.306527,0.196962,0.486611,0.00990099
0.307951,0.193275,0.488873,0.00990099
0.309324,0.189724,0.491051,0.00990099
0.309324,0.189724,0.491051,0.00990099
0.310298,0.189453,0.490348,0.00990099
0.310298,0.189453,0.490348,0.00990099
0.311255,0.189186,0.489658,0.00990099
0.311255,0.189186,0.489658,0.00990099
0.312583,0.185771,0.491746,0.00990099
0.313863,0.182476,0.49376,0.00990099
0.313863,0.182476,0.49376,0.00990099
0.311777,0.187843,0.490479,0.00990099
0.31013,0.188299,0.49167,0.00990099
0.31013,0.188299,0.49167,0.00990099
0.31013,0.188299,0.49167,0.00990099
0.31013,0.188299,0.49167,0.00990099
0.31013,0.188299,0.49167,0.00990099
0.3085,0.18875,0.492848,0.00990099
0.3085,0.18875,0.492848,0.00990099
0.30946,0.188485,0.492154,0.00990099
0.310403,0.188223,0.491472,0.00990099
0.310403,0.188223,0.491472,0.00990099
0.31133,0.187967,0.490802,0.00990099
0.31133,0.187967,0.490802,0.00990099
0.31133,0.187967,0.490802,0.00990099
0.31133,0.187967,0.490802,0.00990099
0.309359,0.193046,0.487695,0.00990099
0.309359,0.193046,0.487695,0.00990099
0.307491,0.197857,0.484751,0.00990099
0.308395,0.197595,0.484109,0.00990099
0.30683,0.198049,0.48522,0.00990099
0.305061,0.202617,0.482421,0.00990099
0.305061,0.202617,0.482421,0.00990099
0.305061,0.202617,0.482421,0.00990099
0.30629,0.199444,0.484365,0.00990099
0.30629,0.199444,0.484365,0.00990099
0.30629,0.199444,0.484365,0.00990099
0.304742,0.199896,0.485461,0.00990099
0.30321,0.200343,0.486546,0.00990099
0.30321,0.200343,0.486546,0.00990099
0.304124,0.200076,0.485899,0.00990099
0.304124,0.200076,0.485899,0.00990099
0.30531,0.196994,0.487795,0.00990099
0.303628,0.201365,0.485106,0.00990099
0.302121,0.201807,0.486171,0.00990099
0.303027,0.201541,0.485531,0.00990099
0.301425,0.205708,0.482966,0.00990099
0.302314,0.205442,0.482343,0.00990099
0.300842,0.205882,0.483375,0.00990099
0.299384,0.206317,0.484397,0.00990099
0.297863,0.210299,0.481936,0.00990099
0.29875,0.21003,0.481319,0.00990099
0.29875,0.21003,0.481319,0.00990099
0.29875,0.21003,0.481319,0.00990099
0.299886,0.207064,0.483149,0.00990099
0.298451,0.207494,0.484154,0.00990099
0.299332,0.20723,0.483537,0.00990099
0.297918,0.207654,0.484526,0.00990099
0.296518,0.208074,0.485507,0.00990099
0.295067,0.2119,0.483132,0.00990099
0.295946,0.211632,0.482521,0.00990099
0.297041,0.208752,0.484306,0.00990099
0.295646,0.212421,0.482032,0.00990099
0.296511,0.212156,0.481432,0.00990099
0.297574,0.209368,0.483157,0.00990099
0.297574,0.209368,0.483157,0.00990099
0.297574,0.209368,0.483157,0.00990099
0.297574,0.209368,0.483157,0.00990099
0.298427,0.20911,0.482562,0.00990099
0.298427,0.20911,0.482562,0.00990099
0.297082,0.21263,0.480387,0.00990099
0.297082,0.21263,0.480387,0.00990099
0.297919,0.212373,0.479807,0.00990099
0.296564,0.212789,0.480746,0.00990099
0.295221,0.213201,0.481677,0.00990099
0.295221,0.213201,0.481677,0.00990099
0.295221,0.213201,0.481677,0.00990099
0.296059,0.212944,0.481096,0.00990099
0.294735,0.21335,0.482014,0.00990099
0.295763,0.210641,0.483695,0.00990099
0.295763,0.210641,0.483695,0.00990099
0.296596,0.210389,0.483115,0.00990099
0.295305,0.213783,0.481012,0.00990099
0.296304,0.211155,0.48264,0.00990099
0.29506,0.214427,0.480612,0.00990099
0.29506,0.214427,0.480612,0.00990099
0.293862,0.217574,0.478663,0.00990099
0.293862,0.217574,0.478663,0.00990099
0.293862,0.217574,0.478663,0.00990099
0.294679,0.217319,0.478101,0.00990099
0.293525,0.220345,0.476229,0.00990099
0.293525,0.220345,0.476229,0.00990099
0.293525,0.220345,0.476229,0.00990099
0.293525,0.220345,0.476229,0.00990099
0.292232,0.220754,0.477113,0.00990099
0.292232,0.220754,0.477113,0.00990099
0.29095,0.221159,0.47799,0.00990099
0.291764,0.220902,0.477433,0.00990099
0.2905,0.221302,0.478297,0.00990099
0.291308,0.221046,0.477745,0.00990099
0.291308,0.221046,0.477745,0.00990099
0.291308,0.221046,0.477745,0.00990099
0.29006,0.221441,0.478598,0.00990099
0.288822,0.221833,0.479444,0.00990099
0.288822,0.221833,0.479444,0.00990099
0.288822,0.221833,0.479444,0.00990099
0.288822,0.221833,0.479444,0.00990099
0.287595,0.222221,0.480283,0.00990099
0.286497,0.225153,0.47845,0.00990099
0.286497,0.225153,0.47845,0.00990099
0.286497,0.225153,0.47845,0.00990099
0.286497,0.225153,0.47845,0.00990099
0.285283,0.225541,0.479275,0.00990099
0.286228,0.223009,0.480863,0.00990099
0.286228,0.223009,0.480863,0.00990099
0.285022,0.223391,0.481687,0.00990099
0.285022,0.223391,0.481687,0.00990099
0.285022,0.223391,0.481687,0.00990099
0.285943,0.220912,0.483244,0.00990099
0.286768,0.220653,0.482678,0.00990099
0.287581,0.220398,0.48212,0.00990099
0.287581,0.220398,0.48212,0.00990099
0.287581,0.220398,0.48212,0.00990099
0.288485,0.217977,0.483637,0.00990099
0.288485,0.217977,0.483637,0.00990099
0.287295,0.218347,0.484457,0.00990099
0.287295,0.218347,0.484457,0.00990099
0.288103,0.218096,0.4839,0.00990099
0.288987,0.215727,0.485385,0.00990099
0.288987,0.215727,0.485385,0.00990099
0.287913,0.218605,0.483581,0.00990099
0.286737,0.218971,0.484391,0.00990099
0.287597,0.21666,0.485843,0.00990099
0.287597,0.21666,0.485843,0.00990099
0.287597,0.21666,0.485843,0.00990099
0.287597,0.21666,0.485843,0.00990099
0.288399,0.216412,0.485288,0.00990099
0.288399,0.216412,0.485288,0.00990099
0.288399,0.216412,0.485288,0.00990099
0.288399,0.216412,0.485288,0.00990099
0.287359,0.219203,0.483537,0.00990099
0.287359,0.219203,0.483537,0.00990099
0.287359,0.219203,0.483537,0.00990099
0.288149,0.218957,0.482993,0.00990099
0.288149,0.218957,0.482993,0.00990099
0.288149,0.218957,0.482993,0.00990099
0.28899,0.216706,0.484403,0.00990099
0.287832,0.217064,0.485203,0.00990099
0.287832,0.217064,0.485203,0.00990099
0.287832,0.217064,0.485203,0.00990099
0.287832,0.217064,0.485203,0.00990099
0.287832,0.217064,0.485203,0.00990099
0.286683,0.217419,0.485996,0.00990099
0.286683,0.217419,0.485996,0.00990099
0.287473,0.217175,0.48545,0.00990099
0.287473,0.217175,0.48545,0.00990099
0.288295,0.214967,0.486837,0.00990099
0.287283,0.217686,0.485129,0.00990099
0.288085,0.215531,0.486483,0.00990099
0.287103,0.218171,0.484825,0.00990099
0.287103,0.218171,0.484825,0.00990099
0.287882,0.217929,0.484288,0.00990099
0.287882,0.217929,0.484288,0.00990099
0.288651,0.217691,0.483757,0.00990099
0.289436,0.215588,0.485074,0.00990099
0.289436,0.215588,0.485074,0.00990099
0.289436,0.215588,0.485074,0.00990099
0.289436,0.215588,0.485074,0.00990099
0.289436,0.215588,0.485074,0.00990099
0.290196,0.215355,0.484548,0.00990099
0.290946,0.215124,0.484029,0.00990099
0.290946,0.215124,0.484029,0.00990099
0.290946,0.215124,0.484029,0.00990099
0.290946,0.215124,0.484029,0.00990099
0.291686,0.214896,0.483516,0.00990099
0.290725,0.217453,0.481922,0.00990099
0.289613,0.217798,0.482688,0.00990099
0.289613,0.217798,0.482688,0.00990099
0.288509,0.218141,0.483448,0.00990099
0.287414,0.218482,0.484203,0.00990099
0.287414,0.218482,0.484203,0.00990099
0.287414,0.218482,0.484203,0.00990099
0.287414,0.218482,0.484203,0.00990099
0.288181,0.216425,0.485494,0.00990099
0.288181,0.216425,0.485494,0.00990099
0.288924,0.216196,0.484979,0.00990099
0.288924,0.216196,0.484979,0.00990099
0.289658,0.215969,0.484472,0.00990099
0.290412,0.213954,0.485733,0.00990099
0.290412,0.213954,0.485733,0.00990099
0.291152,0.211976,0.486971,0.00990099
0.291152,0.211976,0.486971,0.00990099
0.291879,0.210034,0.488187,0.00990099
0.291879,0.210034,0.488187,0.00990099
0.292607,0.209815,0.487678,0.00990099
0.291666,0.212324,0.48611,0.00990099
0.292378,0.210424,0.487297,0.00990099
0.292378,0.210424,0.487297,0.00990099
0.293078,0.208557,0.488463,0.00990099
0.29216,0.211005,0.486934,0.00990099
0.29216,0.211005,0.486934,0.00990099
0.29216,0.211005,0.486934,0.00990099
0.29216,0.211005,0.486934,0.00990099
0.29108,0.211331,0.487687,0.00990099
0.29108,0.211331,0.487687,0.00990099
0.291765,0.2095,0.488834,0.00990099
0.290873,0.211887,0.487339,0.00990099
0.290873,0.211887,0.487339,0.00990099
0.289801,0.212211,0.488086,0.00990099
0.290527,0.211991,0.48758,0.00990099
0.290527,0.211991,0.48758,0.00990099
0.28966,0.214313,0.486125,0.00990099
0.290329,0.212523,0.487247,0.00990099
0.290329,0.212523,0.487247,0.00990099
0.290329,0.212523,0.487247,0.00990099
0.289483,0.214787,0.485828,0.00990099
0.289483,0.214787,0.485828,0.00990099
0.290199,0.214568,0.485332,0.00990099
0.290905,0.214351,0.484842,0.00990099
0.290905,0.214351,0.484842,0.00990099
0.290905,0.214351,0.484842,0.00990099
0.291563,0.212598,0.485938,0.00990099
0.291563,0.212598,0.485938,0.00990099
0.291563,0.212598,0.485938,0.00990099
0.292262,0.212385,0.485452,0.00990099
0.292262,0.212385,0.485452,0.00990099
0.291215,0.212704,0.48618,0.00990099
0.291861,0.210978,0.48726,0.00990099
0.291861,0.210978,0.48726,0.00990099
0.291861,0.210978,0.48726,0.00990099
0.292556,0.210768,0.486774,0.00990099
0.292556,0.210768,0.486774,0.00990099
0.293243,0.210561,0.486295,0.00990099
0.293243,0.210561,0.486295,0.00990099
0.293243,0.210561,0.486295,0.00990099
0.293881,0.208865,0.487353,0.00990099
0.293881,0.208865,0.487353,0.00990099
0.294509,0.207197,0.488393,0.00990099
0.294509,0.207197,0.488393,0.00990099
0.293674,0.209414,0.48701,0.00990099
0.293674,0.209414,0.48701,0.00990099
0.293674,0.209414,0.48701,0.00990099
0.293674,0.209414,0.48701,0.00990099
0.293674,0.209414,0.48701,0.00990099
0.294291,0.207776,0.488032,0.00990099
0.293476,0.209941,0.486682,0.00990099
0.292682,0.212052,0.485364,0.00990099
0.292682,0.212052,0.485364,0.00990099
0.29336,0.211846,0.484893,0.00990099
0.29336,0.211846,0.484893,0.00990099
0.292584,0.213905,0.48361,0.00990099
0.291557,0.214219,0.484322,0.00990099
0.292159,0.212617,0.485322,0.00990099
0.292833,0.212412,0.484854,0.00990099
0.293427,0.210835,0.485837,0.00990099
0.293427,0.210835,0.485837,0.00990099
0.294012,0.209281,0.486806,0.00990099
0.294588,0.20775,0.487761,0.00990099
0.294588,0.20775,0.487761,0.00990099
0.294588,0.20775,0.487761,0.00990099
0.295256,0.20755,0.487292,0.00990099
0.294239,0.207854,0.488006,0.00990099
0.294239,0.207854,0.488006,0.00990099
0.294239,0.207854,0.488006,0.00990099
0.293229,0.208156,0.488714,0.00990099
0.292225,0.208456,0.489418,0.00990099
0.292896,0.208255,0.488948,0.00990099
0.291903,0.208552,0.489644,0.00990099
0.291903,0.208552,0.489644,0.00990099
0.291903,0.208552,0.489644,0.00990099
0.291903,0.208552,0.489644,0.00990099
0.291903,0.208552,0.489644,0.00990099
0.291903,0.208552,0.489644,0.00990099
0.291903,0.208552,0.489644,0.00990099
0.291903,0.208552,0.489644,0.00990099
0.29257,0.208353,0.489176,0.00990099
0.29257,0.208353,0.489176,0.00990099
0.29181,0.210382,0.487907,0.00990099
0.29181,0.210382,0.487907,0.00990099
0.290829,0.210678,0.488593,0.00990099
0.290829,0.210678,0.488593,0.00990099
0.290829,0.210678,0.488593,0.00990099
0.290829,0.210678,0.488593,0.00990099
0.290829,0.210678,0.488593,0.00990099
0.289854,0.210971,0.489274,0.00990099
0.289854,0.210971,0.489274,0.00990099
0.289854,0.210971,0.489274,0.00990099
0.290417,0.209459,0.490223,0.00990099
0.290417,0.209459,0.490223,0.00990099
0.289677,0.211448,0.488974,0.00990099
0.288709,0.21174,0.48965,0.00990099
0.288709,0.21174,0.48965,0.00990099
0.289376,0.211539,0.489184,0.00990099
0.289929,0.210051,0.490119,0.00990099
0.290475,0.208584,0.491041,0.00990099
0.291136,0.208386,0.490576,0.00990099
0.291136,0.208386,0.490576,0.00990099
0.291675,0.20694,0.491484,0.00990099
0.29233,0.206746,0.491023,0.00990099
0.29233,0.206746,0.491023,0.00990099
0.29233,0.206746,0.491023,0.00990099
0.292978,0.206555,0.490567,0.00990099
0.292026,0.206837,0.491237,0.00990099
0.292557,0.205411,0.492131,0.00990099
0.293081,0.204005,0.493013,0.00990099
0.293081,0.204005,0.493013,0.00990099
0.292133,0.204283,0.493683,0.00990099
0.291405,0.206241,0.492453,0.00990099
0.290693,0.208156,0.491249,0.00990099
0.29134,0.207964,0.490795,0.00990099
0.290404,0.208243,0.491453,0.00990099
0.289474,0.208519,0.492106,0.00990099
0.28855,0.208794,0.492755,0.00990099
0.28855,0.208794,0.492755,0.00990099
0.28855,0.208794,0.492755,0.00990099
0.289198,0.208601,0.492299,0.00990099
0.289198,0.208601,0.492299,0.00990099
0.289198,0.208601,0.492299,0.00990099
0.289711,0.207215,0.493172,0.00990099
0.289711,0.207215,0.493172,0.00990099
0.289711,0.207215,0.493172,0.00990099
0.290217,0.205848,0.494034,0.00990099
0.290217,0.205848,0.494034,0.00990099
0.290217,0.205848,0.494034,0.00990099
0.290217,0.205848,0.494034,0.00990099
0.289521,0.20773,0.492849,0.00990099
0.290163,0.207539,0.492397,0.00990099
0.28925,0.20781,0.493039,0.00990099
0.288343,0.208079,0.493677,0.00990099
0.287441,0.208346,0.494312,0.00990099
0.287938,0.206996,0.495166,0.00990099
0.287041,0.20726,0.495798,0.00990099
0.287041,0.20726,0.495798,0.00990099
0.287041,0.20726,0.495798,0.00990099
0.287041,0.20726,0.495798,0.00990099
0.287041,0.20726,0.495798,0.00990099
0.287688,0.207069,0.495342,0.00990099
0.287008,0.208918,0.494172,0.00990099
0.286343,0.210729,0.493027,0.00990099
0.285457,0.210994,0.493647,0.00990099
0.285457,0.210994,0.493647,0.00990099
0.285945,0.209664,0.494491,0.00990099
0.285945,0.209664,0.494491,0.00990099
0.285945,0.209664,0.494491,0.00990099
0.285945,0.209664,0.494491,0.00990099
0.286426,0.20835,0.495323,0.00990099
0.285774,0.21013,0.494195,0.00990099
0.286415,0.209939,0.493745,0.00990099
0.286415,0.209939,0.493745,0.00990099
0.285536,0.210201,0.494362,0.00990099
0.285536,0.210201,0.494362,0.00990099
0.284663,0.210461,0.494974,0.00990099
0.285137,0.209165,0.495798,0.00990099
0.285605,0.207884,0.496611,0.00990099
0.286246,0.207694,0.496159,0.00990099
0.286246,0.207694,0.496159,0.00990099
0.286246,0.207694,0.496159,0.00990099
0.286246,0.207694,0.496159,0.00990099
0.28688,0.207507,0.495712,0.00990099
0.287508,0.207322,0.495269,0.00990099
0.287972,0.206059,0.496068,0.00990099
0.287329,0.207808,0.494961,0.00990099
0.287329,0.207808,0.494961,0.00990099
0.287329,0.207808,0.494961,0.00990099
0.270859,0.195896,0.466589,0.0666556
0.270025,0.19612,0.467123,0.0667319
0.270025,0.19612,0.467123,0.0667319
0.270025,0.19612,0.467123,0.0667319
0.270025,0.19612,0.467123,0.0667319
0.272296,0.19777,0.471052,0.0588815
0.272903,0.197605,0.470659,0.0588324
0.272072,0.197831,0.471197,0.0588997
0.272072,0.197831,0.471197,0.0588997
0.272072,0.197831,0.471197,0.0588997
0.272072,0.197831,0.471197,0.0588997
0.272072,0.197831,0.471197,0.0588997
0.27151,0.199489,0.470224,0.0587779
0.27151,0.199489,0.470224,0.0587779
0.27151,0.199489,0.470224,0.0587779
0.27151,0.199489,0.470224,0.0587779
0.27151,0.199489,0.470224,0.0587779
0.27151,0.199489,0.470224,0.0587779
0.272112,0.199324,0.469834,0.0587293
0.272709,0.19916,0.469449,0.0586812
0.273118,0.197959,0.470153,0.0587692
0.273118,0.197959,0.470153,0.0587692
0.272564,0.199585,0.4692,0.05865
0.273155,0.199423,0.468819,0.0586024
0.273155,0.199423,0.468819,0.0586024
0.273155,0.199423,0.468819,0.0586024
0.272611,0.201018,0.467886,0.0584857
0.273195,0.200856,0.46751,0.0584387
0.273773,0.200696,0.467138,0.0583922
0.273773,0.200696,0.467138,0.0583922
0.273238,0.202259,0.466225,0.0582781
0.273238,0.202259,0.466225,0.0582781
0.27381,0.2021,0.465858,0.0582322
0.27381,0.2021,0.465858,0.0582322
0.273284,0.203633,0.464962,0.0581203
0.27385,0.203475,0.4646,0.0580751
0.27385,0.203475,0.4646,0.0580751
0.274254,0.202298,0.465286,0.0581608
0.274815,0.202142,0.464927,0.0581159
0.275215,0.20098,0.465604,0.0582005
0.275215,0.20098,0.465604,0.0582005
0.277007,0.202288,0.468635,0.0520705
0.277007,0.202288,0.468635,0.0520705
0.277007,0.202288,0.468635,0.0520705
0.277565,0.202132,0.468273,0.0520303
0.277565,0.202132,0.468273,0.0520303
0.277565,0.202132,0.468273,0.0520303
0.278118,0.201977,0.467914,0.0519905
0.278118,0.201977,0.467914,0.0519905
0.278118,0.201977,0.467914,0.0519905
0.278118,0.201977,0.467914,0.0519905
0.278118,0.201977,0.467914,0.0519905
0.27852,0.200824,0.46859,0.0520656
0.27852,0.200824,0.46859,0.0520656
0.27852,0.200824,0.46859,0.0520656
0.279068,0.200672,0.468234,0.052026
0.279465,0.199533,0.468902,0.0521002
0.279465,0.199533,0.468902,0.0521002
0.280009,0.199382,0.468548,0.0520609
0.280009,0.199382,0.468548,0.0520609
0.279208,0.199604,0.469069,0.0521188
0.279208,0.199604,0.469069,0.0521188
0.279601,0.198477,0.46973,0.0521922
0.279601,0.198477,0.46973,0.0521922
0.279601,0.198477,0.46973,0.0521922
0.279601,0.198477,0.46973,0.0521922
0.281068,0.199519,0.472194,0.0472194
0.281068,0.199519,0.472194,0.0472194
0.281068,0.199519,0.472194,0.0472194
0.281068,0.199519,0.472194,0.0472194
0.281068,0.199519,0.472194,0.0472194
0.281068,0.199519,0.472194,0.0472194
0.280268,0.199741,0.472719,0.0472719
0.280268,0.199741,0.472719,0.0472719
0.279734,0.201265,0.471819,0.0471819
0.279734,0.201265,0.471819,0.0471819
0.279734,0.201265,0.471819,0.0471819
0.27894,0.201487,0.472339,0.0472339
0.27894,0.201487,0.472339,0.0472339
0.27894,0.201487,0.472339,0.0472339
0.279331,0.200368,0.473001,0.0473001
0.279878,0.200216,0.472642,0.0472642
0.279353,0.201716,0.471755,0.0471755
0.278566,0.201936,0.472271,0.0472271
0.279109,0.201784,0.471915,0.0471915
0.278329,0.202003,0.472426,0.0472426
0.278329,0.202003,0.472426,0.0472426
0.278329,0.202003,0.472426,0.0472426
0.278329,0.202003,0.472426,0.0472426
0.277552,0.20222,0.472934,0.0472934
0.277552,0.20222,0.472934,0.0472934
0.278095,0.202068,0.472579,0.0472579
0.27848,0.200962,0.473234,0.0473234
0.27848,0.200962,0.473234,0.0473234
0.279018,0.200813,0.472881,0.0472881
0.279551,0.200664,0.472532,0.0472532
0.278785,0.200878,0.473034,0.0473034
0.278785,0.200878,0.473034,0.0473034
0.279166,0.199784,0.473682,0.0473682
0.279166,0.199784,0.473682,0.0473682
0.279166,0.199784,0.473682,0.0473682
0.279166,0.199784,0.473682,0.0473682
0.278403,0.199996,0.474183,0.0474183
0.27878,0.198913,0.474825,0.0474825
0.27878,0.198913,0.474825,0.0474825
0.27802,0.199123,0.475325,0.0475325
0.277265,0.199331,0.475822,0.0475822
0.277265,0.199331,0.475822,0.0475822
0.277265,0.199331,0.475822,0.0475822
0.277265,0.199331,0.475822,0.0475822
0.277265,0.199331,0.475822,0.0475822
0.276513,0.199538,0.476317,0.0476317
0.276884,0.198465,0.476955,0.0476955
0.276136,0.19867,0.477449,0.0477449
0.276136,0.19867,0.477449,0.0477449
0.276503,0.197607,0.478082,0.0478082
0.276865,0.196556,0.478708,0.0478708
0.27612,0.196758,0.479202,0.0479202
0.276664,0.19661,0.478841,0.0478841
0.277203,0.196464,0.478485,0.0478485
0.277203,0.196464,0.478485,0.0478485
0.277738,0.196319,0.478131,0.0478131
0.277738,0.196319,0.478131,0.0478131
0.278267,0.196175,0.47778,0.047778
0.278267,0.196175,0.47778,0.047778
0.278267,0.196175,0.47778,0.047778
0.278267,0.196175,0.47778,0.047778
0.278267,0.196175,0.47778,0.047778
0.278627,0.195136,0.478397,0.0478397
0.278627,0.195136,0.478397,0.0478397
0.278627,0.195136,0.478397,0.0478397
0.278983,0.194108,0.479008,0.0479008
0.279509,0.193966,0.478659,0.0478659
0.279509,0.193966,0.478659,0.0478659
0.279509,0.193966,0.478659,0.0478659
0.278993,0.195454,0.477776,0.0477776
0.279514,0.195312,0.477431,0.0477431
0.28003,0.195173,0.477088,0.0477088
0.279302,0.19537,0.477571,0.0477571
0.278577,0.195567,0.478052,0.0478052
0.279793,0.19642,0.480138,0.0436489
0.28031,0.196279,0.479794,0.0436176
0.280593,0.196478,0.479268,0.0436617
0.280876,0.196676,0.478743,0.0437057
0.281233,0.195655,0.479351,0.0437612
0.281516,0.195852,0.478827,0.0438053
0.282029,0.195712,0.478485,0.0437739
0.282027,0.195711,0.478488,0.0437737
0.282309,0.195906,0.477967,0.0438174
0.281588,0.196103,0.478447,0.0438615
0.282099,0.195964,0.478107,0.0438303
0.282097,0.195962,0.478111,0.0438299
0.282094,0.19596,0.478116,0.0438295
0.283129,0.196679,0.479868,0.0403244
0.282411,0.196876,0.480349,0.0403647
0.282767,0.195861,0.480956,0.0404158
0.282765,0.195859,0.48096,0.0404154
0.282763,0.195858,0.480965,0.0404151
0.283116,0.194853,0.481565,0.0404656
0.283465,0.193859,0.48216,0.0405155
0.28275,0.194053,0.482642,0.040556
0.282747,0.194051,0.482646,0.0405557
0.282035,0.194244,0.483125,0.0405959
0.28255,0.194105,0.482779,0.0405668
0.282831,0.194298,0.482264,0.0406073
0.282311,0.19578,0.481377,0.0405326
0.282591,0.195974,0.480862,0.0405728
0.28287,0.196168,0.480349,0.0406129
0.283757,0.196783,0.481855,0.0376063
0.284037,0.196977,0.481343,0.0376435
0.284317,0.197171,0.480831,0.0376805
0.283798,0.198637,0.479954,0.0376117
0.284076,0.198832,0.479444,0.0376486
0.284354,0.199026,0.478935,0.0376854
0.284631,0.19922,0.478427,0.0377221
0.285143,0.199077,0.478084,0.0376951
0.28542,0.199271,0.477578,0.0377317
0.284711,0.199468,0.478052,0.0377691
0.284006,0.199665,0.478523,0.0378064
0.284281,0.199859,0.478017,0.037843
0.284634,0.198864,0.478611,0.0378901
0.284984,0.197879,0.4792,0.0379366
0.28526,0.198071,0.478695,0.0379734
0.285536,0.198262,0.478191,0.0380101
0.285019,0.199715,0.477325,0.0379412
0.285293,0.199907,0.476823,0.0379777
0.284589,0.200104,0.477292,0.0380151
0.284937,0.199127,0.477875,0.0380615
0.284236,0.199322,0.478344,0.0380988
0.284509,0.199514,0.477842,0.0381355
0.284853,0.198545,0.47842,0.0381816
0.285127,0.198735,0.47792,0.0382183
0.285468,0.197775,0.478493,0.0382641
0.285987,0.197631,0.478146,0.0382363
0.286261,0.19782,0.477646,0.0382729
0.2866,0.196869,0.478213,0.0383183
0.285902,0.197062,0.478681,0.0383558
0.285389,0.1985,0.477823,0.0382871
0.284695,0.198693,0.478287,0.0383243
0.284967,0.198883,0.477789,0.0383609
0.285238,0.199073,0.477291,0.0383975
0.285756,0.198928,0.476946,0.0383697
0.286093,0.197984,0.477508,0.0384149
0.28688,0.198529,0.478821,0.0357691
0.287216,0.197592,0.479381,0.0358109
0.28749,0.197781,0.478885,0.0358451
0.288005,0.197637,0.478538,0.0358191
0.287494,0.199061,0.477689,0.0357556
0.286804,0.199253,0.478152,0.0357903
0.286791,0.199244,0.478176,0.0357886
0.287063,0.199433,0.477681,0.0358226
0.287334,0.199622,0.477188,0.0358564
0.287605,0.19981,0.476695,0.0358902
0.287875,0.199997,0.476204,0.0359239
0.288145,0.200185,0.475713,0.0359575
0.287456,0.200378,0.476174,0.0359923
0.287724,0.200566,0.475684,0.036026
0.287038,0.200759,0.476142,0.0360607
0.287555,0.200613,0.475797,0.0360345
0.287823,0.2008,0.475308,0.0360681
0.288091,0.200987,0.474821,0.0361016
0.288428,0.200052,0.475376,0.0361438
0.288695,0.200238,0.47489,0.0361774
0.28903,0.199311,0.47544,0.0362193
0.289361,0.198393,0.475985,0.0362608
0.28963,0.198576,0.475499,0.0362944
0.288945,0.198768,0.475957,0.0363294
0.289213,0.198952,0.475473,0.036363
0.289479,0.199135,0.474989,0.0363965
0.289746,0.199318,0.474506,0.03643
0.290011,0.199501,0.474024,0.0364634
0.290529,0.199355,0.473679,0.0364368
0.290509,0.199341,0.473715,0.0364343
0.289828,0.199533,0.47417,0.0364692
0.290343,0.199388,0.473826,0.0364428
0.290608,0.19957,0.473346,0.036476
0.290872,0.199751,0.472867,0.0365092
0.291136,0.199932,0.472389,0.0365423
0.291399,0.200113,0.471912,0.0365753
0.291662,0.200294,0.471436,0.0366083
0.292174,0.200149,0.471095,0.0365818
0.292437,0.200328,0.47062,0.0366146
0.292699,0.200508,0.470146,0.0366474
0.293416,0.200999,0.471298,0.034288
0.293753,0.20008,0.471839,0.0343275
0.294016,0.200259,0.471366,0.0343582
0.294279,0.200438,0.470894,0.0343889
0.294541,0.200617,0.470422,0.0344196
0.294803,0.200795,0.469952,0.0344501
0.295064,0.200973,0.469482,0.0344807
0.295325,0.20115,0.469014,0.0345111
0.294644,0.201345,0.469467,0.0345445
0.294904,0.201522,0.468999,0.0345749
0.294226,0.201716,0.46945,0.0346081
0.294485,0.201894,0.468983,0.0346386
0.294743,0.202071,0.468517,0.034669
0.294067,0.202264,0.468966,0.0347022
0.294325,0.202441,0.468501,0.0347326
0.294664,0.201523,0.469041,0.0347726
0.295,0.200613,0.469575,0.0348122
0.294468,0.202054,0.468729,0.0347494
0.294725,0.202231,0.468264,0.0347798
0.295367,0.202671,0.469284,0.0326771
0.294693,0.202865,0.469733,0.0327084
0.29495,0.203043,0.46927,0.0327369
0.29547,0.202893,0.468924,0.0327128
0.29604,0.203284,0.469828,0.0308479
0.296298,0.203461,0.469365,0.0308748
0.296556,0.203638,0.468904,0.0309016
0.296813,0.203815,0.468443,0.0309285
0.296142,0.20401,0.468891,0.030958
0.296398,0.204186,0.468431,0.0309848
0.296654,0.204363,0.467972,0.0310116
0.296909,0.204539,0.467514,0.0310383
0.297164,0.204714,0.467057,0.0310649
0.297419,0.20489,0.4666,0.0310915
0.297939,0.204738,0.466255,0.0310685
0.297905,0.204715,0.466315,0.031065
0.298159,0.204889,0.465861,0.0310914
0.298412,0.205063,0.465407,0.0311178
0.298929,0.204912,0.465065,0.0310949
0.298894,0.204888,0.465126,0.0310913
0.299236,0.203977,0.465659,0.031127
0.29949,0.20415,0.465207,0.0311533
0.299742,0.204322,0.464756,0.0311796
0.299073,0.204517,0.4652,0.0312094
0.299588,0.204367,0.464859,0.0311864
0.29984,0.204539,0.464409,0.0312127
0.300091,0.204711,0.463959,0.0312389
0.300343,0.204882,0.463511,0.031265
0.300593,0.205053,0.463063,0.0312911
0.299927,0.205248,0.463504,0.0313209
0.30044,0.205098,0.463164,0.0312979
0.299779,0.205292,0.463602,0.0313275
0.29912,0.205485,0.464038,0.031357
0.299083,0.205459,0.464105,0.0313531
0.29854,0.206902,0.463262,0.0312962
0.297885,0.207096,0.463694,0.0313254
0.298404,0.207457,0.464503,0.0296367
0.29887,0.207781,0.465228,0.0281207
0.298833,0.207755,0.465295,0.0281172
0.299177,0.206845,0.465829,0.0281495
0.299517,0.205942,0.466359,0.0281816
0.300032,0.205791,0.466017,0.0281609
0.300282,0.205963,0.465571,0.0281844
0.300532,0.206134,0.465127,0.0282078
0.299878,0.206327,0.465561,0.0282342
0.300127,0.206498,0.465117,0.0282576
0.299586,0.207928,0.464279,0.0282067
0.298936,0.208121,0.46471,0.0282329
0.299184,0.208293,0.464267,0.0282562
0.29865,0.209704,0.463439,0.0282059
0.298003,0.209898,0.463867,0.0282319
0.298518,0.209744,0.463527,0.0282112
0.297875,0.209936,0.463952,0.028237
0.298387,0.209783,0.463613,0.0282165
0.298633,0.209956,0.463171,0.0282397
0.297994,0.210147,0.463593,0.0282654
0.298239,0.21032,0.463152,0.0282887
0.298483,0.210493,0.462712,0.0283119
0.298728,0.210665,0.462272,0.0283351
0.298971,0.210837,0.461833,0.0283582
0.298442,0.212234,0.461016,0.028308
0.298685,0.212406,0.460578,0.028331
0.298927,0.212578,0.460141,0.028354
0.299351,0.21288,0.460795,0.0269745
0.299694,0.211978,0.461323,0.0270054
0.299056,0.212171,0.461743,0.02703
0.299298,0.212343,0.461307,0.0270519
0.29954,0.212515,0.460871,0.0270738
0.299782,0.212686,0.460436,0.0270956
0.300023,0.212857,0.460003,0.0271174
0.299495,0.214242,0.459193,0.0270697
0.298975,0.215607,0.458396,0.0270227
0.299316,0.214711,0.458919,0.0270536
0.298803,0.216057,0.458132,0.0270072
0.29876,0.216027,0.45821,0.0270033
0.298999,0.216199,0.457778,0.0270249
0.299337,0.215311,0.458296,0.0270555
0.299576,0.215482,0.457865,0.027077
0.299814,0.215653,0.457435,0.0270985
0.299177,0.215849,0.457851,0.0271232
0.299414,0.216021,0.457421,0.0271447
0.298905,0.217353,0.456643,0.0270985
0.298403,0.218667,0.455877,0.027053
0.297908,0.219963,0.45512,0.0270082
0.298143,0.220136,0.454692,0.0270294
0.298376,0.220309,0.454264,0.0270506
0.29861,0.220482,0.453837,0.0270718
0.298119,0.221762,0.453091,0.0270273
0.298503,0.222048,0.453675,0.0257735
0.29787,0.222249,0.454084,0.0257967
0.298103,0.222422,0.453658,0.0258169
0.298335,0.222595,0.453233,0.025837
0.298567,0.222768,0.452808,0.025857
0.298798,0.222941,0.452384,0.0258771
0.298166,0.223142,0.452792,0.0259004
0.298506,0.222256,0.453308,0.0259299
0.298858,0.222518,0.453843,0.0247805
0.29909,0.222691,0.453419,0.0247997
0.299413,0.222931,0.453909,0.023747
0.299645,0.223104,0.453486,0.0237654
0.299876,0.223276,0.453064,0.0237838
0.300107,0.223448,0.452643,0.0238021
0.300626,0.223282,0.452307,0.0237844
0.300857,0.223453,0.451887,0.0238026
0.300227,0.223655,0.452295,0.0238241
0.300456,0.223826,0.451875,0.0238424
0.300686,0.223997,0.451456,0.0238606
0.301203,0.223831,0.451122,0.0238429
0.301433,0.224002,0.450704,0.0238611
0.301662,0.224172,0.450287,0.0238792
0.301165,0.22545,0.449546,0.0238398
0.300674,0.226711,0.448814,0.023801
0.301017,0.225829,0.449326,0.0238282
0.301531,0.225663,0.448995,0.0238107
0.302041,0.225498,0.448668,0.0237933
0.302269,0.225668,0.448252,0.0238112
0.301783,0.226913,0.447531,0.023773
0.301303,0.228141,0.44682,0.0237352
0.301529,0.228313,0.446405,0.023753
0.301871,0.227439,0.44691,0.0237799
0.302097,0.22761,0.446496,0.0237977
0.301472,0.227813,0.446895,0.023819
0.30198,0.227648,0.446571,0.0238017
0.301929,0.227609,0.446664,0.0237977
0.302154,0.227779,0.446251,0.0238154
0.302379,0.227949,0.445839,0.0238332
0.302603,0.228118,0.445428,0.0238509
0.302126,0.229335,0.444726,0.0238133
0.302075,0.229295,0.444821,0.0238092
0.302578,0.22913,0.4445,0.023792
0.302879,0.229357,0.444941,0.0228233
0.30322,0.22849,0.445441,0.022849
0.303168,0.228451,0.445536,0.0228451
0.302696,0.229653,0.444842,0.0228095
0.303196,0.229488,0.444523,0.0227931
0.302577,0.229692,0.444918,0.0228134
0.301962,0.229895,0.44531,0.0228335
0.30191,0.229855,0.445405,0.0228296
0.302409,0.229691,0.445086,0.0228133
0.301943,0.230878,0.444401,0.0227782
0.302438,0.230714,0.444086,0.022762
0.302387,0.230675,0.44418,0.0227582
0.302609,0.230844,0.443772,0.0227749
0.3031,0.230682,0.443459,0.0227588
0.303322,0.23085,0.443052,0.0227755
0.30381,0.230689,0.442742,0.0227595
0.304031,0.230857,0.442336,0.0227761
0.304252,0.231025,0.44193,0.0227927
0.304473,0.231192,0.441526,0.0228092
0.304009,0.232365,0.440852,0.0227744
0.304349,0.231506,0.441345,0.0227999
0.304686,0.230654,0.441835,0.0228251
0.304227,0.231814,0.441169,0.0227907
0.304712,0.231653,0.440861,0.0227748
0.304659,0.231613,0.440958,0.0227709
0.304879,0.23178,0.440555,0.0227873
0.305098,0.231946,0.440152,0.0228037
0.304642,0.233092,0.439495,0.0227697
0.304193,0.234224,0.438847,0.0227361
0.303586,0.234429,0.43923,0.0227559
0.303142,0.235547,0.438588,0.0227226
0.303359,0.235716,0.438186,0.0227389
0.303575,0.235884,0.437786,0.0227551
0.302971,0.236089,0.438166,0.0227749
0.303454,0.235925,0.437862,0.0227591
0.303789,0.235082,0.438345,0.0227842
0.303735,0.23504,0.438444,0.0227802
0.303951,0.235207,0.438045,0.0227964
0.304432,0.235045,0.437742,0.0227806
0.304378,0.235004,0.437842,0.0227766
0.303778,0.235206,0.438219,0.0227963
0.304256,0.235045,0.437918,0.0227806
0.304203,0.235003,0.438017,0.0227766
0.304418,0.23517,0.43762,0.0227927
0.304632,0.235335,0.437223,0.0228088
0.304847,0.235501,0.436827,0.0228248
0.305061,0.235666,0.436432,0.0228408
0.304618,0.236776,0.435799,0.0228077
0.304563,0.236733,0.4359,0.0228036
0.304776,0.236898,0.435506,0.0228195
0.304988,0.237063,0.435113,0.0228354
0.305323,0.236225,0.435591,0.0228605
0.305536,0.236389,0.435199,0.0228764
0.305747,0.236553,0.434807,0.0228923
0.305149,0.236757,0.435182,0.022912
0.304553,0.23696,0.435555,0.0229316
0.303959,0.237163,0.435927,0.0229512
0.30417,0.237327,0.435536,0.0229671
0.304503,0.236492,0.436013,0.0229923
0.304834,0.235663,0.436486,0.0230173
0.305314,0.2355,0.436185,0.0230013
0.305526,0.235663,0.435794,0.0230173
0.305737,0.235826,0.435404,0.0230332
0.305295,0.236931,0.434775,0.0229999
0.304858,0.238022,0.434153,0.022967
0.304427,0.2391,0.433539,0.0229345
0.303836,0.239303,0.433907,0.022954
0.304045,0.239467,0.433518,0.0229697
0.304374,0.238646,0.433986,0.0229946
0.303947,0.239714,0.433377,0.0229623
0.304155,0.239878,0.432989,0.022978
0.303566,0.240081,0.433355,0.0229975
0.303774,0.240245,0.432967,0.0230132
0.3041,0.23943,0.433432,0.0230379
0.304308,0.239593,0.433045,0.0230536
0.304632,0.238783,0.433507,0.0230782
0.304955,0.237977,0.433965,0.0231026
0.305163,0.23814,0.433579,0.0231184
0.305643,0.237975,0.433279,0.0231024
0.305585,0.23793,0.433387,0.023098
0.30516,0.238991,0.432784,0.0230659
0.305367,0.239153,0.432399,0.0230815
0.305843,0.238989,0.432102,0.0230657
0.306317,0.238826,0.431807,0.02305
0.306524,0.238987,0.431423,0.0230655
0.306731,0.239149,0.43104,0.0230811
0.307053,0.23835,0.431492,0.0231053
0.30726,0.23851,0.431109,0.0231209
0.30758,0.237716,0.431559,0.023145
0.307787,0.237876,0.431176,0.0231606
0.307993,0.238036,0.430795,0.0231761
0.308312,0.237247,0.431241,0.0232001
0.308519,0.237405,0.43086,0.0232157
0.308991,0.237243,0.430566,0.0231998
0.309197,0.237402,0.430185,0.0232153
0.309404,0.23756,0.429806,0.0232308
0.308976,0.238615,0.429211,0.0231987
0.309181,0.238773,0.428832,0.0232141
0.309499,0.237989,0.429274,0.023238
0.309968,0.237827,0.428982,0.0232222
0.310434,0.237667,0.428693,0.0232065
0.31064,0.237824,0.428314,0.0232219
0.310845,0.237981,0.427937,0.0232372
0.311308,0.237821,0.427649,0.0232216
0.311513,0.237978,0.427272,0.0232369
0.31093,0.238179,0.427634,0.0232566
0.311134,0.238336,0.427258,0.0232718
0.310553,0.238537,0.427619,0.0232915
0.311016,0.238377,0.427332,0.0232758
0.311334,0.237597,0.427769,0.0232997
0.311539,0.237753,0.427394,0.023315
0.311829,0.237975,0.427793,0.0224033
0.31229,0.237816,0.427507,0.0223883
0.311712,0.238015,0.427866,0.0224071
0.311916,0.238171,0.427491,0.0224218
0.311487,0.23922,0.426902,0.022391
0.310912,0.239419,0.427259,0.0224097
0.310848,0.239371,0.427376,0.0224051
0.311051,0.239527,0.427002,0.0224197
0.310478,0.239726,0.427357,0.0224384
0.310795,0.23895,0.427794,0.0224613
0.311255,0.23879,0.427508,0.0224463
0.311192,0.238742,0.427624,0.0224417
0.311507,0.237971,0.428057,0.0224645
0.311082,0.23901,0.427474,0.0224338
0.311285,0.239166,0.427101,0.0224484
0.311742,0.239007,0.426817,0.0224335
0.311679,0.238958,0.426934,0.0224289
0.311881,0.239113,0.426562,0.0224435
0.312195,0.238348,0.426991,0.0224661
0.312506,0.237588,0.427418,0.0224885
0.312961,0.23743,0.427135,0.0224736
0.313413,0.237274,0.426854,0.0224588
0.313616,0.237428,0.426483,0.0224733
0.313819,0.237581,0.426113,0.0224879
0.314021,0.237734,0.425743,0.0225023
0.313596,0.238764,0.425168,0.0224719
0.313177,0.239783,0.424598,0.0224418
0.313377,0.239937,0.42423,0.0224562
0.312809,0.240135,0.424581,0.0224748
0.313009,0.240289,0.424213,0.0224892
0.313209,0.240442,0.423845,0.0225035
0.313408,0.240596,0.423478,0.0225179
0.313608,0.240748,0.423112,0.0225322
0.314058,0.24059,0.422834,0.0225174
0.313992,0.24054,0.422955,0.0225127
0.314305,0.239784,0.423376,0.0225351
0.314753,0.239628,0.423099,0.0225203
0.315198,0.239472,0.422824,0.0225057
0.315132,0.239422,0.422945,0.022501
0.315574,0.239267,0.422672,0.0224865
0.315508,0.239218,0.422792,0.0224818
0.315707,0.239368,0.422428,0.022496
0.316147,0.239215,0.422157,0.0224815
0.315727,0.240224,0.421597,0.0224517
0.315925,0.240375,0.421234,0.0224658
0.316362,0.240222,0.420965,0.0224515
0.315801,0.240419,0.421311,0.0224699
0.315735,0.240368,0.421431,0.0224652
0.315176,0.240565,0.421775,0.0224835
0.315374,0.240715,0.421413,0.0224976
0.315571,0.240866,0.421052,0.0225117
0.315155,0.241866,0.420497,0.022482
0.315351,0.242017,0.420136,0.022496
0.315787,0.241863,0.419869,0.0224817
0.31622,0.24171,0.419603,0.0224675
0.316153,0.241659,0.419725,0.0224628
0.315598,0.241855,0.420066,0.022481
0.315532,0.241804,0.420187,0.0224763
0.315728,0.241954,0.419828,0.0224902
0.315175,0.24215,0.420167,0.0225084
0.315487,0.2414,0.420583,0.0225306
0.315919,0.241247,0.420317,0.0225164
0.315506,0.242238,0.419768,0.022487
0.315098,0.243218,0.419225,0.0224579
0.315293,0.243368,0.418867,0.0224718
0.315487,0.243518,0.41851,0.0224856
0.314937,0.243714,0.418846,0.0225037
0.314389,0.243909,0.419181,0.0225217
0.314582,0.244059,0.418824,0.0225355
0.315014,0.243905,0.41856,0.0225213
0.315207,0.244055,0.418203,0.0225351
0.315636,0.243902,0.417942,0.022521
0.315946,0.243157,0.418353,0.0225432
0.316255,0.242418,0.418762,0.0225652
0.316682,0.242266,0.418501,0.0225512
0.316615,0.242215,0.418624,0.0225464
0.317039,0.242065,0.418364,0.0225324
0.31746,0.241915,0.418106,0.0225185
0.317767,0.241181,0.418511,0.0225403
0.31736,0.242154,0.417975,0.0225114
0.317665,0.241425,0.418377,0.022533
0.318084,0.241277,0.41812,0.0225192
0.318387,0.240553,0.418519,0.0225407
0.317846,0.240744,0.418851,0.0225586
0.317306,0.240935,0.419183,0.0225765
0.316902,0.2419,0.41865,0.0225477
0.316835,0.241849,0.418773,0.022543
0.317136,0.241129,0.41917,0.0225644
0.317554,0.240981,0.418914,0.0225506
0.317487,0.240931,0.419036,0.0225458
0.316951,0.24112,0.419366,0.0225635
0.317144,0.241267,0.419011,0.0225773
0.316609,0.241456,0.41934,0.022595
0.31621,0.242414,0.41881,0.0225665
0.316484,0.242624,0.419174,0.0217174
0.316783,0.241908,0.41957,0.0217379
0.316977,0.242056,0.419216,0.0217512
0.31717,0.242203,0.418863,0.0217644
0.316636,0.242393,0.41919,0.0217814
0.316828,0.24254,0.418837,0.0217947
0.317247,0.242391,0.41858,0.0217813
0.317664,0.242243,0.418325,0.021768
0.317856,0.24239,0.417972,0.0217812
0.31827,0.242243,0.417719,0.021768
0.318682,0.242097,0.417466,0.0217548
0.318981,0.241385,0.417859,0.0217753
0.319279,0.240677,0.418248,0.0217956
0.319537,0.240872,0.418586,0.0210053
0.319007,0.241059,0.418912,0.0210217
0.31848,0.241246,0.419237,0.0210379
0.318891,0.2411,0.418983,0.0210252
0.319084,0.241246,0.418631,0.021038
0.319277,0.241392,0.41828,0.0210507
0.31947,0.241538,0.417929,0.0210634
0.318944,0.241724,0.418252,0.0210797
0.319355,0.241579,0.418,0.0210669
0.318953,0.242532,0.417474,0.0210405
0.319361,0.242387,0.417225,0.0210279
0.319553,0.242532,0.416874,0.0210405
0.31985,0.241828,0.417262,0.0210601
0.320042,0.241973,0.416913,0.0210727
0.320233,0.242118,0.416564,0.0210853
0.319711,0.242304,0.416884,0.0211015
0.320118,0.242159,0.416635,0.0210889
0.320309,0.242304,0.416286,0.0211015
0.3205,0.242448,0.415938,0.0211141
0.32069,0.242592,0.415591,0.0211266
0.320289,0.243539,0.415072,0.0211002
0.319769,0.243725,0.415389,0.0211164
0.320066,0.243023,0.415775,0.021136
0.320256,0.243168,0.415428,0.0211485
0.320446,0.243312,0.415082,0.021161
0.320851,0.243166,0.414834,0.0211484
0.321255,0.243022,0.414588,0.0211358
0.321444,0.243165,0.414242,0.0211483
0.321633,0.243309,0.413897,0.0211608
0.321116,0.243494,0.414213,0.0211769
0.321413,0.242796,0.414595,0.0211964
0.321602,0.242939,0.414251,0.0212089
0.32179,0.243081,0.413907,0.0212214
0.322193,0.242937,0.413661,0.0212088
0.322593,0.242794,0.413417,0.0211963
0.322079,0.242978,0.413731,0.0212124
0.322267,0.24312,0.413388,0.0212248
0.322455,0.243262,0.413045,0.0212372
0.322854,0.243119,0.412802,0.0212247
0.323042,0.243261,0.41246,0.021237
0.32323,0.243402,0.412118,0.0212494
0.322828,0.244344,0.411605,0.0212229
0.323015,0.244486,0.411265,0.0212352
0.323201,0.244627,0.410924,0.0212475
0.323388,0.244768,0.410585,0.0212598
0.323574,0.244909,0.410245,0.021272
0.323971,0.244765,0.410005,0.0212595
0.324157,0.244905,0.409666,0.0212717
0.324455,0.24421,0.410044,0.0212913
0.32485,0.244067,0.409804,0.0212788
0.324339,0.244252,0.410114,0.021295
0.324732,0.244109,0.409876,0.0212826
0.324223,0.244294,0.410185,0.0212986
0.323716,0.244477,0.410493,0.0213146
0.324109,0.244335,0.410254,0.0213022
0.324034,0.244279,0.41039,0.0212973
0.32422,0.244419,0.410052,0.0213095
0.323818,0.245354,0.409545,0.0212831
0.324003,0.245494,0.409208,0.0212953
0.324188,0.245634,0.408871,0.0213074
0.324578,0.245492,0.408635,0.0212951
0.324763,0.245631,0.408299,0.0213072
0.324258,0.245815,0.408604,0.0213231
0.324442,0.245954,0.408269,0.0213352
0.32474,0.245261,0.408644,0.0213548
0.324924,0.2454,0.408309,0.0213669
0.325108,0.245539,0.407974,0.021379
0.324604,0.245722,0.408279,0.0213949
0.324787,0.245861,0.407945,0.021407
0.325084,0.245171,0.408318,0.0214266
0.32538,0.244485,0.408689,0.021446
0.324877,0.244667,0.408994,0.021462
0.324476,0.245599,0.408489,0.0214355
0.324659,0.245738,0.408156,0.0214476
0.324842,0.245876,0.407823,0.0214597
0.325234,0.245733,0.407586,0.0214472
0.325624,0.245591,0.40735,0.0214348
0.325226,0.246514,0.406852,0.0214086
0.325408,0.246652,0.40652,0.0214206
0.325589,0.24679,0.406188,0.0214326
0.325884,0.246108,0.406556,0.021452
0.326177,0.24543,0.406921,0.0214712
0.326359,0.245567,0.40659,0.0214832
0.32661,0.245756,0.406902,0.0207319
0.326213,0.246673,0.406408,0.0207067
0.326394,0.24681,0.406077,0.0207182
0.326576,0.246948,0.405747,0.0207297
0.326182,0.247856,0.405257,0.0207047
0.326362,0.247994,0.404928,0.0207162
0.326543,0.248131,0.404599,0.0207276
0.326043,0.248315,0.404899,0.020743
0.326223,0.248452,0.404571,0.0207545
0.326515,0.247777,0.404934,0.0207731
0.32675,0.247955,0.405224,0.0200712
0.326357,0.248858,0.404738,0.0200471
0.326747,0.248714,0.404504,0.0200355
0.327134,0.248571,0.404271,0.020024
0.327314,0.248708,0.403944,0.020035
0.327699,0.248565,0.403712,0.0200235
0.327879,0.248702,0.403385,0.0200345
0.327382,0.248886,0.403683,0.0200493
0.327766,0.248744,0.403453,0.0200379
0.328147,0.248602,0.403224,0.0200265
0.328327,0.248738,0.402897,0.0200375
0.32862,0.248068,0.403257,0.0200553
0.328911,0.247401,0.403614,0.0200731
0.329091,0.247537,0.403288,0.0200841
0.329271,0.247672,0.402962,0.0200951
0.329561,0.247008,0.403318,0.0201128
0.329067,0.24719,0.403615,0.0201276
0.329246,0.247325,0.40329,0.0201386
0.329426,0.24746,0.402965,0.0201496
0.329033,0.248358,0.402484,0.0201256
0.329322,0.247698,0.402837,0.0201432
0.328828,0.24788,0.403134,0.0201581
0.32921,0.247739,0.402904,0.0201466
0.329498,0.247082,0.403256,0.0201642
0.329677,0.247216,0.402932,0.0201751
0.329899,0.247383,0.403203,0.0195157
0.330185,0.246729,0.403553,0.0195327
0.329794,0.247621,0.403075,0.0195096
0.329973,0.247756,0.402751,0.0195202
0.330181,0.247912,0.403005,0.0189024
0.33036,0.248046,0.402681,0.0189126
0.330539,0.24818,0.402358,0.0189228
0.330047,0.248363,0.402654,0.0189368
0.330332,0.247712,0.403003,0.0189532
0.330714,0.247571,0.402773,0.0189424
0.330224,0.247752,0.403068,0.0189562
0.330508,0.247104,0.403415,0.0189725
0.330687,0.247238,0.403092,0.0189828
0.33097,0.246593,0.403437,0.0189991
0.331149,0.246727,0.403115,0.0190093
0.331328,0.24686,0.402793,0.0190196
0.331506,0.246992,0.402472,0.0190298
0.331684,0.247125,0.402151,0.01904
0.331967,0.246483,0.402494,0.0190563
0.332248,0.245844,0.402835,0.0190724
0.332427,0.245976,0.402515,0.0190827
0.332808,0.245836,0.402284,0.0190717
0.333188,0.245696,0.402056,0.0190609
0.332794,0.246586,0.401581,0.0190384
0.332405,0.247469,0.40111,0.0190161
0.332321,0.247407,0.40126,0.0190113
0.332499,0.247539,0.400941,0.0190215
0.332675,0.24767,0.400622,0.0190316
0.332289,0.248545,0.400157,0.0190095
0.332569,0.247912,0.400494,0.0190255
0.332745,0.248043,0.400176,0.0190356
0.332257,0.248225,0.400469,0.0190495
0.332536,0.247594,0.400805,0.0190655
0.332152,0.248463,0.400342,0.0190435
0.332328,0.248595,0.400024,0.0190536
0.331841,0.248776,0.400316,0.0190675
0.332118,0.248148,0.40065,0.0190834
0.332497,0.248007,0.400423,0.0190726
0.332413,0.247945,0.400574,0.0190678
0.331928,0.248125,0.400865,0.0190816
0.332204,0.247501,0.401198,0.0190975
0.33172,0.24768,0.401489,0.0191113
0.331994,0.247058,0.40182,0.0191271
0.332373,0.246918,0.401593,0.0191162
0.332549,0.247049,0.401275,0.0191264
0.332823,0.24643,0.401605,0.0191421
0.332999,0.246561,0.401288,0.0191522
0.333271,0.245945,0.401616,0.0191679
0.332788,0.246123,0.401907,0.0191817
0.333059,0.24551,0.402233,0.0191973
0.333235,0.24564,0.401917,0.0192075
0.332754,0.245818,0.402207,0.0192214
0.33293,0.245948,0.401891,0.0192315
0.333309,0.245808,0.401662,0.0192206
0.333485,0.245938,0.401347,0.0192307
0.333862,0.245798,0.40112,0.0192198
0.334038,0.245928,0.400805,0.01923
0.334213,0.246057,0.40049,0.0192401
0.334388,0.246186,0.400176,0.0192501
0.334563,0.246314,0.399863,0.0192602
0.334938,0.246175,0.399637,0.0192493
0.334852,0.246112,0.399791,0.0192444
0.334467,0.24698,0.399331,0.0192222
0.334641,0.247109,0.399018,0.0192322
0.334814,0.247237,0.398706,0.0192422
0.334988,0.247365,0.398395,0.0192522
0.334509,0.247543,0.398682,0.019266
0.334032,0.24772,0.398967,0.0192798
0.334407,0.247581,0.398743,0.019269
0.333932,0.247758,0.399027,0.0192827
0.334204,0.247146,0.399352,0.0192984
0.334377,0.247274,0.39904,0.0193084
0.334648,0.246665,0.399363,0.019324
0.334821,0.246793,0.399052,0.019334
0.33509,0.246187,0.399373,0.0193496
0.335263,0.246314,0.399063,0.0193596
0.334879,0.247179,0.398605,0.0193374
0.335051,0.247307,0.398295,0.0193473
0.335223,0.247434,0.397986,0.0193573
0.335395,0.247561,0.397677,0.0193672
0.335664,0.246957,0.397996,0.0193827
0.336039,0.246818,0.397771,0.0193718
0.335951,0.246754,0.397928,0.0193668
0.336123,0.24688,0.39762,0.0193767
0.336295,0.247006,0.397312,0.0193866
0.336668,0.246867,0.397089,0.0193757
0.336936,0.246267,0.397406,0.0193911
0.336848,0.246203,0.397563,0.019386
0.336374,0.246379,0.397847,0.0193999
0.336746,0.246241,0.397624,0.019389
0.336918,0.246366,0.397317,0.0193989
0.337089,0.246491,0.397011,0.0194088
0.33726,0.246616,0.396705,0.0194186
0.337527,0.246018,0.39702,0.019434
0.337898,0.245881,0.396798,0.0194232
0.338164,0.245286,0.397111,0.0194385
0.338532,0.24515,0.39689,0.0194277
0.338899,0.245014,0.39667,0.0194169
0.338513,0.245874,0.396219,0.0193948
0.338043,0.246049,0.3965,0.0194086
0.33766,0.246902,0.396051,0.0193866
0.337925,0.246311,0.396362,0.0194018
0.337457,0.246485,0.396643,0.0194155
0.337369,0.246421,0.3968,0.0194105
0.337281,0.246356,0.396958,0.0194054
0.336814,0.24653,0.397238,0.0194191
0.336726,0.246466,0.397395,0.019414
0.336989,0.245877,0.397705,0.0194292
0.337355,0.245742,0.397485,0.0194184
0.337525,0.245866,0.397181,0.0194283
0.337146,0.246713,0.396735,0.0194064
0.337511,0.246577,0.396517,0.0193958
0.337135,0.247417,0.396075,0.0193742
0.337304,0.247541,0.395771,0.0193839
0.337473,0.247665,0.395468,0.0193936
0.337736,0.247081,0.395775,0.0194087
0.337905,0.247204,0.395472,0.0194184
0.338074,0.247328,0.39517,0.0194281
0.338243,0.247452,0.394868,0.0194378
0.338411,0.247575,0.394566,0.0194475
0.338673,0.246992,0.394872,0.0194626
0.338208,0.247166,0.39515,0.0194763
0.337744,0.247339,0.395426,0.0194899
0.338109,0.247203,0.395209,0.0194792
0.33802,0.247138,0.395368,0.0194741
0.338382,0.247003,0.395151,0.0194634
0.338551,0.247126,0.394851,0.0194731
0.338719,0.247248,0.39455,0.0194828
0.338886,0.247371,0.39425,0.0194924
0.339148,0.24679,0.394554,0.0195074
0.339408,0.246213,0.394857,0.0195224
0.339576,0.246334,0.394557,0.0195321
0.339744,0.246456,0.394258,0.0195417
0.340003,0.245881,0.394559,0.0195566
0.340171,0.246002,0.394261,0.0195663
0.339709,0.246174,0.394537,0.01958
0.339967,0.245601,0.394837,0.0195949
0.340224,0.245031,0.395135,0.0196097
0.339763,0.245202,0.395412,0.0196234
0.339303,0.245373,0.395687,0.0196371
0.338844,0.245543,0.395962,0.0196507
0.338467,0.246384,0.395521,0.0196288
0.338377,0.246318,0.395681,0.0196236
0.338003,0.247152,0.395244,0.0196019
0.338169,0.247274,0.394946,0.0196116
0.338336,0.247395,0.394648,0.0196212
0.338502,0.247517,0.394351,0.0196309
0.33813,0.248344,0.393917,0.0196093
0.338295,0.248466,0.39362,0.0196189
0.337926,0.249287,0.39319,0.0195974
0.337469,0.249459,0.393462,0.019611
0.337634,0.24958,0.393165,0.0196205
0.337798,0.249702,0.39287,0.0196301
0.338054,0.249134,0.393167,0.019645
0.338218,0.249255,0.392872,0.0196545
0.338383,0.249376,0.392577,0.0196641
0.338547,0.249497,0.392282,0.0196736
0.338711,0.249618,0.391988,0.0196831
0.339076,0.24948,0.391772,0.0196723
0.33944,0.249343,0.391556,0.0196614
0.338985,0.249515,0.391826,0.019675
0.338616,0.250331,0.3914,0.0196536
0.338779,0.250452,0.391106,0.0196631
0.338942,0.250572,0.390813,0.0196725
0.339151,0.250726,0.391054,0.0190695
0.339314,0.250847,0.390761,0.0190787
0.338946,0.251658,0.390338,0.019058
0.339109,0.251778,0.390046,0.0190671
0.339271,0.251899,0.389754,0.0190763
0.339528,0.251332,0.390049,0.0190907
0.33969,0.251452,0.389758,0.0190998
0.339236,0.251625,0.390026,0.019113
0.33887,0.252431,0.389606,0.0190924
0.339067,0.252577,0.389832,0.0185245
0.338614,0.25275,0.390099,0.0185372
0.338775,0.252871,0.389808,0.0185461
0.338412,0.253671,0.38939,0.0185262
0.338776,0.253531,0.389176,0.018516
0.338684,0.253463,0.389342,0.018511
0.338325,0.254256,0.388928,0.0184914
0.338485,0.254377,0.388638,0.0185001
0.338847,0.254238,0.388425,0.01849
0.339103,0.253675,0.388719,0.018504
0.338745,0.254462,0.388309,0.0184844
0.338654,0.254393,0.388474,0.0184795
0.338204,0.254566,0.388738,0.018492
0.337755,0.254739,0.389002,0.0185046
0.337915,0.25486,0.388712,0.0185133
0.338169,0.254299,0.389005,0.0185273
0.337814,0.255081,0.388597,0.0185078
0.337974,0.255202,0.388308,0.0185166
0.337526,0.255374,0.388571,0.0185291
0.337685,0.255495,0.388282,0.0185378
0.337238,0.255667,0.388544,0.0185503
0.337601,0.255527,0.388331,0.0185402
0.337156,0.255699,0.388592,0.0185526
0.336713,0.25587,0.388852,0.0185651
0.336621,0.255801,0.389018,0.01856
0.33678,0.255921,0.38873,0.0185688
0.337142,0.255781,0.388518,0.0185586
0.337395,0.255223,0.388809,0.0185726
0.337554,0.255343,0.388522,0.0185813
0.337806,0.254786,0.388812,0.0185952
0.337965,0.254906,0.388525,0.0186039
0.338123,0.255026,0.388238,0.0186126
0.337681,0.255196,0.388498,0.0186251
0.337327,0.255976,0.388091,0.0186056
0.337689,0.255836,0.38788,0.0185954
0.337847,0.255956,0.387593,0.0186041
0.338206,0.255817,0.387383,0.018594
0.338458,0.255263,0.387671,0.0186079
0.338816,0.255125,0.387461,0.0185978
0.338724,0.255055,0.387628,0.0185927
0.338882,0.255174,0.387343,0.0186014
0.339039,0.255293,0.387058,0.01861
0.339197,0.255412,0.386773,0.0186187
0.339448,0.25486,0.38706,0.0186325
0.339804,0.254722,0.386851,0.0186224
0.339451,0.255497,0.386449,0.0186031
0.339101,0.256265,0.38605,0.0185839
0.339456,0.256127,0.385843,0.0185739
0.339706,0.255579,0.386127,0.0185876
0.339613,0.25551,0.386294,0.0185825
0.339862,0.254964,0.386577,0.0185962
0.340215,0.254828,0.386371,0.0185862
0.339777,0.254997,0.386627,0.0185986
0.340129,0.254861,0.386421,0.0185886
0.340036,0.254792,0.386588,0.0185836
0.339944,0.254723,0.386754,0.0185786
0.339508,0.254892,0.387009,0.0185908
0.339161,0.255654,0.386613,0.0185718
0.339317,0.255772,0.38633,0.0185804
0.338883,0.255941,0.386584,0.0185926
0.33913,0.255398,0.386866,0.0186062
0.338696,0.255565,0.38712,0.0186184
0.338853,0.255683,0.386837,0.018627
0.339009,0.255801,0.386555,0.0186356
0.339361,0.255665,0.386349,0.0186256
0.339269,0.255595,0.386516,0.0186206
0.339424,0.255713,0.386234,0.0186291
0.339671,0.255172,0.386515,0.0186427
0.339239,0.255339,0.386768,0.0186549
0.339425,0.255479,0.38698,0.0181162
0.339581,0.255596,0.386698,0.0181245
0.339736,0.255713,0.386417,0.0181328
0.339305,0.255881,0.38667,0.0181446
0.338958,0.256641,0.386275,0.0181261
0.338528,0.256808,0.386526,0.0181379
0.338683,0.256926,0.386246,0.0181462
0.338837,0.257043,0.385965,0.0181545
0.338992,0.25716,0.385685,0.0181628
0.339146,0.257277,0.385406,0.018171
0.339499,0.25714,0.3852,0.0181613
0.339153,0.257895,0.384808,0.0181429
0.339061,0.257825,0.384977,0.0181379
0.338968,0.257754,0.385144,0.018133
0.338626,0.258504,0.384755,0.0181147
0.338779,0.258621,0.384477,0.0181229
0.338351,0.258788,0.384726,0.0181346
0.338011,0.259533,0.38434,0.0181164
0.338362,0.259395,0.384136,0.0181068
0.338515,0.259512,0.383858,0.018115
0.338667,0.259629,0.383581,0.0181231
0.338913,0.25909,0.38386,0.0181363
0.338486,0.259257,0.384108,0.018148
0.338732,0.258721,0.384387,0.0181612
0.338306,0.258887,0.384634,0.0181729
0.338656,0.25875,0.38443,0.0181632
0.338901,0.258215,0.384708,0.0181763
0.339053,0.258332,0.38443,0.0181845
0.339206,0.258448,0.384153,0.0181927
0.339358,0.258564,0.383877,0.0182009
0.33951,0.25868,0.383601,0.018209
0.339085,0.258846,0.383848,0.0182207
0.339237,0.258962,0.383572,0.0182289
0.338897,0.259704,0.383188,0.0182107
0.338804,0.259633,0.383357,0.0182057
0.338712,0.259562,0.383526,0.0182007
0.338619,0.259491,0.383694,0.0181957
0.338527,0.25942,0.383862,0.0181907
0.33819,0.260156,0.383481,0.0181727
0.338341,0.260272,0.383207,0.0181807
0.338491,0.260387,0.382933,0.0181888
0.338067,0.260554,0.383178,0.0182004
0.338418,0.260416,0.382976,0.0181908
0.338767,0.260279,0.382774,0.0181812
0.338432,0.261009,0.382396,0.0181633
0.338011,0.261175,0.382639,0.0181748
0.338254,0.260643,0.382915,0.0181879
0.338162,0.260572,0.383082,0.018183
0.33807,0.260502,0.38325,0.018178
0.33765,0.260667,0.383493,0.0181896
0.337998,0.26053,0.383292,0.01818
0.338148,0.260645,0.383019,0.018188
0.338297,0.26076,0.382747,0.0181961
0.338644,0.260624,0.382546,0.0181865
0.338226,0.260788,0.382788,0.018198
0.338134,0.260718,0.382955,0.0181931
0.338283,0.260833,0.382684,0.0182011
0.338431,0.260947,0.382412,0.0182091
0.338014,0.261112,0.382654,0.0182206
0.338163,0.261226,0.382382,0.0182286
0.338311,0.261341,0.382112,0.0182366
0.338459,0.261455,0.381842,0.0182446
0.338125,0.262183,0.381466,0.0182266
0.337709,0.262347,0.381705,0.0182381
0.337857,0.262462,0.381436,0.018246
0.338203,0.262324,0.381236,0.0182365
0.338447,0.261794,0.38151,0.0182496
0.338354,0.261722,0.381679,0.0182446
0.338023,0.262445,0.381305,0.0182267
0.33817,0.262559,0.381036,0.0182347
0.337841,0.263277,0.380665,0.0182169
0.338083,0.262749,0.380938,0.01823
0.33823,0.262863,0.380669,0.0182379
0.338376,0.262977,0.380401,0.0182458
0.338618,0.262452,0.380672,0.0182588
0.33829,0.263165,0.380304,0.0182411
0.338436,0.263279,0.380036,0.018249
0.338021,0.263444,0.380274,0.0182605
0.337696,0.264153,0.379908,0.0182429
0.337373,0.264857,0.379545,0.0182254
0.33696,0.265022,0.379782,0.0182368
0.337199,0.264499,0.380052,0.0182498
0.337345,0.264614,0.379784,0.0182577
0.33749,0.264728,0.379517,0.0182655
0.337836,0.264589,0.379318,0.018256
0.337982,0.264703,0.379052,0.0182638
0.338127,0.264816,0.378785,0.0182716
0.338271,0.26493,0.378519,0.0182795
0.338416,0.265043,0.378254,0.0182873
0.33856,0.265156,0.377988,0.0182951
0.338705,0.265269,0.377724,0.0183029
0.338848,0.265382,0.377459,0.0183107
0.338436,0.265548,0.377695,0.0183221
0.338579,0.26566,0.377431,0.0183299
0.338925,0.265521,0.377233,0.0183203
0.339069,0.265634,0.376969,0.018328
0.339413,0.265495,0.376773,0.0183185
0.339756,0.265358,0.376578,0.018309
0.339432,0.266059,0.376218,0.0182915
0.339022,0.266224,0.376452,0.0183029
0.338928,0.26615,0.376624,0.0182978
0.339071,0.266263,0.376361,0.0183056
0.339214,0.266375,0.376098,0.0183133
0.339455,0.265853,0.376365,0.0183263
0.339598,0.265965,0.376103,0.018334
0.339275,0.266662,0.375746,0.0183166
0.339516,0.266143,0.376012,0.0183296
0.339857,0.266005,0.375817,0.0183201
0.34,0.266117,0.375555,0.0183278
0.339591,0.266282,0.375788,0.0183391
0.339733,0.266394,0.375526,0.0183468
0.339412,0.267087,0.375172,0.0183295
0.339554,0.267198,0.374911,0.0183371
0.339794,0.266681,0.375175,0.0183501
0.340032,0.266166,0.375439,0.018363
0.340174,0.266277,0.375178,0.0183706
0.340412,0.265764,0.37544,0.0183835
0.340649,0.265253,0.375701,0.0183963
0.340241,0.265417,0.375934,0.0184077
0.340383,0.265528,0.375673,0.0184154
0.340525,0.265639,0.375413,0.018423
0.340761,0.265129,0.375674,0.0184358
0.340903,0.26524,0.375413,0.0184435
0.341139,0.264732,0.375673,0.0184563
0.340818,0.265424,0.375319,0.0184389
0.34041,0.265588,0.375552,0.0184503
0.340752,0.26545,0.375356,0.0184407
0.340346,0.265614,0.375588,0.0184521
0.33994,0.265777,0.375819,0.0184634
0.340175,0.265272,0.376078,0.0184761
0.340316,0.265382,0.375818,0.0184838
0.339997,0.266071,0.375466,0.0184665
0.339681,0.266754,0.375116,0.0184493
0.339822,0.266865,0.374856,0.018457
0.340055,0.266362,0.375114,0.0184696
0.340397,0.266224,0.374919,0.0184601
0.339993,0.266387,0.375149,0.0184714
0.33959,0.266549,0.375378,0.0184827
0.339822,0.266048,0.375635,0.0184953
0.339507,0.266728,0.375286,0.0184782
0.339738,0.266229,0.375542,0.0184907
0.339336,0.266391,0.375771,0.018502
0.339477,0.266502,0.375512,0.0185097
0.339618,0.266612,0.375253,0.0185174
0.339216,0.266774,0.375481,0.0185286
0.339396,0.266916,0.37568,0.0180088
0.338995,0.267078,0.375907,0.0180197
0.339339,0.266939,0.375712,0.0180103
0.339681,0.266801,0.375518,0.018001
0.339822,0.266911,0.375259,0.0180085
0.339508,0.267588,0.374912,0.0179918
0.339648,0.267699,0.374654,0.0179993
0.339988,0.267561,0.374461,0.01799
0.340128,0.267671,0.374203,0.0179974
0.340268,0.267781,0.373946,0.0180048
0.339956,0.268454,0.373602,0.0179882
0.340095,0.268564,0.373345,0.0179956
0.340265,0.268699,0.373532,0.0175045
0.340497,0.268201,0.373786,0.0175164
0.340098,0.268363,0.374012,0.017527
0.34026,0.26849,0.374189,0.0170614
0.339862,0.268652,0.374415,0.0170717
0.340002,0.268762,0.374158,0.0170787
0.33969,0.269432,0.373815,0.017063
0.339829,0.269542,0.373558,0.01707
0.339433,0.269704,0.373783,0.0170803
0.339663,0.269208,0.374037,0.0170919
0.340004,0.269069,0.373844,0.0170831
0.340343,0.268931,0.373652,0.0170743
0.340482,0.269041,0.373396,0.0170813
0.34082,0.268903,0.373204,0.0170725
0.341051,0.268409,0.373457,0.0170841
0.34119,0.268518,0.373201,0.017091
0.340879,0.269185,0.372861,0.0170755
0.34057,0.269846,0.372523,0.01706
0.340709,0.269956,0.372268,0.0170669
0.341045,0.269819,0.372078,0.0170582
0.341183,0.269928,0.371823,0.0170652
0.341337,0.270049,0.37199,0.0166235
0.340943,0.270211,0.372213,0.0166335
0.34055,0.270372,0.372435,0.0166434
0.340158,0.270533,0.372656,0.0166533
0.340296,0.270643,0.372401,0.0166601
0.340632,0.270505,0.372212,0.0166516
0.34077,0.270614,0.371957,0.0166583
0.340908,0.270724,0.371703,0.0166651
0.341045,0.270833,0.37145,0.0166718
0.341183,0.270942,0.371196,0.0166785
0.340792,0.271103,0.371417,0.0166884
0.341127,0.270965,0.371228,0.0166799
0.341358,0.270472,0.371479,0.0166912
0.340968,0.270632,0.371698,0.0167011
0.341198,0.270141,0.371949,0.0167123
0.341533,0.270004,0.37176,0.0167038
0.341866,0.269867,0.371572,0.0166954
0.341478,0.270026,0.371791,0.0167052
0.34138,0.269949,0.37197,0.0167005
0.340993,0.270108,0.372188,0.0167103
0.341222,0.269618,0.372438,0.0167215
0.34145,0.269131,0.372687,0.0167327
0.341783,0.268995,0.372498,0.0167242
0.341686,0.268918,0.372677,0.0167194
0.341823,0.269026,0.372424,0.0167262
0.34205,0.268541,0.372672,0.0167373
0.342277,0.268056,0.372918,0.0167484
0.34189,0.268214,0.373137,0.0167582
0.341505,0.268371,0.373356,0.016768
0.341643,0.268479,0.373103,0.0167748
0.341333,0.269142,0.372765,0.0167596
0.341471,0.26925,0.372513,0.0167663
0.341803,0.269114,0.372325,0.0167579
0.342029,0.268632,0.372571,0.0167689
0.341721,0.26929,0.372235,0.0167538
0.342052,0.269155,0.372048,0.0167454
0.342382,0.26902,0.371861,0.016737
0.342076,0.269674,0.371529,0.016722
0.3423,0.269194,0.371773,0.016733
0.341917,0.269351,0.371989,0.0167428
0.342054,0.269459,0.371738,0.0167495
0.342383,0.269324,0.371552,0.0167411
0.342607,0.268846,0.371795,0.0167521
0.342509,0.26877,0.371974,0.0167473
0.342732,0.268294,0.372216,0.0167582
0.34306,0.26816,0.372031,0.0167499
0.342678,0.268316,0.372247,0.0167596
0.342815,0.268423,0.371995,0.0167663
0.343142,0.26829,0.37181,0.016758
0.343279,0.268397,0.37156,0.0167647
0.343416,0.268504,0.371309,0.0167713
0.343639,0.268029,0.37155,0.0167822
0.343258,0.268185,0.371765,0.016792
0.343395,0.268291,0.371515,0.0167987
0.343532,0.268398,0.371265,0.0168053
0.343668,0.268505,0.371015,0.016812
0.343891,0.268031,0.371255,0.0168229
0.343584,0.268684,0.370924,0.0168079
0.343279,0.269332,0.370595,0.016793
0.3429,0.269488,0.37081,0.0168027
0.343226,0.269354,0.370626,0.0167944
0.343128,0.269277,0.370805,0.0167896
0.343453,0.269144,0.370622,0.0167813
0.343589,0.269251,0.370373,0.0167879
0.343286,0.269895,0.370047,0.0167731
0.343507,0.269424,0.370285,0.0167839
0.343643,0.26953,0.370036,0.0167905
0.343265,0.269686,0.37025,0.0168002
0.343485,0.269216,0.370487,0.016811
0.343705,0.268749,0.370724,0.0168218
0.343924,0.268283,0.370961,0.0168325
0.343547,0.268437,0.371174,0.0168422
0.34317,0.268591,0.371387,0.0168518
0.342868,0.269233,0.371061,0.016837
0.342569,0.269872,0.370737,0.0168223
0.342704,0.269978,0.370489,0.016829
0.343029,0.269845,0.370305,0.0168207
0.343353,0.269712,0.370123,0.0168124
0.343488,0.269818,0.369875,0.016819
0.343623,0.269924,0.369627,0.0168256
0.343758,0.27003,0.36938,0.0168322
0.343893,0.270136,0.369132,0.0168388
0.344112,0.269672,0.369367,0.0168495
0.34433,0.269209,0.369601,0.0168602
0.344464,0.269314,0.369354,0.0168668
0.344682,0.268853,0.369587,0.0168774
0.344817,0.268959,0.369341,0.016884
0.344441,0.269113,0.369552,0.0168937
0.344066,0.269266,0.369764,0.0169034
0.344201,0.269372,0.369517,0.01691
0.343827,0.269525,0.369728,0.0169196
0.343454,0.269679,0.369938,0.0169293
0.34367,0.269218,0.370171,0.0169399
0.343805,0.269323,0.369925,0.0169466
0.343939,0.269429,0.369679,0.0169532
0.344155,0.268969,0.369911,0.0169638
0.344289,0.269074,0.369666,0.0169704
0.344423,0.269179,0.36942,0.016977
0.344557,0.269284,0.369175,0.0169836
0.344256,0.269922,0.368853,0.0169688
0.344581,0.269788,0.36867,0.0169604
0.344715,0.269893,0.368425,0.016967
0.344848,0.269997,0.368181,0.0169735
0.345064,0.26954,0.368412,0.0169842
0.345198,0.269644,0.368168,0.0169907
0.345331,0.269748,0.367924,0.0169973
0.345546,0.269292,0.368154,0.0170079
0.34568,0.269395,0.367911,0.0170144
0.345813,0.269499,0.367668,0.017021
0.345945,0.269602,0.367425,0.0170275
0.346078,0.269706,0.367182,0.017034
0.346294,0.269251,0.367411,0.0170447
0.345992,0.269887,0.367091,0.0170298
0.346124,0.26999,0.366849,0.0170363
0.346449,0.269857,0.366667,0.0170279
0.346076,0.27001,0.366876,0.0170376
0.345704,0.270164,0.367085,0.0170473
0.345404,0.270797,0.366766,0.0170325
0.345033,0.27095,0.366974,0.0170421
0.344663,0.271103,0.367181,0.0170518
0.344988,0.270969,0.366999,0.0170433
0.345203,0.270516,0.367228,0.0170539
0.345102,0.270437,0.367413,0.0170489
0.345234,0.27054,0.367171,0.0170555
0.345365,0.270643,0.36693,0.017062
0.344996,0.270796,0.367136,0.0170716
0.345128,0.270899,0.366895,0.0170781
0.345259,0.271002,0.366654,0.0170846
0.34539,0.271105,0.366414,0.0170911
0.345604,0.270653,0.366641,0.0171017
0.345236,0.270805,0.366848,0.0171113
0.344868,0.270957,0.367054,0.0171209
0.344501,0.271109,0.36726,0.0171305
0.344827,0.270974,0.367077,0.017122
0.344957,0.271077,0.366837,0.0171285
0.345282,0.270943,0.366655,0.01712
0.344916,0.271094,0.36686,0.0171296
0.345239,0.270961,0.366679,0.0171211
0.345138,0.270881,0.366865,0.0171161
0.344774,0.271032,0.367069,0.0171256
0.344905,0.271134,0.366829,0.0171321
0.344606,0.271766,0.366511,0.0171173
0.344736,0.271869,0.366272,0.0171237
0.344439,0.272497,0.365956,0.017109
0.344143,0.27312,0.365642,0.0170943
0.34378,0.273272,0.365844,0.0171038
0.34391,0.273375,0.365605,0.0171102
0.344039,0.273477,0.365367,0.0171167
0.344168,0.27358,0.365128,0.0171231
0.34432,0.2737,0.365289,0.0166914
0.344534,0.273249,0.365515,0.0167017
0.344747,0.2728,0.365742,0.0167121
0.344876,0.272902,0.365503,0.0167183
0.344513,0.273053,0.365706,0.0167276
0.344643,0.273156,0.365468,0.0167339
0.34428,0.273307,0.36567,0.0167431
0.344409,0.273409,0.365432,0.0167494
0.344114,0.274032,0.365119,0.016735
0.343753,0.274183,0.36532,0.0167443
0.344077,0.274047,0.36514,0.016736
0.343976,0.273967,0.365326,0.0167311
0.344104,0.274069,0.365089,0.0167373
0.344317,0.273621,0.365315,0.0167477
0.344529,0.273174,0.36554,0.016758
0.344852,0.273039,0.365359,0.0167497
0.34475,0.272959,0.365546,0.0167448
0.344879,0.273061,0.365309,0.016751
0.34509,0.272615,0.365533,0.0167613
0.345301,0.272171,0.365756,0.0167715
0.34543,0.272273,0.36552,0.0167778
0.345135,0.272893,0.365208,0.0167635
0.345345,0.272451,0.36543,0.0167737
0.345554,0.27201,0.365652,0.0167838
0.345683,0.272111,0.365415,0.0167901
0.345812,0.272213,0.365179,0.0167963
0.34594,0.272314,0.364944,0.0168026
0.346262,0.27218,0.364764,0.0167943
0.34639,0.27228,0.364529,0.0168005
0.346096,0.272898,0.364219,0.0167863
0.346224,0.272999,0.363984,0.0167925
0.346545,0.272865,0.363806,0.0167842
0.346864,0.272731,0.363628,0.016776
0.347182,0.272599,0.363451,0.0167679
0.347499,0.272466,0.363275,0.0167597
0.347206,0.273079,0.362969,0.0167456
0.347416,0.272641,0.363188,0.0167557
0.347057,0.272791,0.363387,0.0167649
0.347185,0.272891,0.363153,0.0167711
0.346828,0.273041,0.363352,0.0167803
0.346955,0.273141,0.363117,0.0167864
0.346598,0.27329,0.363316,0.0167956
0.346726,0.273391,0.363082,0.0168018
0.346853,0.273491,0.362848,0.016808
0.34698,0.273591,0.362615,0.0168141
0.347189,0.273153,0.362833,0.0168243
0.347398,0.272717,0.363051,0.0168344
0.347715,0.272584,0.362875,0.0168262
0.347358,0.272733,0.363073,0.0168354
0.347003,0.272882,0.363271,0.0168445
0.346711,0.273493,0.362965,0.0168304
0.346838,0.273594,0.362732,0.0168365
0.346964,0.273694,0.362499,0.0168427
0.34661,0.273842,0.362696,0.0168518
0.346256,0.273991,0.362893,0.016861
0.345902,0.274139,0.363089,0.0168701
0.346029,0.274239,0.362856,0.0168762
0.346347,0.274106,0.36268,0.016868
0.345994,0.274253,0.362875,0.0168771
0.34612,0.274353,0.362643,0.0168833
0.346247,0.274453,0.362411,0.0168894
0.346564,0.27432,0.362235,0.0168812
0.346212,0.274468,0.36243,0.0168903
0.345862,0.274615,0.362624,0.0168994
0.345512,0.274762,0.362818,0.0169084
0.345163,0.274908,0.363012,0.0169174
0.34506,0.274827,0.363201,0.0169124
0.345377,0.274693,0.363025,0.0169042
0.345503,0.274793,0.362793,0.0169104
0.345711,0.274357,0.363012,0.0169205
0.345836,0.274457,0.36278,0.0169267
0.345983,0.274573,0.362934,0.0165105
0.346108,0.274673,0.362702,0.0165165
0.370778,0.292518,0.322978,0.0137273
