1073
2396 1872 906
1117 672
2288 1769 1059
2192 2083 742
794 885
933 762
642 1125
1777 58
612 1498
683 1090
1412 2372 1311
825 2330 1862
1111 1467
448 1209
640 2438 1919
447 1255
11 1730
2419 1860 638
45 1690
88 1828
1000 727
25 1727
2150 2023 922
2207 2180 579
2338 1790 2313 1975
2464 1171 1466
13 1751
1396 516
985 714
55 1980
1231 421
865 871
1664 77
484 1278
1016 724
2308 1323 1483
52 1687
1153 2010 1974
719 1018
917 2334 1817
676 2409 1901
1931 99
319 1462
2185 2094 2373 1708
1408 496
1653 116
2352 1200 1578
1190 520
1799 625 2486
1810 975 2278
677 1116
311 1452
937 758
943 777
831 812
2234 2243 449
1378 1324 2402
1112 1099
1149 563
1347 393
138 1604
2201 1858 992
1356 550
879 842
445 1203
1539 2533 1028
1290 410
1056 703
1869 2488 529
785 891
7 1718
584 2102 2359
2251 2499 198
350 1383
109 2041
73 1654
1033 692
1246 2054 1766
1791 97
280 1481
1012 2550 1500
718 997
1333 353
2075 282
2455 557 1926
680 2404 1887
2204 1540 1350
1065 2521 1525
183 2210 2542
1761 35
1169 528
554 2467 1899
1684 743 2528
2307 2472 231
149 1968
2437 622 1870
1695 8
2541 489 1839
289 1473
2447 452 2022
144 1635
420 1359
1014 1026
210 1572
490 1215
508 2441 2021
1393 336
243 2066
598 2415 2025
1844 1368 1823
419 1250
1533 2514 1079
288 1526
2491 521 1892
830 806
1177 551
2218 2229 580
152 2525 2266
465 2535 1861
1748 86
2477 523 1964
2360 281 2442
131 1611
169 2084
1451 658
59 1668
2235 1508 1374
2117 309
2508 274 2188
172 1596
429 1221
1803 50
1836 162
1123 1453 2537
2374 643 2017
2267 318 2443
178 1911
1904 2231 990
898 907
607 2198 2215
1820 1206 2039
2295 2439 307
2517 2285 194
283 1480
1698 5
2318 2122 624
487 2332 2191
314 1454
967 721
2368 1015 1753
1672 868 2479
435 1223
816 2292 1871
1724 16
1101 1642 2428
556 1186
246 1535
1092 2140 1898
1585 238
1928 1381 1937
278 1486
1955 161
2071 2268 678
1479 295
983 1762 2353
753 949
1089 2009 2070
1702 3
993 2548 1491
1271 480
989 715
1979 2503 438
2098 1997 1038
1457 669
1414 2401 1273
2029 1248 1771
404 1279
874 801
443 1212
1436 2027 1848
621 1903 2417
2160 303 2522
1041 1840 2219
888 955
416 1264
1914 51
241 1534
2222 450 2265
847 1770 2403
1240 430
224 1995
589 2341 2093
1959 170
1108 2549 1421
1658 75
998 901
2208 2034 887
2184 2497 290
2421 1994 586
932 755
114 1621
512 1184
1602 127
1133 610
1594 166
1475 286
392 1349
2388 1369 1367
1069 694
982 1574 2518
1620 146
1845 2294 950
48 1773
1122 1121
525 1188
1987 2484 455
1749 94
634 1440
1709 15
2141 2053 1970 2269
1425 1379 2369
666 2296 2111
2454 1985 518
1600 973 2469
118 1633
1254 1224
1342 391
538 1176
1999 768 2315
1277 440
754 931
390 1346
781 1021
2220 1162 1707
498 1943 2496
1469 296
790 2324 1865
1024 712
1243 1877 1878
1196 522
2044 553 2431
1490 277
1528 369
117 1618
779 928
2072 2115 915
112 1619
2119 185
769 920
269 1515
1424 320
1686 29
2301 601 2152
2158 294 2539
1583 2202 1312
2299 2516 2179 1316
165 1651
699 1043
2495 2042 1622 2199
1603 2468 979
646 2101 2274
1940 104
880 795
65 1913
774 910
1838 2224 994
1427 325
843 820
1631 133
370 2333 2354
786 904
2259 583 2148
810 841
1511 259
804 881
959 741
61 1660
1736 1156 2177
297 1575
1755 1315 1982
2434 1822 671
1151 2492 1441
573 1138
972 737
1325 389
961 723
53 1750
655 1403
1661 60
92 1932
582 2448 1876
2082 317
1984 209
787 896
1098 1733 2298
548 2489 1856
1130 633
1818 1046 2221
1329 371
1552 252
2350 2099 592
1081 1114
105 1946
212 1593
411 1284
1120 673
23 1738
273 1497
1106 1115
1214 442
1679 36
1128 594
852 793
936 746
405 1294
1062 1627 2436
1094 1832 2166
617 1419
1546 229
606 1915
668 1463
505 2187 2275
1951 1787 1339
407 1292
1217 567
513 1187
1086 2526 1468
1562 2340 1235
1285 403
1837 2394 728
2045 1353 1723
560 2450 1933
2 1696
1967 179
2406 1006 1811
1786 1880 1352
956 775
1478 279
707 960
1078 1071
95 1920
2206 2322 491
1227 431
1331 383
782 1867 2346
176 1923
218 1557
22 1796
397 2395 2245
1181 593
514 1192
110 1643
1004 2371 1804
996 726
468 1219
2161 2239 611
208 1586
1360 379
472 2457 2035
26 1754
1988 148
509 1852 2509
808 2263 1909
2151 951 2003
1782 1365 1907
570 2453 1925
2123 2016 1027
1550 249
2040 2176 802
1523 301
1147 574
1023 1884 2173
1459 1639 2124
475 2363 2331
2126 969 2011
234 1589
2171 284 2529
1282 401
1632 163
533 1166
892 1039
413 1293
367 2081 2512
372 1319
829 807
1416 1002
1173 1628 2366
1191 1819 2090
1286 418
351 1318
1366 2461 1216
1924 177
942 757
84 1966
924 1587 2524
571 1159
1527 258
2418 1886 641
341 1398
44 1685
195 2061
2449 479 2037
349 2382 2316
1774 1242 2030
2078 1104 2056
2412 952 1705
441 1207
1588 230
1460 539
2052 1739 1262
1722 69
1253 1443 2408
2069 470 2433
126 1610
1581 219
1 1699
1195 511
135 1601
223 1555
1150 564
2380 626 2000
2445 2137 363
1053 1087
667 1428
921 772
477 1239
822 813
1667 66
555 1340
81 1941
1929 1302 1815
123 1615
2343 1415 1371
805 2261 1912
706 965
93 1957
202 1573
2087 504
1010 2038 2116
2256 2012 713
377 1326
792 855
85 1764
1549 2125 1485
2170 2429 352
1542 236
2164 358 2435
2326 1918 893
2138 292 2540
1652 2121 1372
1541 232
1407 330
2168 268 2534
27 1712
1624 158
1673 31
698 1044
266 1529
1395 338
1503 2257 1348
2149 639 2311
1847 811 2335
1576 200
2159 1074 1900
576 2364 2097
623 2005 2378
1545 248
1916 527 2490
1320 376
854 799
54 1792
988 725
2182 2348 461
705 968
1309 361
1487 310
425 2473 2020
1146 566
1288 400
324 1417
1328 378
196 1962
1431 2546 1102
1433 335
459 1211
130 1636
2018 1977 1144
912 773
613 1387
101 1692
2156 1783 1143
1608 141
265 1507
890 1025
733 1008
263 1506
1389 337
1650 157
1361 386
469 1234
1411 1299 2393
1037 2253 1807
1384 2504 1180
735 987
632 1857 2424
883 2195 2033
1199 506
1816 631 2452
1780 40
204 2485 2303
764 919
251 1544
1471 300
597 1445
2169 832 1998
344 1397
1978 766 2270
2105 1182 1793
381 1304
1571 1704 1789
2349 1897 761
2258 1893 815
2028 2128 984
1164 537
1057 899
1950 145
981 716
819 2302 1854
255 1519
1222 432
1824 1598 1657
974 1868 2181
1670 100
1683 47
467 1268
1482 287
1662 67
2031 159
1565 2493 1035
620 2427 1949
2088 2002 1091
2423 1756 756
137 1599
2155 247
454 2532 1866
1042 696
1671 70
1322 359
217 1559
2513 495 1875
478 2024 2451
503 1283
1484 304
783 927
2154 1797 2444 1855
1509 267
1688 37
1152 600
1641 142
1107 2553 1423
357 2132 2458
2225 846 1991
19 1759
701 1061
1728 30
1334 385
614 2063 2392
679 1085
1237 423
2064 189
689 1105
1210 444
858 798
1808 106
1697 1406 2006
2174 1874 1029
155 1638
1566 203
2143 181
664 1450
986 2325 1806
1888 850 2244
1009 1645 2511
1446 316
39 1677
1013 1488 2545
1386 1257 2420
1579 2370 1204
1524 659
191 1983
2400 1055 1691
867 797
1355 375
1063 1100
151 1648
833 845
1830 2351 2323 1894
1148 565
1725 4
1825 1194 2076
2112 1992 1119
872 886
1306 2426 1280
1666 64
1168 549
83 1779
1132 608
977 763
1961 302
1430 334
415 1401
954 1118
476 1245
1713 12
1208 463
1678 1516 1879
1655 80
603 1127
999 739
211 1592
206 1945
947 767
2127 1258 1711
1859 2300 817
1853 103
2226 1963 895
2505 662 1745
1375 616
515 1464
270 1514
685 2460 1752
1681 41
736 1007
823 818
2200 1981 902
2317 2471 244
2085 221
2248 1556 1259
2247 1564 1266
1597 150
1142 581
1590 226
1310 354
1472 1095 2527
681 1073
1813 1742 1496
412 1303
323 1465
534 1399
835 851
2320 474 2319
970 710
1380 590
2048 187
2163 1953 1050
980 720
182 2059
1956 160
2383 205 2432
776 2305 1996
2321 1781 1110
1434 322
717 964
500 1198
1584 2197 1335
708 963
1357 346
2430 1788 704
836 848
2145 944 2067
2146 387 2474
1558 225
745 938
1252 1767 2046
235 1548
2165 254 2547
125 1614
1155 596
1233 2136 1794
1410 327
1494 1052 2538
1158 585
457 2236 2310
102 1833
2205 192 2544
953 908
2217 1902 1001
765 909
1613 132
2283 1885 824
552 1270
2178 991 1863
250 1960
1420 615
1814 1802 1439
1157 588
464 2466 2032
760 930
2065 524 2422
147 1947
271 2232 2483
1948 517 2519
1580 201
2241 2446 264
2287 1889 2276 1921
121 1606
976 709
800 864
540 1170
321 1432
1665 63
1537 2142 1461
2390 729 1906
345 2134 2494
1163 532
1623 113
2047 2196 834
744 958
2194 1570 1341
645 2114 2254
962 711
809 826
814 2106 2109
1896 173
647 2501 1765
2306 2487 199
1447 313
1737 96
1805 2377 827
1740 10
2344 348 2356
925 2077 2113
882 876
2162 2336 493
860 839
1577 657
17 1721
1905 1846 1261
561 1238
426 1226
1717 78
276 2507 2214
453 1512
2131 897 2079
2286 332 2397
2476 253 2272
869 1930 2289
1561 214
262 1513
544 1179
180 2096
1676 38
1327 373
914 778
1084 1096
285 1489
873 796
1936 1800 1437
402 1358
1225 428
342 2120 2515
1230 1942 1954
1569 215
1165 531
1843 190
1137 602
1693 49
207 1560
365 1370
946 784
2100 222
1400 2376 1364
1675 33
1317 1531 2252
2358 748 1890
1626 136
460 1202
665 1504
1076 684
299 1965
651 1455
1864 1812 1363
1064 702
1835 171
2086 1582 1502
446 1201
1077 688
1917 2250 939
1321 368
329 1413
2502 1385 1167
43 1682
747 935
482 1422
1458 312
700 1045
628 1126
256 1505
1778 1744 1522
837 828
995 1746 2385
789 861
2013 661 2375
627 2068 2355
1731 71
1068 687
1097 1072
2255 2523 164
1297 406
2133 2379 507
220 1952
233 1536
2328 1826 916
652 1390
894 2157 2036
2246 2381 366
1409 629
788 903
261 1532
1337 388
1113 1760 2238
119 1649
1305 382
1851 1944 1289
34 1680
2186 499 2297
1493 2290 1313
857 2280 1891
74 1703
1307 384
877 1971 2216
1251 483
1442 1241 2391
1958 107
1343 2277 1476
108 1842
501 1291
1989 1798 1269
1131 1850 2095
821 849
604 1183
122 1607
1351 510
1265 2014 1743
884 866
2223 1066 1908
245 1554
526 1189
2530 1499 1048
111 1634
2092 154
1768 90
1373 2249 1492
1036 690
2019 543 2416
1404 339
578 1154
2175 1020 1882
1553 619
649 1135
978 731
2240 462 2357
605 1134
242 2209 2531
1272 2345 1474
2281 333 2413
569 2465 1910
1444 1719 1927
1124 653
1093 1103
1501 298
656 1193
1136 599
1659 62
2282 2293 427
24 1732
929 750
89 1935
2339 395 2304
2212 1083 1821
374 1336
2001 466 2470
408 1296
1405 326
1735 28
948 1829 2271
2347 437 2203
494 1993 2462
1595 167
686 1070
72 1881
2242 853 1895
875 900
660 1521
1563 216
1274 1625 2167
1075 1591 2478
1938 2139 2456 1784
362 1345
2129 82
228 1547
1747 1049 2312
340 1394
1145 575
134 1644
1060 693
1082 1109
46 1715
42 1831
2342 1757 1031
156 2060
870 1054
193 2058
1689 1637 1734
577 1161
780 923
1218 433
2309 458 2228
1714 14
1005 1051
1139 618
2459 497 1972
414 1263
1160 568
2481 486 2051
966 722
399 1287
1517 272
751 940
1067 2262 1785
1568 197
315 2103 2552
1256 451
1640 1449 2080
1017 1019
1129 609
2057 2463 436
530 1174
697 1032
1617 2506 863
1758 2543 572
1669 68
1538 237
1710 9
1438 1314 2337
1706 1022 2386
409 1301
859 918
2091 732 2189
654 2015 2384
2183 2425 1729 2007
1172 541
364 1308
2193 558 2230
648 2399 1973
1362 1701 2049
20 1720
2144 675 2172
1247 417
2440 1344 1249
636 2398 1976
1298 394
1030 1040
87 1776
957 740
1520 275
188 2110
770 911
2327 2260 2062 1772
293 1495
1969 2405 635
2190 2362 492
1726 2089 1295
2361 1518 1260
306 1470
862 791
1232 485
1003 941
1426 1267 2410
308 2147 2536
637 1763 2500
562 1429
1809 670 2482
1646 140
115 1629
1873 2291 844
2389 738 1849
1834 139
545 2407 2073
1213 471
2284 630 2104
695 1058
926 759
21 1716
1934 57
120 1612
143 1630
840 838
1275 663
213 1567
347 1354
239 1551
1377 519
2211 488 2314
2520 644 1741
98 1827
305 2135 2551
1220 439
1338 481
752 945
355 1332
1656 79
1391 343
682 1088
396 1281
398 1300
328 1435
1609 129
905 889
1140 587
422 1229
2050 1700 1402
913 2153 2026
2365 771 1883
1795 56
1775 2279 1047
542 2414 2074
91 1939
356 1330
1456 1392 2329
1530 260
546 1185
2273 2510 227
730 971
502 2237 2233
175 2043
76 1663
591 1141
934 749
536 1178
1011 734
1034 691
18 1986
153 1647
1694 6
174 2055
1236 650
1205 456
1616 128
1197 559
1605 124
291 1477
2130 331 2498
1841 2480 595
1510 257
803 856
2108 186
2264 473 2227
1543 240
2008 184
32 1674
1228 434
1276 424
674 1080
2213 878 1990
547 1388
2118 2475 360
1175 535
1801 168
2387 2004 1922 2107
1448 2411 1244
1382 1418 2367
1376 380
