88
23 162 201
47 8
68 172 123
154 46 153
148 85 144
158 109 137
156 136 54
80 169 94
70 240 78
164 21 223
72 241 243
151 26 224
236 9 232
196 39 188
50 15
60 197 142
118 52 184
212 29 202
19 93
120 71 134
128 221 41
24 175 181
215 17 242
67 174 124
214 163 112
145 81 103
189 35 141
40 160 159
92 220 88
57 199 115
30 135 235
149 89 207
61 98 238
10 91
191 126 99
217 42 121
106 77 138
155 208 195
95 233 177
18 31
219 166 100
231 82 213
147 37 180
111 44 230
22 4
190 1
97 64 211
216 43 203
108 234 62
25 171 179
185 152 56
3 2
5 20
226 182 110
32 6
161 65 113
73 34
90 192 69
102 249 131
206 75 96
27 237 193
28 228 139
117 33
101 105 122
86 76 178
66 114 210
246 79 218
16 239 170
146 140 49
58 87
36 13
59 104 194
55 133 183
222 200 107
225 84 187
198 176 45
227 150 63
12 186 209
157 53 127
173 167 38
165 48 245
204 205 14
116 125 83
74 119 229
130 11
51 168 132
143 244 129
248 247 7
