404
450 870 539
82 532
730 184 967
251 405
774 157 968
661 123
638 451 806
698 379 828
388 262
222 425
424 217
58 558
114 542
477 168
293 641 964
180 791 912
713 977 185
728 133
543 70
106 514
291 373
64 589
49 568
892 365 633
829 841 216
604 23
417 230
605 978 305
786 250 856
60 552
689 234 958
849 238 794
326 328
183 950 750
374 290
773 861 254
55 587
72 923 863
391 268
716 805 755 857
813 96 959
490 142
893 358 655
680 63
225 740 935
607 889 397
751 301 833
823 727 336
703 918 269
540 71
15 613
247 403
166 473
442 499 954
116 515
1 649
777 347 787
242 991 644
717 884 298
59 554
895 910 77
576 47
408 239
370 887 632
826 498 550
472 186
277 380
624 7
389 702 801
739 924 810 671
258 396
129 509
323 332
371 297
629 8
512 748 623
441 204
916 93 847
304 351
731 155 999
518 113
685 108
579 354 947
489 420 973
153 484
900 897 57
911 798 188
307 807 796
444 193
840 366 690
69 836 955
468 170
504 127
710 125
668 221 1000
27 590
172 478
502 119
724 94
469 165
555 62
603 22
673 942 278
285 386
12 658
296 636 956
744 647 851 882
634 265 994
163 665
363 286
528 88
413 888 561
582 30
766 101
232 896 753
838 586 708 989
563 43
943 159 781
240 939 706
534 79
2 637
799 941 141
524 395 966
664 364 864
700 398 803
40 572
377 891 619
51 600
443 199
203 430
383 273
210 431
525 434 922
409 253
13 618
683 237 965
756 429 709
602 648 652
732 151 998
416 485 996
678 245 971
275 387
720 312 867
31 574
825 350 719
834 423 628
650 266 983
18 610
776 263 859
714 359 820
81 562
122 507
581 577 707
729 158 988
80 535
852 762 279
227 421
997 177 722
612 877 392
764 128 995
315 341
306 656 936
537 73
112 517
772 621 497
779 97 979
411 243
768 691 435
205 437
317 695 869
37 571
33 585
327 333
164 482
593 933 352
752 972 162
256 725 906
410 687 811
639 767 481
606 362 919
573 29
795 115 969
138 494
137 976 754
337 723 831
669 944 272
686 131
784 143 961
511 111
19 617
957 560 360
474 167
662 321 926
475 325
858 214 809
356 303
921 883 46
83 536
331 746 821
299 476
226 470
932 154 862
50 920 894
659 970 264
526 86
684 261 949
229 679 981
338 322
32 584
520 105
718 871 287
726 161 986
486 769 635
11 608
611 20
463 178
483 160
848 130 898
357 308
447 457 980
881 369 653
345 992 544
104 556
488 149
260 390
21 591
213 438
92 529
25 596
940 220 736
737 209 952
500 139
660 67
553 56
3 622
310 349
191 466
4 663
677 223 993
407 255
598 24
195 446
53 566
249 990 640
904 367 631
406 244
449 202
835 68 962
132 495
802 117 951
173 775 953
712 839 340
588 901 385
66 551
616 10
318 335
651 696 546
693 330 868
907 759 224
461 804 625
9 630
778 314 815
110 704
381 280
368 824 705
547 74
541 401 938
346 316
6 626
252 402
501 771 615
456 189
344 319
281 378
793 156 934
412 284
503 126
182 462
329 899 674
135 496
866 872 103
179 460
28 597
289 812 792
548 75
45 575
761 140
670 788 433
5 620
657 99
880 592 414
201 453
309 400
808 78 974
91 523
832 146 886
109 545
295 376
181 459
87 785 984
26 595
353 302
432 207
873 467 522
667 734 800 931
905 219 758
479 174
228 427
100 519
200 452
745 233 903
599 666 627
567 39
913 16 946
814 348 733
780 927 171
850 150 865
578 909 399
334 320
426 215
118 510
783 169 929
311 355
375 283
830 879 175
874 876 89
855 176 845
259 393
699 145
937 313 642
14 609
614 17
827 276 789
292 361
643 757 493
505 120
439 211
382 282
487 531 853
843 300 760
454 198
436 212
765 715 742 914
844 878 148
583 34
908 654 342
818 136 925
875 890 76
294 372
822 246 816
580 35
948 271 676
192 455
549 339 982
790 144 945
415 235
448 197
770 102 987
565 38
885 930 36
428 218
559 65
44 570
492 147
248 721 915
846 95 917
508 121
471 701 711
797 190 902
601 738 538
187 458
42 569
85 692
84 530
48 681
419 236
782 837 270
206 743 928
480 152
54 594
324 464
694 465 747
343 860 682
854 445 564
817 672 418
506 124
513 107
394 257
41 675
645 267 975
98 521
741 194 963
422 735 749
533 819 516
491 134
61 557
527 90
440 208
196 985 688
404 241
384 274
646 52
231 697 960
842 288 763
