168
372 156 173
471 443 9
84 494 221
85 322 284
244 115 277
138 310 209
121 195 402
83 315 301
235 264 133
2 1
488 96 201
123 171 482
36 345 472
59 417 294
241 122 268
88 217 463
6 478 457
174 120 468
225 238 177
429 17 413
91 231 386
495 167 125
250 271 110
196 330 147
19 474 375
197 437 105
49 452 299
143 362 187
82 269 346
151 168 407
103 254 287
116 211 342
365 442 30
108 263 261
278 157 208
112 347 215
86 266 340
462 399 15
252 101 304
490 384 13
256 308 98
170 169 361
212 282 145
51 289 460
290 53 450
162 389 166
200 329 136
29 433 368
326 55 391
409 248 80
62 260 475
139 176 404
153 458 144
160 432 146
95 267 286
333 243 97
184 349 154
81 293 321
27 403 415
152 172 392
57 300 423
311 255 99
390 380 40
63 335 341
202 324 137
41 307 473
316 222 118
204 366 119
459 70 257
400 11 489
39 348 418
336 220 106
92 247 327
22 421 414
448 23 388
191 226 219
135 186 377
352 47 394
280 206 158
306 78 323
356 357 481
69 430 265
64 317 379
370 34 411
113 234 303
72 296 364
67 406 275
223 198 218
35 493 320
449 314 46
297 76 337
73 438 258
163 134 446
124 412 188
89 214 480
150 155 428
479 319 38
21 484 354
8 440 486
183 210 245
93 274 272
54 396 328
205 338 129
194 142 343
126 397 192
37 318 497
66 395 305
371 358 50
65 298 387
369 48 359
401 16 461
292 159 203
90 236 382
441 193 109
466 355 26
94 262 291
498
232 128 283
313 44 451
439 75 251
444 240 79
230 104 325
487 140 148
213 181 253
353 33 431
25 408 416
178 279 190
470 492 3
45 363 383
182 207 351
141 476 149
102 216 374
239 114 295
499 246 71
249 309 100
259 434 74
464 5 485
77 496 237
42 419 339
270 453 61
436 127 175
228 276 131
281 179 189
332 422 43
185 445 111
367 58 334
500 4 456
501 14 378
447 7 477
312 117 224
10 424 469
32 467 331
360 455 28
398 24 425
161 491 130
165 164 376
180 229 233
60 427 285
273 56 465
405 426 20
107 302 242
68 288 393
420 12 435
454 87 227
52 381 344
18 483 373
410 31 385
132 199 350
