76
74 70 197
146 145 85 180
66 138 200 149
86 44
11 123 189
37 97 196
179 162 154 58
36 184 117
163 193 19 159
127 43 167
32 141 174 192
25 175 135
26 102
77 75
31 98
2 142
106 14
9 114
133 56 161
188 92 68
128 4
144 191 173 30
153 39 148
76 79
109 13
116 176 50
5 121 194
23 137 170
16 108
33 157 150
165 129 42
18 139 181
40 93
61 91
7 118
136 155 57
83 54
21 104
90 55
95 47
53 131 158
143 10 183
62 96 187
72 71
64 81
99 190 48
115 51
29 100
122 185 34
103 24
113 60
101 27
35 130 172
89 46
8 112
63 82
124 28 178
20 119
67 151 171 164
120 177 41
45 88
59 84 195
3 168 169
110 17
111 12
69 152 126
147 160 22
94 38
166 107 73 198
199 1 125
78 80
132 6
65 105 182
15 134 186
156 140 49
87 52
