750
500
350
350
350
350
350
349
349
349
349
348
348
348
347
347
347
347
347
346
346
346
346
345
345
345
344
344
343
343
343
343
342
341
341
341
341
340
340
340
340
339
338
337
337
337
336
336
335
335
335
334
334
334
334
333
333
333
333
333
332
332
332
332
331
331
331
331
330
330
330
329
329
328
328
328
328
328
327
326
326
326
325
325
324
323
323
323
323
323
322
322
322
321
320
320
320
320
317
317
316
316
316
316
315
315
315
314
314
314
313
313
313
313
313
312
312
312
311
311
310
310
309
309
309
308
308
308
308
307
307
306
306
306
304
303
302
302
301
300
299
299
299
298
298
297
297
297
296
296
295
295
295
295
295
295
294
294
294
294
294
293
293
293
292
291
291
290
290
289
289
288
287
287
286
286
285
285
285
285
284
283
283
282
282
282
280
280
279
279
278
278
278
278
278
278
278
277
276
276
276
275
275
275
275
274
273
273
273
273
272
272
272
271
271
270
269
268
268
267
267
267
267
266
266
266
266
266
266
265
265
265
264
264
264
264
263
263
262
262
262
262
262
261
261
261
261
261
261
260
260
260
260
259
259
259
259
259
259
259
258
258
257
257
257
254
254
254
254
253
253
253
253
253
252
251
251
251
251
251
250
249
249
249
249
248
248
247
247
247
247
244
244
244
244
244
241
241
241
240
240
240
240
240
240
239
239
237
237
237
236
236
236
235
235
235
234
234
233
233
233
232
232
232
231
231
231
231
230
230
230
230
230
229
229
228
228
227
227
227
227
226
226
226
225
224
224
224
223
223
223
222
222
221
221
221
221
221
220
220
220
219
219
219
219
218
218
217
217
216
216
216
216
215
214
214
213
213
213
213
212
210
210
210
209
209
209
209
208
207
207
207
207
207
207
205
205
205
204
204
204
204
203
203
203
201
200
200
199
199
199
198
198
198
198
198
197
196
196
196
195
195
194
194
193
193
193
193
192
191
191
191
191
190
190
189
188
187
184
184
183
183
183
182
182
182
182
181
181
181
180
180
178
178
178
178
177
177
177
176
176
176
175
175
175
174
174
174
173
173
173
173
172
172
171
170
170
170
170
170
168
168
167
166
166
165
165
164
164
163
163
162
160
159
158
158
157
157
156
156
155
155
155
155
155
155
155
155
154
154
153
153
153
152
151
151
149
149
149
148
148
147
147
147
147
147
147
146
146
145
145
145
144
143
142
142
142
142
142
141
141
140
140
140
139
139
139
138
138
137
137
137
136
136
136
136
135
135
133
133
133
133
133
132
131
131
131
130
129
129
129
128
128
128
128
127
127
127
127
127
126
126
124
124
123
123
123
122
122
120
120
120
120
120
119
119
119
118
118
118
118
116
115
115
114
112
111
111
111
111
110
110
110
109
109
109
108
108
107
107
106
106
106
106
106
105
105
105
104
104
104
104
103
103
103
102
102
102
102
101
101
101
101
100
100
99
99
98
97
97
97
96
96
94
94
93
92
92
92
92
91
90
89
89
89
88
88
88
88
88
88
87
87
87
87
86
85
85
85
85
85
85
84
84
83
83
82
82
82
81
80
80
80
80
79
77
76
76
76
75
73
72
70
70
70
69
69
68
68
68
67
67
67
67
66
66
66
66
65
65
65
65
65
64
62
62
60
60
60
59
59
59
59
59
58
57
56
56
56
56
56
56
55
55
54
53
52
52
52
51
50
50
