300
400
280
279
278
276
276
276
275
275
273
272
271
270
270
270
270
268
266
266
265
260
260
259
259
259
259
259
258
258
258
257
256
256
255
255
254
253
252
251
249
249
248
247
246
246
246
245
244
244
243
243
243
243
241
240
240
239
239
239
237
237
237
236
235
234
234
234
233
233
232
232
231
230
230
230
228
226
225
223
222
222
220
220
220
219
218
218
216
215
214
213
213
212
212
210
210
210
209
209
208
208
207
206
206
206
205
204
204
203
202
201
201
200
200
198
198
198
198
197
197
196
196
196
195
195
194
193
193
193
193
192
192
190
190
187
185
185
185
184
184
183
183
183
181
181
180
180
179
179
178
178
173
173
173
172
170
169
169
168
167
167
167
166
166
166
166
165
165
164
162
162
159
158
158
158
157
157
156
156
154
153
153
152
152
151
151
151
150
150
150
149
149
148
148
148
147
147
146
146
146
145
145
143
143
142
142
141
141
140
139
139
139
138
137
137
136
136
136
134
134
133
133
133
132
132
131
131
130
130
129
128
128
128
127
127
126
126
126
124
123
122
122
121
121
121
119
119
118
118
117
117
117
116
116
116
115
115
112
112
110
109
109
108
107
106
106
106
106
105
105
104
104
103
100
99
99
98
97
95
95
95
94
94
94
94
92
91
91
91
90
89
87
85
83
83
83
83
82
81
81
81
