200
1000
700
699
695
695
694
689
688
686
684
682
682
681
679
677
677
676
674
673
668
667
665
662
662
660
659
658
654
654
650
647
646
644
641
639
639
639
638
636
635
631
629
627
619
619
616
609
607
606
606
602
601
594
594
592
581
573
573
569
569
569
566
563
559
555
552
552
550
550
546
544
544
540
538
536
535
531
531
528
524
524
518
518
515
513
511
509
503
503
499
496
492
485
483
478
477
474
469
464
462
459
458
458
454
444
442
431
431
429
426
419
419
418
416
414
413
413
408
404
401
399
399
398
398
395
392
390
383
383
381
381
381
371
367
363
363
359
359
359
358
357
340
340
338
334
330
326
325
324
320
311
310
310
309
309
303
303
296
294
292
290
284
282
272
269
265
265
264
263
259
258
254
251
251
250
248
248
246
241
236
235
233
232
229
229
228
223
220
218
217
217
216
215
214
213
212
212
206
204
203
202
