750
1000
700
700
700
699
698
698
698
698
698
695
695
695
693
693
692
692
689
689
688
687
687
687
687
686
686
685
685
685
684
684
684
684
682
682
681
680
677
677
677
674
673
673
673
673
672
671
670
670
670
670
669
668
667
666
665
664
664
663
660
659
659
657
656
655
654
654
652
651
650
650
649
648
648
647
647
646
644
644
643
642
642
640
639
638
638
637
635
635
633
633
632
632
632
632
631
631
631
630
630
630
629
629
629
628
627
624
624
624
622
622
621
620
619
619
618
618
616
615
615
614
613
613
612
612
612
611
611
610
608
608
606
606
605
604
603
602
602
602
601
601
601
601
601
600
600
599
598
596
596
596
596
593
593
592
591
591
590
590
589
589
588
587
587
586
586
584
584
583
583
580
579
579
578
578
577
575
574
573
573
573
573
571
571
571
569
569
566
565
565
559
559
558
558
558
558
555
553
552
551
551
550
550
548
548
547
547
547
545
545
542
541
538
538
537
537
536
535
534
534
533
531
531
531
531
530
530
530
530
530
529
529
529
528
527
527
526
523
523
522
522
522
521
520
519
519
518
518
518
517
516
516
513
512
511
510
508
507
507
507
506
505
504
503
503
503
501
501
501
498
497
496
496
495
495
495
494
493
492
490
489
489
487
486
486
484
484
483
481
480
480
479
479
478
478
478
477
476
475
475
474
474
474
471
471
471
471
470
470
465
465
464
462
461
461
461
460
460
459
459
458
457
455
453
453
452
452
450
450
450
450
449
449
448
448
447
443
442
439
438
438
438
435
434
434
433
433
432
432
431
431
431
430
429
429
428
428
424
424
424
422
421
421
421
419
419
418
418
418
417
417
416
415
414
414
414
413
412
412
411
410
410
410
410
409
409
408
408
407
407
405
405
404
404
403
403
403
403
402
402
402
401
399
398
397
395
394
394
394
393
393
390
389
387
384
384
384
382
382
382
382
380
380
380
379
375
374
374
372
372
371
370
367
365
365
365
364
363
361
361
360
360
359
358
357
356
355
355
354
354
353
353
352
351
349
349
348
347
345
344
343
343
343
342
342
342
341
341
341
339
339
336
335
335
334
333
333
333
332
331
330
329
329
329
328
328
327
326
325
323
323
322
322
322
321
321
320
320
320
320
319
319
316
316
316
316
315
315
315
314
314
313
313
313
313
312
309
309
309
305
305
304
304
303
303
302
302
300
298
298
297
297
296
296
295
295
294
293
293
291
289
289
288
288
287
287
287
283
283
283
280
278
278
276
274
274
272
272
271
271
269
267
267
267
267
266
266
266
266
264
262
261
261
261
260
259
258
257
257
257
257
256
254
253
253
251
249
249
245
245
244
243
241
241
241
239
239
237
236
236
236
235
235
235
233
232
232
231
230
230
228
227
227
224
223
223
223
222
221
218
217
215
212
212
211
211
210
209
208
207
206
205
205
205
205
204
204
203
201
200
198
198
197
196
196
196
195
191
191
191
190
190
190
190
188
186
186
183
183
182
182
181
180
179
177
177
176
174
173
173
166
165
165
164
164
163
163
163
162
161
160
159
158
158
157
152
152
152
148
148
146
146
146
145
145
144
144
144
143
142
142
141
140
139
139
139
137
136
135
135
133
133
130
130
128
128
128
128
127
127
126
125
125
124
123
121
121
121
119
118
118
118
118
117
117
115
115
114
114
113
113
111
110
108
108
108
108
107
107
105
103
