400
300
240
240
240
240
239
238
237
237
235
235
235
235
234
234
233
233
232
232
231
231
231
230
229
229
228
228
228
227
226
226
225
224
224
224
223
223
222
222
222
222
221
221
221
217
217
216
215
215
215
215
215
214
213
213
212
211
210
210
210
210
209
209
208
208
208
206
206
205
203
203
203
202
201
199
199
197
197
197
196
196
196
194
193
193
193
193
192
192
192
191
190
189
189
189
188
188
187
187
187
186
186
186
184
184
184
183
183
183
182
182
182
181
181
180
180
178
178
177
176
176
176
175
175
174
174
173
173
172
172
172
172
172
172
172
171
170
170
170
169
169
168
167
167
166
166
166
166
165
165
164
164
164
164
163
163
163
163
163
162
162
162
162
160
160
159
158
157
157
157
155
154
154
154
153
153
152
152
152
152
152
151
150
149
147
147
145
143
143
142
142
142
142
141
140
140
140
139
139
139
136
136
136
135
134
134
132
132
131
131
131
130
130
129
129
129
128
128
128
127
126
126
126
125
124
123
121
121
120
120
120
120
120
119
119
119
118
118
117
117
116
116
114
113
113
113
111
110
110
110
110
110
108
108
108
108
108
107
107
106
106
106
105
105
104
104
102
102
102
101
101
101
100
99
99
98
97
97
97
96
96
95
95
93
93
91
91
90
90
90
90
89
89
89
89
89
88
87
86
86
85
85
85
84
84
83
83
82
82
81
80
80
80
79
79
79
78
77
77
77
77
76
75
75
74
72
72
72
69
69
67
67
67
67
66
66
64
64
64
63
63
62
61
61
60
60
59
59
57
57
56
56
55
55
54
54
54
54
53
52
51
50
50
50
49
49
48
47
47
47
47
47
47
46
44
43
43
42
41
41
40
39
39
39
39
39
38
38
38
36
36
36
34
34
33
33
32
32
32
31
30
