500
400
320
320
320
320
319
319
319
318
317
317
317
317
316
316
316
315
315
314
314
313
312
311
311
309
309
309
309
306
306
305
305
304
304
303
303
303
303
300
300
300
298
297
297
296
296
296
295
295
295
294
293
293
292
292
289
289
288
287
286
284
283
283
283
282
282
280
280
280
280
278
278
278
277
275
275
275
274
273
272
271
271
268
268
268
268
267
267
265
264
264
263
263
263
262
262
260
260
259
259
258
258
257
257
257
256
254
253
252
251
251
250
250
250
250
250
249
248
248
246
246
246
246
246
245
245
243
243
242
242
242
242
242
241
240
240
239
239
239
238
237
237
237
236
234
234
234
234
234
234
233
233
233
232
232
231
231
231
231
230
230
229
229
228
228
227
226
226
226
226
226
225
225
225
225
224
222
222
222
221
221
221
221
220
220
220
219
218
218
217
216
215
215
215
214
214
214
214
213
213
212
209
208
207
207
207
207
207
206
205
205
203
202
202
201
201
200
199
198
198
197
196
196
195
193
193
192
192
191
191
190
190
190
190
189
189
188
187
186
185
185
184
183
183
182
182
182
180
179
179
179
178
177
177
176
175
175
175
174
174
174
174
173
172
172
171
171
171
170
170
169
169
168
168
167
167
167
166
166
165
165
164
162
161
161
161
160
160
160
158
158
157
157
156
155
155
154
154
154
153
153
153
153
152
152
152
152
151
151
150
149
149
147
147
147
145
145
144
142
141
140
139
139
138
138
138
138
137
136
135
134
134
132
132
131
131
131
131
131
130
130
127
127
126
126
126
125
125
124
124
124
123
123
123
123
122
122
121
120
120
119
119
119
119
118
118
118
117
116
116
116
115
114
114
113
112
111
111
110
109
109
108
108
107
107
106
106
106
106
106
105
105
105
104
103
102
102
101
101
101
99
99
98
97
97
96
96
96
95
95
94
94
94
93
93
92
91
91
89
89
89
88
87
87
85
85
85
84
84
84
83
83
83
81
81
80
80
80
77
74
74
73
71
71
70
70
69
69
68
68
68
67
67
66
66
66
65
65
65
65
64
64
64
62
62
62
61
61
60
60
58
58
57
56
56
56
55
55
55
52
52
50
50
50
50
50
48
48
47
46
46
45
45
44
43
43
42
41
41
41
41
