500
500
350
350
350
349
349
349
348
347
347
346
346
346
345
344
342
342
342
340
340
340
340
340
339
339
338
337
335
334
334
333
333
333
333
333
331
330
329
328
328
327
327
327
327
327
326
326
325
323
323
322
322
321
321
321
321
320
320
320
319
318
318
318
317
317
317
317
317
317
315
315
314
314
312
312
311
311
310
310
309
308
308
308
307
307
306
306
305
304
304
303
303
303
303
303
302
301
300
298
297
296
295
294
294
294
294
293
292
291
291
290
290
289
289
289
288
288
288
287
287
286
286
285
284
283
282
282
281
281
281
280
280
280
280
279
279
278
278
278
277
277
276
276
275
275
275
275
275
274
273
273
272
272
272
271
271
271
270
268
268
268
268
267
267
266
266
265
265
264
264
263
262
262
261
261
259
259
259
259
257
257
257
256
256
256
255
254
254
254
253
251
251
251
250
249
249
249
248
248
247
247
247
247
246
246
246
245
245
244
244
244
244
243
243
243
243
242
242
241
241
240
240
239
239
238
238
238
237
237
237
237
236
235
235
234
233
232
232
231
231
231
231
230
229
229
229
228
227
227
226
226
225
225
225
224
224
223
222
222
222
222
222
222
221
221
221
220
220
219
219
219
218
217
217
217
217
216
216
216
214
214
214
214
213
213
212
212
210
209
209
209
209
208
207
207
207
207
207
206
205
205
205
205
205
205
204
203
203
202
202
202
202
202
201
201
201
200
199
199
198
198
198
198
197
197
196
194
193
193
191
191
189
189
189
189
188
188
188
186
185
184
184
181
181
180
179
179
178
178
177
177
177
176
176
176
175
175
175
175
174
174
174
174
172
171
170
170
169
168
168
167
167
167
166
166
166
166
165
164
164
164
164
162
162
162
162
161
161
161
161
158
157
157
156
156
155
155
155
155
155
154
154
153
153
152
152
151
151
151
150
149
149
148
147
147
147
144
143
143
143
142
142
141
140
140
139
139
138
138
137
137
136
136
136
136
135
135
134
132
132
132
131
131
129
129
129
128
127
127
126
126
125
125
125
125
124
124
124
124
123
123
122
121
120
120
119
119
119
118
117
116
116
116
116
115
115
114
114
113
113
113
113
112
112
111
111
110
110
109
109
108
108
107
107
106
105
104
104
104
101
100
