400
750
525
525
524
524
523
523
521
520
519
516
515
515
513
512
511
510
510
510
508
508
507
506
506
504
503
502
497
494
492
492
489
489
489
488
488
486
481
480
479
479
478
478
478
477
474
473
473
473
470
469
469
468
468
467
466
466
465
465
465
462
462
461
460
459
459
458
457
456
455
455
454
453
452
452
452
451
451
450
450
450
449
449
448
448
448
447
447
447
446
445
444
443
443
442
442
441
441
437
437
436
435
435
434
433
433
433
433
433
432
432
431
430
428
427
427
426
426
426
426
425
424
424
423
423
421
421
420
419
418
417
417
416
416
413
413
412
412
411
410
407
407
407
406
405
405
405
404
404
403
402
401
399
396
396
395
395
394
394
393
392
391
390
390
390
389
388
387
386
386
385
385
385
384
383
382
382
382
381
380
380
380
379
379
377
376
376
376
376
374
373
371
371
371
370
370
369
369
368
367
365
365
364
364
364
363
363
363
363
362
362
360
359
358
357
357
355
355
355
354
352
351
347
346
346
345
345
345
344
344
344
342
342
336
335
332
330
326
326
325
325
322
322
321
319
318
318
315
314
314
314
313
311
309
309
309
309
308
307
306
306
304
303
301
300
299
299
297
296
296
295
295
294
294
294
294
292
290
290
289
289
289
289
289
287
284
284
284
283
283
281
281
275
275
273
271
269
269
268
268
266
263
262
262
260
259
258
258
257
254
253
250
247
246
246
246
245
244
243
242
239
238
235
235
233
229
229
228
226
225
225
225
222
221
220
220
220
220
219
219
218
217
215
215
213
212
211
210
210
209
208
208
206
205
204
203
202
201
200
200
199
199
195
195
194
192
191
189
188
186
186
186
185
185
182
180
177
177
176
175
174
174
173
171
168
167
166
165
165
164
163
161
160
159
157
157
156
153
152
151
151
