750
750
525
525
525
525
525
524
523
522
522
522
522
521
521
521
521
521
520
520
519
519
518
517
515
515
512
512
512
511
511
510
510
510
510
509
509
509
508
507
507
507
507
506
505
505
505
504
504
503
503
503
503
503
503
502
502
502
501
500
500
500
499
499
497
496
494
494
493
492
492
491
489
488
487
486
486
484
484
483
482
482
482
482
482
481
481
481
480
479
479
479
479
478
477
475
474
474
474
472
472
472
471
470
468
468
466
466
466
466
465
465
464
464
464
464
463
462
462
462
461
461
461
460
459
459
459
458
457
456
454
454
453
453
452
452
451
451
451
450
450
446
445
445
444
444
444
443
442
442
442
441
440
440
440
439
439
439
439
439
438
438
436
436
435
435
432
432
432
431
431
430
430
430
429
429
428
428
427
427
427
425
425
425
424
423
423
423
422
421
421
420
418
418
417
415
412
411
410
409
408
408
407
405
403
402
402
400
400
399
399
399
396
394
394
393
393
393
392
392
392
392
391
391
389
388
388
388
388
388
387
387
386
385
384
383
383
382
382
381
380
380
380
379
379
377
376
376
376
376
374
374
372
372
372
372
370
369
369
369
367
367
366
363
362
362
361
361
361
359
359
358
356
355
355
355
355
354
349
349
349
348
347
347
346
345
344
343
343
342
341
340
340
340
339
339
338
337
335
335
334
333
333
333
333
332
332
331
329
328
327
326
325
325
325
324
324
324
323
323
322
322
322
320
319
318
316
316
315
315
313
313
313
311
310
310
310
309
308
308
308
308
307
307
307
306
305
305
305
305
304
303
303
301
301
300
300
300
300
300
299
297
297
297
296
296
296
294
292
292
292
290
288
288
288
288
288
287
286
286
285
285
283
282
282
282
282
282
281
280
279
279
279
278
278
277
277
277
277
277
276
275
275
275
274
273
272
272
272
271
270
270
270
268
268
268
267
267
266
265
265
265
265
264
263
263
262
262
261
260
260
259
258
257
255
255
254
254
253
253
253
253
253
253
252
251
251
250
249
248
248
248
247
247
246
246
246
245
245
244
244
243
243
242
242
242
241
241
240
240
240
239
238
238
237
237
237
236
235
234
234
234
233
233
233
233
231
230
230
229
229
229
228
227
227
226
225
225
224
223
222
222
220
219
218
217
217
216
214
214
214
213
213
212
211
210
210
209
209
208
208
207
207
205
204
202
202
202
201
200
200
200
200
199
199
199
198
198
197
197
197
196
195
195
195
194
194
193
193
193
191
190
190
189
188
187
187
186
186
184
184
183
182
182
181
179
178
177
177
177
177
176
176
176
176
175
174
174
173
173
172
171
171
169
169
169
168
167
167
167
166
166
166
165
164
164
160
160
159
157
157
156
156
155
151
150
150
149
149
149
148
148
148
147
147
147
147
147
146
146
145
143
143
143
141
141
140
139
138
138
137
137
136
136
136
133
132
130
130
129
128
128
126
126
125
125
124
123
123
123
123
123
122
121
120
120
120
119
119
118
118
118
117
116
116
115
115
115
114
114
114
114
113
113
113
112
112
112
112
111
110
109
107
107
107
107
107
106
106
105
103
102
101
101
100
100
99
99
99
98
98
98
97
96
96
95
95
95
95
95
95
94
94
93
92
92
92
91
91
91
90
90
90
89
88
88
87
87
86
85
85
84
83
83
83
82
82
81
81
81
80
80
79
79
78
78
78
77
76
76
75
75
