300
400
280
280
278
276
276
275
272
272
272
271
270
270
269
269
269
269
269
268
267
266
266
266
266
266
264
263
263
263
263
262
262
262
261
261
260
260
260
259
259
258
258
258
258
257
257
256
256
256
255
255
254
252
251
251
251
251
248
247
246
244
244
244
243
243
243
243
242
240
239
237
236
235
233
233
232
230
230
229
228
227
227
227
227
227
227
227
224
224
224
221
221
221
219
218
218
218
216
216
216
215
215
213
213
213
211
210
209
209
209
208
208
207
207
207
207
206
205
204
203
203
203
202
202
200
199
199
198
198
197
196
196
195
194
194
191
191
190
188
188
187
187
187
186
185
185
184
184
184
184
183
183
182
181
180
180
179
178
178
177
176
173
173
173
172
172
170
168
168
168
168
167
167
167
167
164
164
164
162
161
160
159
159
158
158
157
157
157
155
155
153
153
153
153
152
152
150
148
148
147
147
146
143
143
141
140
140
138
138
136
136
135
134
133
133
132
132
131
130
130
126
126
125
124
124
123
121
121
121
121
120
119
119
119
117
117
116
115
115
115
114
114
113
113
112
112
111
110
109
107
106
106
106
105
105
105
104
104
103
103
102
102
102
101
100
100
99
99
99
97
96
96
96
96
95
95
94
94
94
94
94
93
93
93
92
92
91
91
90
89
89
87
86
86
83
82
82
81
80
80
80
