500
750
600
599
597
595
595
594
592
591
591
591
590
590
590
589
589
588
585
583
581
581
577
577
575
574
573
572
572
571
571
570
569
569
567
566
565
562
561
561
559
559
558
558
558
557
556
556
555
555
554
554
553
553
553
553
552
552
552
552
548
547
547
547
547
546
545
543
542
542
540
539
538
538
537
535
535
533
532
532
531
531
531
531
530
530
529
529
528
528
527
526
526
525
524
523
522
521
517
515
514
512
511
511
509
508
507
506
503
501
499
498
497
496
491
491
491
486
486
485
484
482
479
478
476
476
475
475
474
471
470
467
466
465
465
464
463
463
462
462
460
459
459
459
459
458
457
456
456
456
456
455
454
453
452
452
450
450
447
447
445
445
443
440
439
438
438
434
432
432
432
430
430
429
428
427
426
426
425
424
421
420
420
417
415
414
413
409
409
409
409
409
408
406
406
403
401
400
400
400
399
398
397
396
395
393
393
391
390
388
387
386
383
383
383
383
382
382
380
379
378
376
376
375
373
373
373
371
371
370
369
368
368
368
368
367
367
367
366
366
366
364
364
363
363
361
358
357
356
355
354
353
353
353
351
351
350
349
347
344
342
339
336
335
333
333
332
332
330
330
326
324
323
323
323
323
322
322
321
321
320
317
317
317
317
315
314
312
311
311
310
310
308
303
302
302
300
298
297
296
295
295
294
291
289
289
288
286
286
286
285
285
285
284
284
284
283
279
277
270
269
269
267
266
265
265
261
261
261
260
260
260
260
259
258
254
252
250
248
248
247
246
245
244
244
243
243
242
242
241
241
240
239
239
239
235
234
233
233
230
229
229
227
227
227
227
225
225
225
223
222
220
219
219
218
213
213
213
210
210
209
208
207
206
205
205
205
204
203
201
197
197
196
195
195
194
193
192
191
191
190
190
189
187
187
187
186
184
181
181
175
174
174
173
173
172
172
170
170
168
168
166
166
166
163
163
161
161
161
160
159
158
157
154
154
153
151
151
151
150
148
148
147
143
142
140
136
135
133
133
132
131
129
128
127
121
121
120
118
117
117
116
115
115
114
112
111
110
109
108
107
107
107
106
106
106
104
103
99
99
98
98
97
96
95
95
94
91
89
89
88
86
86
83
82
81
77
77
77
77
75
75
