400
500
349
349
349
348
347
347
347
346
346
346
344
343
343
343
342
342
340
339
339
338
337
337
337
337
336
336
336
335
334
333
333
333
331
330
329
329
327
327
324
324
324
323
323
322
322
322
322
322
322
322
320
320
317
317
317
315
315
313
311
311
311
310
310
309
308
308
308
307
307
307
307
306
305
304
304
302
302
302
300
300
298
296
294
294
294
293
293
292
292
292
292
291
290
290
290
289
289
289
289
288
286
285
283
283
282
282
282
282
282
281
281
279
279
278
277
276
275
274
274
273
273
273
271
270
270
269
267
266
263
262
261
261
261
260
260
259
259
258
257
255
255
254
254
254
254
254
253
252
252
251
251
251
251
249
249
248
248
248
248
246
245
245
245
244
243
243
242
240
240
240
240
239
239
239
238
238
238
235
235
234
234
233
233
233
233
232
232
231
230
230
230
230
230
228
228
227
227
226
223
222
222
221
221
221
221
219
218
217
215
214
214
213
213
212
211
211
210
209
209
209
209
209
208
207
206
206
206
205
205
204
204
202
202
202
201
201
200
199
198
197
197
197
196
195
195
195
195
195
194
194
193
193
192
192
191
190
189
189
189
189
188
188
187
186
186
185
185
184
184
183
182
181
179
178
178
178
177
175
174
173
172
171
171
170
169
169
168
166
165
164
163
163
163
162
161
161
160
160
160
159
157
156
156
156
155
155
153
153
153
153
152
152
152
151
151
150
150
148
147
147
146
146
145
144
144
144
144
143
143
143
142
142
141
139
136
136
135
134
134
133
133
133
133
132
132
131
131
131
130
128
127
126
126
126
125
125
125
124
123
123
121
119
119
119
119
119
119
119
117
117
117
117
117
117
115
115
114
114
113
113
113
112
111
111
110
110
110
109
108
108
106
106
105
105
105
104
103
102
100
100
