200
120
96
96
96
95
95
94
94
94
92
92
92
92
91
91
91
90
90
90
90
90
90
89
89
89
89
88
88
88
87
87
87
87
87
87
87
86
86
86
85
85
85
84
84
84
84
83
83
82
82
82
81
81
81
80
79
79
79
79
78
76
76
76
75
75
75
75
74
74
74
72
72
71
71
69
69
68
68
67
67
66
65
65
65
64
63
62
62
62
61
61
60
60
59
59
58
58
57
57
57
57
57
56
56
56
55
55
55
55
55
55
54
54
54
53
53
52
52
51
50
50
49
49
49
48
47
47
47
47
46
46
46
46
46
43
43
43
43
42
41
41
41
41
40
39
39
39
39
39
38
37
37
37
37
37
37
37
36
36
36
36
35
35
35
34
34
33
32
32
32
32
31
31
31
30
30
30
30
30
30
30
29
29
29
29
29
29
28
28
27
27
27
26
25
25
25
25
25
24
24
24
