200
750
589
586
586
583
582
581
580
579
577
574
571
571
569
566
563
560
560
559
557
556
555
555
551
549
539
538
538
535
533
533
531
531
530
528
527
521
519
518
517
517
515
515
512
512
511
509
493
492
491
488
486
484
483
482
481
479
475
472
471
471
470
468
462
462
450
450
450
449
446
445
444
443
441
440
439
438
435
434
433
430
428
427
424
424
418
417
416
408
407
403
403
400
392
391
391
391
391
390
388
388
386
381
380
379
378
374
371
365
365
363
359
358
355
355
354
352
348
345
344
343
343
339
339
339
336
335
332
330
330
329
328
328
324
323
322
322
320
320
318
316
315
313
310
309
307
304
304
303
302
302
286
276
270
270
269
266
262
260
257
255
252
250
247
240
235
234
233
221
220
218
217
217
215
213
213
212
211
210
206
196
196
195
194
192
192
188
183
183
180
179
175
174
174
172
170
168
167
167
162
158
