750
750
600
600
599
598
597
595
595
595
593
593
592
592
590
589
588
588
587
587
586
586
586
585
585
583
583
583
582
581
581
581
579
578
577
577
576
576
575
575
574
573
572
572
572
571
571
570
570
569
569
568
567
566
566
566
564
563
563
562
562
561
560
559
559
559
559
558
556
555
555
555
554
554
554
552
551
551
550
550
549
548
548
546
545
544
543
542
540
539
538
538
538
537
536
536
536
536
536
535
535
534
534
534
532
532
532
532
531
531
530
528
528
528
525
525
524
524
523
522
522
520
520
518
518
517
516
516
516
516
515
515
515
514
514
514
513
513
513
512
511
511
510
509
509
509
509
508
508
508
507
507
506
506
505
505
504
504
503
502
500
500
500
499
499
499
499
497
495
495
495
495
495
494
494
494
493
493
493
493
492
491
491
491
491
491
491
491
490
488
488
487
486
485
484
484
483
482
482
481
481
480
480
480
480
480
479
479
478
478
478
477
476
475
475
474
473
472
469
468
464
463
463
463
463
462
461
461
461
460
459
459
457
456
456
456
455
455
454
454
453
451
450
449
449
448
447
447
446
446
446
445
444
443
443
442
442
442
442
441
439
438
437
437
436
435
434
434
434
434
433
433
432
432
431
430
430
430
430
430
429
429
427
426
426
425
425
425
424
424
424
423
423
423
422
422
422
421
420
418
418
417
415
414
413
413
412
411
411
411
411
410
410
409
409
408
407
407
406
406
405
405
405
404
402
402
401
401
401
400
399
398
398
397
397
397
396
396
395
395
394
394
392
391
389
389
389
388
388
387
386
386
386
385
385
385
384
383
382
381
381
379
379
378
378
378
378
377
376
376
375
375
374
373
373
372
372
372
372
371
370
370
370
369
369
368
368
368
367
367
366
366
366
365
365
365
364
364
364
363
363
362
362
362
361
360
359
359
358
358
358
356
354
353
353
352
352
351
350
348
346
345
345
344
343
343
342
342
341
341
341
340
339
339
338
338
337
336
335
335
335
334
334
334
334
333
332
331
330
329
329
328
328
328
327
327
326
326
325
325
324
324
324
323
323
320
320
319
319
318
318
317
317
317
317
316
316
316
316
315
315
314
314
312
312
310
309
308
308
306
305
305
305
305
304
303
302
301
300
300
300
299
299
299
298
298
296
296
295
294
293
293
293
292
291
290
289
289
289
289
287
286
286
285
285
283
282
281
281
281
281
281
280
280
279
279
279
278
277
277
276
275
274
273
273
273
271
270
270
269
268
268
267
266
265
264
264
264
263
261
261
260
260
259
259
258
258
257
257
256
256
256
255
254
254
254
253
253
253
252
252
251
250
250
249
248
248
248
247
246
246
246
245
245
245
244
243
243
242
242
241
239
238
237
236
236
234
233
232
232
232
232
231
230
230
229
229
229
229
228
227
227
226
225
225
224
224
223
223
223
222
220
219
219
219
218
218
218
218
217
217
216
216
216
215
215
215
211
211
211
209
209
208
208
207
207
206
206
206
206
205
205
205
204
203
202
201
200
199
199
199
198
198
197
196
196
196
196
196
196
195
195
195
193
192
192
192
191
191
190
190
190
190
189
188
188
186
185
184
184
183
183
182
181
181
180
179
179
179
177
177
176
175
174
174
171
170
170
169
167
167
167
167
166
165
164
163
163
163
163
162
162
162
161
161
160
160
160
160
159
159
159
158
157
157
155
155
154
153
152
152
151
