400
300
210
210
210
210
210
210
209
209
209
208
208
208
208
206
206
206
206
206
206
206
205
204
204
203
203
203
202
202
202
201
201
201
201
200
200
200
200
199
199
199
199
198
198
197
197
197
197
197
196
196
195
195
195
194
194
193
193
193
191
191
190
190
190
189
189
189
189
189
189
188
188
187
187
186
186
186
185
185
185
185
185
184
184
183
183
183
182
182
182
182
181
181
180
180
180
180
180
180
179
179
179
179
179
178
178
177
177
176
176
175
175
175
173
173
172
172
172
172
172
171
171
170
169
169
169
169
168
167
167
167
166
166
165
165
165
165
164
164
164
164
163
163
163
163
162
162
162
160
160
159
158
158
158
157
157
157
156
156
156
155
155
155
154
154
154
153
152
152
152
152
151
151
151
150
150
149
149
149
149
148
148
147
147
146
146
146
145
145
145
144
143
143
142
141
141
141
140
140
139
139
139
139
139
138
138
137
137
137
136
135
135
132
132
132
131
131
131
130
130
130
130
129
129
129
129
127
127
127
126
126
126
126
124
124
124
124
124
124
124
123
122
122
122
120
120
120
119
118
118
118
118
118
117
117
116
116
115
115
115
114
114
113
113
113
112
112
112
112
111
111
110
110
110
109
109
109
109
109
108
108
108
108
108
107
107
107
107
107
106
105
105
104
104
103
103
103
103
102
101
101
100
99
99
99
98
98
97
97
96
96
96
96
94
93
93
93
93
93
93
93
92
92
91
91
91
91
91
90
90
90
90
89
89
89
89
88
88
88
88
87
87
87
87
86
86
86
86
86
86
85
84
83
82
82
82
81
80
79
78
78
77
76
76
75
74
74
74
73
73
73
72
72
72
71
71
70
70
69
67
67
67
67
66
66
66
65
65
65
65
64
64
64
64
64
63
62
62
61
61
60
