400
750
524
523
523
522
522
519
518
518
516
515
514
514
512
512
511
510
509
508
507
507
506
505
504
504
500
500
498
498
497
497
496
496
494
493
492
491
490
490
489
489
489
488
487
487
486
486
486
485
484
483
482
481
480
479
479
479
477
476
476
475
473
473
472
472
471
471
470
469
468
468
466
465
463
462
460
459
457
455
455
455
454
454
453
452
451
450
449
446
446
445
445
444
444
444
443
443
442
441
440
440
440
438
438
437
437
437
436
436
436
435
435
434
434
433
433
433
432
430
429
428
427
427
424
422
422
422
420
419
418
417
417
416
416
416
415
415
415
414
413
413
412
410
409
409
409
404
403
400
400
399
398
397
397
394
391
391
391
391
390
389
388
387
387
387
387
386
385
385
384
382
382
380
378
377
372
371
371
371
371
370
369
369
368
368
368
368
367
367
367
366
365
365
365
365
363
360
360
358
358
358
354
354
352
352
350
349
348
347
346
345
343
338
336
336
336
335
334
331
330
329
326
323
323
322
321
318
316
316
315
313
310
309
309
309
306
306
304
304
303
300
300
297
296
295
295
293
290
286
286
286
285
284
284
283
281
281
281
281
280
278
277
276
275
274
274
273
273
272
272
272
271
271
271
268
266
266
266
266
265
264
262
262
261
260
260
260
259
256
256
255
255
254
252
251
250
246
245
245
244
243
241
240
239
238
237
236
235
234
234
233
232
232
231
231
230
230
228
228
228
225
224
223
223
220
217
217
217
217
215
214
213
212
212
212
208
207
206
206
205
204
203
202
202
200
200
200
199
199
198
198
197
197
196
196
196
196
196
195
195
194
191
187
186
184
182
182
181
177
177
177
176
175
173
170
169
168
167
167
167
166
165
162
161
160
160
159
159
159
158
158
157
157
156
155
154
153
153
153
152
152
