750
750
599
598
597
595
595
592
591
590
589
588
587
587
586
586
586
585
585
584
584
584
583
583
582
581
580
580
579
579
579
578
577
577
572
572
572
571
569
567
567
566
566
564
563
563
562
562
560
560
559
559
559
559
556
556
556
556
555
555
555
553
553
553
552
551
550
550
550
549
547
547
546
546
546
546
546
544
544
543
542
542
542
542
541
541
541
540
539
539
538
538
538
538
537
537
536
535
534
534
533
532
532
529
529
529
529
527
527
527
523
523
523
523
523
523
523
522
521
521
519
519
519
518
518
517
517
516
516
516
515
513
513
513
512
511
511
510
510
509
508
507
506
505
504
504
503
503
502
501
501
501
500
500
500
499
498
497
496
495
495
494
494
492
492
492
490
489
489
489
489
486
485
484
482
482
480
478
478
477
476
475
475
475
474
474
474
474
471
470
469
469
468
467
466
466
465
464
463
460
460
459
459
459
458
458
458
455
455
454
454
454
453
452
451
449
449
449
449
449
448
448
447
447
446
446
445
444
443
443
442
442
442
442
440
440
440
439
438
437
436
435
431
430
429
429
428
428
427
427
427
427
426
425
425
425
424
424
424
424
423
421
420
420
420
420
420
419
418
418
417
417
416
416
416
416
414
412
411
411
410
409
408
407
407
407
407
406
406
406
405
405
404
403
402
402
402
401
401
401
401
401
400
400
400
400
399
399
399
398
398
398
397
397
397
396
395
395
394
394
394
393
392
391
390
389
388
388
387
387
387
387
386
383
383
382
382
381
381
380
380
380
380
379
379
377
377
375
375
374
373
373
372
371
370
370
367
367
367
364
363
363
362
362
362
359
359
359
358
358
358
358
357
357
354
353
351
351
350
350
350
349
348
348
348
347
347
346
345
345
344
341
339
337
337
336
335
333
332
332
331
330
329
328
328
328
327
326
326
326
325
323
322
322
322
320
319
319
318
318
318
317
316
315
313
313
312
312
311
309
308
308
306
304
303
303
302
302
301
300
300
300
299
299
298
298
296
295
293
293
292
291
291
290
289
289
289
288
288
286
286
286
285
285
285
284
284
284
282
282
282
278
278
278
278
277
276
276
276
276
276
275
274
272
271
271
269
269
268
268
266
265
265
264
264
264
264
262
262
262
261
261
260
258
257
256
254
253
252
252
252
251
251
249
249
249
249
248
248
248
247
247
246
246
246
246
245
244
244
244
243
243
243
243
242
242
241
240
239
238
237
237
235
235
234
233
232
231
230
229
228
227
227
227
226
225
224
223
222
222
221
221
221
221
221
220
219
216
212
209
209
208
206
205
204
204
199
199
197
197
197
197
196
196
196
195
194
193
192
191
190
190
189
189
189
189
189
188
188
188
187
185
184
184
184
183
183
182
182
180
179
178
178
177
177
176
176
176
175
175
173
172
171
171
170
170
169
169
169
169
168
168
168
167
167
166
166
165
164
163
163
163
162
162
162
160
160
159
159
159
158
156
156
154
153
153
151
150
150
149
149
149
148
147
145
143
142
140
139
139
138
137
137
137
136
136
136
135
134
133
132
131
130
128
128
127
127
126
124
123
122
122
121
121
121
120
119
119
118
116
116
116
115
115
115
114
114
113
113
111
111
110
108
108
107
106
103
102
101
101
100
100
99
99
98
98
97
97
96
96
95
95
95
94
93
93
92
91
87
82
82
81
81
81
79
79
78
76
76
76
76
75
