200
200
159
159
159
158
158
157
156
155
155
155
154
153
153
152
152
152
150
150
148
148
146
146
146
145
145
144
144
143
143
141
141
141
140
139
138
136
134
133
133
132
132
132
131
130
129
129
128
127
126
126
126
126
125
125
124
123
122
122
121
119
119
118
118
115
114
114
114
113
112
112
110
110
108
108
108
107
107
106
106
106
106
105
105
105
103
103
102
100
100
100
99
99
98
97
97
95
94
92
92
91
91
91
90
90
89
87
86
85
84
84
84
83
83
82
82
82
82
80
80
79
78
77
76
76
76
75
75
74
74
74
74
73
73
72
71
71
71
70
69
69
68
68
67
67
66
66
66
66
66
65
64
63
63
62
61
61
61
60
60
60
59
59
58
58
58
58
56
56
55
55
55
54
54
54
54
53
52
51
50
50
50
50
48
48
48
47
47
47
46
44
43
43
43
41
40
40
40
40
40
40
