200
200
139
138
137
137
136
136
135
135
135
135
133
132
131
131
130
130
130
130
129
129
129
129
129
128
128
128
127
126
126
126
125
125
125
124
123
123
123
123
123
122
122
122
122
121
121
121
120
120
120
119
119
119
118
117
117
116
116
116
116
115
114
114
114
113
112
112
111
111
111
111
110
110
110
110
109
109
109
108
108
107
107
106
104
104
103
103
101
101
100
100
100
100
99
97
96
96
95
94
94
93
93
93
93
92
92
92
91
90
88
87
87
86
86
86
85
85
84
83
82
81
81
79
78
78
78
78
77
77
76
75
75
75
73
73
71
71
70
70
69
69
69
69
68
68
67
67
67
66
66
64
61
61
60
60
60
59
59
59
59
58
56
56
56
55
55
55
55
54
54
54
54
54
53
53
53
53
52
52
51
51
50
50
49
49
47
47
46
46
46
44
44
43
42
42
42
41
41
41
40
40
