400
750
525
524
521
519
519
518
518
515
513
513
512
512
507
506
505
502
500
499
497
496
496
494
494
494
491
488
488
487
487
486
485
484
479
478
478
475
474
473
472
471
468
465
461
460
460
459
457
456
454
454
453
451
450
450
450
449
446
444
444
443
442
442
439
438
437
436
435
435
434
433
433
432
431
430
430
430
430
430
428
427
426
426
426
426
426
422
421
420
419
415
415
412
412
411
411
411
409
408
408
408
408
407
406
405
404
404
403
401
399
398
396
394
393
391
391
390
390
389
389
389
387
387
386
385
385
385
383
383
383
382
381
381
378
378
377
377
375
375
374
374
373
372
372
372
370
369
369
367
367
366
365
365
364
359
359
359
354
353
351
349
349
345
345
344
343
339
339
337
336
334
334
334
334
333
330
330
329
329
329
327
325
325
324
324
323
322
318
317
317
316
316
315
314
311
311
310
310
310
309
306
305
305
305
305
304
301
299
296
296
295
295
295
293
291
289
288
287
287
282
281
276
276
276
274
273
272
272
270
269
269
266
266
264
264
262
262
258
257
257
255
252
251
249
246
243
242
241
239
238
237
237
235
234
234
234
231
231
231
230
230
230
229
228
228
228
226
225
222
221
220
218
218
218
217
212
212
209
207
202
201
200
198
197
195
194
193
191
191
191
188
187
186
185
184
184
182
181
181
180
178
177
177
176
175
175
175
173
172
172
171
171
170
170
169
169
169
169
169
168
168
167
167
167
166
166
163
163
162
162
159
156
156
156
155
154
153
153
150
149
149
143
141
141
141
140
138
137
135
134
133
132
131
131
131
131
130
129
129
125
125
124
123
121
120
120
120
118
118
117
116
111
111
108
106
105
104
101
97
96
94
92
92
90
90
89
89
87
87
85
84
83
82
82
81
80
78
77
77
76
76
