200
150
105
104
103
103
103
103
103
102
102
102
102
102
101
101
101
100
100
100
100
100
99
98
98
98
96
96
96
96
95
95
95
95
92
92
92
92
90
90
88
88
87
87
87
86
85
85
85
84
84
83
83
82
82
81
80
80
79
79
78
78
78
78
77
76
75
75
75
74
74
74
73
73
72
72
72
70
70
70
69
69
69
69
68
68
68
67
67
67
67
67
66
66
65
65
64
64
64
64
63
62
61
60
59
59
57
57
57
56
55
55
54
53
53
53
52
52
51
50
50
49
49
49
48
46
46
45
45
45
44
43
43
43
42
42
42
42
41
41
40
40
40
39
38
38
37
36
35
35
35
34
34
34
34
33
33
33
33
32
32
31
30
30
30
29
29
27
27
27
26
26
25
25
25
25
25
24
24
24
23
23
22
21
21
21
21
21
20
20
19
19
19
19
18
18
17
17
17
16
15
15
