750
750
600
600
599
599
599
599
598
598
597
597
597
597
596
596
595
595
593
593
593
593
593
592
591
591
591
590
590
590
589
589
588
588
588
588
587
587
587
587
587
587
586
586
584
584
584
583
582
581
581
580
579
579
579
579
577
576
576
575
575
575
574
574
572
571
570
570
569
569
568
568
566
566
566
564
564
564
563
561
561
559
559
558
556
556
556
555
553
553
552
551
550
549
549
549
549
549
548
548
547
545
545
545
545
544
544
544
543
543
543
542
542
542
538
538
537
536
535
534
534
533
532
531
531
530
530
530
530
529
529
526
524
522
521
521
521
519
516
516
515
514
514
513
513
512
511
511
510
508
508
507
507
506
506
506
505
505
505
503
503
501
501
501
500
500
499
498
498
497
497
497
496
496
495
495
495
493
493
491
491
491
490
489
488
488
486
486
486
486
485
485
485
484
484
483
483
481
481
480
480
480
479
478
478
478
476
476
476
475
475
475
474
472
472
471
470
469
468
468
468
468
467
467
465
465
465
464
464
464
463
461
461
461
461
461
461
460
460
459
459
459
459
459
459
458
458
458
457
456
456
455
455
455
454
454
454
453
453
452
451
451
451
450
450
449
449
448
448
447
447
447
446
445
445
445
445
444
444
444
444
443
443
442
442
441
440
439
439
438
438
437
436
436
435
434
434
434
433
433
432
431
431
429
429
428
428
428
427
427
426
426
426
425
422
422
421
419
419
418
416
414
414
414
413
412
412
412
411
410
409
409
408
408
408
408
408
407
407
407
406
406
405
405
403
403
402
402
400
400
400
398
397
397
397
396
396
394
394
393
392
392
391
391
390
390
389
388
388
387
387
386
386
386
385
383
383
382
381
381
379
378
375
374
373
371
370
370
370
370
369
369
367
366
364
363
363
362
362
362
359
358
356
356
355
355
354
353
352
351
351
351
350
349
347
347
346
344
344
343
343
343
342
342
342
342
342
341
340
339
339
339
338
338
337
337
337
337
337
336
336
335
334
334
332
329
329
328
327
325
325
325
325
324
324
321
321
321
321
321
320
320
319
319
319
319
318
318
317
315
315
315
315
314
314
312
312
311
310
310
310
309
309
309
308
308
307
307
307
306
306
305
305
305
303
303
303
303
302
302
301
301
301
300
300
300
300
299
298
298
298
297
295
294
293
293
292
291
290
290
289
289
288
288
288
287
287
287
287
285
284
284
283
283
283
281
281
281
279
277
277
274
274
273
272
271
271
271
271
269
268
268
268
267
266
266
265
265
265
264
264
263
263
263
263
263
261
260
260
258
258
258
257
257
256
256
255
255
255
254
252
252
251
250
250
250
248
248
248
247
247
245
245
245
244
243
243
242
241
241
239
239
239
239
239
237
237
236
236
236
235
234
233
233
233
232
232
232
232
230
230
229
229
229
229
229
228
228
228
226
226
225
224
224
224
223
222
221
221
220
220
219
218
218
218
217
217
216
216
216
216
216
215
214
214
211
210
208
208
206
206
205
204
204
203
203
203
202
202
201
201
201
200
200
200
197
197
196
195
194
193
193
193
192
191
190
188
188
187
187
187
186
186
185
185
184
184
184
183
182
181
181
179
178
178
177
176
176
175
175
175
174
174
174
174
173
173
173
172
171
171
170
169
168
168
168
167
167
167
166
164
163
162
162
161
160
159
159
156
156
156
156
155
154
154
153
153
153
152
151
151
151
