1000
750
525
525
525
524
524
523
523
523
522
522
522
522
521
521
518
518
518
518
517
517
517
517
516
516
516
515
515
515
514
513
513
513
512
510
510
510
510
509
509
507
507
506
506
506
506
505
504
504
503
503
502
501
501
500
498
498
497
497
497
496
496
496
496
495
494
494
494
493
491
491
491
491
491
490
490
490
490
489
487
486
486
485
485
485
483
483
482
482
482
482
482
482
481
481
481
479
479
479
479
478
478
478
478
478
478
477
477
477
477
476
476
475
473
472
471
471
470
469
469
469
468
468
468
467
467
467
467
467
466
466
465
465
464
464
464
464
463
463
462
462
462
461
461
461
460
459
459
459
458
458
458
458
455
454
454
454
454
453
453
453
453
453
452
452
451
451
451
450
450
448
448
448
448
448
447
447
446
446
445
445
445
444
443
443
442
441
441
441
440
440
440
438
437
436
436
436
435
434
434
433
432
432
432
431
431
431
430
430
430
430
430
430
430
430
429
429
428
428
428
427
427
426
426
426
426
426
426
425
425
424
424
423
422
421
421
421
420
420
420
419
419
419
418
418
417
416
416
416
416
416
416
415
414
414
412
412
411
411
411
411
411
410
409
409
408
408
407
407
406
406
406
406
406
406
405
404
404
403
402
402
401
401
400
399
399
397
397
396
396
396
396
395
395
394
394
394
394
394
394
392
391
391
391
388
388
388
387
387
386
385
385
383
383
382
382
380
379
377
377
376
375
374
374
374
374
374
374
373
372
371
371
371
370
370
370
366
366
365
365
365
365
365
365
364
363
363
362
362
362
362
361
360
360
360
359
358
357
357
357
357
357
357
357
356
355
355
354
354
354
354
352
352
351
351
351
350
350
350
350
348
348
348
347
346
346
346
346
346
345
345
345
345
345
344
344
344
343
343
343
343
343
342
341
341
341
341
341
340
339
339
339
337
337
336
336
335
334
334
333
333
333
333
329
329
329
328
328
327
326
325
325
325
324
324
324
324
323
323
323
321
321
321
321
320
320
320
319
319
319
318
318
318
318
317
317
317
317
316
316
316
315
314
314
314
314
313
313
313
311
311
311
311
310
310
310
308
308
308
308
307
307
307
307
307
306
306
305
304
304
303
302
302
302
302
302
301
301
301
300
300
300
300
300
300
296
296
294
294
294
294
294
293
293
292
292
291
291
291
290
289
287
286
286
285
285
285
285
284
284
284
282
282
281
280
280
280
279
278
277
277
276
276
276
275
275
273
273
273
272
272
272
271
271
271
270
269
269
269
269
269
268
268
268
268
268
267
267
266
266
266
266
266
265
264
264
264
264
263
263
263
262
261
261
261
261
261
260
260
256
256
256
256
256
255
255
255
254
254
253
253
252
252
251
251
251
249
249
249
248
248
247
247
247
246
246
246
245
245
245
245
245
245
245
244
244
243
243
242
241
241
240
240
239
239
239
239
238
238
238
238
238
238
237
237
237
237
236
234
234
234
233
232
232
232
232
231
231
229
229
229
229
228
228
227
227
226
226
226
225
225
225
225
224
224
223
223
222
221
221
221
221
221
221
220
220
220
218
217
217
217
217
217
215
214
214
214
213
213
212
211
211
210
209
209
208
208
207
207
207
207
205
205
205
204
204
204
203
203
203
202
202
201
201
201
200
200
200
199
198
197
197
196
196
195
194
194
194
194
193
192
192
192
192
192
190
190
190
189
189
189
189
189
188
188
187
187
187
185
185
184
184
184
184
182
181
180
179
179
178
178
176
176
176
176
176
175
174
174
174
174
173
173
172
171
171
170
170
169
169
169
169
168
167
167
167
165
164
164
164
164
163
162
162
162
162
162
162
161
161
161
160
160
160
160
159
159
159
159
158
158
157
157
157
157
156
155
154
153
153
152
152
152
151
151
150
150
149
149
149
148
148
148
147
147
147
147
147
146
146
144
144
143
143
141
141
140
140
140
140
139
138
138
137
136
136
135
135
133
133
133
130
130
128
128
126
125
125
125
125
124
123
123
122
122
122
122
121
121
121
120
120
120
120
120
119
118
118
117
117
116
116
115
115
115
115
114
114
114
113
113
111
111
111
111
110
110
110
108
108
107
106
106
106
105
105
104
104
104
103
103
103
103
102
102
102
102
102
102
102
101
100
100
100
100
99
99
99
98
98
97
97
97
97
97
97
97
96
96
96
96
95
93
93
93
92
90
90
90
90
90
89
88
88
88
87
87
87
87
86
84
84
83
83
82
81
81
80
80
79
79
79
79
79
78
78
77
77
76
75
75
