1000
1000
700
699
699
698
696
696
696
695
695
695
694
693
693
693
692
692
691
691
691
691
691
691
690
690
688
688
688
688
687
687
687
687
686
686
686
686
685
685
685
685
685
685
684
684
684
684
681
681
680
680
680
679
678
677
677
676
676
674
674
674
673
673
673
672
672
671
670
670
670
669
669
669
668
668
668
668
668
667
667
667
665
665
665
665
665
665
664
663
661
660
660
660
658
658
658
658
658
657
657
657
657
656
655
655
655
654
654
654
653
652
652
652
652
651
651
650
650
650
650
649
649
649
649
648
648
648
648
647
647
647
647
646
646
646
645
644
643
643
642
642
642
641
640
640
639
639
638
637
634
634
633
633
632
630
629
628
627
627
627
627
627
627
625
624
623
623
622
621
619
619
618
618
618
618
617
617
617
616
616
616
616
616
615
614
614
613
613
612
612
611
610
610
609
608
608
608
608
607
607
607
607
606
605
603
601
601
600
600
600
600
600
600
600
599
599
599
598
598
597
597
597
597
596
595
594
593
591
591
590
589
589
589
586
586
586
584
583
582
581
581
581
580
579
578
578
578
577
577
575
575
575
575
574
574
574
574
573
572
572
572
571
571
571
571
570
570
569
568
568
566
566
565
565
564
564
564
563
563
562
561
560
560
560
560
558
557
557
556
555
555
555
555
555
554
554
554
554
553
552
551
550
549
548
548
548
547
547
547
547
547
546
546
546
545
545
544
544
544
544
543
542
542
542
541
539
539
538
538
537
537
536
536
536
536
535
534
533
533
532
532
531
531
530
530
530
530
530
529
528
528
527
525
523
523
523
523
522
521
520
520
519
519
518
518
518
517
517
516
514
512
511
511
511
510
510
510
509
509
508
508
507
507
506
506
505
504
504
504
504
503
500
500
499
497
496
495
495
494
493
493
493
492
492
492
492
491
490
490
489
488
487
487
487
486
486
486
485
484
484
484
484
483
483
483
482
481
481
479
478
478
478
478
477
476
476
476
475
474
474
473
473
471
471
471
469
468
467
466
466
464
463
463
463
463
462
462
462
461
461
461
460
460
460
459
459
458
458
457
455
455
455
454
454
453
453
453
453
453
450
450
450
450
449
448
448
447
445
445
444
443
442
442
442
442
441
441
440
439
439
439
439
438
438
437
437
437
437
435
434
434
434
433
433
433
433
433
431
431
429
428
428
428
427
427
425
425
425
425
425
424
424
423
422
422
422
421
421
421
421
420
419
419
418
417
416
416
415
414
414
413
413
412
412
412
411
410
409
409
409
409
409
409
409
408
407
405
404
404
404
403
403
403
402
402
401
401
401
400
399
399
399
399
399
398
398
398
397
397
396
396
396
396
394
394
394
392
391
391
390
388
386
385
385
383
383
383
383
382
381
381
381
381
379
378
377
377
376
376
374
374
373
372
372
372
372
371
370
369
369
369
369
368
368
367
366
366
366
366
365
365
364
363
363
363
363
362
361
361
360
360
360
360
360
358
357
356
356
355
355
355
355
354
353
353
353
353
352
352
352
351
351
350
348
348
348
347
347
347
347
346
346
346
345
343
343
342
341
341
340
340
339
339
338
338
338
338
337
336
336
335
334
334
334
334
333
333
333
331
331
331
331
330
329
329
328
328
328
328
327
327
327
327
326
326
326
325
325
324
323
323
322
322
321
321
321
320
320
320
319
319
319
318
317
315
314
314
314
314
314
313
313
313
312
312
312
311
311
311
311
310
310
309
308
307
307
306
306
306
305
305
305
303
303
302
302
302
302
301
301
300
300
300
300
298
298
297
297
296
295
295
294
291
291
291
290
290
290
289
289
289
288
287
286
286
285
285
283
283
283
281
281
281
280
280
280
280
278
278
278
277
277
276
275
274
274
272
272
272
271
271
271
270
269
268
267
267
267
267
266
266
266
266
266
265
265
265
264
263
263
262
262
262
261
261
261
261
261
260
260
259
259
258
258
257
257
256
256
256
256
256
255
255
254
254
254
253
253
253
253
252
252
251
251
250
250
250
250
250
249
247
247
247
246
245
244
242
242
241
241
241
241
240
240
240
240
239
239
238
237
237
235
234
234
234
234
233
232
232
231
231
231
230
230
230
230
229
229
228
228
227
227
226
226
226
226
226
225
225
225
225
224
224
223
223
223
223
222
222
222
221
221
221
219
219
219
218
218
217
217
217
217
216
215
215
215
214
214
213
213
213
212
212
212
211
211
210
209
209
209
209
208
207
206
206
206
206
205
204
204
203
203
203
201
201
201
201
200
200
200
200
