500
300
240
239
239
238
238
238
238
237
237
237
236
236
235
235
235
234
234
234
234
233
232
232
231
231
231
230
230
230
230
226
226
225
225
224
223
223
222
222
222
221
221
220
220
220
219
219
218
218
217
216
216
216
215
215
215
214
214
214
214
213
213
213
213
213
212
211
210
210
209
208
208
208
208
207
207
205
204
204
203
203
203
203
202
202
201
201
200
200
199
198
198
198
198
198
197
197
197
197
196
196
195
195
195
193
193
193
192
191
190
190
189
189
189
188
188
188
188
187
187
187
187
187
186
186
186
186
186
185
185
185
185
185
185
184
183
183
183
183
183
183
183
183
182
182
181
181
181
180
180
180
179
179
178
178
176
176
175
175
174
174
174
174
173
172
172
171
171
170
170
169
169
169
169
169
168
168
168
167
167
166
165
165
165
165
164
163
162
162
162
162
162
160
160
159
158
158
158
157
157
156
156
156
155
154
154
153
153
153
152
151
151
150
149
148
148
148
148
146
145
145
143
141
141
141
141
140
139
139
139
139
138
137
137
136
136
135
135
134
134
133
132
132
132
131
131
130
130
130
129
129
129
129
128
128
127
127
126
126
125
125
124
124
124
123
123
123
123
122
122
122
122
121
121
121
120
120
120
120
120
120
120
118
117
117
117
117
117
116
116
115
115
115
114
112
112
112
112
112
111
111
110
110
109
109
108
108
108
108
107
107
107
106
106
106
106
105
105
105
104
104
104
103
103
101
101
100
100
100
100
99
99
99
99
98
97
96
96
96
96
96
96
94
94
92
92
91
91
91
89
88
87
87
86
86
86
86
86
85
85
85
84
84
83
83
83
82
81
81
80
80
80
79
78
78
78
78
78
78
78
77
77
77
76
76
75
75
74
74
73
73
72
72
72
72
71
71
71
71
71
70
70
70
70
70
69
69
68
68
68
68
67
67
64
63
63
63
63
62
62
62
62
61
61
61
61
60
59
59
59
57
57
57
56
55
54
54
53
53
52
52
52
51
51
51
50
50
48
48
48
48
47
47
47
47
47
47
46
46
46
46
46
46
45
45
45
45
44
44
44
43
43
42
42
41
41
41
40
40
40
40
39
39
39
38
37
36
35
35
34
34
34
33
33
33
33
32
32
31
30
30
