200
300
239
239
239
238
237
234
234
233
230
229
229
229
229
228
228
227
227
227
226
226
225
224
223
218
218
215
213
212
211
209
209
207
206
205
205
204
202
202
201
201
200
199
197
197
196
195
194
192
189
189
187
185
184
182
180
180
179
178
177
177
176
176
176
176
172
171
170
169
168
168
167
167
166
164
164
164
163
162
160
159
156
156
156
155
155
154
153
153
151
151
150
148
146
140
138
137
136
135
134
134
134
134
133
133
133
130
130
130
129
129
128
128
127
123
122
121
120
119
118
118
117
116
116
115
115
114
114
113
113
113
112
112
106
105
103
101
100
97
96
95
95
94
91
87
86
86
86
84
83
83
81
81
79
78
78
78
77
76
76
75
75
74
72
70
69
67
66
66
65
61
60
58
58
57
57
57
56
55
55
54
52
51
50
48
48
48
46
46
43
42
41
40
39
38
38
36
36
35
34
34
