300
300
239
239
239
238
237
237
237
237
237
237
236
236
235
235
234
233
233
232
232
230
230
227
226
226
225
224
223
223
223
223
221
220
220
220
220
219
219
218
218
218
217
217
216
216
216
215
212
210
210
208
206
206
205
204
203
202
202
202
202
202
201
200
199
196
196
195
195
195
194
192
192
190
190
188
187
187
187
185
185
184
182
181
181
180
179
178
178
178
178
177
175
175
174
174
174
174
172
172
172
172
171
169
169
168
168
168
167
167
166
165
164
164
164
163
163
162
161
161
161
158
157
157
155
155
154
153
152
151
150
150
148
148
148
146
146
145
145
144
144
144
144
144
143
143
142
142
140
140
140
140
137
137
136
135
134
134
134
133
132
130
126
126
125
124
124
123
123
122
122
120
118
118
117
116
116
115
115
114
113
113
112
110
109
108
108
107
106
105
104
104
103
102
101
100
100
99
98
97
97
97
96
95
93
92
92
91
91
91
90
90
90
89
89
88
86
86
85
85
84
84
83
82
82
82
82
82
82
81
81
80
80
79
76
76
75
73
73
73
73
72
72
71
71
70
69
69
68
67
65
64
64
64
63
63
62
61
61
61
60
60
59
56
52
51
51
50
50
49
49
49
47
47
46
46
45
45
44
44
43
42
42
42
40
40
39
39
38
38
38
38
37
37
36
35
34
34
32
32
31
30
