500
500
350
350
350
350
349
349
348
348
347
347
347
347
346
345
343
343
342
342
342
341
341
341
340
340
339
339
336
336
336
335
335
335
334
334
334
334
334
333
332
332
332
332
331
331
330
330
329
329
328
327
324
324
324
323
323
323
322
322
322
322
321
321
321
320
320
320
319
319
319
317
316
315
315
315
315
314
314
314
313
313
313
311
311
310
309
309
309
308
308
308
307
307
306
306
305
305
304
304
302
301
300
300
300
299
299
298
298
297
296
295
295
294
294
293
293
292
291
291
290
290
290
290
289
288
288
288
287
287
286
286
286
285
285
285
285
284
283
283
283
283
283
282
282
282
281
281
280
280
280
280
279
277
277
276
275
275
272
271
270
270
270
270
269
268
268
268
267
266
266
266
265
264
263
263
263
262
261
261
261
260
260
260
259
259
259
257
257
256
256
256
256
256
255
255
255
254
253
253
251
251
250
249
249
248
247
247
247
247
247
245
245
245
244
242
242
242
242
241
239
239
238
238
237
236
236
236
236
234
234
233
232
231
231
231
229
227
227
227
227
225
223
223
223
222
222
221
221
221
220
219
219
218
216
215
215
215
215
215
215
214
214
213
213
213
213
212
212
211
211
210
210
209
209
209
208
208
208
208
207
207
206
206
206
205
205
205
205
204
204
202
202
202
201
201
201
200
199
199
198
198
198
198
197
197
196
196
195
195
195
195
195
195
194
194
193
192
192
192
192
190
190
190
190
190
190
189
188
187
187
186
186
186
184
183
182
182
182
181
181
180
179
179
179
178
178
178
177
177
177
176
176
175
174
174
173
173
172
172
171
171
170
170
170
170
169
169
168
167
167
167
166
166
165
165
165
164
164
163
161
161
160
159
159
158
158
158
155
155
154
154
153
153
152
152
151
150
150
149
149
147
147
147
147
147
145
145
145
144
144
144
143
143
143
143
142
142
142
141
140
140
139
138
137
135
135
134
134
134
132
131
130
130
130
130
130
130
129
129
127
127
127
126
126
126
126
125
123
122
122
122
122
121
121
120
120
120
120
120
120
119
119
119
118
118
118
118
118
118
118
117
117
115
114
114
114
113
113
113
111
111
111
111
110
109
108
108
107
107
107
107
106
106
106
106
105
105
103
102
102
100
