200
1000
700
697
694
694
692
691
689
670
668
667
663
659
653
652
644
639
639
637
631
628
627
623
623
619
616
616
614
612
611
609
603
600
599
598
593
592
586
585
584
584
581
572
572
562
555
555
554
552
552
551
550
548
547
546
544
542
529
529
525
520
518
515
505
505
503
503
502
488
487
487
486
485
483
482
477
474
472
470
469
469
468
464
463
461
456
454
450
449
448
444
437
436
434
433
431
429
429
426
425
423
420
420
417
409
408
403
403
400
399
399
394
393
392
382
381
379
375
374
373
372
372
370
364
357
353
346
344
342
336
334
332
331
329
328
328
324
323
317
309
308
302
299
298
293
292
292
291
286
284
282
281
276
274
269
269
262
260
259
256
251
248
248
240
239
238
237
233
231
231
229
227
224
218
217
215
192
186
177
174
168
167
166
164
152
150
137
131
131
131
127
120
119
118
114
114
113
108
106
104
103
