750
500
400
400
400
399
399
398
398
396
396
396
395
395
394
393
393
392
392
392
392
392
391
391
388
388
387
386
386
386
385
385
384
384
384
383
383
383
381
381
381
381
380
379
379
378
377
377
377
376
376
375
375
374
374
373
373
372
371
370
369
369
368
367
367
366
365
365
365
365
365
364
363
363
363
362
361
361
361
360
360
359
358
357
357
356
355
354
354
353
353
352
352
351
351
351
350
348
348
348
347
346
346
346
346
346
346
345
345
345
345
345
345
344
344
344
343
343
343
343
342
341
340
339
339
338
337
337
336
336
335
334
334
333
333
332
331
330
330
329
328
327
327
327
327
327
327
326
326
326
326
325
325
323
323
321
321
320
319
319
319
319
319
319
318
317
317
317
317
317
315
315
315
314
313
312
311
311
311
310
310
310
309
309
309
308
308
307
307
307
307
306
305
305
304
303
303
303
302
302
302
302
301
301
300
300
298
298
298
298
298
298
297
297
295
294
294
294
293
293
293
292
292
291
290
290
290
290
289
289
288
287
287
286
285
285
284
284
284
283
282
282
282
281
280
279
278
277
277
276
275
275
274
274
274
274
274
273
273
273
273
272
272
272
272
272
272
271
271
271
271
270
269
269
269
268
268
268
268
268
268
267
267
266
266
265
265
265
265
265
264
264
263
263
263
263
262
261
261
261
260
260
259
259
259
258
258
258
258
258
257
257
254
253
253
253
252
252
251
251
250
250
250
249
249
248
248
247
246
246
246
244
241
241
241
240
240
240
239
239
239
238
238
238
238
236
235
233
233
233
233
232
232
230
230
228
227
227
227
227
226
225
224
222
222
221
221
221
220
220
219
219
218
218
217
217
217
216
216
215
215
215
214
214
213
213
213
212
211
211
210
210
210
209
209
209
209
208
208
208
207
206
206
205
205
205
205
204
203
202
202
201
200
200
200
200
199
198
198
197
197
197
196
196
195
195
195
195
194
194
194
193
193
192
192
192
191
190
190
189
189
188
188
187
187
186
186
186
185
185
184
184
184
183
183
183
183
182
182
182
182
181
181
181
181
180
179
179
178
178
177
177
175
175
175
174
174
174
174
173
173
173
172
172
172
172
172
171
170
169
168
167
167
165
165
165
164
164
164
163
163
162
161
160
159
158
158
158
158
157
157
156
156
155
155
155
155
154
154
154
153
153
152
152
152
151
151
151
151
150
150
149
149
149
148
148
147
147
147
146
146
145
145
144
144
143
142
140
140
140
140
139
139
139
139
139
139
139
138
138
137
137
137
136
136
136
136
134
134
133
133
133
132
132
132
131
130
129
128
128
128
128
127
127
125
125
125
124
123
123
122
122
122
121
121
121
121
120
120
120
119
119
118
118
118
117
116
116
116
116
115
115
114
114
113
113
113
113
113
112
109
108
108
108
108
108
107
107
105
105
105
104
104
104
104
103
102
102
101
101
101
100
100
100
99
99
99
99
98
98
97
97
97
96
95
95
95
94
94
94
93
92
91
89
89
88
88
88
88
88
87
87
87
87
86
85
85
84
84
84
83
83
83
82
82
81
81
81
81
80
80
79
79
79
78
78
77
77
77
76
76
75
75
75
75
74
74
72
72
70
70
70
69
68
68
68
68
67
67
66
64
63
63
63
62
62
61
61
60
59
59
58
57
57
57
56
56
56
55
55
54
53
53
53
53
52
52
52
50
50
50
50
