300
200
160
159
159
159
159
159
158
157
157
157
154
153
153
151
150
149
149
149
148
147
147
146
145
144
144
143
143
143
143
142
142
142
142
142
142
141
141
141
140
140
139
139
139
139
138
137
137
136
136
135
134
134
134
134
133
133
133
132
132
132
132
132
131
131
131
130
130
130
130
129
129
129
129
129
129
129
128
128
127
127
126
124
124
124
124
123
123
123
123
123
123
122
122
121
121
121
119
119
118
118
117
117
116
116
116
116
116
115
114
114
114
113
112
112
112
111
111
110
110
110
109
109
109
108
108
107
107
107
106
106
106
106
105
105
105
105
104
104
104
103
103
103
102
102
102
101
101
101
99
98
97
97
96
96
95
95
95
94
92
92
91
91
91
89
89
89
87
87
87
86
86
86
85
85
84
84
84
84
84
84
84
81
81
81
81
80
80
79
79
78
78
78
77
77
76
75
75
74
74
73
73
72
70
70
69
67
66
66
66
65
65
65
65
64
64
64
63
62
62
62
61
60
59
59
59
59
58
58
58
57
56
55
55
55
55
54
54
52
52
52
52
52
51
51
50
50
50
49
49
48
48
48
48
47
47
47
46
45
44
43
43
41
41
40
40
40
38
38
37
37
36
35
35
35
34
32
32
31
31
31
31
31
30
30
30
29
29
29
29
27
26
26
24
23
23
22
21
21
20
20
