300
750
600
599
599
598
597
594
593
590
589
589
589
584
583
582
576
576
571
569
568
564
560
559
559
559
558
557
556
552
548
547
545
545
544
543
543
543
539
539
537
536
536
536
534
533
531
530
530
526
526
521
519
518
516
514
510
508
507
504
503
502
501
500
499
493
491
491
489
489
488
487
483
481
480
478
477
477
474
470
466
465
463
463
459
458
458
456
455
455
451
448
447
442
442
440
437
436
434
433
431
428
425
424
424
422
422
422
420
416
415
415
415
412
408
405
405
404
403
394
394
392
392
391
387
384
384
381
376
374
373
372
372
370
370
369
367
366
365
364
362
361
361
360
354
352
350
344
341
340
340
337
336
334
330
329
327
326
325
325
322
319
317
317
313
312
308
307
304
301
299
298
297
296
296
292
289
289
288
288
284
281
280
276
275
273
271
269
266
265
263
263
261
258
254
254
253
250
248
246
244
243
242
242
241
237
236
234
234
233
233
232
232
231
231
231
231
225
224
222
221
220
220
219
219
219
218
217
215
211
210
209
209
207
206
205
204
200
199
198
197
193
191
191
190
190
189
185
184
184
179
179
177
175
173
172
172
167
164
160
160
158
156
155
154
153
151
151
148
140
138
138
137
133
133
133
130
129
129
123
118
116
116
115
114
113
113
112
111
109
106
98
95
93
92
90
84
82
81
81
80
77
