300
1000
698
698
695
693
689
686
685
680
671
665
662
662
660
653
650
650
648
647
642
641
640
639
638
638
637
637
635
632
631
629
629
628
627
622
621
621
618
615
613
613
604
604
603
602
602
601
601
599
598
597
595
594
592
590
589
588
587
587
586
583
579
577
576
575
571
570
569
569
566
564
564
563
560
557
554
553
552
550
549
549
545
545
545
540
539
537
535
534
532
531
529
522
521
520
520
520
516
516
514
512
506
504
504
504
502
500
497
496
494
490
484
484
483
481
479
476
475
474
462
455
451
450
450
450
450
449
448
448
446
445
442
441
439
435
434
432
432
431
431
425
423
422
421
418
416
416
415
414
411
411
409
407
404
404
403
402
400
397
396
394
393
390
386
386
385
383
381
378
377
377
376
371
370
369
368
368
363
361
358
358
356
355
354
353
352
348
347
345
344
342
339
335
334
333
331
327
325
322
322
315
315
314
314
313
312
311
308
305
301
298
298
289
288
288
287
280
278
278
277
276
276
276
271
271
268
267
264
262
262
261
258
255
254
251
249
245
244
243
240
239
234
234
233
233
233
232
229
225
225
223
222
222
221
220
218
218
218
214
204
202
201
199
196
194
193
188
183
181
179
176
174
164
158
146
146
145
143
143
140
133
133
132
131
130
130
125
124
124
122
117
116
114
113
111
110
105
105
104
104
101
