500
500
350
349
349
347
346
346
345
345
345
344
344
344
343
343
342
342
341
341
340
337
337
336
336
336
335
335
335
334
333
332
331
330
328
328
328
328
327
326
325
325
323
323
323
322
321
320
320
320
319
319
318
318
318
316
316
315
315
314
312
312
312
311
310
310
310
309
309
308
308
307
307
307
305
305
305
304
304
304
303
302
300
300
300
299
299
298
298
298
298
297
295
293
291
291
291
290
290
289
288
287
286
285
284
281
279
278
278
277
277
277
277
277
277
276
274
273
273
272
272
271
270
269
269
269
269
268
267
267
267
266
266
264
264
263
262
261
261
260
260
259
259
259
258
257
257
255
255
254
254
253
253
252
252
251
251
250
249
249
248
248
247
247
246
245
244
244
244
244
242
241
241
237
237
236
235
235
235
234
234
234
233
233
233
232
231
231
229
229
228
228
227
226
225
225
225
224
223
222
222
222
221
217
216
215
213
211
211
211
209
208
208
208
207
205
205
205
205
205
205
204
203
202
201
201
200
200
200
199
199
198
198
197
197
196
196
196
195
193
193
192
191
190
189
189
189
187
187
186
185
185
185
185
184
184
184
182
182
182
182
181
181
179
179
179
178
177
177
177
177
176
176
175
174
173
172
170
170
169
169
166
166
165
165
163
163
163
163
162
161
161
161
161
160
160
159
156
156
155
155
155
155
155
154
154
153
153
153
153
152
152
151
150
150
149
148
148
147
147
143
143
143
143
143
142
142
142
141
140
139
139
139
138
138
138
137
137
137
137
136
136
135
135
134
134
134
134
134
132
132
131
130
129
129
129
129
129
128
127
127
127
127
126
126
125
124
123
123
122
121
121
120
120
120
120
118
118
117
117
117
116
116
116
115
115
115
115
114
114
114
114
114
113
113
112
112
112
111
111
111
110
110
109
108
107
107
105
105
105
104
103
102
102
101
100
100
99
97
97
95
94
93
93
93
92
92
92
92
91
90
89
89
88
87
87
86
86
85
85
84
83
81
81
81
79
78
78
78
77
77
77
75
73
73
72
71
71
71
71
71
70
69
69
69
69
68
68
68
68
67
66
66
66
64
64
63
62
62
62
59
59
58
58
58
57
57
56
56
55
55
55
55
55
54
53
52
52
51
51
50
50
