200
300
209
209
208
208
207
207
206
206
206
206
205
205
204
203
203
202
202
200
200
199
199
198
197
196
196
196
196
194
193
193
193
193
192
191
190
189
189
188
187
187
187
186
186
185
183
183
182
182
182
181
181
180
180
180
180
179
177
177
177
176
175
175
174
173
171
171
170
170
169
168
168
165
164
164
164
163
162
161
161
161
160
160
159
158
157
156
155
155
154
153
153
152
152
152
149
148
147
145
145
144
144
144
144
143
142
141
141
141
141
140
140
137
137
134
131
130
130
129
129
128
127
126
125
122
122
121
121
121
120
115
115
113
113
113
112
112
109
109
108
107
107
107
107
106
106
104
103
103
103
103
102
102
101
100
99
99
97
95
94
94
93
91
91
89
88
88
87
87
86
85
84
81
80
80
79
78
77
77
76
76
75
75
73
73
73
72
71
71
70
70
66
66
64
64
63
62
62
62
60
60
