300
300
240
239
238
238
238
238
238
236
234
234
234
233
232
232
231
231
230
230
229
228
228
228
227
227
224
223
222
222
222
220
220
219
219
219
218
218
217
216
215
215
214
214
212
212
211
210
209
209
208
208
207
206
206
206
205
204
204
203
202
201
201
201
200
200
200
198
197
194
194
194
194
194
193
193
193
192
191
191
190
189
189
189
188
188
187
184
183
183
182
182
181
181
180
180
180
179
179
178
178
178
177
177
177
176
173
173
172
172
172
170
170
169
168
167
167
166
166
165
163
162
161
161
161
160
160
159
159
159
158
157
157
156
156
156
156
156
155
155
154
152
152
151
150
150
150
149
149
149
147
146
146
146
145
144
144
144
144
143
142
142
142
141
141
141
140
139
139
138
138
138
137
137
137
133
133
132
132
132
132
131
131
131
131
130
130
129
127
127
126
126
125
125
123
123
123
123
122
121
120
119
119
119
118
118
117
117
116
115
114
114
113
112
112
112
111
110
110
110
109
109
109
108
108
108
107
106
105
105
104
103
102
101
101
101
100
100
99
99
99
99
98
97
95
95
95
94
94
93
93
93
92
89
89
89
88
87
87
87
87
86
86
86
84
84
82
82
82
81
78
78
78
76
76
76
75
75
75
75
75
74
74
73
73
73
69
69
68
68
68
67
66
65
64
64
64
63
61
61
60
60
