200
300
239
238
237
237
236
235
235
235
235
235
234
234
233
232
231
231
229
229
227
226
225
224
223
222
222
221
221
220
219
218
217
215
214
213
210
210
209
209
209
209
209
207
205
204
204
203
202
201
201
199
199
198
197
197
196
195
195
193
193
192
192
191
185
184
184
183
181
181
181
180
180
179
178
177
177
176
173
173
171
170
168
168
168
167
166
163
163
161
161
160
158
157
155
154
153
153
151
150
148
145
143
141
141
140
139
138
137
137
136
136
135
135
134
133
133
132
129
129
129
127
126
126
126
124
124
124
124
123
122
122
121
121
119
118
117
116
115
114
112
112
110
110
109
109
109
108
108
105
103
102
101
100
100
99
99
98
96
94
94
93
91
91
91
89
89
89
89
88
86
84
84
83
82
81
81
79
78
75
73
73
73
73
72
71
71
70
70
69
69
68
68
66
65
63
62
62
62
62
61
60
