400
300
240
239
239
239
239
238
238
238
237
236
236
233
233
233
232
231
230
230
230
228
228
226
226
226
226
225
225
224
224
224
224
223
223
222
222
221
221
221
220
220
220
219
219
217
217
217
216
216
216
215
214
214
214
213
212
212
212
211
211
210
210
209
209
209
208
208
208
207
207
207
207
206
204
204
203
203
202
202
201
201
200
200
199
199
199
199
199
198
196
195
195
195
195
195
194
194
194
194
193
193
191
191
190
190
189
189
188
187
187
187
187
186
186
186
186
185
185
184
183
183
183
182
182
182
181
181
181
180
180
180
180
179
179
179
178
178
178
177
177
176
176
176
174
173
171
171
170
167
166
166
166
164
164
162
162
162
161
160
160
160
160
157
157
157
157
157
157
155
154
151
150
150
150
149
149
148
147
146
145
145
145
145
144
144
143
143
141
141
140
138
137
137
136
135
135
135
135
134
134
132
130
130
128
128
127
127
127
127
127
125
125
124
124
124
124
123
123
122
121
121
120
119
118
117
116
116
115
115
115
115
115
115
114
114
113
112
112
112
111
111
111
111
110
110
110
109
108
108
108
106
105
105
105
104
104
104
103
103
103
103
102
102
100
100
98
98
97
96
95
95
95
95
95
94
93
93
93
92
92
91
90
89
88
88
87
87
87
86
85
84
84
84
83
83
83
82
81
80
80
78
78
77
77
76
76
76
75
75
75
74
74
74
73
72
72
72
72
71
71
70
70
69
69
69
68
68
67
67
66
66
65
65
65
65
64
64
63
63
63
63
62
62
61
61
61
60
59
58
57
56
56
54
54
54
54
54
52
51
49
48
48
48
47
47
46
46
46
46
45
45
45
44
44
42
42
42
42
42
41
41
41
40
39
39
38
38
37
37
37
36
36
35
34
33
31
31
31
30
30
30
