200
200
160
159
158
158
158
157
157
157
156
156
156
155
155
154
154
152
152
152
152
152
151
150
149
149
148
148
148
148
145
145
144
143
143
140
139
138
137
137
135
135
135
135
134
133
133
133
131
130
130
129
126
125
125
125
124
123
122
121
121
120
119
119
118
116
116
115
115
114
114
112
112
112
112
112
111
110
109
106
106
105
104
103
103
103
103
102
102
101
100
100
100
100
99
99
99
99
99
99
98
97
95
94
94
93
93
93
93
93
93
93
92
92
92
91
90
90
90
89
89
88
88
88
87
86
86
86
86
85
83
82
82
81
81
80
80
79
79
78
78
77
77
77
76
76
75
74
73
73
73
72
71
69
68
68
67
66
65
65
64
63
63
63
63
62
61
61
61
60
58
58
58
58
57
56
56
56
56
54
52
51
50
50
50
49
48
48
47
46
46
45
45
43
43
42
41
41
41
40
40
40
