400
750
525
524
523
522
517
517
516
516
515
515
514
514
513
513
512
511
509
509
509
508
506
506
504
503
501
500
500
499
498
497
496
496
494
493
493
493
493
492
492
492
491
489
489
487
486
486
486
484
483
482
481
481
481
480
480
479
479
479
478
478
476
475
474
472
471
471
471
470
470
470
470
465
463
461
461
459
457
457
457
456
456
456
456
455
455
454
454
454
452
451
449
448
447
447
446
445
441
440
440
438
436
435
433
430
429
429
428
428
428
427
425
425
424
422
421
421
420
420
420
419
418
418
418
418
418
418
415
414
414
412
411
410
410
410
409
409
407
406
405
405
404
403
401
401
401
401
398
397
395
395
395
394
394
393
393
392
392
392
391
390
390
390
390
388
388
386
386
385
382
379
378
374
374
373
371
370
369
369
368
368
367
367
367
367
366
365
363
362
362
359
357
357
354
351
351
349
349
347
346
346
344
343
343
342
341
338
338
337
337
336
336
336
336
335
334
334
331
329
327
326
324
324
323
321
319
318
317
317
317
315
313
313
312
312
310
310
309
308
308
308
307
306
303
302
301
299
299
298
298
298
298
297
297
296
296
296
293
291
290
289
288
287
285
283
282
281
281
275
274
273
273
273
272
272
272
270
269
269
268
268
268
268
267
265
264
264
264
264
264
259
259
259
258
258
257
257
256
254
254
254
252
252
252
251
250
249
248
247
246
246
245
244
244
243
243
243
243
242
237
236
232
232
232
231
231
229
226
222
222
218
215
215
213
211
211
210
208
208
207
204
203
203
203
202
202
202
201
199
199
197
196
196
196
195
195
194
191
190
190
189
189
188
188
187
186
185
184
184
182
181
181
178
177
177
176
176
175
173
173
172
172
172
171
167
167
166
165
164
164
163
163
160
159
158
158
155
155
155
155
151
