200
750
525
524
520
511
508
507
498
497
495
495
492
492
490
487
485
485
484
484
477
476
476
475
475
475
475
474
472
472
471
469
467
462
461
459
458
454
453
453
448
446
445
439
435
423
417
415
413
411
411
411
410
409
400
399
397
395
387
384
383
381
379
374
374
370
370
369
368
364
361
358
352
351
337
331
330
328
326
321
320
314
312
310
308
307
307
305
302
300
300
296
293
289
283
282
281
277
275
275
270
269
266
266
261
259
256
256
256
252
250
250
250
240
239
236
230
227
226
222
222
221
217
217
215
209
208
206
202
200
199
198
197
196
195
193
192
191
187
184
183
181
179
178
177
176
175
175
173
172
168
167
165
165
165
164
161
160
159
158
157
149
146
145
143
141
137
137
135
132
129
128
126
121
118
118
115
115
114
110
110
110
107
107
106
106
105
103
103
101
101
100
100
100
93
92
90
89
77
75
75
75
