750
500
400
400
399
399
398
397
397
397
397
396
396
396
396
394
394
394
393
393
393
391
391
391
390
390
390
390
389
388
388
388
388
388
387
387
387
387
387
386
386
386
386
385
385
384
384
384
384
383
383
383
382
382
382
381
381
380
380
379
379
379
379
378
378
378
377
377
377
376
376
376
374
374
373
373
372
372
371
371
371
371
371
370
370
369
369
369
368
367
367
366
366
366
366
365
365
363
363
363
362
362
361
361
361
360
360
360
359
359
359
358
357
357
356
356
356
356
356
354
354
354
353
352
352
351
351
351
351
351
350
350
350
349
349
349
349
349
349
347
347
345
345
345
344
343
342
342
341
340
340
340
339
339
339
338
338
338
338
337
337
336
336
336
335
335
335
334
334
333
333
333
333
331
331
330
330
330
329
328
328
327
327
327
327
326
326
325
325
324
322
322
322
322
322
321
320
320
320
320
320
319
319
318
317
317
317
317
317
317
317
317
317
317
316
316
316
316
315
315
315
315
315
314
313
312
312
311
311
310
310
310
310
310
309
309
309
308
307
306
306
306
306
306
306
306
305
304
303
303
302
302
302
301
301
301
301
300
300
299
298
298
298
297
297
297
297
297
296
296
295
294
294
292
291
291
291
290
290
290
289
289
288
288
288
287
287
286
286
286
284
284
283
283
283
282
281
281
281
280
280
280
280
279
278
278
278
277
277
277
277
276
276
276
275
275
275
275
274
274
273
273
273
272
272
272
271
271
270
270
270
270
269
269
269
268
268
267
267
267
267
266
265
265
264
264
263
262
262
262
262
261
261
260
260
260
260
259
259
259
258
257
257
256
255
255
254
253
253
253
252
252
251
251
251
251
250
250
250
250
249
249
249
248
248
248
248
248
248
247
247
247
246
246
246
244
244
244
243
243
241
241
241
241
241
241
239
238
237
237
237
236
236
236
235
235
235
234
233
232
232
231
231
230
230
229
229
228
228
228
227
227
227
227
227
226
226
225
225
224
224
224
223
221
220
220
219
219
217
217
217
217
216
216
216
216
215
215
215
214
213
213
213
213
212
212
212
212
212
211
211
210
209
209
209
209
209
208
206
206
206
206
206
206
205
205
205
205
205
204
204
204
203
203
203
202
201
201
200
200
200
200
199
199
199
198
198
197
196
196
195
195
195
195
194
194
194
194
193
192
192
192
192
192
191
191
191
190
189
189
188
187
187
187
187
187
187
186
186
186
185
185
185
185
184
184
183
183
183
183
182
182
182
179
179
179
178
178
178
178
178
178
177
177
176
176
176
176
176
176
176
174
174
174
174
172
172
172
171
171
171
170
170
170
170
169
168
168
168
168
167
167
167
167
167
166
166
166
165
164
163
163
161
161
160
160
159
159
159
158
158
157
156
156
156
156
155
155
153
151
150
150
150
150
149
149
149
149
148
148
147
147
147
146
146
145
145
144
144
144
143
143
142
142
141
141
140
140
139
139
139
138
137
137
137
137
136
136
135
135
134
134
134
133
133
133
132
132
132
131
131
131
130
130
129
129
128
128
128
127
127
127
126
126
126
126
125
124
124
124
123
122
122
122
121
121
121
120
120
119
119
119
119
119
119
118
118
118
117
117
117
116
116
116
116
115
115
115
114
114
113
112
112
112
111
111
111
111
110
110
109
108
108
108
108
107
107
107
107
106
106
105
104
104
104
103
103
102
102
101
101
100
