400
750
525
525
524
524
523
523
518
518
518
515
511
510
510
508
506
506
506
505
501
500
499
498
495
495
493
493
492
491
491
490
488
487
486
485
485
485
484
484
482
481
481
478
478
478
477
476
476
476
475
474
474
473
472
471
471
470
470
470
468
463
463
463
458
457
455
453
451
450
450
449
448
445
443
442
441
439
439
438
437
435
434
432
432
431
429
427
426
425
424
423
422
421
420
419
418
417
416
415
414
414
413
412
412
412
411
410
410
409
408
407
406
405
404
404
403
403
403
400
400
396
395
394
394
393
391
391
390
390
389
385
385
384
384
384
384
383
381
380
380
379
376
376
376
375
375
373
371
371
370
362
361
360
360
358
356
355
354
352
348
345
345
342
342
341
341
340
329
329
328
327
325
324
324
322
321
320
319
319
319
317
315
315
313
310
310
309
308
307
306
306
305
305
303
303
302
301
300
300
299
299
299
297
296
295
294
292
288
287
284
282
281
280
280
280
280
279
277
276
275
273
273
273
271
270
269
268
266
266
265
263
261
261
259
259
257
255
253
251
246
245
244
243
242
240
238
236
236
236
236
235
234
232
231
231
229
228
226
226
221
219
218
218
217
216
214
213
212
212
212
210
210
209
209
208
208
207
207
204
203
202
202
201
201
201
201
200
199
198
197
197
197
196
195
192
192
191
191
190
190
189
187
187
186
186
184
183
183
180
178
178
178
174
174
173
173
172
172
170
168
167
167
167
166
166
166
165
164
164
162
162
161
161
161
159
159
156
154
152
152
151
149
149
148
148
147
146
146
145
145
143
143
142
141
141
138
138
137
137
136
136
136
135
130
130
127
126
126
125
124
121
117
117
117
115
114
114
113
112
111
110
109
101
99
96
95
91
90
89
88
86
84
83
81
80
80
79
78
78
76
75
