400
300
240
239
238
238
238
236
235
235
235
234
233
232
232
232
232
232
231
231
230
228
228
227
226
226
224
224
223
223
223
222
222
222
222
222
221
220
220
219
219
218
218
216
216
216
215
215
213
213
213
212
212
212
211
210
209
209
209
209
209
207
207
206
205
205
204
203
203
202
201
201
201
200
199
199
197
197
197
196
195
194
194
193
193
193
193
192
192
192
190
190
190
189
189
189
189
188
188
188
188
187
187
187
186
186
186
185
185
184
184
184
184
184
183
183
182
180
180
178
178
178
176
174
174
174
173
173
172
172
172
170
170
169
168
168
168
167
167
167
166
165
164
164
163
163
161
161
159
159
159
158
158
158
158
157
156
156
154
153
153
152
151
151
151
151
151
150
150
150
148
148
146
146
145
144
143
142
142
140
140
139
139
139
138
138
137
137
136
133
133
133
132
132
132
132
130
130
130
130
130
129
129
129
128
127
127
126
126
125
124
124
123
123
123
122
122
121
121
121
121
120
120
120
120
120
120
120
119
117
116
116
116
115
115
114
114
114
114
113
112
112
111
111
108
108
106
106
106
105
104
103
103
103
102
102
100
99
99
99
99
99
99
98
98
97
96
96
95
95
95
95
95
94
93
92
92
90
90
90
90
90
89
89
89
88
88
88
87
87
86
85
85
84
84
84
83
82
82
81
81
80
80
78
78
77
77
77
77
77
75
75
75
74
73
72
72
72
71
70
70
69
69
68
68
67
67
67
66
66
65
64
64
64
64
64
64
63
63
63
61
61
61
61
60
60
60
60
60
59
59
59
58
57
57
56
56
56
55
55
55
55
54
54
53
53
52
52
51
51
49
49
48
48
47
47
47
46
46
45
45
44
42
42
42
41
41
39
38
37
36
36
35
34
33
33
32
32
32
32
31
30
