1000
750
525
524
523
522
521
520
520
520
519
519
519
519
516
516
516
516
514
514
513
513
513
513
512
512
511
511
510
509
509
508
508
508
508
507
507
506
506
506
504
504
503
502
502
501
501
501
500
500
499
499
498
498
498
498
498
497
496
495
495
495
494
493
493
493
493
492
491
491
490
490
490
490
489
489
489
489
488
488
488
487
486
486
485
485
485
485
485
484
484
484
484
484
483
483
483
481
480
480
480
479
478
478
478
478
477
476
475
475
475
474
474
474
473
472
472
471
471
470
469
468
467
467
466
466
466
465
465
464
464
464
464
463
463
463
463
463
463
462
462
462
461
461
461
460
460
459
459
458
458
458
458
458
458
458
457
457
457
457
457
456
456
454
454
453
453
452
451
450
450
448
448
448
447
447
447
446
446
445
445
445
445
444
443
443
442
442
441
441
441
441
440
440
440
440
440
440
439
439
439
439
439
438
437
437
436
435
435
435
434
434
433
433
433
433
432
432
432
432
431
431
429
429
429
429
428
428
426
426
425
425
424
424
423
423
423
422
422
422
422
421
420
419
419
419
419
418
418
418
418
417
417
416
416
416
416
416
415
415
415
414
414
413
413
413
413
412
412
412
412
411
411
408
408
407
407
407
406
405
405
404
404
404
403
402
401
401
401
400
400
400
400
399
399
399
397
397
397
397
397
396
396
396
396
395
395
395
394
394
393
393
393
393
393
393
392
392
392
391
389
389
389
388
388
387
387
387
386
386
384
384
384
382
382
381
381
381
380
380
379
379
378
378
378
376
376
376
374
374
373
373
372
371
371
370
370
369
369
368
368
368
367
366
365
364
364
363
363
362
362
361
361
360
360
360
360
359
358
358
357
356
356
356
356
355
355
355
355
354
354
354
353
352
352
352
352
351
351
351
351
350
350
350
350
349
349
348
348
348
347
346
346
346
345
345
345
344
344
343
341
341
341
340
340
339
339
339
339
338
338
338
337
337
336
336
336
336
336
336
336
335
335
335
335
334
334
334
334
332
332
332
331
330
330
330
330
329
328
327
327
326
325
324
323
322
322
322
317
316
316
315
314
314
313
312
312
312
311
310
310
310
310
308
308
307
307
306
306
305
305
302
302
302
301
301
301
301
300
300
300
299
298
298
298
298
297
297
297
296
296
295
294
294
293
293
293
293
292
292
292
290
290
289
289
288
288
287
287
287
287
286
286
285
285
284
284
284
283
283
283
282
281
281
280
280
280
279
279
279
278
278
278
277
277
277
276
276
276
275
275
275
274
274
273
273
273
272
271
271
270
270
270
269
269
269
269
269
269
268
268
268
268
266
266
265
263
263
263
262
262
262
261
261
261
260
260
260
260
259
258
258
258
258
257
257
257
255
254
254
254
254
254
254
253
253
253
251
250
250
248
248
248
247
247
247
246
246
246
246
245
245
245
245
244
244
243
242
242
242
241
241
241
240
240
240
239
239
239
238
237
236
235
235
235
235
235
234
234
234
233
233
232
232
231
229
229
227
227
227
226
226
224
224
223
223
222
222
221
221
220
220
219
219
218
218
218
218
218
217
216
216
216
216
216
215
215
214
213
213
213
212
209
209
209
209
207
207
207
206
206
205
204
204
203
202
202
201
201
201
201
201
200
200
200
199
197
197
196
196
196
195
195
194
193
193
193
193
192
191
191
190
190
190
189
189
188
188
188
187
186
186
186
186
185
184
184
184
184
183
183
182
182
181
180
180
180
180
179
178
178
178
177
177
176
176
176
175
175
173
173
173
173
172
172
171
170
169
169
169
168
167
166
166
166
166
164
163
163
163
162
162
161
161
160
160
160
159
159
159
159
159
158
158
158
158
158
158
157
157
156
155
155
154
154
153
153
153
152
152
151
150
150
149
149
148
148
147
145
145
145
144
144
144
143
143
143
143
143
141
140
140
138
138
138
138
137
136
136
135
133
133
132
131
131
130
130
130
130
129
127
127
127
127
126
126
125
125
125
125
124
124
122
122
122
121
121
121
120
120
119
119
119
118
117
117
117
117
116
116
115
114
114
113
113
112
112
112
111
111
111
111
110
110
110
109
109
108
108
108
108
107
107
106
106
106
105
105
105
105
104
103
103
103
103
102
102
102
101
101
101
101
101
101
101
99
99
99
99
98
98
98
97
97
97
96
96
96
96
96
96
95
95
94
94
93
93
92
92
92
91
91
91
90
89
89
89
89
89
88
87
87
87
85
85
84
84
84
83
81
81
80
80
80
79
78
77
76
76
76
75
75
