200
200
160
160
159
157
157
156
153
151
151
149
148
148
148
148
147
147
146
146
146
146
145
144
144
143
143
143
142
142
142
142
140
140
139
138
138
138
137
136
136
136
135
135
135
135
134
134
134
133
131
130
130
130
129
129
128
128
127
127
127
127
126
125
124
123
122
122
122
121
120
120
120
119
119
119
119
119
116
116
114
112
112
112
112
112
111
111
110
110
110
110
110
108
107
107
106
106
104
102
101
100
100
100
99
99
98
98
98
97
96
96
96
95
93
92
92
92
90
90
90
90
89
88
88
87
87
84
84
82
82
82
81
81
80
80
79
78
78
76
76
75
73
72
71
71
71
69
69
69
68
67
67
67
66
66
65
65
65
64
64
63
63
62
62
61
61
60
57
56
56
56
55
54
54
53
53
53
53
52
52
51
51
51
50
50
48
47
46
45
45
45
45
44
44
43
43
42
41
41
40
40
