750
1000
800
798
796
795
794
792
791
791
789
789
787
786
785
784
784
784
783
783
782
781
778
777
775
774
773
773
773
773
771
771
770
770
770
770
769
769
769
768
768
766
765
765
764
762
762
762
761
760
760
760
758
758
758
758
757
757
754
753
753
753
753
751
750
750
750
749
748
747
747
747
744
743
741
739
737
737
735
735
735
733
732
731
730
728
728
727
727
726
725
724
723
722
722
722
722
721
721
719
717
717
716
715
714
714
714
713
710
709
708
708
706
706
706
705
703
703
701
701
700
700
698
698
698
698
697
696
696
696
695
695
695
694
692
692
692
691
691
689
688
687
686
685
684
684
683
682
681
681
678
678
678
678
678
676
675
675
675
675
674
674
673
672
669
667
667
664
664
663
663
663
660
660
660
660
659
657
655
655
655
653
653
652
652
651
650
650
649
649
647
647
645
643
641
640
640
640
639
638
637
634
633
632
632
632
632
630
630
630
628
626
625
624
623
622
622
619
618
617
617
616
615
614
614
613
613
611
611
611
611
610
608
608
607
606
606
605
605
604
604
604
603
602
601
600
599
599
598
598
598
597
596
594
594
594
594
593
593
593
592
591
591
590
590
590
589
588
587
587
586
586
586
585
584
583
583
582
581
580
578
578
577
577
577
576
575
574
573
573
572
572
572
572
570
570
569
569
569
569
567
566
565
565
563
561
561
560
557
557
556
555
555
555
554
554
554
554
550
549
549
549
549
549
548
547
546
546
546
545
544
544
543
543
542
541
541
541
540
538
538
537
535
534
533
532
532
531
531
530
530
529
529
528
528
527
527
525
524
524
521
521
520
519
518
518
517
516
516
513
513
513
511
507
507
507
505
505
504
504
503
502
502
502
500
499
499
498
498
498
497
497
496
496
495
495
493
491
489
487
485
484
484
482
482
482
481
479
478
478
477
477
477
476
476
476
474
472
470
470
469
469
468
468
468
468
467
465
465
465
465
465
465
465
464
463
462
462
461
460
460
456
455
454
452
452
451
451
451
450
449
449
449
447
447
447
446
445
444
443
442
441
441
440
440
439
439
439
438
438
437
437
436
436
436
436
435
434
432
431
431
431
430
429
429
428
427
427
426
423
423
422
422
421
421
420
420
419
418
417
415
414
414
411
411
407
406
406
404
402
401
401
401
400
400
398
397
397
396
396
394
394
394
393
392
392
391
390
389
388
386
386
386
385
382
381
380
379
379
378
376
376
374
371
371
371
370
370
368
368
367
367
365
365
363
363
362
362
360
360
358
356
356
354
353
353
352
352
351
351
350
349
349
347
346
345
345
344
341
341
341
340
340
339
338
337
336
334
334
333
331
330
330
330
330
329
327
327
325
324
324
322
322
321
320
317
315
314
314
314
313
312
312
312
310
309
309
308
307
307
306
306
306
304
303
303
302
302
302
301
301
300
299
299
299
298
298
297
296
295
295
292
292
292
291
290
290
289
289
289
288
287
287
284
281
280
280
278
277
277
275
273
273
269
267
267
267
267
266
264
263
263
261
261
259
258
258
257
257
256
255
253
252
249
249
248
248
247
246
245
244
244
243
243
243
242
242
242
241
241
240
239
238
236
236
234
233
231
229
228
228
228
227
225
224
221
220
220
220
219
219
219
218
218
217
217
217
216
215
214
214
211
211
210
210
210
210
209
208
208
206
206
206
205
205
203
203
203
203
202
201
200
