750
400
320
319
319
318
317
316
316
316
314
314
314
314
313
313
313
313
312
312
312
312
312
311
311
311
311
311
311
310
309
309
308
308
307
307
306
306
305
305
305
305
305
304
304
304
304
304
303
303
303
303
303
301
301
301
301
301
300
300
300
299
298
298
298
298
297
297
296
296
294
294
294
293
293
291
291
291
291
291
291
291
290
289
289
289
288
288
287
287
287
286
286
285
285
285
284
283
283
283
283
282
282
281
280
280
280
279
278
278
278
277
277
277
277
277
277
277
277
276
276
276
275
275
275
275
274
273
273
273
273
272
272
272
272
272
271
271
271
271
270
270
270
270
270
270
270
270
269
269
269
268
268
268
267
267
267
266
265
265
264
264
264
263
263
261
261
261
261
261
261
260
260
260
259
259
259
259
259
259
258
258
258
257
256
256
255
253
253
253
252
252
251
251
250
250
249
249
249
248
247
247
246
246
245
245
244
244
244
244
243
243
242
241
241
241
239
239
239
238
238
238
238
238
238
237
237
237
237
236
236
236
236
236
236
236
236
236
235
235
235
235
234
234
234
232
230
229
229
228
227
227
226
226
226
226
225
225
225
225
225
225
224
224
223
222
222
222
222
221
221
221
220
220
220
220
219
219
218
218
218
218
218
217
217
217
216
216
216
215
215
215
215
215
214
213
213
212
212
212
211
211
211
210
210
210
210
209
209
208
208
208
207
206
206
206
205
205
205
205
204
204
203
203
203
203
202
201
201
201
200
199
199
198
197
197
196
196
196
195
195
194
194
194
194
194
193
193
192
192
192
191
190
190
190
190
190
190
188
187
187
187
187
186
186
186
186
185
185
185
185
185
185
184
183
183
183
183
183
182
182
182
181
181
180
180
179
178
178
177
177
176
176
176
176
175
175
175
175
175
174
174
174
174
174
174
174
173
173
172
172
172
171
170
170
169
168
168
168
168
168
167
166
165
165
165
164
164
164
164
164
163
163
163
162
162
160
159
158
158
158
158
158
157
156
156
156
156
155
154
154
154
154
153
153
153
152
152
152
152
152
150
150
149
149
149
148
147
146
146
146
145
145
145
144
144
143
142
142
142
142
141
141
141
140
140
139
139
139
139
138
138
138
138
137
137
137
137
137
136
135
135
135
135
135
134
134
134
133
133
133
133
133
132
132
132
131
131
131
130
129
129
129
127
127
126
125
125
125
125
123
123
123
123
123
123
122
121
120
120
120
120
119
119
118
118
117
117
117
117
116
116
114
114
114
113
113
112
112
111
111
111
110
110
110
110
110
109
109
108
108
106
106
106
105
103
103
103
101
101
101
101
100
100
98
98
98
98
97
97
97
97
97
97
97
96
96
96
96
96
95
94
94
94
93
93
92
92
92
91
91
91
90
90
90
90
89
89
89
88
88
88
87
87
87
87
87
86
86
85
85
85
85
85
85
84
84
84
83
82
82
82
82
81
81
81
81
81
79
79
79
79
78
78
77
77
76
76
76
76
75
75
74
74
73
73
73
73
72
72
72
71
71
70
69
69
69
68
68
67
67
67
66
66
65
65
65
64
64
63
63
62
62
61
60
60
59
59
59
59
58
58
58
58
57
56
56
56
55
55
55
54
54
54
54
52
51
50
50
50
50
50
50
49
48
47
47
46
46
46
46
46
46
45
44
44
43
43
43
43
42
42
42
41
41
41
41
41
41
40
40
40
