200
400
319
317
317
316
316
316
315
314
309
306
305
305
304
303
303
302
302
300
298
297
297
295
295
292
291
291
291
288
287
286
286
284
284
284
283
282
281
280
279
277
275
274
274
269
264
263
256
254
254
254
251
250
246
246
245
243
242
242
241
240
239
239
238
237
236
234
234
233
233
231
227
227
226
225
224
223
222
222
221
221
221
220
220
219
217
217
217
214
212
210
209
208
206
206
206
205
204
201
198
196
196
191
187
187
184
182
182
179
179
178
176
176
174
173
171
168
167
167
167
165
163
163
161
158
156
154
154
153
152
151
151
149
149
149
148
148
142
141
139
139
137
137
136
135
131
130
128
126
125
125
125
124
123
122
120
120
119
118
117
116
112
110
108
107
105
104
100
96
95
94
92
92
90
89
87
85
85
84
82
76
76
70
68
67
65
62
60
57
56
56
55
53
49
48
46
44
44
43
42
40
