300
300
240
240
240
238
238
238
237
236
236
234
234
234
233
232
231
231
230
230
229
229
228
227
226
226
226
226
224
224
224
224
223
222
221
220
219
219
219
218
217
217
216
215
213
212
211
211
210
209
209
208
208
208
208
207
207
206
206
206
204
204
201
200
200
199
199
197
195
194
194
194
193
192
191
191
191
190
189
189
188
188
188
187
186
186
185
185
184
183
182
182
181
181
180
180
178
178
177
177
176
176
176
176
174
172
172
171
171
171
170
170
169
169
169
168
167
167
165
165
164
163
163
163
163
161
161
158
157
157
157
157
156
156
156
155
154
153
153
152
150
150
149
147
147
146
146
146
145
145
144
144
144
143
142
142
138
138
137
137
136
135
135
134
134
134
133
133
133
132
132
132
130
129
128
128
127
127
126
126
124
123
122
122
116
115
115
115
114
113
112
112
112
112
112
112
111
111
111
110
110
110
110
109
105
105
104
103
103
102
102
102
100
99
99
96
95
93
93
93
92
90
90
89
89
88
88
88
87
86
85
85
85
85
84
83
82
81
80
79
78
78
78
76
74
74
74
73
71
67
66
65
65
65
64
64
63
62
62
61
59
58
58
57
57
57
56
55
55
55
55
55
54
54
52
51
51
51
50
48
48
47
46
45
44
44
44
44
42
42
41
41
40
39
38
37
36
35
35
33
33
30
