400
500
400
399
399
395
395
395
395
394
393
391
391
391
391
389
389
388
388
387
386
384
383
381
381
379
379
378
377
377
376
376
375
375
373
372
371
369
369
369
368
367
367
367
366
364
363
361
359
358
358
356
355
355
354
353
352
352
351
349
347
346
346
345
345
345
345
344
344
343
343
343
342
342
341
340
339
338
336
336
335
334
334
334
333
332
332
331
331
331
329
329
328
328
327
327
323
322
322
321
321
321
321
319
317
316
315
313
310
310
310
309
306
305
305
305
304
303
300
299
298
298
297
297
297
296
296
294
294
293
292
291
290
289
289
289
289
285
284
283
282
282
280
280
280
280
280
279
279
278
278
278
278
278
278
278
277
277
277
273
273
272
271
271
270
268
268
268
268
267
267
266
265
265
264
259
259
258
258
257
255
255
250
249
249
248
248
247
246
246
245
245
245
243
243
242
241
240
239
235
231
231
229
228
228
227
226
226
225
224
224
224
224
224
224
223
222
222
220
220
218
218
218
214
209
208
208
207
207
205
205
203
202
200
199
199
199
199
198
198
196
193
190
188
187
187
186
185
182
181
178
178
178
178
177
177
177
176
176
176
175
172
170
170
170
170
169
169
166
166
165
165
164
162
162
161
161
157
157
156
155
155
155
155
154
153
153
150
149
149
149
148
148
148
145
142
140
139
139
138
138
137
137
137
136
136
135
135
134
134
131
131
130
129
127
127
127
125
121
121
121
120
120
114
114
113
112
111
111
111
110
110
108
107
105
103
103
103
101
99
98
98
97
96
96
95
95
95
93
93
92
91
90
90
88
88
88
88
87
85
84
84
80
80
74
73
73
72
71
71
70
70
68
66
66
66
66
65
65
64
64
64
63
62
61
61
60
60
59
59
59
58
58
56
55
54
54
54
53
53
53
51
