300
500
350
350
348
346
346
346
345
345
344
344
342
342
341
340
336
335
331
327
326
326
326
325
324
323
322
322
321
321
319
318
318
316
315
315
314
311
310
308
307
306
306
305
305
304
303
303
301
301
300
300
300
300
298
297
297
296
295
294
293
291
291
291
289
288
288
287
286
285
283
283
283
282
281
281
280
279
279
278
276
276
275
273
272
271
265
261
260
260
259
258
257
257
257
253
251
249
248
248
245
244
244
243
243
243
243
242
238
237
236
233
233
231
231
230
230
228
228
226
222
221
221
220
219
218
217
216
215
214
213
213
212
209
208
206
205
204
203
202
200
198
197
197
197
196
194
193
191
188
188
187
186
185
185
181
181
181
181
179
178
178
176
176
175
172
171
171
169
169
168
166
165
165
165
164
164
162
161
161
160
160
158
156
156
155
154
154
154
153
153
152
152
150
149
147
146
145
145
144
141
140
139
137
136
135
134
133
131
130
129
129
128
126
126
125
124
124
124
121
121
120
119
118
117
115
113
111
109
109
109
108
108
107
107
105
104
104
102
102
102
102
102
99
98
98
96
96
96
95
94
93
93
91
91
91
91
90
89
88
88
87
86
86
85
83
82
82
81
80
76
75
74
74
74
68
67
67
67
67
66
66
65
65
64
64
62
62
60
59
57
56
56
55
54
53
53
52
52
51
51
51
