300
500
349
348
346
346
344
339
338
337
336
335
334
331
330
330
328
327
326
326
325
325
323
322
319
319
318
317
317
316
316
316
315
315
315
314
314
314
314
313
313
311
310
310
309
309
307
305
303
302
302
301
299
298
298
297
297
297
296
296
296
295
294
294
293
291
290
289
288
286
286
284
284
282
281
280
280
279
279
279
279
278
278
274
274
273
273
273
272
272
272
272
271
271
270
269
269
268
267
265
262
261
260
259
259
258
257
257
255
253
250
248
248
248
244
244
244
243
242
240
240
240
238
236
235
233
232
231
231
231
231
230
230
230
229
229
228
226
226
220
219
218
218
217
216
215
213
213
213
213
212
212
211
210
210
209
208
208
206
206
205
203
200
198
197
196
195
194
193
192
191
190
187
187
187
187
186
186
184
182
181
179
178
177
177
177
176
175
173
172
172
170
169
169
168
168
167
167
166
165
164
160
159
159
159
157
155
154
154
154
153
153
150
150
150
149
149
149
146
145
145
144
144
143
138
137
137
136
135
134
133
133
132
131
129
128
128
126
124
124
123
123
120
120
119
119
119
119
118
116
115
113
110
110
108
107
106
106
103
102
102
98
93
92
86
86
84
84
84
83
83
81
79
77
77
75
74
72
71
71
70
68
67
67
65
64
63
62
62
62
62
62
60
59
59
58
56
56
53
52
52
51
