200
200
140
139
139
139
139
139
137
136
136
134
134
133
133
133
133
133
132
132
130
129
129
128
126
126
124
124
124
123
123
122
122
120
120
119
119
117
117
116
115
114
114
114
113
112
112
112
111
111
110
110
109
109
109
108
108
106
106
106
105
105
103
103
103
102
102
100
100
100
99
99
98
98
97
96
94
94
94
93
93
93
93
93
93
91
90
90
90
89
89
89
88
87
86
85
83
81
80
80
80
80
79
78
78
78
77
77
77
76
75
75
74
74
73
72
71
70
70
70
68
68
67
67
67
66
65
65
64
64
63
62
61
61
60
60
60
58
58
55
55
54
54
53
53
52
52
51
51
49
48
47
47
45
45
44
43
42
42
42
41
41
40
40
39
38
38
38
37
37
37
37
36
35
35
34
33
33
32
32
32
31
30
30
29
29
29
27
27
27
24
24
24
22
22
21
21
21
21
20
20
20
