300
1000
699
692
690
689
688
688
684
683
681
680
675
673
673
670
665
663
663
662
660
658
656
652
650
650
649
644
641
639
639
638
637
635
635
632
629
628
623
623
622
621
621
619
619
618
611
610
608
608
608
607
607
606
602
601
598
598
596
594
594
593
593
591
590
587
585
583
582
580
579
578
578
576
575
575
573
573
572
571
570
569
568
567
565
561
558
557
553
552
550
549
546
544
544
543
540
539
538
538
537
536
536
535
534
531
528
527
525
525
525
524
522
520
517
516
514
514
510
510
503
496
494
494
493
490
488
486
482
481
481
479
478
478
477
477
473
471
470
469
468
468
468
465
463
461
457
457
456
453
452
451
446
443
443
442
441
440
438
433
432
431
430
430
428
426
426
422
421
418
416
414
410
409
408
407
405
405
403
403
402
401
398
394
391
390
389
388
386
385
385
385
385
383
382
381
380
380
379
378
377
373
371
369
363
363
361
359
359
358
356
356
355
353
350
350
349
348
347
344
343
342
341
338
335
334
333
331
325
325
324
323
321
318
318
317
317
316
316
315
314
313
312
310
308
307
307
306
304
296
296
294
293
292
292
292
291
291
284
278
277
273
272
271
270
264
263
263
254
253
250
250
250
248
248
247
243
243
242
238
236
236
235
234
229
224
220
216
215
215
214
214
211
209
209
208
208
207
203
203
201
200
