400
1000
800
797
797
795
793
792
791
789
788
786
781
781
779
779
778
778
775
775
771
768
767
766
760
759
758
751
750
749
748
746
742
738
735
733
733
731
729
723
722
721
721
718
715
715
713
712
712
708
704
704
701
700
700
700
698
697
694
690
689
689
689
688
687
686
684
684
683
682
679
679
676
674
673
672
672
670
669
666
664
664
656
656
655
655
647
645
644
640
640
638
637
634
631
627
626
620
617
616
616
616
614
613
611
611
610
610
609
607
606
606
602
601
600
598
594
593
591
590
590
589
589
587
587
587
585
585
582
581
580
577
572
569
568
568
567
565
564
562
562
561
561
555
554
554
553
552
552
551
548
548
538
534
532
530
529
529
529
528
528
527
527
527
521
520
520
520
517
517
516
516
516
515
515
508
504
503
499
496
494
492
490
488
485
483
482
481
480
476
474
473
473
470
469
465
464
463
461
456
455
455
452
451
446
445
443
438
437
437
437
437
434
434
432
432
431
430
429
428
424
422
422
421
419
418
417
415
414
413
406
406
406
402
399
397
392
391
388
388
387
387
387
386
384
382
378
378
376
371
371
369
368
361
359
359
358
357
356
356
351
351
347
345
345
343
341
340
340
338
334
331
330
327
326
319
319
318
315
315
314
310
307
306
305
304
304
302
299
294
287
286
284
281
277
276
275
273
272
267
267
266
264
263
263
260
257
255
255
251
248
247
247
244
243
242
239
237
235
235
234
234
231
231
227
227
226
222
221
221
215
212
212
211
211
210
205
202
201
201
194
191
189
189
188
184
184
182
178
176
172
171
170
170
169
168
167
167
166
166
165
162
159
158
157
155
155
154
153
153
152
149
147
147
146
144
143
141
139
139
134
134
132
130
129
121
118
118
113
109
109
109
109
108
108
105
104
104
103
102
101
100
