200
500
399
398
397
395
393
391
391
390
386
386
385
385
385
383
379
378
376
376
376
374
374
372
370
369
359
356
355
354
353
352
352
352
352
348
347
345
345
343
342
341
338
334
334
332
332
330
329
328
328
328
327
323
323
323
322
321
320
319
318
316
314
314
313
313
312
311
311
309
308
306
305
301
299
298
296
294
294
291
290
286
286
282
281
279
278
278
273
272
270
270
269
269
267
264
263
261
260
260
259
258
255
252
252
251
251
249
247
243
243
241
241
240
240
239
239
236
234
232
231
231
230
228
228
228
223
223
220
220
215
215
210
209
209
202
200
199
198
197
196
195
195
195
195
194
191
191
190
189
189
186
186
184
182
179
179
178
176
174
173
172
163
158
156
156
155
151
148
148
147
146
143
143
140
138
137
135
134
133
131
131
126
126
124
123
122
121
120
119
117
116
116
116
114
113
112
110
109
104
102
100
