200
500
399
398
397
397
395
394
393
391
388
387
387
387
385
385
384
384
384
381
380
379
378
375
371
370
366
365
365
365
364
363
360
359
357
357
355
352
352
351
350
350
349
349
345
344
341
339
333
330
330
330
329
329
329
328
327
324
324
322
317
316
316
314
312
310
310
308
308
306
305
305
304
301
301
301
297
296
296
296
296
295
288
286
285
285
285
283
283
281
280
279
278
276
275
275
274
266
263
261
261
260
260
259
259
258
253
252
251
248
243
243
240
233
233
230
230
229
228
226
225
225
221
221
220
218
218
217
213
210
208
207
206
204
202
202
201
201
201
197
194
193
193
191
190
190
185
182
181
179
179
178
178
177
175
174
169
168
166
164
158
158
155
154
154
152
151
148
147
145
145
141
140
140
140
138
137
137
135
135
133
129
127
127
125
123
122
121
121
120
120
119
118
114
111
111
111
109
107
104
101
100
