400
1000
699
697
696
696
693
692
689
682
682
682
682
681
677
675
673
671
669
667
665
665
664
663
662
660
658
657
655
650
649
648
646
646
646
646
640
637
636
635
634
633
632
632
631
630
627
627
626
624
620
618
616
616
614
613
613
612
610
608
606
604
604
603
603
603
601
601
600
598
595
594
594
593
589
588
587
586
586
583
583
580
578
578
578
577
576
575
575
571
571
570
570
567
567
565
564
564
563
560
559
557
556
554
552
551
549
549
543
542
541
540
540
540
539
539
539
536
535
535
534
532
532
531
530
530
528
525
524
523
523
519
515
512
510
510
510
510
509
509
504
504
504
502
499
499
496
496
495
495
484
484
482
481
479
475
475
473
472
469
468
468
466
465
465
464
462
461
460
459
458
457
456
454
454
453
452
448
446
444
444
444
443
440
438
438
438
436
434
433
432
432
431
430
427
425
422
421
420
420
419
419
418
416
413
411
410
410
410
409
408
408
406
406
406
405
404
402
401
398
396
394
394
391
387
386
385
384
381
381
381
380
380
380
380
375
372
372
372
369
368
367
366
364
362
359
358
356
353
353
351
351
349
349
349
348
348
346
345
343
342
341
341
337
337
336
334
332
330
329
329
328
328
325
321
317
317
316
316
315
315
308
307
305
305
301
297
295
293
290
288
288
286
284
281
281
279
279
278
278
277
277
274
273
271
269
269
265
262
261
261
255
253
253
250
249
244
243
242
237
236
236
236
235
233
230
227
227
225
224
223
223
220
220
217
217
216
216
213
208
199
198
197
197
196
194
190
187
186
186
186
184
181
181
180
180
179
178
176
175
169
165
164
164
162
160
159
159
158
156
155
153
153
151
149
149
149
146
145
145
143
143
143
143
141
137
130
129
128
127
126
126
123
121
119
114
111
110
107
107
104
103
