200
500
400
397
392
387
387
386
385
381
378
375
372
365
363
361
360
357
356
356
354
351
348
347
347
337
336
334
331
329
328
328
328
326
325
324
324
322
317
314
313
313
312
311
311
311
306
305
303
303
299
294
294
288
285
284
283
282
281
280
279
279
278
273
273
272
272
266
263
258
256
256
255
254
252
251
245
245
244
244
244
237
235
235
234
233
233
231
229
227
226
217
217
216
212
212
212
212
212
208
205
204
202
199
195
195
194
194
193
189
189
187
187
187
185
182
181
181
180
179
178
178
173
172
169
163
163
162
161
159
157
154
151
151
149
149
148
145
144
144
143
143
142
141
136
135
133
132
131
129
127
127
127
125
123
122
121
121
118
113
113
113
112
112
112
109
108
107
107
106
103
103
102
100
99
97
95
95
95
92
87
85
84
80
79
76
75
74
74
74
73
72
69
68
68
66
61
58
56
53
51
50
