200
750
596
581
581
577
572
571
563
557
550
545
544
543
543
530
521
513
512
509
509
502
502
501
501
501
496
493
493
490
490
488
488
479
474
472
467
466
463
462
461
458
457
457
457
456
456
455
455
451
447
445
445
445
442
442
441
440
437
437
436
434
432
430
427
426
423
421
419
418
414
412
412
411
411
410
406
406
403
403
402
401
398
397
397
391
391
391
383
382
379
379
379
374
373
372
371
371
369
367
355
353
353
352
349
348
347
347
347
346
345
345
344
341
338
338
333
332
331
329
328
327
324
321
320
320
317
309
308
302
301
298
298
297
294
292
291
288
286
284
284
283
281
275
274
272
269
269
262
256
254
252
252
248
248
244
242
241
236
234
232
231
230
230
227
227
226
225
224
224
223
221
221
221
219
218
210
209
209
207
200
199
196
192
190
188
186
186
179
178
177
173
173
169
168
168
162
162
162
157
157
151
