750
400
319
318
318
317
317
316
316
315
315
314
314
313
313
313
312
312
312
311
311
311
311
311
311
310
310
310
310
309
308
307
306
306
306
305
305
305
304
304
304
304
303
302
302
302
302
301
301
300
300
299
299
299
299
299
298
298
298
297
297
296
296
295
295
295
295
295
295
294
294
294
294
294
294
293
293
293
292
291
291
291
291
291
290
290
290
290
289
288
287
287
287
287
287
286
285
285
285
284
284
284
283
283
281
281
281
281
281
280
280
279
279
277
277
277
277
276
276
276
276
276
275
275
275
275
274
274
274
274
274
274
273
273
273
273
272
272
271
271
271
270
270
270
269
269
269
269
268
268
268
268
267
267
267
267
267
266
266
266
264
264
264
263
263
263
263
263
263
262
262
262
262
261
261
260
260
259
259
259
257
257
257
257
256
256
256
255
255
255
254
254
254
254
253
253
253
253
253
253
252
252
251
251
250
250
250
249
249
249
248
248
246
246
246
246
245
245
245
245
245
245
244
244
244
244
244
243
242
241
241
241
241
240
240
240
239
239
239
239
238
238
238
238
238
237
237
236
236
236
235
235
235
234
233
233
232
232
231
231
231
231
230
229
228
228
228
228
227
227
226
226
225
225
223
223
222
222
222
222
222
221
221
221
221
221
221
220
220
220
219
219
218
217
216
216
216
216
215
214
214
213
213
213
213
213
212
212
211
211
211
211
211
210
210
209
209
209
209
208
208
206
206
206
205
205
205
205
204
204
204
203
203
203
203
202
202
201
201
201
200
199
198
197
197
197
196
195
194
194
193
192
192
192
191
191
190
189
189
189
188
187
186
186
185
184
184
184
183
183
182
182
182
181
181
181
180
180
179
179
178
178
177
177
177
176
176
176
176
175
175
175
175
173
172
172
172
171
171
169
169
169
169
168
168
168
168
168
168
167
167
167
167
167
166
166
165
165
165
163
163
162
161
159
159
159
159
158
158
158
158
157
157
156
155
155
155
155
155
154
153
153
153
152
152
152
151
151
151
150
150
150
149
149
148
148
147
147
146
146
146
146
146
145
145
144
144
144
144
144
143
142
142
141
140
140
140
140
139
139
139
139
139
138
138
137
136
136
136
136
135
135
135
134
134
134
133
133
132
132
132
131
131
130
129
128
128
128
128
127
127
126
126
126
126
126
125
124
124
124
123
123
122
122
122
122
122
120
120
119
119
119
119
118
118
118
117
116
116
116
115
115
115
114
113
113
113
113
113
113
113
112
112
112
112
111
111
110
110
110
109
109
109
108
108
107
107
107
105
105
104
104
104
104
101
101
101
100
100
99
99
99
98
98
97
96
96
96
96
95
95
93
93
93
93
93
92
92
91
91
90
90
89
89
88
88
88
88
87
87
87
87
86
86
86
86
86
85
85
85
84
84
83
83
83
83
83
83
83
82
82
82
81
80
79
79
79
79
78
78
76
76
75
75
72
72
72
72
71
71
71
70
70
70
70
70
70
69
69
69
69
69
68
68
67
67
66
66
66
65
65
65
65
64
64
63
63
63
62
62
62
62
61
61
60
58
58
58
58
57
57
57
57
56
56
56
56
56
56
56
56
56
55
54
53
53
53
52
52
51
51
50
50
49
49
49
49
49
48
48
47
47
47
47
47
47
46
46
45
45
45
44
44
43
43
42
42
42
42
42
42
41
41
41
41
41
41
40
40
40
40
40
