400
400
280
280
279
279
279
278
277
276
275
275
273
272
272
272
272
272
271
271
270
270
270
270
269
268
268
266
266
266
263
262
262
261
260
260
257
256
256
255
254
254
254
254
253
252
252
252
251
250
250
250
247
247
246
245
245
243
243
243
243
242
241
240
240
239
238
238
238
238
236
235
235
234
234
233
232
232
229
227
227
226
226
226
226
225
225
225
225
224
224
224
223
223
221
219
219
219
218
217
217
217
216
215
213
213
212
212
212
210
210
208
207
205
205
205
204
202
202
202
202
201
201
200
200
200
199
198
198
196
195
194
194
193
193
193
192
192
191
190
190
189
189
188
188
188
188
188
188
187
186
186
186
185
185
184
184
184
183
183
183
183
182
181
181
180
180
180
180
179
179
177
176
176
175
174
174
173
172
171
169
168
168
167
167
166
164
163
157
156
156
156
154
153
153
152
152
151
151
150
150
150
149
148
148
148
147
146
146
145
145
143
143
143
142
141
139
138
138
138
138
136
136
136
136
135
135
135
134
133
133
132
132
132
132
131
131
131
130
130
129
128
128
128
126
125
123
123
122
122
121
121
120
119
118
118
116
115
115
114
114
113
112
112
111
111
111
110
110
110
110
109
109
109
108
108
107
106
106
105
105
105
103
102
102
102
101
101
100
99
98
98
97
97
96
96
96
95
95
94
93
93
93
93
93
92
92
92
91
91
91
90
89
88
88
87
87
86
85
85
84
84
83
83
83
83
82
79
76
75
75
75
74
73
73
73
73
73
72
71
70
70
70
70
69
69
68
67
67
66
63
62
62
61
61
60
60
59
59
58
57
57
56
56
56
55
55
55
55
54
54
54
52
52
51
51
51
51
50
49
49
48
48
47
46
45
44
44
43
43
43
43
43
43
42
42
42
41
41
40
40
40
