300
300
210
210
209
209
209
209
209
208
208
207
206
205
205
204
204
204
203
203
203
203
202
202
202
202
201
201
201
200
200
199
198
198
198
198
198
197
195
195
195
194
193
192
192
192
191
191
189
189
188
188
187
187
186
185
184
184
183
183
183
182
182
182
181
178
178
178
176
176
175
175
175
175
175
175
174
174
174
173
173
173
173
172
172
171
171
171
171
170
170
170
169
169
169
169
166
166
164
164
164
163
163
163
163
162
162
162
162
161
161
161
161
160
159
158
157
156
155
155
154
153
153
150
150
149
149
149
148
148
148
148
148
147
146
146
145
145
144
143
143
142
140
140
140
140
140
140
140
139
138
138
138
138
137
137
137
137
136
135
134
134
132
132
129
128
127
127
127
126
125
125
124
122
122
122
122
122
121
121
121
119
119
119
118
118
118
118
117
117
116
116
115
115
114
113
112
111
111
110
109
108
106
106
105
105
104
104
104
103
103
102
102
102
102
102
101
100
100
100
100
99
98
98
97
96
96
96
96
94
94
93
93
91
91
91
90
90
89
89
89
89
89
89
89
88
88
87
87
85
85
85
85
84
84
83
83
83
83
82
82
81
81
81
80
80
79
79
77
76
76
76
76
75
75
74
73
73
73
73
72
72
71
71
70
70
69
67
67
66
66
65
65
64
64
64
63
62
62
60
60
60
