400
500
400
400
398
398
397
397
396
393
392
392
391
390
388
388
388
388
387
387
385
385
384
383
383
382
381
381
381
380
380
379
379
377
376
376
375
373
373
373
372
372
371
371
370
370
369
367
365
365
364
364
363
363
363
362
362
361
361
359
359
357
356
355
355
355
354
354
353
351
350
349
349
349
348
347
347
345
343
343
343
342
342
341
339
337
337
334
333
331
330
326
326
326
326
324
324
324
323
320
320
320
318
317
316
316
315
315
315
314
313
312
312
312
312
312
311
308
308
307
306
305
305
304
303
302
301
301
300
299
299
297
296
295
295
295
295
293
293
292
291
290
289
289
288
287
286
285
284
284
284
283
283
282
282
281
280
279
279
279
278
276
275
275
274
274
274
272
272
272
270
268
268
268
267
266
266
265
263
262
262
262
261
258
257
257
256
256
253
252
251
249
248
248
248
248
248
247
247
247
246
246
245
244
244
244
243
243
243
243
243
243
241
240
239
238
238
238
238
238
237
235
234
234
234
233
233
231
228
228
227
227
225
224
221
221
220
219
218
218
218
218
217
217
216
216
215
215
214
214
213
212
212
212
212
212
211
211
210
208
208
207
207
206
205
205
204
204
202
201
201
200
200
200
199
197
196
194
194
193
193
192
190
190
189
189
188
188
187
186
186
185
184
183
183
182
182
181
181
180
178
178
178
178
177
177
177
176
175
174
173
172
170
167
164
162
162
161
161
160
160
159
158
157
156
155
155
154
153
153
153
153
152
151
150
149
149
147
147
146
146
145
144
144
143
143
142
141
140
140
137
136
135
135
134
134
133
132
132
130
128
128
126
126
125
125
124
123
123
122
120
120
119
119
119
116
116
115
115
115
114
113
112
112
111
111
110
110
108
106
106
105
105
105
104
102
102
102
101
101
100
100
