300
750
516
512
511
511
509
509
505
503
502
502
501
498
497
496
495
493
493
492
492
490
490
490
489
486
486
480
480
479
477
475
472
470
466
465
464
462
458
457
457
456
456
449
448
448
448
447
447
447
446
446
444
439
437
436
435
434
430
428
427
426
424
424
424
422
421
421
419
417
417
417
416
416
411
411
407
406
405
399
399
398
393
393
392
392
392
390
388
386
385
385
385
384
383
382
381
380
379
376
376
372
363
362
361
360
359
358
358
356
354
353
353
349
347
345
345
343
343
343
340
339
339
339
339
338
336
335
334
333
333
332
332
332
331
324
323
321
319
319
319
319
314
314
313
311
311
310
306
304
304
301
301
299
299
298
297
295
295
293
293
288
285
280
279
276
275
275
274
272
271
270
270
269
269
268
268
266
263
261
258
255
255
250
249
249
246
244
243
242
242
239
238
237
235
233
232
232
231
231
229
228
227
227
227
220
218
213
211
209
209
208
207
201
201
200
198
198
197
197
195
194
193
192
190
189
189
188
188
185
185
183
183
183
182
182
181
177
177
176
176
174
174
174
173
173
173
169
168
168
167
165
164
164
164
162
159
158
154
151
142
138
138
136
135
134
132
132
128
124
122
120
120
119
118
115
113
110
109
107
107
105
105
102
101
99
98
98
97
96
94
94
94
94
93
92
90
88
88
80
76
75
