400
1000
799
797
795
794
793
792
791
787
779
773
771
769
768
768
768
767
766
764
764
763
760
756
754
753
752
752
749
747
746
746
746
746
746
743
742
736
731
728
727
727
726
724
720
720
716
716
714
712
712
710
707
704
703
701
699
698
697
696
693
692
692
692
690
690
689
689
687
686
685
683
683
683
675
675
674
673
673
672
672
668
668
667
663
661
657
657
657
656
653
649
648
647
647
647
646
645
644
643
640
640
638
638
636
635
635
632
631
631
627
623
619
618
617
614
613
608
608
607
603
602
601
601
599
599
594
593
592
589
587
586
585
584
584
583
582
580
579
576
575
572
569
568
568
565
562
561
559
558
557
555
554
553
552
548
539
538
537
534
534
533
532
527
524
524
524
519
514
510
509
509
506
505
505
505
503
499
499
497
495
494
492
491
488
487
487
486
483
482
482
474
473
470
469
469
467
464
462
458
454
454
453
451
449
449
447
446
445
441
441
440
440
438
435
432
429
429
429
428
427
427
424
424
421
420
418
415
413
410
410
409
401
399
399
398
397
395
393
393
391
388
386
385
381
381
380
377
376
374
369
368
366
364
361
359
359
358
357
356
352
345
341
340
337
336
334
333
330
325
323
323
322
321
315
315
315
313
313
312
312
307
304
304
303
302
302
298
297
296
295
289
289
287
284
282
281
279
277
272
271
271
271
268
267
267
267
264
264
263
263
259
256
254
249
249
246
245
244
239
239
238
238
236
230
228
227
225
221
220
215
208
208
207
203
199
198
197
196
196
191
191
189
188
188
188
185
184
183
182
176
175
171
170
165
163
162
161
159
156
154
151
150
150
149
145
144
144
144
144
142
140
139
138
137
136
133
131
129
129
128
128
128
126
126
123
120
117
117
115
115
115
114
113
113
111
110
109
106
103
102
101
