200
400
317
315
315
314
313
313
312
311
310
310
308
308
308
307
306
305
304
303
301
301
299
299
298
297
292
292
290
289
286
283
281
281
280
279
278
277
276
275
272
272
272
269
267
267
266
266
265
264
261
256
255
254
254
253
252
252
251
251
250
250
248
246
243
242
242
241
240
240
238
237
236
235
235
235
234
232
230
229
228
227
227
227
227
225
224
224
223
221
220
220
218
209
208
206
206
205
205
204
203
201
199
196
196
196
194
194
191
191
190
189
188
187
187
186
185
184
182
181
178
176
174
173
173
172
170
170
168
167
163
162
161
160
160
159
159
159
157
156
155
155
155
152
151
151
148
146
145
144
143
141
140
140
139
139
137
133
132
132
127
127
127
126
123
123
123
122
121
119
119
118
117
117
116
115
114
114
113
113
112
110
109
108
108
104
104
103
102
100
96
96
94
93
92
89
87
87
85
82
81
80
