200
1000
798
794
790
789
789
786
782
779
778
778
775
772
770
769
767
765
762
758
758
756
756
750
749
740
739
738
736
735
731
725
725
721
719
719
719
717
716
715
714
710
709
704
700
690
687
684
681
679
679
657
656
653
649
638
636
635
630
630
626
622
616
612
611
608
607
604
604
596
593
592
591
591
588
580
579
570
569
561
561
559
558
557
556
555
547
545
545
541
540
539
538
538
538
537
533
533
533
532
527
525
523
519
509
501
500
497
492
492
491
490
488
485
474
473
466
462
459
458
458
453
449
448
447
446
439
433
433
432
431
424
419
413
409
409
406
404
403
398
390
388
387
386
370
367
366
365
364
364
363
361
360
354
347
345
345
345
343
341
339
328
327
327
326
326
324
306
304
303
303
301
301
301
300
299
287
280
275
262
248
248
244
243
243
238
235
234
234
228
227
222
221
212
211
211
209
209
203
203
202
202
