750
750
525
524
524
522
522
522
519
519
518
518
517
517
517
516
516
516
515
515
514
514
513
513
512
511
511
511
511
511
510
510
510
510
509
509
509
509
508
508
507
507
506
506
506
506
506
505
505
504
504
504
504
504
503
503
503
503
502
500
500
500
500
499
498
498
498
497
496
495
495
494
494
493
493
493
493
493
493
492
492
491
491
490
490
490
489
489
489
488
488
487
486
486
486
486
486
486
485
485
485
484
484
484
483
483
483
483
483
482
482
482
481
480
480
480
479
479
479
479
478
478
477
474
472
472
470
468
467
467
465
465
464
464
463
463
462
462
461
461
461
461
460
460
460
460
459
459
459
458
457
457
456
456
456
455
455
454
453
453
453
452
452
452
451
450
450
448
448
447
447
445
444
444
444
443
439
439
438
438
437
436
436
435
434
434
434
433
433
433
433
432
431
430
429
429
428
428
427
427
427
426
425
425
423
423
423
422
421
420
419
419
418
418
417
417
417
416
416
416
416
415
414
414
414
413
412
412
412
412
412
411
410
410
407
407
407
407
406
406
405
404
404
404
403
403
402
402
402
400
400
399
399
398
398
397
396
396
395
395
395
394
394
393
393
393
393
392
391
391
390
390
388
388
386
386
386
386
386
386
386
385
385
385
385
384
383
383
382
381
381
380
379
379
379
379
379
379
379
377
376
376
375
375
374
374
374
373
373
373
372
372
371
370
369
369
368
368
367
366
366
365
364
363
363
362
362
362
362
361
360
360
359
359
359
359
358
357
357
357
356
355
355
354
353
352
352
352
352
351
350
350
349
349
348
348
348
345
345
345
345
344
344
344
343
343
342
341
340
340
340
340
339
339
339
338
338
337
337
336
336
336
335
335
334
334
333
333
333
332
332
331
329
329
328
328
328
328
328
328
327
327
326
324
324
324
323
322
322
322
321
321
321
320
319
318
318
317
317
316
316
316
316
315
315
314
314
314
314
313
313
312
312
312
310
310
309
309
308
307
307
306
305
305
304
303
302
302
301
301
301
300
300
297
296
296
296
296
296
295
295
295
294
294
293
293
291
291
290
290
289
289
289
288
288
288
287
287
287
286
285
285
285
285
284
284
284
283
283
283
282
282
282
281
281
280
280
280
280
280
280
279
279
279
278
277
276
276
276
275
275
275
274
273
273
271
271
270
268
268
268
266
266
266
266
264
264
264
263
263
262
260
260
260
260
260
259
259
258
258
255
255
255
254
253
252
252
252
251
251
249
248
248
245
245
245
245
244
243
243
243
241
241
241
240
239
239
239
237
237
236
236
235
234
234
233
233
233
233
230
230
229
229
229
228
228
227
227
226
226
225
225
225
224
223
223
222
221
221
220
220
220
219
219
218
218
218
217
217
216
216
215
215
214
214
214
213
212
212
212
212
211
211
210
209
209
209
208
207
207
207
207
207
207
206
206
206
206
205
205
205
204
204
203
203
202
202
201
201
200
200
198
197
197
197
197
196
196
196
194
194
194
193
193
193
192
192
192
192
191
190
190
189
189
188
187
186
185
185
185
185
183
183
182
181
180
180
180
180
180
180
180
178
178
177
177
177
176
176
176
175
175
175
175
174
174
174
174
173
172
172
172
172
172
172
171
171
170
170
169
168
168
167
167
166
165
165
165
164
164
163
163
163
163
162
162
162
161
161
159
156
156
155
155
155
155
154
154
152
152
150
150
