750
750
600
599
598
597
597
596
595
595
594
594
594
594
593
593
592
591
591
591
591
591
590
589
589
588
588
588
588
587
586
585
585
585
584
583
583
583
582
582
581
581
580
580
580
578
578
578
577
577
576
576
573
572
572
572
571
571
570
569
569
568
568
568
568
567
566
564
564
564
563
563
562
562
561
561
561
560
559
557
554
554
552
552
551
550
550
550
550
549
549
548
546
545
545
544
544
544
544
543
543
542
542
542
542
542
541
541
540
540
539
539
539
538
538
537
537
537
535
535
534
534
534
533
531
531
531
530
530
530
529
528
527
526
526
524
524
524
524
521
520
516
516
516
515
513
513
513
512
512
512
512
511
510
509
508
508
508
507
506
506
504
503
503
502
501
501
501
500
500
500
500
499
499
499
498
498
497
497
495
494
494
494
494
493
493
493
492
492
490
490
490
489
488
488
487
486
486
486
485
485
485
484
484
484
484
483
481
481
479
479
478
476
476
475
474
474
473
471
471
471
470
469
467
467
466
466
466
466
466
465
464
462
459
458
458
456
456
456
456
455
455
454
454
454
453
453
453
452
451
450
450
449
447
447
447
446
446
446
445
443
441
439
439
438
438
437
437
437
436
435
435
434
434
433
432
432
432
432
432
431
431
431
431
429
428
427
427
427
426
426
426
425
425
424
423
423
421
421
421
420
418
418
417
413
412
412
412
409
409
409
408
408
408
407
407
406
405
405
405
404
404
403
401
401
400
400
399
398
398
397
396
395
394
394
393
393
391
391
391
390
390
390
388
387
387
387
387
385
384
384
384
380
380
380
377
377
376
376
376
375
375
375
375
374
373
372
371
371
371
370
369
368
367
367
366
366
366
365
364
364
363
362
362
362
361
361
360
359
359
358
358
358
357
357
356
355
354
354
354
354
353
352
352
352
352
351
351
351
351
350
349
349
348
348
347
347
346
345
345
344
344
344
343
343
343
343
342
342
342
342
342
341
340
340
340
340
338
338
338
337
336
336
336
336
335
334
334
334
333
333
330
330
329
329
329
329
329
328
328
328
328
328
327
326
325
323
323
322
322
322
321
320
320
320
319
318
317
317
317
313
313
313
312
311
311
311
306
306
305
304
304
303
302
302
301
301
297
297
297
297
295
295
293
291
290
290
290
289
289
289
289
289
289
288
288
287
287
287
287
286
285
285
284
284
282
282
281
280
280
280
278
278
276
276
275
275
275
274
274
273
272
272
272
271
271
271
271
270
269
268
267
267
267
266
265
265
265
265
264
263
263
263
262
262
260
260
260
259
258
257
257
256
255
255
255
255
255
254
254
254
252
251
251
251
250
249
248
248
247
247
246
246
245
245
243
242
242
242
242
241
240
239
239
239
238
237
236
236
236
235
233
232
232
231
231
230
230
229
229
229
226
226
226
226
225
225
224
224
224
223
222
220
219
219
219
217
217
217
216
216
216
216
215
215
214
214
213
213
212
212
212
211
211
210
209
209
209
208
208
207
207
206
206
206
205
205
204
203
203
203
203
203
202
201
201
200
198
198
197
197
197
196
195
194
193
192
191
191
190
189
189
188
187
185
185
185
183
182
182
180
180
180
179
179
179
178
177
177
177
177
176
176
174
174
174
173
173
173
173
171
170
170
169
169
169
168
168
167
166
165
164
164
164
164
161
161
160
159
159
159
157
157
157
156
155
155
152
152
151
150
150
