300
750
599
597
594
592
587
586
584
578
574
569
568
567
566
566
562
562
559
559
559
557
556
553
547
541
541
540
539
537
535
535
533
533
532
531
531
531
530
526
525
523
523
523
522
521
516
516
513
512
511
508
507
506
505
504
497
496
495
495
493
493
490
489
488
487
487
486
486
485
484
482
482
481
479
476
476
473
472
472
471
471
470
469
469
469
468
468
468
464
463
462
462
462
461
460
460
453
451
450
450
448
446
444
443
442
434
434
433
432
429
428
428
427
426
423
422
421
420
420
420
417
417
415
415
413
411
410
410
406
406
406
402
402
401
400
398
398
398
396
393
393
391
390
389
388
386
385
384
381
380
379
379
378
378
378
378
377
376
372
371
371
370
367
367
367
365
362
361
359
359
354
353
337
336
334
332
331
331
328
326
325
323
323
322
320
320
320
320
318
317
316
315
314
312
311
310
309
306
299
299
299
299
296
296
294
294
290
290
286
284
284
284
284
282
281
281
280
280
280
278
276
275
275
273
273
266
265
261
257
255
253
251
250
250
249
249
249
248
245
244
241
239
232
229
229
229
229
227
226
224
224
223
221
220
217
217
217
216
215
214
214
212
210
208
207
204
204
203
201
201
200
198
197
195
194
193
190
190
189
183
178
178
174
172
172
172
170
169
168
167
166
165
164
164
162
162
161
159
154
152
151
