400
300
210
210
210
208
207
207
207
207
207
207
206
206
206
206
206
206
205
204
203
202
202
201
201
200
197
197
197
196
196
196
195
194
194
194
193
193
192
192
191
190
190
190
190
189
189
189
189
189
189
188
188
188
187
187
186
186
185
185
185
184
184
184
184
183
183
183
183
183
181
181
180
178
178
178
177
177
176
176
175
175
175
175
175
174
173
173
173
172
172
171
171
171
170
170
169
168
167
166
166
166
166
165
165
165
164
164
163
162
162
161
161
160
160
159
159
158
158
157
157
157
156
155
155
153
152
151
149
149
149
148
148
148
148
147
146
145
145
145
145
144
143
143
142
141
141
140
140
140
140
139
137
137
136
136
135
135
134
134
134
134
133
131
131
131
130
130
130
129
129
129
128
128
128
127
126
125
125
124
124
123
122
122
119
119
118
118
117
117
117
117
117
116
116
116
116
116
116
116
114
114
113
112
112
112
111
110
110
109
109
109
108
108
107
106
106
103
102
102
100
100
99
99
98
97
96
96
96
95
95
95
95
94
93
93
93
92
92
92
91
90
90
89
89
89
88
88
87
87
86
86
86
85
85
85
85
85
85
85
85
84
83
82
82
82
82
81
81
80
80
79
78
78
77
77
77
76
76
75
75
75
75
75
75
75
73
73
72
72
72
72
71
71
70
70
70
69
69
69
68
68
67
67
66
66
66
65
65
65
64
64
64
64
62
61
60
60
59
59
59
59
58
58
58
58
57
57
57
57
56
55
55
55
55
54
54
54
53
53
52
51
51
51
51
50
50
50
50
49
48
48
47
46
46
46
46
46
45
45
45
44
44
44
43
43
43
42
42
42
41
41
41
41
41
40
39
39
38
38
38
37
37
36
36
36
36
35
35
35
34
34
34
33
33
32
31
31
30
30
30
30
