400
300
240
240
240
239
238
238
238
237
237
237
237
237
235
235
235
235
235
235
234
233
233
233
232
232
232
232
232
231
231
230
230
230
230
229
228
228
228
228
227
227
226
226
225
224
224
224
224
224
224
222
222
222
222
220
220
219
219
218
218
216
216
215
215
214
214
214
214
213
213
213
212
212
212
211
210
210
208
208
207
207
206
206
206
205
205
204
204
202
202
202
201
201
200
200
200
199
199
196
196
196
196
194
194
193
190
190
189
189
188
188
187
187
187
187
187
186
185
184
184
184
184
183
182
181
181
181
180
180
180
180
180
179
179
179
179
177
176
176
175
175
175
174
174
174
173
173
173
173
172
172
172
171
171
171
170
170
170
170
169
169
168
167
166
166
165
164
164
164
163
163
162
162
162
162
161
160
160
160
159
159
157
157
156
156
155
155
155
154
153
152
152
152
152
152
151
150
150
149
148
148
147
147
146
145
145
145
145
145
144
144
144
143
143
142
142
142
142
142
140
140
140
139
139
139
138
137
137
137
137
137
136
136
135
133
133
133
133
132
132
132
131
131
131
131
130
130
130
130
129
128
128
128
127
125
124
123
123
123
122
121
121
121
121
120
120
120
119
117
117
117
117
117
116
116
115
115
115
115
114
114
114
113
113
112
111
111
111
110
109
109
109
108
108
108
107
107
107
107
106
106
106
105
102
102
102
102
101
101
100
100
99
99
99
98
98
98
97
97
95
95
95
94
93
92
90
90
90
90
90
90
90
89
89
88
88
87
87
87
86
86
85
84
84
84
83
82
82
82
82
81
80
80
79
79
78
78
77
77
77
77
77
76
76
76
75
75
74
73
73
72
72
72
71
71
71
71
70
70
70
70
69
69
67
67
66
66
65
65
65
64
64
64
63
62
62
62
62
62
62
60
