200
200
160
160
158
158
157
157
157
156
156
156
156
156
156
155
155
154
153
152
152
152
151
150
149
148
148
145
144
144
144
144
144
143
143
142
141
141
140
139
138
138
137
137
136
136
135
135
135
134
134
134
133
131
131
130
130
130
129
129
129
128
128
127
127
127
126
126
125
125
123
122
121
121
118
117
116
116
114
114
114
113
113
113
112
112
112
112
110
110
109
108
107
107
107
107
107
107
107
107
106
106
105
105
103
102
102
102
102
102
102
99
99
99
99
99
97
97
97
96
96
96
95
95
95
95
94
93
91
88
88
88
87
85
84
84
84
84
82
82
82
82
81
81
81
79
77
76
74
72
71
70
70
68
68
67
67
67
67
66
66
65
65
65
65
63
63
62
62
60
60
60
60
59
58
57
57
57
56
56
56
55
54
54
54
54
53
53
53
52
49
49
49
48
48
48
47
47
47
46
42
40
