750
1000
699
699
697
696
696
695
695
694
694
692
692
692
690
689
689
688
688
688
687
687
687
686
685
685
684
684
683
683
683
682
682
682
681
680
679
678
677
677
675
673
671
671
670
670
669
669
669
668
666
666
666
665
664
664
663
663
663
662
662
661
661
660
660
660
660
659
658
658
658
656
655
654
652
652
651
650
649
649
649
649
649
649
647
647
647
647
646
645
645
644
644
643
643
641
641
641
640
640
639
639
639
638
638
637
637
636
633
633
632
632
631
630
627
627
627
626
626
625
624
623
621
621
620
618
616
616
616
615
615
614
612
612
612
611
611
610
609
609
609
608
608
608
607
606
606
606
606
606
604
604
603
603
602
602
602
602
602
600
600
599
599
599
598
598
598
598
598
596
596
596
596
594
594
594
592
592
590
588
587
586
585
584
584
584
583
582
582
581
579
579
579
579
578
576
576
575
574
574
574
573
570
569
568
568
568
567
567
567
565
565
564
564
563
562
561
561
561
559
557
557
556
556
555
551
551
550
550
550
550
549
549
548
548
548
547
547
547
547
546
545
545
544
544
542
541
539
538
538
537
537
537
537
536
535
535
535
534
534
534
533
533
532
532
530
530
529
528
528
527
527
527
525
525
525
524
524
523
523
521
520
520
517
515
515
515
513
513
512
512
512
511
511
511
511
510
509
507
506
504
503
503
502
501
500
500
499
498
497
497
497
496
495
495
495
493
493
492
492
492
492
491
491
490
489
489
488
488
488
487
486
485
485
485
484
484
483
482
482
482
480
480
480
478
478
477
477
477
476
476
475
475
475
474
473
473
473
472
470
468
467
466
466
465
464
464
464
463
462
460
458
457
457
455
453
453
451
451
450
448
447
447
446
445
445
444
444
443
441
440
439
435
435
435
435
434
434
434
434
434
433
432
430
428
428
427
427
424
424
424
422
421
420
420
420
420
419
418
418
416
415
415
414
414
413
411
411
411
411
409
409
408
408
407
407
407
406
406
405
405
404
403
402
402
401
401
399
399
399
399
398
397
397
397
396
396
394
394
393
392
390
390
388
387
386
386
385
385
384
383
383
383
383
382
382
382
381
381
380
380
380
379
379
379
379
378
377
376
376
375
375
375
374
374
373
373
373
372
372
372
372
371
370
370
369
368
368
368
368
368
368
367
367
366
366
366
364
364
364
364
363
362
362
361
359
359
359
358
358
357
357
356
355
355
354
353
353
352
351
351
349
349
348
348
347
347
347
345
345
345
344
344
343
342
342
339
338
338
338
337
337
337
337
336
336
335
333
333
330
330
329
328
328
328
328
327
326
325
325
323
319
318
318
317
315
314
313
312
311
311
310
310
310
309
309
307
307
307
305
305
304
304
303
303
302
301
301
300
298
298
297
295
295
295
295
294
293
293
293
293
292
292
292
292
291
291
290
288
288
288
287
286
286
286
285
285
284
284
284
284
283
282
282
282
281
280
280
280
279
279
276
274
272
272
272
272
271
270
269
268
268
267
267
265
265
264
263
263
263
262
261
260
259
259
258
258
257
257
256
255
254
254
254
252
250
247
247
246
246
245
244
243
243
241
241
240
239
238
238
237
235
234
232
231
231
231
230
227
227
226
226
226
226
224
223
222
221
220
220
220
218
217
217
216
215
215
215
214
214
214
214
213
212
211
210
210
208
208
207
207
207
207
206
204
204
203
202
202
202
200
200
