200
1000
699
698
696
694
694
684
680
679
674
673
671
669
667
667
666
656
655
651
651
651
649
648
648
648
642
634
632
629
628
625
621
621
620
602
601
599
599
598
597
597
596
595
591
590
590
584
582
581
578
570
569
563
552
548
547
544
538
535
534
530
524
523
513
509
507
496
491
488
483
482
481
480
480
480
478
470
460
459
459
457
456
455
452
450
448
444
443
439
438
436
434
432
430
424
423
423
422
422
421
418
416
408
404
403
403
401
401
398
398
397
389
384
379
375
368
366
366
363
354
351
348
348
346
344
344
344
340
339
338
337
334
329
326
318
316
312
310
302
302
301
297
297
287
286
282
280
275
272
270
265
261
255
251
251
249
246
237
232
228
227
220
212
208
208
203
202
202
194
191
190
190
188
187
185
184
181
180
178
178
174
173
172
162
145
143
139
132
130
127
126
124
124
123
120
117
112
110
109
104
102
