200
300
209
209
209
207
207
206
206
205
205
205
204
203
203
203
200
199
198
198
198
198
197
196
195
193
192
191
190
188
187
186
186
185
185
185
184
184
182
181
181
180
179
178
177
176
176
175
174
174
171
171
170
170
167
166
166
166
166
161
161
159
158
158
155
155
155
154
153
152
152
152
151
151
150
150
150
148
147
145
145
145
144
143
143
143
142
142
140
140
139
139
139
138
138
138
138
137
136
136
135
135
135
134
134
134
132
130
129
129
128
127
127
125
124
123
123
122
120
120
120
120
120
117
117
117
117
116
114
113
113
113
113
113
112
110
109
109
108
108
107
107
106
106
104
102
102
102
101
101
99
98
97
97
97
96
96
95
94
94
93
93
92
90
88
88
88
86
84
84
82
81
81
81
80
79
79
79
77
77
75
75
75
74
73
72
72
71
70
69
69
68
67
65
64
63
63
62
62
61
60
60
