200
400
280
279
278
277
277
273
273
272
271
267
264
263
262
260
260
259
259
257
254
254
254
253
253
253
252
252
250
250
250
248
244
243
242
242
238
236
234
233
228
225
225
225
220
219
219
217
216
213
211
210
208
205
201
201
199
198
196
195
194
192
191
190
190
189
189
188
187
186
185
185
183
182
178
176
176
175
175
173
173
173
171
170
170
170
168
167
167
166
166
164
162
161
160
158
156
156
155
154
149
149
149
146
144
141
138
138
138
138
137
137
131
131
129
128
127
127
126
123
122
121
119
117
116
116
116
112
111
110
110
109
107
104
104
103
102
102
102
100
97
97
97
96
96
95
95
94
92
91
90
89
89
89
88
87
84
83
82
81
80
78
76
76
75
73
71
71
71
70
70
68
67
65
65
64
64
63
63
61
59
59
57
57
54
53
52
52
50
50
49
49
48
47
46
45
44
44
44
40
40
40
