500
1000
700
699
698
698
697
697
697
696
696
696
696
695
695
692
691
690
687
685
684
684
684
684
683
683
681
680
680
679
678
677
676
674
674
673
673
671
670
669
669
668
667
666
666
665
665
659
659
658
657
657
656
655
655
653
653
649
648
648
647
646
645
644
644
644
643
643
642
640
638
638
636
635
634
633
632
630
629
628
627
626
626
625
625
625
625
624
621
621
619
619
619
619
618
618
616
614
613
611
610
610
610
608
608
607
607
607
607
605
604
604
603
603
598
597
597
596
595
594
593
593
593
592
592
588
587
587
586
584
584
584
583
583
583
582
581
581
580
580
579
578
577
577
572
572
571
571
571
571
569
568
567
566
565
565
565
565
565
564
564
563
561
561
558
557
556
555
555
553
552
552
551
550
549
549
548
548
547
547
544
542
541
539
538
537
536
535
533
530
526
526
524
524
523
523
521
520
518
515
515
514
513
511
511
509
508
507
507
507
506
504
503
503
499
496
495
494
494
491
491
490
487
484
484
483
482
481
478
474
473
472
471
470
469
468
467
467
465
465
464
462
461
459
458
456
455
454
453
452
452
452
450
449
449
447
446
445
444
444
444
443
443
442
441
441
441
440
438
438
436
436
435
435
433
433
433
431
430
429
428
428
427
427
426
426
424
423
423
420
418
416
414
413
413
413
412
411
410
407
406
406
406
405
404
404
401
401
399
398
398
397
397
397
396
395
395
395
389
389
389
388
388
387
386
385
385
385
385
382
381
380
379
378
377
377
377
376
375
374
373
372
371
371
370
365
364
364
363
363
362
361
360
359
358
358
354
353
353
351
351
347
345
342
341
340
339
338
337
336
336
335
335
335
332
332
332
332
331
330
329
329
328
327
326
325
322
322
321
321
318
318
318
318
318
317
316
314
312
312
311
306
305
305
303
303
300
297
296
296
294
290
290
289
289
286
286
286
285
285
285
284
284
284
283
281
281
281
280
279
277
274
273
273
270
269
269
268
268
267
266
266
264
262
262
262
262
261
260
260
260
259
259
258
257
256
253
251
247
247
247
247
242
239
238
237
236
233
233
233
233
232
231
231
231
231
230
229
227
226
222
222
221
221
220
220
219
218
217
214
214
210
209
209
209
208
207
207
206
205
204
202
