500
500
350
350
350
349
349
348
348
347
347
346
345
345
344
343
342
342
342
342
340
339
339
338
338
337
337
337
336
336
335
335
334
334
333
333
333
333
332
332
331
330
330
330
330
329
328
328
327
327
327
326
325
325
324
324
324
323
323
323
322
321
321
320
320
320
319
318
318
317
317
317
316
316
316
315
314
314
314
313
313
313
313
312
310
308
307
306
305
304
304
304
304
303
303
303
302
302
302
302
301
301
301
300
300
300
300
299
299
298
297
296
296
295
294
294
294
294
293
293
292
292
292
292
290
290
290
289
289
289
289
288
288
288
287
286
286
285
285
285
285
284
284
282
282
282
282
281
281
280
277
276
276
276
275
275
275
274
274
273
272
272
271
271
270
270
270
270
269
268
268
268
268
267
267
267
267
266
266
266
265
265
263
263
263
262
262
261
261
260
259
259
259
259
258
258
255
254
254
253
253
253
253
252
252
251
251
251
251
251
251
250
250
250
250
250
248
248
248
247
247
247
246
244
244
244
243
243
243
243
242
242
241
240
239
239
239
238
238
238
237
237
237
236
236
234
234
234
233
233
233
232
231
230
230
230
229
229
229
227
227
227
226
225
225
224
223
223
223
222
221
221
221
221
221
220
219
218
218
218
217
216
216
216
215
214
214
214
213
213
212
209
209
209
209
208
208
207
206
206
205
205
205
204
204
204
204
204
203
203
203
201
201
200
200
200
200
199
199
198
198
198
197
196
196
196
195
194
192
192
191
190
190
190
189
189
189
188
188
187
186
185
185
185
184
184
184
183
183
183
183
183
182
180
179
179
179
178
177
177
177
176
174
173
173
172
170
170
169
168
168
168
168
167
167
166
164
164
163
163
163
161
161
161
160
160
159
159
159
157
156
156
156
156
153
153
152
152
152
152
150
150
150
149
149
149
149
149
148
148
148
145
144
143
143
141
141
140
140
140
139
137
137
137
136
135
134
134
134
134
133
133
133
133
133
133
132
132
132
131
130
130
130
129
128
128
128
127
127
126
126
126
126
125
124
123
123
123
122
121
121
121
120
120
119
119
119
118
118
117
117
116
116
115
114
112
112
112
111
111
111
110
110
109
109
108
107
107
106
105
104
104
104
103
103
103
102
102
102
101
101
100
