300
1000
700
698
697
697
693
693
692
689
689
679
678
678
674
673
672
671
667
667
665
662
662
661
661
660
653
650
644
643
642
640
640
637
636
632
629
629
628
626
622
622
621
618
617
605
605
603
601
600
598
597
597
594
591
590
588
585
584
578
576
571
570
566
566
564
560
559
553
551
546
545
543
541
537
537
533
533
533
532
529
528
528
527
527
524
524
524
520
515
513
510
507
507
506
503
501
499
499
499
498
494
493
489
488
486
485
483
481
477
477
475
470
468
467
466
466
465
459
459
454
453
452
449
449
448
448
446
446
436
436
435
435
433
431
429
427
421
420
420
418
417
415
413
412
411
407
404
404
403
403
399
396
395
394
393
392
383
372
371
369
366
365
365
365
364
362
358
358
357
357
356
356
355
352
349
348
345
344
340
339
338
337
337
334
333
333
328
324
323
320
317
316
315
315
311
307
306
303
302
302
300
298
296
296
296
296
296
294
290
288
286
285
284
284
281
278
277
276
273
268
267
267
265
263
258
253
251
251
245
242
241
240
238
238
235
229
228
223
222
218
216
214
211
206
205
205
203
203
202
200
200
199
198
198
189
186
184
183
183
181
179
171
170
163
162
160
158
158
157
156
153
148
148
146
145
144
141
140
138
137
135
135
134
133
131
129
125
123
122
122
120
118
110
109
109
108
108
108
106
104
101
