400
300
240
238
238
237
237
236
236
235
235
234
234
234
233
232
232
231
229
229
229
229
229
228
228
228
228
228
227
227
227
226
226
226
226
225
223
223
222
222
221
220
219
218
218
218
218
217
214
214
211
211
210
210
209
209
209
208
207
207
207
207
206
206
206
206
204
204
204
203
202
202
202
201
201
200
200
200
199
199
198
198
198
198
198
197
197
196
196
196
195
194
194
193
193
193
192
192
191
191
190
190
190
190
189
189
189
188
188
187
186
185
184
183
182
182
181
181
180
180
178
178
178
178
177
177
173
173
171
171
171
171
170
170
170
170
170
170
169
169
169
169
168
168
167
167
167
165
164
163
162
162
162
161
161
161
160
160
160
159
158
158
157
157
157
157
155
155
154
154
154
154
153
152
150
150
149
149
148
148
147
147
147
147
146
146
145
145
145
143
143
143
141
141
140
140
139
139
138
137
137
137
137
137
136
136
135
135
135
135
134
133
133
133
133
133
133
133
133
133
132
132
131
130
129
129
126
125
125
125
124
124
124
123
123
123
122
121
120
120
120
119
119
117
117
117
117
115
114
114
113
112
112
111
111
111
110
109
107
106
106
105
105
105
104
103
101
101
101
100
100
100
98
96
94
94
94
92
92
91
91
91
90
89
87
86
85
85
84
82
82
82
81
81
81
81
80
80
80
80
79
79
78
77
75
75
75
74
74
74
74
74
72
71
70
70
70
70
70
70
70
69
69
69
68
68
68
67
67
65
65
64
64
63
63
63
63
61
61
61
58
56
56
56
55
55
55
55
52
52
51
51
51
50
50
49
49
48
48
47
47
47
46
46
46
45
45
45
44
43
43
43
42
41
40
40
39
39
39
39
38
38
38
38
36
36
36
34
34
34
34
34
33
33
32
32
31
31
30
30
30
30
