750
500
349
349
348
348
347
346
346
346
346
346
345
345
345
345
343
342
342
341
341
341
340
340
339
339
339
339
337
337
336
336
336
335
334
333
333
333
333
333
333
332
332
331
330
329
329
328
328
328
328
327
326
325
325
325
325
324
323
323
323
322
321
321
321
320
320
318
318
318
317
317
317
316
316
315
315
314
314
313
313
312
312
312
312
311
311
311
309
308
308
308
307
307
305
304
304
303
302
302
302
302
302
301
301
301
301
300
299
299
299
298
298
298
298
298
297
297
297
296
296
296
295
295
295
294
294
294
293
292
292
292
292
292
292
291
290
289
289
289
289
289
288
287
286
286
286
285
284
284
284
283
283
282
282
281
281
281
281
281
280
280
279
279
279
279
278
277
277
277
276
275
275
274
272
272
272
272
271
270
270
270
270
269
269
268
268
268
267
266
266
265
265
265
264
264
263
263
263
263
263
263
262
262
262
261
261
261
261
260
260
260
260
259
259
259
258
257
257
257
256
256
256
256
255
255
255
255
255
255
254
254
254
254
254
253
252
252
251
249
249
249
249
247
247
247
247
246
246
245
245
243
243
243
242
242
242
241
241
240
240
240
239
238
238
238
238
238
238
238
237
236
236
236
235
234
234
234
234
233
232
231
231
231
231
230
230
230
229
229
228
228
227
226
226
225
225
224
223
223
223
222
222
222
221
221
220
220
220
220
219
218
218
217
217
216
216
216
215
215
214
214
214
213
213
213
213
212
211
210
210
210
209
208
208
208
208
208
207
207
206
206
206
206
206
206
206
206
205
205
205
204
204
204
204
203
202
202
202
202
201
201
201
200
200
199
199
198
198
197
197
197
196
196
196
196
195
195
195
195
195
195
194
194
194
192
192
191
191
191
191
190
190
189
188
188
187
187
186
186
186
186
185
185
185
185
184
183
183
183
183
183
182
182
182
182
182
182
182
180
179
179
177
177
176
175
175
175
175
174
174
173
172
172
172
171
170
170
169
167
165
164
163
163
163
163
163
163
162
162
161
161
160
160
160
160
160
159
159
159
158
158
157
157
156
156
155
155
153
153
153
153
152
152
152
151
151
150
150
149
149
149
148
147
147
147
146
146
146
146
145
145
144
144
144
144
143
142
142
142
141
141
141
141
140
140
140
140
138
138
137
137
137
137
136
136
136
136
136
136
135
135
134
134
133
133
132
132
132
132
132
131
131
131
130
130
130
129
129
129
129
128
128
127
127
127
127
126
126
126
126
125
125
125
124
124
123
123
122
122
122
122
120
120
120
120
119
118
118
117
116
116
115
115
115
115
115
114
114
114
114
113
112
111
111
110
110
110
109
109
109
108
108
108
107
107
106
105
105
105
104
104
104
104
102
101
101
101
101
100
100
100
100
100
99
98
97
96
96
95
95
95
94
94
94
93
93
92
92
92
92
91
91
91
90
90
90
90
90
90
90
90
90
89
89
88
88
88
87
87
87
87
87
86
85
84
84
84
83
83
83
83
82
81
81
79
79
78
78
77
77
77
77
77
76
76
76
75
75
75
74
74
73
73
72
71
71
71
71
71
70
70
70
70
70
69
69
69
68
68
68
68
67
67
67
67
67
66
66
65
65
64
64
64
63
63
62
61
61
61
61
61
60
59
59
58
58
58
58
58
58
57
57
57
57
56
56
56
56
56
56
55
55
54
54
53
53
52
51
51
50
50
