200
120
84
84
83
83
83
83
83
82
82
82
82
81
81
80
80
79
78
78
77
76
76
76
75
75
74
73
73
72
72
71
71
71
71
71
70
70
69
69
69
69
69
69
68
68
68
68
68
68
67
67
67
67
67
67
67
66
66
65
65
65
65
64
64
64
64
64
64
64
63
63
63
63
63
62
61
61
61
60
60
60
60
60
59
59
58
58
57
56
55
55
55
55
55
55
54
54
54
53
52
52
51
51
50
50
50
50
49
49
49
49
48
48
48
48
48
48
47
47
45
45
45
45
45
45
45
44
44
44
44
43
43
43
42
42
42
42
42
42
42
42
41
41
41
40
40
40
40
40
39
39
39
39
39
38
38
37
36
36
35
35
34
34
34
34
33
32
32
31
31
31
31
31
31
31
31
31
31
30
30
30
30
30
29
28
28
27
27
26
26
26
26
26
25
25
24
24
24
24
24
24
