400
1000
800
799
799
798
796
796
794
791
786
778
775
774
774
771
765
761
760
759
759
759
756
753
750
737
736
736
734
730
729
724
724
724
722
722
721
721
719
718
715
715
714
710
710
707
700
698
697
696
696
694
694
693
693
693
691
690
680
680
674
664
663
658
656
654
654
653
649
649
644
643
642
642
638
634
634
634
632
632
632
631
630
630
629
628
628
627
625
624
624
623
622
622
621
619
616
608
608
607
605
605
604
603
602
602
601
596
594
592
586
585
583
581
579
578
577
576
573
571
571
570
570
569
569
565
565
563
562
560
560
558
556
555
550
550
548
548
544
542
539
538
536
535
535
534
534
534
531
529
527
527
526
525
522
522
521
520
519
519
518
516
515
515
514
513
511
507
506
504
504
503
503
502
500
497
496
493
491
489
488
486
484
484
479
478
477
474
473
472
471
469
467
463
461
458
455
455
453
452
449
449
449
448
445
443
442
442
441
440
439
437
436
434
432
432
431
431
427
427
422
421
421
419
415
415
410
409
409
405
405
404
404
403
403
399
394
393
392
389
388
386
384
382
378
377
374
372
370
367
367
366
366
364
364
363
363
363
363
363
356
356
353
352
352
351
349
348
347
347
347
342
338
334
334
332
331
331
330
327
325
325
319
318
317
317
317
315
315
314
314
312
310
308
308
303
302
297
291
288
285
285
285
280
278
276
276
275
269
268
267
266
266
262
261
261
258
258
254
251
249
249
244
243
241
239
239
237
231
230
230
225
224
223
222
221
216
215
215
213
212
211
211
211
209
208
198
193
193
193
189
185
184
183
183
183
180
179
179
178
176
173
173
172
172
168
165
165
163
161
159
159
158
158
158
157
157
156
155
150
145
144
142
141
140
139
135
135
134
133
132
130
126
125
125
123
118
117
111
110
105
101
