300
300
240
240
239
238
238
235
234
234
234
234
234
233
233
232
232
232
232
231
230
230
229
228
228
228
227
227
227
225
225
225
225
225
224
223
223
223
222
221
221
220
220
218
218
217
217
214
214
214
213
213
213
213
211
211
211
211
209
208
208
207
207
205
204
203
203
203
203
202
202
201
201
200
199
199
199
198
197
197
197
196
195
195
195
194
194
193
192
192
191
191
191
190
187
187
183
183
183
182
179
179
178
178
177
176
174
173
172
172
172
171
171
169
168
168
167
167
164
163
161
161
160
160
159
159
158
158
158
158
158
156
155
155
153
152
152
151
151
151
150
149
148
147
147
147
145
144
144
142
142
140
139
138
138
137
137
136
136
136
136
134
131
130
129
128
128
128
128
125
123
122
122
121
120
120
120
118
116
115
112
111
110
110
109
108
108
107
107
107
106
106
104
103
101
101
101
100
99
99
98
98
97
96
96
95
94
93
93
93
92
91
89
87
87
87
86
86
86
85
85
84
84
83
82
82
80
79
77
77
76
75
75
74
74
74
73
72
72
72
71
70
69
69
68
68
67
67
67
67
66
65
65
64
64
63
63
61
61
60
60
59
59
59
58
58
57
56
55
54
53
53
53
52
51
48
47
47
47
46
45
44
44
44
43
42
42
41
38
36
36
35
35
34
33
32
32
31
31
30
30
30
