400
400
280
279
279
278
278
277
277
276
276
276
275
275
274
273
273
273
272
272
272
271
271
271
270
270
270
270
269
268
267
267
267
266
265
264
264
263
263
263
262
262
260
259
259
259
258
258
258
258
258
256
255
255
254
253
251
251
250
249
249
249
248
248
247
247
245
244
243
243
243
243
242
242
242
242
240
240
240
238
238
238
236
234
234
234
234
234
233
232
232
232
232
231
231
230
229
229
229
227
227
227
225
225
224
224
223
223
221
221
221
220
219
219
219
219
217
216
216
214
214
214
214
212
211
208
208
207
206
206
205
205
204
204
203
203
202
201
201
201
200
200
200
200
199
199
199
199
198
197
196
196
195
194
194
193
193
193
192
192
191
190
190
188
188
188
187
186
184
183
182
181
181
181
180
180
179
178
177
177
177
177
174
173
172
170
169
169
168
165
165
165
165
165
164
164
162
162
160
159
159
159
159
159
158
158
158
155
154
154
153
153
153
152
151
150
150
149
149
148
146
145
144
144
143
143
142
141
141
141
140
139
139
138
137
137
136
136
135
135
134
133
133
132
132
132
132
132
132
132
131
130
129
129
128
128
128
127
125
124
123
122
122
122
122
121
120
120
120
119
119
118
117
117
117
116
116
115
113
111
110
109
108
107
107
107
107
107
106
106
105
105
102
102
102
100
100
100
100
99
99
98
98
97
95
95
94
93
93
93
93
93
91
91
91
90
90
89
89
89
89
88
88
87
85
84
83
83
83
82
81
80
78
78
78
78
78
77
76
76
75
75
75
73
73
73
72
70
69
69
68
68
67
66
66
64
64
64
64
63
63
61
61
61
60
60
60
60
59
59
59
58
58
57
56
54
54
53
53
52
52
51
51
51
50
50
48
48
47
47
47
46
45
44
44
44
43
41
41
41
40
40
