300
400
320
317
315
314
314
314
313
312
311
310
310
307
303
303
303
299
299
298
297
295
295
294
293
292
288
287
286
286
285
284
284
282
282
281
281
280
280
278
276
275
275
275
274
273
272
272
271
271
270
269
268
268
267
267
261
261
260
259
258
258
258
257
257
256
255
254
253
253
253
252
252
252
252
251
250
249
249
248
247
247
247
246
246
245
245
242
242
239
238
238
238
237
237
236
235
235
235
233
233
232
225
225
224
223
223
223
222
222
222
221
221
220
218
218
216
216
216
215
214
213
213
212
210
210
210
209
209
207
205
205
204
201
201
200
200
199
197
193
192
191
190
190
189
189
188
188
188
186
186
184
184
182
182
180
180
179
177
175
174
173
172
172
171
169
168
167
166
162
161
161
159
158
157
156
155
153
153
152
150
149
148
148
147
146
145
145
145
143
142
142
142
141
141
141
140
140
138
136
136
135
135
134
133
133
128
127
127
126
126
124
123
122
120
120
119
119
118
117
116
115
115
113
112
111
111
110
109
107
106
105
105
105
103
101
99
97
96
96
95
95
94
94
93
92
91
90
90
88
85
84
84
84
84
82
82
81
80
79
77
77
75
74
74
74
72
71
70
68
68
67
66
65
65
64
64
63
60
59
59
58
57
56
55
54
54
54
53
53
51
50
49
49
47
44
42
42
42
41
41
40
