400
750
522
522
522
521
519
518
517
516
516
516
516
515
514
513
512
512
512
512
510
509
507
506
505
502
502
498
495
495
493
493
493
491
490
490
490
489
489
489
488
487
486
486
486
486
486
484
484
483
481
480
479
478
478
476
476
476
476
476
473
473
472
471
469
468
468
467
465
462
458
457
456
455
454
451
449
447
444
444
443
443
443
443
442
441
441
440
439
438
436
435
435
432
431
431
430
429
428
427
426
426
426
426
423
422
422
422
420
419
418
415
415
413
412
412
412
411
409
408
408
407
406
404
404
402
401
400
398
398
396
396
396
395
392
391
390
389
388
386
385
383
383
383
383
381
381
380
378
378
376
375
375
375
374
373
372
372
372
372
370
370
370
368
366
365
365
365
365
363
363
362
361
361
360
360
358
357
357
356
356
355
354
354
353
351
351
350
344
344
343
343
343
342
342
341
341
336
334
334
334
332
331
329
329
327
326
326
325
324
324
324
323
322
320
318
318
317
317
317
316
314
313
312
312
312
312
311
311
310
310
310
309
309
308
305
305
305
304
303
302
301
301
299
297
296
295
294
293
293
292
292
291
290
289
287
287
286
286
286
285
285
283
283
282
280
279
279
279
278
278
278
277
277
277
275
275
275
273
273
273
273
272
270
270
269
269
269
269
268
268
267
266
266
264
263
262
261
260
259
258
258
254
253
250
249
247
245
242
241
241
239
239
238
234
232
231
228
226
225
224
224
224
224
221
220
219
218
217
216
215
213
212
211
211
211
209
208
208
207
207
207
205
202
200
199
198
198
197
197
196
196
194
194
194
191
188
188
187
187
186
185
180
179
179
179
178
178
177
177
176
175
175
172
170
169
169
168
165
165
165
164
164
163
163
162
162
161
161
160
160
158
158
158
157
156
156
155
155
154
153
153
