200
150
119
119
119
119
119
118
118
118
118
118
118
117
117
116
115
115
114
112
111
111
111
111
110
110
110
110
110
110
109
109
109
108
108
107
107
107
106
104
104
103
102
102
102
101
100
100
100
100
100
100
99
99
98
97
96
95
95
95
94
94
94
92
92
92
92
91
91
91
91
90
90
90
89
89
88
87
86
85
84
84
84
84
84
83
83
83
83
82
82
80
80
80
79
79
79
79
78
78
78
78
78
78
78
76
76
76
75
74
74
74
74
74
73
73
73
72
71
71
71
70
70
69
68
67
67
66
66
66
65
65
65
65
64
64
64
63
63
63
63
62
61
61
59
58
57
57
56
56
56
56
56
55
55
54
54
53
53
52
52
51
51
50
49
49
48
48
47
46
44
44
44
44
43
42
41
39
39
39
38
38
38
38
37
37
37
36
36
35
35
34
34
34
34
33
33
33
30
30
30
30
