200
500
395
393
390
389
389
387
386
386
386
386
385
384
384
381
379
379
378
377
375
375
374
373
373
372
371
370
370
370
370
368
366
365
364
362
348
347
344
344
343
342
341
340
340
339
336
334
332
330
329
328
328
326
320
320
319
309
307
306
304
301
299
297
296
294
293
291
291
289
289
286
285
282
272
272
272
269
267
266
256
255
255
254
254
252
251
250
250
247
243
241
239
236
230
230
229
223
220
218
217
215
214
213
212
205
205
204
203
202
197
196
196
195
193
187
187
186
186
185
184
182
179
178
175
170
168
168
167
166
165
163
162
161
159
155
154
154
154
151
150
147
147
147
144
142
138
138
137
136
136
136
130
129
129
127
126
123
123
116
110
108
108
108
108
107
107
106
104
103
101
101
101
100
96
96
95
93
93
93
92
91
91
85
82
78
78
77
75
75
73
70
69
65
65
64
60
59
53
51
51
50
