300
200
160
159
159
159
158
157
157
157
156
156
156
155
155
155
155
155
153
153
153
152
152
152
151
151
150
149
149
149
148
148
147
147
147
146
146
145
145
144
144
143
143
143
142
142
142
142
139
139
139
138
138
137
137
136
136
136
135
135
134
133
133
133
132
132
131
131
130
130
129
129
128
128
127
127
126
126
126
125
124
124
123
123
122
122
121
121
121
120
120
119
118
118
118
118
117
117
117
117
117
116
116
115
115
114
114
114
114
113
113
112
112
112
111
111
110
109
109
108
108
107
107
107
106
105
105
105
105
104
103
102
102
102
101
101
99
97
97
96
96
96
95
95
95
94
92
92
92
91
91
90
89
89
89
89
89
88
88
88
86
85
85
85
85
84
84
83
83
82
81
80
79
78
78
75
75
73
72
71
71
70
70
70
70
68
68
68
67
66
66
66
65
64
63
63
63
63
63
62
62
61
61
61
61
60
60
60
59
59
59
59
58
58
58
58
58
58
57
57
56
56
56
55
54
54
54
53
53
52
52
50
50
50
50
50
50
48
48
48
47
46
46
45
45
45
45
44
44
44
44
44
44
44
43
43
43
41
41
41
41
40
40
39
39
39
38
37
36
35
33
31
31
31
30
30
29
28
28
27
27
27
27
27
26
26
25
25
25
25
24
24
24
24
23
23
22
22
22
22
21
21
