400
300
239
239
239
237
237
235
235
234
233
233
233
232
232
232
230
230
230
230
230
229
229
229
228
228
227
226
226
225
224
223
222
221
221
221
220
219
218
215
213
212
212
211
211
210
210
209
208
208
208
208
207
207
207
207
206
206
206
205
205
205
205
204
204
204
203
202
202
201
201
201
199
199
199
199
199
199
198
198
198
197
195
195
194
193
193
193
193
193
192
192
191
190
190
190
190
190
189
189
188
188
187
186
185
184
183
183
183
183
182
181
181
181
181
181
180
180
180
179
179
179
178
178
178
176
175
173
173
173
173
172
170
170
170
170
169
169
169
168
168
167
167
167
167
166
166
165
165
165
165
164
164
164
164
164
163
163
163
162
162
162
162
161
161
161
161
160
159
159
157
157
156
156
156
155
155
154
153
153
153
152
152
152
151
151
151
151
150
150
150
150
150
150
149
149
148
148
148
147
147
145
145
145
144
144
143
143
143
143
143
142
142
142
141
141
141
140
139
139
138
138
138
137
137
137
136
136
136
136
136
135
135
135
134
134
134
133
133
133
133
133
132
132
132
131
131
131
131
131
130
129
129
129
128
127
127
126
126
125
124
124
123
123
122
122
122
122
121
121
120
120
119
119
119
119
118
117
116
116
115
115
115
114
112
111
110
109
108
107
107
106
106
105
105
105
104
103
103
102
102
101
101
100
99
99
99
98
98
97
96
96
96
95
95
94
94
94
93
93
92
92
91
90
90
89
88
88
87
87
87
86
86
86
86
86
85
84
84
83
83
83
82
81
81
81
81
80
80
80
80
79
79
79
79
78
78
77
76
76
75
75
75
75
75
75
74
74
73
73
73
72
72
71
70
70
69
69
68
68
67
67
67
66
66
66
66
66
65
65
65
64
64
64
63
63
62
62
61
60
60
60
