400
300
240
239
239
238
237
237
237
237
237
236
236
235
235
234
234
234
234
234
234
232
232
231
231
231
231
230
229
229
229
229
228
227
226
226
226
226
226
225
225
224
224
224
223
223
222
222
221
221
221
220
219
218
217
217
217
216
215
215
215
214
214
213
212
212
211
211
211
210
210
208
208
207
207
207
207
206
205
205
205
205
204
204
204
204
202
202
201
201
199
198
198
198
198
198
198
196
196
196
195
195
194
193
192
191
191
190
190
190
189
189
189
186
186
186
185
185
184
184
184
183
181
181
180
180
180
180
179
179
179
178
178
178
178
177
176
175
175
173
173
173
172
172
172
172
171
169
168
168
168
168
167
166
166
164
164
164
164
164
163
163
162
162
161
161
160
160
160
160
160
159
159
159
158
157
157
157
157
156
156
155
155
155
155
155
154
154
153
153
153
153
153
152
152
152
151
151
151
151
150
150
149
149
149
149
149
149
149
148
148
147
146
146
146
146
144
144
143
143
143
143
142
142
142
141
140
139
139
139
138
138
137
137
137
134
134
133
133
133
132
132
131
131
131
131
130
128
128
128
127
127
127
126
126
125
125
125
125
123
123
123
122
122
122
122
122
122
121
120
120
119
119
118
118
117
117
116
116
115
114
114
114
114
113
112
111
110
110
108
107
107
107
107
107
106
105
105
104
104
103
101
101
100
99
99
99
98
98
98
97
97
96
95
95
95
94
94
94
93
93
93
93
92
92
92
92
92
91
91
91
90
90
90
89
89
88
88
88
88
88
87
87
87
87
87
86
86
86
86
86
86
86
83
82
82
82
82
80
80
80
79
78
77
76
75
75
75
75
75
74
73
73
72
72
71
71
71
71
71
70
69
68
68
67
67
67
65
65
65
64
63
63
63
62
62
62
62
62
60
60
60
