750
1000
700
698
698
697
696
696
696
695
693
693
692
691
691
691
690
689
689
689
688
687
687
687
684
683
683
680
679
677
675
675
674
673
673
672
670
670
669
667
667
666
665
664
663
662
662
660
660
659
659
657
657
657
655
654
652
652
652
651
651
649
649
648
648
647
646
646
645
645
644
643
643
642
641
641
640
640
639
637
637
635
634
634
634
634
632
632
632
632
632
631
630
630
627
627
626
625
625
624
624
623
623
622
622
621
621
621
619
619
616
616
615
615
615
615
614
613
611
611
611
611
610
609
609
609
608
608
607
607
606
606
605
604
603
603
603
603
602
602
602
602
601
601
601
601
600
600
598
598
595
594
594
592
591
591
591
591
591
591
590
590
589
588
588
587
587
587
586
585
585
585
585
584
582
582
582
581
581
581
581
580
580
580
579
578
578
576
575
574
573
573
571
570
569
567
565
560
560
560
559
559
558
558
557
557
557
556
555
555
553
553
552
551
551
550
550
547
546
546
545
545
544
544
543
543
542
542
541
541
539
539
538
538
537
536
535
534
534
534
534
533
532
532
529
529
528
528
527
527
526
526
525
525
524
523
523
520
520
519
518
517
517
517
516
515
515
515
515
515
515
514
514
513
512
512
511
511
510
510
509
509
508
508
507
507
507
506
506
506
505
505
504
502
502
501
498
498
498
497
497
496
495
495
494
491
491
491
490
490
490
489
489
489
489
489
488
487
486
485
484
484
482
482
481
481
481
481
481
481
481
479
478
477
477
477
476
476
476
475
475
473
472
470
470
469
468
468
468
468
467
467
467
466
465
463
463
462
461
458
457
457
457
457
454
451
451
450
450
449
449
448
448
448
448
447
447
446
445
445
444
443
443
443
441
440
440
437
437
437
436
436
435
434
434
433
433
433
432
430
430
430
430
428
427
426
426
425
424
424
422
422
422
422
422
420
419
419
418
417
417
416
415
413
412
410
410
407
407
407
407
406
406
406
405
404
404
403
402
402
402
401
400
399
399
397
397
397
395
394
394
393
393
393
392
391
391
390
390
389
388
388
387
387
386
385
385
384
383
383
382
382
382
381
381
381
380
379
378
378
377
377
376
375
375
375
375
373
373
373
371
370
369
369
368
368
367
367
366
366
366
365
365
364
364
364
363
363
363
362
361
361
361
361
360
360
360
357
357
356
353
352
352
351
351
351
351
350
350
350
348
348
348
347
346
346
345
345
345
345
344
342
337
337
337
335
335
333
333
333
332
332
331
330
330
329
329
329
329
328
327
326
325
324
323
323
322
322
321
321
321
321
321
320
318
317
316
316
315
315
315
314
314
313
313
313
312
312
311
309
307
307
305
305
304
303
303
302
301
301
300
300
299
296
296
295
293
293
293
291
291
290
289
288
287
286
286
286
285
285
283
282
281
280
280
279
278
276
276
276
275
274
274
272
272
270
269
269
269
268
267
263
261
260
260
260
259
258
258
258
256
254
254
253
252
252
251
251
251
250
249
249
247
247
245
244
243
243
243
242
242
240
240
239
239
238
238
238
236
236
234
233
233
233
233
232
232
230
230
230
229
229
228
227
227
227
227
226
226
226
226
225
225
225
224
223
223
223
223
221
220
220
220
220
218
218
217
217
216
216
215
214
213
213
212
212
212
212
211
210
210
210
210
210
209
207
207
207
207
207
206
206
204
204
204
202
202
202
202
201
200
200
