1000
1000
700
698
697
697
696
696
695
694
694
692
692
692
691
691
691
690
687
687
687
687
687
687
686
686
686
685
685
684
684
683
683
682
682
681
681
681
680
680
680
680
679
679
678
677
677
676
675
675
674
674
673
673
671
670
670
670
670
670
669
669
668
668
668
668
668
667
667
667
667
667
667
666
666
666
665
665
665
665
664
664
664
664
662
662
662
661
661
660
660
660
659
658
658
656
656
656
655
655
655
654
653
653
653
652
652
652
652
651
651
650
650
650
649
649
649
649
649
646
646
645
644
644
644
643
642
642
642
642
641
641
641
640
640
639
639
637
637
637
636
636
635
635
635
635
633
633
632
632
632
632
631
631
631
629
626
626
626
626
625
625
625
625
625
624
624
623
623
622
621
621
621
620
619
618
618
618
617
617
617
616
616
616
615
615
614
614
614
614
613
612
612
611
611
611
610
610
610
610
610
609
609
609
608
608
607
607
607
607
607
606
606
606
606
604
604
603
603
603
603
602
602
601
601
600
599
599
599
597
597
596
595
595
594
593
592
591
590
589
589
588
588
588
588
587
586
585
585
584
584
584
583
583
582
582
582
581
581
581
580
579
579
579
578
578
577
577
577
577
576
576
576
576
575
575
575
575
574
574
573
573
573
573
573
571
571
571
569
569
569
568
568
567
567
567
566
565
565
565
563
563
562
561
561
561
561
559
559
558
558
557
557
557
556
556
555
554
554
554
553
553
551
551
551
550
550
549
546
546
546
546
544
544
544
544
543
543
542
542
541
541
540
540
539
539
537
536
536
536
536
535
535
535
534
533
531
531
531
531
530
530
530
530
529
529
529
528
527
527
527
526
526
526
526
525
524
524
523
523
522
521
521
520
519
518
516
516
516
516
515
514
514
514
513
513
512
512
511
510
510
510
510
510
508
508
506
504
504
504
504
504
504
502
501
500
499
499
498
497
496
496
495
495
494
494
494
493
493
493
492
491
490
489
489
489
488
488
488
488
487
487
486
486
486
486
485
485
483
483
483
482
482
481
481
480
480
479
479
478
478
477
477
476
474
473
473
473
472
472
472
470
470
469
469
469
468
468
467
466
466
466
465
465
465
464
464
464
463
463
462
461
461
460
459
459
459
458
457
456
455
455
454
454
453
453
452
451
450
450
450
448
448
448
446
445
445
444
443
443
442
442
442
441
441
441
441
440
440
439
438
438
438
437
436
436
436
435
435
435
434
434
434
433
433
432
432
431
431
431
431
431
428
428
427
426
426
425
424
423
422
421
420
420
420
419
418
417
414
414
414
414
413
413
413
412
412
411
411
411
411
411
410
408
408
408
407
407
406
406
405
404
403
403
402
401
401
399
399
398
397
397
397
397
397
396
396
395
395
395
393
393
392
392
391
391
391
391
390
390
389
389
389
389
389
388
388
387
387
387
386
386
385
385
385
384
384
384
384
383
382
382
381
381
380
380
380
379
379
379
379
378
377
376
375
375
374
374
373
371
371
371
371
371
371
370
370
368
368
367
366
366
365
364
364
363
363
362
362
361
360
360
360
359
359
358
358
358
357
357
357
357
356
356
355
354
354
354
353
352
349
348
347
347
346
345
344
344
344
343
343
342
341
341
340
340
340
340
340
339
339
339
338
338
337
337
336
336
336
335
335
334
334
334
333
333
333
332
332
332
331
331
330
330
330
329
328
328
328
328
327
327
327
326
326
326
325
324
323
323
322
321
321
319
318
316
316
315
314
312
312
310
310
309
309
309
308
307
307
306
306
306
306
306
306
304
304
304
303
303
302
302
302
301
301
301
300
300
299
297
297
295
294
294
294
293
293
292
291
291
289
289
289
288
287
286
285
285
284
284
284
282
282
281
280
278
278
278
276
276
276
275
274
274
274
273
273
272
272
272
271
271
271
271
271
270
270
269
268
267
265
264
264
264
264
264
263
262
262
261
261
261
261
261
260
260
260
259
259
259
259
258
258
257
257
256
256
256
256
254
254
253
253
252
252
252
251
251
251
251
251
250
250
250
250
249
248
247
247
247
246
246
245
245
245
244
243
243
242
241
241
241
240
239
239
239
237
236
236
236
236
235
234
234
234
232
232
232
232
231
231
231
230
230
230
230
230
229
229
228
228
227
226
225
225
225
224
223
223
223
223
222
221
221
221
221
220
220
219
219
218
217
217
217
217
217
216
216
216
216
214
214
213
213
213
212
210
210
210
209
209
209
209
208
208
208
206
205
205
205
204
203
203
203
202
202
202
202
201
201
200
200
