400
400
280
279
279
279
278
277
276
276
275
275
273
272
272
271
271
270
270
270
270
269
269
269
267
267
267
266
264
264
263
262
262
260
260
260
259
258
257
257
255
253
251
251
251
250
250
250
249
249
247
246
245
245
245
244
243
243
242
241
240
240
239
239
238
238
236
234
234
234
234
234
234
233
232
231
231
231
230
229
228
227
226
226
226
226
225
225
224
222
221
221
220
220
219
218
218
217
217
217
217
217
217
215
215
215
215
215
214
214
213
213
212
212
211
211
211
211
209
208
208
208
207
207
206
206
206
206
206
206
205
205
204
204
203
202
202
201
201
200
198
198
197
197
196
196
195
194
194
193
192
191
191
189
189
188
186
185
185
185
185
185
184
184
183
183
182
181
181
180
179
178
177
177
175
175
175
173
173
172
172
170
170
170
169
168
168
167
167
166
166
165
164
164
162
162
160
160
160
158
155
154
153
152
151
151
149
148
147
146
146
146
146
146
145
145
144
144
142
142
141
141
140
139
139
138
138
137
137
136
136
136
136
135
134
134
133
131
131
130
129
129
129
128
127
126
125
124
124
123
122
122
121
121
120
119
119
118
117
116
116
115
114
114
114
114
113
113
112
112
111
110
110
108
108
107
107
105
105
103
103
103
102
102
102
102
100
100
100
100
98
98
97
97
96
96
96
95
95
95
94
94
93
93
92
91
89
89
88
87
85
85
85
83
82
81
80
80
79
79
78
78
77
77
77
76
76
75
74
74
74
74
73
73
73
72
72
72
71
70
70
70
70
69
69
67
66
66
66
66
65
65
63
63
63
63
63
62
62
62
61
61
61
61
61
60
60
60
60
59
57
56
55
55
54
53
53
52
52
52
51
51
51
51
51
50
50
50
50
50
49
47
46
46
45
44
43
43
43
43
41
40
