300
500
349
348
348
347
347
346
345
342
342
340
339
339
338
338
338
338
336
336
334
332
330
329
326
326
324
324
318
318
316
313
312
312
312
312
311
309
308
306
305
304
301
296
295
295
294
292
291
291
289
289
288
288
288
285
284
283
282
278
278
278
277
276
275
272
270
268
268
268
268
268
267
265
264
263
262
262
260
258
258
256
256
255
252
250
250
250
249
248
247
244
244
244
243
242
241
239
238
235
235
232
232
232
231
231
230
230
229
226
226
226
223
221
220
220
219
219
218
218
217
216
215
214
213
213
213
212
212
211
211
211
209
209
209
208
208
208
208
206
204
203
202
202
201
197
195
195
194
194
194
192
191
191
190
187
186
183
183
183
183
182
182
182
178
175
175
174
174
172
171
170
170
169
166
166
166
165
164
164
163
163
162
162
162
158
157
154
154
153
153
153
153
152
150
149
149
148
148
147
144
144
144
141
140
138
138
137
136
136
135
135
133
133
133
131
131
128
128
127
127
124
120
119
117
117
117
117
117
116
115
113
112
110
110
109
109
108
108
106
106
104
104
103
102
102
102
101
100
100
99
99
97
96
96
96
96
96
95
94
92
91
89
88
87
85
82
81
81
80
79
78
77
76
75
75
74
73
73
72
70
70
67
66
65
64
64
63
61
60
60
60
59
59
57
56
52
52
52
51
50
50
