200
300
210
210
209
207
207
206
204
204
204
204
203
202
200
200
197
196
195
193
192
190
189
188
187
186
185
185
185
185
184
184
183
183
181
181
180
179
176
175
175
173
172
172
171
171
170
170
169
169
168
167
167
165
164
164
162
160
160
160
159
157
157
156
154
154
153
153
152
150
149
149
146
146
146
146
145
144
144
143
142
142
141
141
141
141
138
138
137
137
137
136
136
136
134
133
132
132
132
132
130
129
128
128
128
127
127
126
126
125
125
123
123
123
122
120
119
119
118
118
118
117
116
115
115
114
111
110
110
109
108
108
107
105
105
104
103
102
102
100
99
99
99
99
99
98
97
96
95
95
95
95
95
94
92
91
86
86
84
84
84
84
84
83
83
82
82
81
81
80
79
78
78
77
76
75
74
74
73
73
73
72
71
70
70
70
69
69
68
68
66
66
65
65
64
62
61
61
61
61
60
60
