200
200
140
140
140
139
139
139
139
138
138
138
138
137
137
137
137
136
135
135
134
134
134
133
133
132
132
130
130
129
129
128
127
127
126
126
125
124
122
120
120
119
118
117
117
116
115
114
114
114
113
113
111
110
110
108
107
107
105
103
102
101
101
100
100
99
99
98
97
96
96
95
94
94
93
92
92
91
91
90
90
90
89
86
85
84
84
84
83
83
80
80
80
80
79
79
79
79
78
78
77
76
75
74
74
73
73
73
72
72
72
72
70
70
70
69
69
69
69
67
67
66
66
66
65
65
65
64
63
63
63
61
61
61
61
61
60
60
59
58
57
57
57
56
56
55
54
53
53
50
50
48
47
45
45
45
44
42
42
41
40
40
39
39
39
38
37
37
36
36
35
34
34
34
33
33
33
32
32
32
31
31
30
30
30
29
28
27
27
27
26
26
26
26
26
25
25
23
23
22
22
22
