200
150
120
119
119
118
118
118
118
118
118
117
117
117
116
116
115
114
114
114
114
114
114
113
113
113
112
112
111
111
110
110
110
110
109
108
108
107
106
106
106
105
104
104
104
104
104
104
103
103
102
102
101
100
98
97
97
96
96
96
96
95
95
94
93
93
91
91
91
89
89
89
89
88
88
87
85
85
85
85
84
84
84
84
83
82
82
81
81
81
78
77
77
77
77
76
75
74
73
73
71
69
69
69
68
68
68
67
67
66
66
66
65
65
64
61
58
58
56
55
55
55
53
52
52
52
50
49
49
48
48
48
48
47
47
46
45
44
44
44
44
42
41
41
41
40
40
39
39
39
39
37
37
36
36
36
32
32
32
32
31
31
31
30
30
29
28
27
27
27
27
26
26
26
25
25
25
25
25
25
25
25
23
23
23
22
22
21
20
19
19
19
18
18
17
17
17
16
16
15
15
15
