200
400
279
279
278
278
276
275
275
275
274
274
273
273
272
272
271
270
267
267
264
264
264
263
261
260
259
259
257
256
254
254
252
251
248
245
241
240
240
239
238
237
237
236
236
235
234
233
229
226
224
223
222
221
221
219
218
216
216
216
215
213
211
210
209
207
204
204
203
201
201
197
195
192
192
192
191
189
185
184
183
181
180
180
176
174
169
168
168
167
167
165
165
164
164
163
159
159
158
158
157
157
157
155
155
154
153
152
152
149
147
145
145
144
144
143
140
140
137
137
137
136
136
134
133
132
131
131
131
127
125
124
124
124
123
122
122
122
121
121
120
119
115
113
112
112
112
109
107
104
104
102
101
99
99
97
97
96
96
95
94
94
93
90
89
86
86
86
86
84
83
82
82
82
80
79
75
70
69
68
67
66
65
64
64
64
64
64
61
60
56
55
53
51
51
48
45
44
43
43
43
40
