300
500
399
398
397
396
395
394
393
393
392
392
389
388
388
385
384
384
380
379
377
375
374
372
370
369
368
368
367
367
366
365
365
361
361
360
360
354
353
351
350
348
342
339
338
338
338
336
335
334
334
332
331
330
329
328
327
327
325
325
323
322
322
319
319
318
318
318
311
310
309
309
309
309
308
307
306
305
303
302
302
302
301
298
298
297
296
296
296
295
293
293
293
290
289
287
286
285
284
283
282
280
278
276
273
273
271
270
270
268
268
267
266
265
263
263
263
263
262
261
261
260
260
259
257
257
257
256
255
255
255
254
253
252
251
251
250
250
248
247
245
244
243
243
242
241
241
236
235
234
233
233
231
230
230
229
226
224
224
223
221
220
219
216
215
214
212
211
211
210
210
208
207
204
204
202
201
200
197
196
196
196
195
194
192
192
191
190
187
186
180
179
175
174
174
173
173
172
172
171
170
170
166
166
165
164
163
163
163
162
161
161
159
157
157
157
156
154
151
151
150
148
146
146
144
143
141
137
135
132
132
131
130
130
128
128
128
126
125
125
124
122
120
119
119
118
113
113
110
108
107
104
104
100
99
97
95
95
93
91
89
89
89
88
88
88
87
84
84
81
81
80
77
75
75
73
73
72
70
69
68
68
67
65
64
63
62
62
61
61
61
58
57
56
56
54
54
54
51
50
50
50
