200
1000
700
695
695
689
688
686
685
681
674
670
666
666
666
662
662
655
654
649
647
647
642
640
640
635
624
618
617
617
614
613
611
605
605
603
601
597
594
592
591
588
588
586
583
582
581
581
579
575
575
575
574
573
569
566
566
565
564
563
562
552
549
547
547
545
540
536
535
528
524
521
520
518
515
514
513
513
512
509
503
499
499
498
495
487
486
483
482
481
478
471
470
469
463
459
459
456
455
448
448
442
442
438
436
431
429
429
428
426
426
424
421
411
411
407
402
392
390
388
386
386
379
375
371
359
359
356
354
353
347
343
342
341
339
337
335
332
330
325
323
323
311
311
310
308
306
306
305
303
302
299
298
298
296
295
289
288
284
284
283
281
281
281
278
276
275
274
272
268
267
265
265
264
263
261
257
252
252
251
251
248
239
239
238
236
231
230
225
220
218
217
209
209
208
208
207
204
204
203
203
202
