200
400
320
320
320
319
318
315
313
313
313
310
310
309
309
308
307
307
306
304
304
301
301
298
298
296
295
289
289
289
286
286
285
285
283
282
282
281
281
278
274
274
272
270
269
269
268
268
267
265
264
263
262
261
261
259
259
258
257
255
254
254
247
247
246
245
244
242
240
239
237
237
237
234
232
231
228
225
223
219
219
218
218
216
209
209
209
209
205
204
201
200
200
198
197
194
193
192
190
190
190
190
189
185
185
185
181
178
175
173
167
166
165
164
163
163
162
161
161
161
157
150
150
149
148
148
146
146
145
145
144
143
142
141
141
139
138
134
132
132
131
130
129
129
126
125
121
112
110
110
109
109
108
108
107
94
92
92
90
89
89
87
85
85
83
83
80
78
77
76
76
73
72
70
69
68
67
66
65
64
64
64
62
60
59
59
57
57
56
54
53
51
50
50
49
46
46
43
42
41
41
40
