500
750
522
521
519
518
516
515
515
511
510
510
510
509
506
505
505
504
504
504
504
503
500
500
499
497
494
493
492
492
491
488
487
485
483
481
477
475
475
475
475
473
472
472
472
469
468
468
467
466
466
465
464
463
462
461
461
461
458
458
458
457
456
454
454
454
454
452
452
450
449
448
447
446
445
444
444
443
442
441
441
439
439
439
438
438
437
437
437
435
433
432
432
431
430
429
429
429
427
427
427
426
426
425
424
423
423
423
421
420
419
419
418
416
416
415
415
414
413
411
411
407
407
406
405
404
403
403
402
402
402
402
401
400
399
398
396
395
395
394
394
390
390
390
389
389
389
388
388
387
387
386
384
382
381
380
380
379
378
378
378
376
376
374
373
373
373
372
368
366
363
362
361
361
359
359
357
357
356
356
355
354
353
351
351
351
350
350
349
349
346
346
345
345
344
344
343
342
342
342
342
341
341
340
340
338
338
337
335
333
330
330
327
327
326
325
324
324
323
323
322
321
319
318
318
317
316
316
315
314
314
314
313
313
312
311
311
310
310
309
309
308
308
307
306
304
304
302
302
301
301
301
301
300
300
300
296
296
296
294
293
293
292
292
290
290
288
288
287
287
286
285
285
284
284
283
282
281
281
280
279
278
278
277
276
275
274
274
274
274
270
269
268
265
265
265
265
265
265
265
264
262
262
259
258
257
256
255
254
254
254
253
252
251
250
249
249
249
248
248
246
245
245
244
244
244
240
239
238
238
237
234
233
232
232
231
230
229
227
226
226
226
222
221
220
218
218
218
217
217
216
216
216
216
215
215
214
214
213
212
212
210
210
209
209
206
206
205
203
202
201
196
196
194
194
192
192
190
184
183
181
181
181
181
180
179
179
178
178
178
178
177
176
175
172
172
172
171
171
168
167
165
165
163
162
162
159
159
158
157
157
156
156
154
154
154
153
151
150
150
150
148
148
147
145
144
144
144
143
142
140
140
139
138
137
137
137
136
135
134
134
133
133
131
128
127
127
126
126
126
124
124
124
122
121
121
121
120
116
115
115
115
115
115
112
110
109
108
108
107
106
105
104
104
103
103
101
100
100
99
99
97
97
97
93
93
92
92
88
86
86
85
85
84
84
84
81
80
79
78
75
75
