750
500
400
399
399
399
398
398
396
396
396
396
396
395
395
394
394
394
393
393
393
393
393
393
393
392
392
392
392
392
391
391
390
390
390
390
390
389
389
389
389
389
389
388
387
387
386
385
385
384
384
384
384
383
383
383
382
382
382
381
381
381
381
380
380
379
379
379
379
378
378
378
378
378
377
377
375
375
375
375
373
373
373
373
373
372
372
372
371
371
371
370
370
370
369
369
369
369
368
368
368
368
368
367
366
366
365
365
364
364
363
362
361
361
361
360
360
360
359
359
359
359
359
358
358
358
357
357
355
355
354
354
354
354
354
354
352
352
352
352
351
351
351
350
350
350
350
350
349
349
348
348
347
347
346
346
345
344
344
344
344
343
343
342
342
341
341
341
341
341
340
340
340
340
340
340
339
339
339
338
338
338
338
338
337
336
336
336
336
335
334
334
334
334
334
333
333
332
332
330
329
329
328
328
328
328
327
327
326
325
325
325
324
324
323
321
321
320
320
320
320
319
319
319
319
318
318
317
317
316
316
315
315
315
314
314
314
314
313
313
312
312
311
311
311
311
311
310
310
309
309
309
308
308
307
307
306
306
306
306
305
304
304
304
304
304
303
302
302
301
301
300
300
299
299
299
298
298
297
297
297
296
296
296
296
295
294
293
293
293
293
292
292
292
292
289
289
288
288
287
286
286
285
285
285
284
284
284
284
283
283
282
282
281
281
279
279
278
278
278
278
277
276
276
275
275
274
274
273
272
271
271
270
270
269
269
269
269
269
268
268
268
267
267
266
266
266
266
265
265
265
264
264
263
260
259
259
259
258
256
256
255
255
252
252
251
251
251
251
250
250
250
250
250
250
249
249
249
249
248
248
247
247
247
246
246
246
245
245
245
244
244
244
243
243
242
242
242
241
241
240
240
239
239
239
239
238
238
238
238
238
237
237
236
236
235
235
234
234
234
233
233
233
232
231
231
230
230
229
229
228
228
228
228
227
227
226
226
226
225
225
225
224
224
224
224
223
223
222
222
222
220
220
220
220
219
218
218
218
218
218
218
217
217
216
216
215
214
214
214
214
214
213
212
212
211
211
211
211
210
209
208
208
207
207
206
206
205
204
204
202
202
202
202
202
201
200
200
200
200
199
199
198
198
198
198
198
194
194
194
194
194
194
193
192
191
191
191
190
190
190
190
189
189
189
189
189
188
188
186
185
184
184
184
184
183
182
182
182
182
182
182
181
180
179
179
178
178
177
177
177
177
177
177
176
176
175
175
174
173
173
173
172
172
171
171
170
169
169
167
167
166
165
165
164
163
163
163
163
163
162
162
161
160
160
160
160
160
160
160
160
159
159
159
158
158
158
158
158
157
156
156
156
155
155
154
154
154
154
154
153
153
153
152
152
152
151
150
150
149
149
149
149
148
148
148
148
147
146
146
146
144
143
143
143
143
142
142
142
142
141
141
141
141
141
141
141
140
139
139
139
138
138
137
135
134
134
134
133
133
133
132
132
131
131
130
130
130
130
129
128
128
128
128
127
127
127
126
126
126
126
126
125
125
125
125
125
125
124
123
121
121
121
120
120
120
119
118
118
118
117
117
117
117
117
117
117
117
116
115
114
114
114
113
113
113
112
111
111
111
110
110
109
108
108
108
107
107
107
107
106
105
105
104
104
104
103
103
103
102
101
101
101
101
100
100
100
100
100
100
100
100
