400
750
600
598
595
594
593
592
589
588
587
587
586
586
583
582
582
581
579
579
575
574
572
572
571
571
570
570
567
566
565
565
564
561
560
560
559
555
555
553
552
550
548
548
547
547
546
545
544
544
542
542
541
538
536
527
527
526
525
524
524
522
520
519
517
517
516
515
511
511
511
509
507
504
499
499
499
496
496
496
491
490
490
487
487
487
486
485
485
482
482
482
481
480
479
478
478
475
474
473
470
469
469
467
466
465
462
459
459
457
457
456
455
453
450
450
450
449
449
448
448
445
444
443
443
441
440
440
440
439
439
438
437
437
436
433
433
433
431
430
429
428
428
428
425
425
423
423
422
419
418
417
415
414
411
410
409
407
405
401
400
400
397
397
396
394
393
392
391
390
390
386
385
383
383
382
382
381
380
380
378
376
376
375
374
373
372
372
369
366
365
364
363
361
360
359
358
356
356
355
354
354
353
353
350
344
343
343
342
340
340
338
337
335
334
333
331
330
330
329
327
327
326
322
321
319
318
316
313
312
309
307
307
306
306
303
303
302
301
298
297
296
296
295
294
294
293
292
292
291
290
290
290
290
288
287
287
284
283
282
281
281
280
279
279
278
275
274
272
270
269
269
267
267
267
263
262
261
260
260
260
258
257
257
256
252
249
248
242
241
241
241
240
239
237
237
237
236
236
235
235
233
231
230
229
227
227
226
222
221
216
216
216
212
210
206
204
203
203
201
194
193
193
191
189
187
186
182
182
182
181
180
180
179
172
170
166
164
164
162
160
160
160
158
155
154
152
150
148
148
148
147
144
141
137
136
135
131
131
130
129
126
126
126
124
124
123
123
122
121
120
120
119
117
113
113
111
109
109
106
103
102
101
100
97
92
91
91
89
87
87
85
83
83
82
81
80
78
77
77
76
76
