300
500
398
397
397
395
395
395
394
394
394
393
392
389
388
386
386
385
385
383
382
382
381
381
380
379
378
376
376
374
374
372
368
366
365
364
363
363
360
359
357
354
353
352
348
348
348
346
346
345
345
343
341
341
341
340
339
339
338
338
338
337
336
334
333
333
331
330
328
327
325
325
324
322
322
322
321
317
316
315
314
314
311
309
309
308
307
307
307
306
305
304
302
299
296
295
294
293
293
293
291
290
289
289
288
286
284
283
283
277
277
275
275
274
271
271
269
269
266
264
264
264
261
260
259
258
257
256
256
256
254
254
250
250
249
248
247
246
245
240
240
239
238
238
238
237
234
234
234
233
230
229
227
227
225
225
219
217
217
216
216
215
212
211
210
210
209
208
206
204
204
202
202
201
198
197
197
196
195
194
193
193
193
191
190
190
190
187
183
180
179
176
173
173
172
172
167
167
164
162
162
161
161
161
160
157
156
154
154
153
152
150
150
149
149
149
149
146
145
145
145
144
143
141
141
141
140
140
136
136
136
135
135
135
129
128
128
125
123
121
121
120
119
118
118
116
115
110
108
107
106
106
105
101
99
98
98
95
94
94
91
91
90
89
89
86
86
86
85
85
85
84
84
83
83
83
82
81
80
80
77
73
73
72
71
70
69
68
65
64
63
61
61
61
59
59
58
58
53
53
53
51
