400
500
400
400
400
399
398
395
394
389
389
388
388
388
387
386
385
381
381
379
379
379
377
377
377
376
375
374
372
372
371
370
369
367
366
366
365
364
364
362
360
360
360
360
360
359
358
356
356
356
354
354
353
351
350
348
347
346
346
346
346
345
345
345
343
340
338
337
335
333
332
332
331
331
330
327
327
326
326
325
324
324
323
322
321
321
320
320
320
318
317
317
316
315
315
314
313
311
310
310
309
309
308
307
306
306
306
306
305
305
305
305
305
302
302
302
302
302
301
301
300
300
299
298
297
296
294
294
293
293
291
290
289
287
285
284
284
283
282
282
278
278
277
276
276
276
275
275
275
275
274
273
273
273
271
269
269
269
268
268
268
267
266
265
264
264
260
259
258
256
254
253
253
253
253
251
248
245
245
242
241
239
238
238
235
235
233
232
231
230
230
230
229
225
224
223
221
220
220
219
216
215
215
215
214
213
213
211
210
209
209
208
208
207
206
205
204
202
202
201
201
201
200
200
195
194
193
193
192
192
190
189
189
188
188
187
184
182
182
180
180
178
177
177
177
174
173
172
172
171
169
169
167
167
167
167
167
163
163
163
162
161
160
159
159
158
156
155
155
153
153
152
151
151
151
149
149
148
148
148
147
147
146
145
144
143
143
143
139
136
136
135
135
134
133
132
132
131
131
131
130
129
129
126
125
124
124
123
123
122
121
121
120
119
118
118
118
117
116
114
114
113
113
112
111
111
110
107
107
106
106
106
105
105
104
103
101
100
100
97
97
97
96
95
95
95
94
93
93
93
93
92
91
90
90
90
87
86
85
84
84
83
82
80
80
80
80
79
77
76
76
75
75
74
73
73
73
72
70
70
69
68
68
67
66
66
65
64
63
63
63
62
60
58
58
57
57
56
55
54
53
50
