400
750
524
523
523
522
520
518
518
518
517
517
517
516
515
515
514
513
513
512
511
510
509
508
507
507
507
506
503
501
501
500
500
500
500
499
496
494
493
493
492
490
489
488
487
486
485
485
485
483
482
481
479
479
478
477
477
474
473
473
471
471
470
469
469
468
466
466
466
466
465
464
462
462
462
461
461
458
457
457
457
457
455
454
454
453
452
451
451
449
448
448
447
447
446
446
446
445
444
444
443
440
439
438
437
436
435
435
432
429
429
428
426
424
424
423
422
420
420
419
418
417
416
415
412
411
410
409
408
406
404
404
402
401
401
401
401
400
400
400
399
399
399
398
398
397
395
394
392
392
390
388
387
386
385
382
382
381
381
380
380
380
380
380
379
379
378
377
376
375
375
374
374
373
372
372
372
369
368
367
366
366
363
363
361
360
359
359
358
357
355
354
353
352
347
347
347
347
345
345
342
342
342
340
339
339
339
337
336
335
334
333
332
330
330
330
329
327
325
325
325
324
324
323
320
319
319
319
318
318
316
316
316
314
314
313
313
311
311
311
310
309
307
305
301
301
301
299
299
298
298
295
295
295
295
294
293
293
293
293
292
292
289
288
288
288
287
286
284
283
282
282
282
279
278
277
277
276
276
276
276
276
275
273
269
268
268
267
267
266
264
262
262
262
261
260
260
259
259
258
254
253
253
249
249
249
249
249
248
247
247
246
245
244
243
242
242
240
239
239
238
238
238
238
237
236
235
234
233
232
232
231
231
229
229
228
227
224
224
218
217
216
215
214
214
214
212
212
210
210
204
204
203
203
200
199
198
197
196
196
196
195
193
190
190
189
188
186
186
185
184
184
183
182
181
179
178
175
173
172
172
172
171
169
169
168
167
167
166
161
161
161
160
157
156
156
155
154
153
152
151
150
