750
750
599
599
598
598
597
597
596
596
596
596
595
595
595
595
594
593
593
587
586
585
585
583
582
582
582
580
579
579
579
578
578
576
576
576
574
573
572
571
571
570
570
569
568
567
566
565
563
562
562
562
561
561
560
559
559
558
557
556
556
555
553
553
552
552
551
551
550
550
550
550
550
549
547
546
546
545
545
544
543
543
542
541
540
540
540
540
540
538
538
537
537
537
536
536
535
532
530
529
529
529
528
527
524
524
523
520
519
518
517
516
516
514
512
512
512
511
511
510
510
508
508
508
507
507
506
506
506
504
504
503
503
502
501
500
499
498
498
498
498
498
498
497
494
494
493
491
489
489
488
488
488
487
485
485
485
484
483
483
481
480
479
479
479
479
477
476
476
475
475
474
473
472
471
471
468
468
468
468
468
467
467
465
464
463
463
462
462
461
460
459
458
457
457
457
457
456
456
455
454
454
454
452
451
451
451
451
450
449
448
448
447
446
446
446
445
445
445
444
444
444
444
444
443
441
440
439
438
438
438
436
436
436
435
435
434
433
432
432
432
432
431
431
431
430
430
430
429
429
429
426
426
426
425
424
422
421
421
417
417
417
416
416
416
414
413
411
411
410
409
407
407
407
407
406
404
402
402
401
401
400
400
397
396
396
396
395
394
394
394
393
393
393
392
392
391
390
390
389
389
389
389
388
388
388
388
387
387
386
385
383
383
383
382
381
380
380
380
380
380
380
380
378
377
377
377
373
373
372
372
371
370
369
368
368
366
365
365
364
364
364
363
363
363
362
361
361
361
361
360
360
359
359
359
358
355
355
355
354
354
354
353
353
353
352
350
350
350
350
347
347
346
345
344
344
344
343
342
341
341
341
340
339
339
339
338
338
338
337
335
335
334
334
333
333
331
331
331
330
328
326
325
324
324
323
321
320
320
319
319
318
317
316
315
315
315
313
313
312
312
312
310
309
309
307
305
305
304
304
303
303
303
302
301
301
299
299
298
297
297
297
297
297
296
295
295
295
295
294
294
293
292
289
289
288
288
287
286
286
286
286
285
283
283
282
282
282
282
281
281
280
279
278
278
277
277
276
275
275
274
274
273
273
272
270
268
268
268
268
267
266
265
265
264
262
261
261
259
259
257
257
257
256
256
255
254
254
253
253
252
250
249
249
248
247
246
244
244
244
242
241
241
240
239
238
238
238
236
236
235
235
234
234
233
233
232
231
230
230
229
228
228
227
227
226
226
225
225
224
223
223
219
219
218
218
214
214
213
211
210
209
209
208
208
206
206
206
204
203
201
201
199
199
198
198
198
197
197
196
195
195
195
195
194
193
193
193
193
192
192
192
192
192
190
190
189
189
189
188
188
188
188
187
187
187
185
185
184
184
184
183
182
180
178
176
175
174
174
173
171
171
170
169
168
168
168
168
167
165
165
165
164
164
162
161
161
159
159
158
157
156
156
155
155
154
154
154
153
152
150
149
148
148
148
148
147
146
146
145
145
145
144
143
142
140
140
138
137
136
136
135
135
135
135
134
134
134
132
132
132
131
131
129
129
126
126
125
125
124
123
123
123
121
120
120
120
117
117
116
116
115
114
113
113
113
113
112
111
111
109
109
109
108
108
107
107
105
103
103
101
101
101
100
99
98
97
97
97
94
94
92
91
89
88
88
88
86
85
83
82
82
82
81
80
80
80
79
79
78
78
78
