300
300
210
210
208
208
206
206
206
206
205
204
204
203
203
203
203
202
201
201
200
200
199
199
199
199
199
199
198
197
197
195
195
194
193
193
193
193
192
192
192
191
191
189
189
188
188
188
187
187
187
186
186
186
185
184
183
183
181
181
181
179
179
179
178
178
177
177
177
176
176
176
175
175
175
175
174
174
174
173
172
172
172
171
171
170
170
170
169
165
165
165
164
164
164
163
163
163
162
161
161
161
160
160
160
160
159
159
159
159
159
158
158
158
157
157
157
156
156
154
153
152
152
151
151
150
150
148
147
147
146
146
146
146
146
145
145
144
143
142
141
141
141
140
139
138
138
137
137
135
135
135
134
134
134
134
133
133
133
132
131
131
130
130
130
130
130
130
129
129
129
129
129
128
127
127
127
125
125
124
124
123
123
122
121
121
120
120
120
120
120
119
119
119
119
119
118
117
116
116
115
115
114
114
113
113
111
110
110
109
109
108
107
106
106
106
105
105
104
103
103
103
102
102
102
101
101
101
100
100
99
99
99
99
98
98
97
96
95
95
94
94
94
93
91
91
91
89
89
89
89
88
88
86
85
85
85
85
83
83
83
82
82
82
82
81
81
80
80
80
79
77
77
77
76
75
75
75
73
73
72
72
72
71
70
70
69
68
68
68
68
67
67
66
65
64
64
64
63
61
61
60
