750
750
599
598
597
597
597
596
596
595
595
594
593
592
592
591
591
590
589
589
588
585
584
584
584
584
582
582
582
582
581
580
580
580
579
579
578
578
577
577
576
576
576
574
574
574
574
574
573
572
572
571
570
570
569
569
568
567
567
567
567
564
563
560
559
558
558
558
557
556
556
555
555
555
553
553
550
549
549
547
547
546
546
545
545
544
542
541
541
540
540
539
539
538
537
535
534
533
533
532
532
530
529
529
529
529
528
528
527
524
523
522
520
520
519
519
518
518
518
518
517
516
515
514
513
513
511
510
509
508
508
508
508
507
507
507
506
506
504
504
503
503
503
503
502
501
501
500
499
499
499
499
498
497
496
496
495
494
494
494
493
493
493
492
491
491
491
491
490
490
488
488
488
487
487
486
485
485
485
482
482
480
480
479
479
479
479
478
477
477
476
476
475
474
474
473
472
471
470
470
470
469
469
469
468
468
466
466
465
465
464
463
463
461
461
461
460
460
460
459
459
459
458
457
457
455
455
455
455
454
454
454
454
453
452
452
452
451
450
450
449
447
447
445
445
442
442
441
441
440
440
439
439
438
436
435
435
435
435
435
434
434
433
430
429
428
427
427
423
423
422
421
421
421
420
420
420
419
418
418
416
414
412
412
411
410
409
407
407
406
406
406
406
403
402
402
402
401
401
401
399
399
399
398
398
396
394
394
394
393
393
392
392
391
391
390
389
389
389
388
385
385
384
384
383
382
382
382
381
381
381
380
380
380
379
379
376
375
375
375
374
373
373
372
371
370
370
368
368
368
368
367
367
366
364
364
363
362
360
358
357
357
356
356
356
356
355
353
353
351
351
351
350
350
349
348
346
346
345
345
345
343
343
343
343
341
341
341
341
340
340
340
340
340
339
338
337
337
336
336
334
332
331
331
330
330
329
328
328
327
327
327
325
324
324
323
323
323
322
321
320
320
319
314
314
314
314
313
313
312
312
311
311
310
310
309
309
309
309
308
308
307
306
306
305
304
304
303
302
300
300
300
300
300
299
299
299
298
297
296
296
296
296
294
294
293
293
293
290
290
287
286
285
281
281
281
280
280
277
277
277
276
274
273
273
272
271
269
269
269
268
268
268
267
265
264
263
262
262
262
262
261
261
260
260
259
258
258
258
257
256
256
255
255
254
253
253
252
252
251
251
250
250
250
250
250
248
247
247
246
246
246
243
242
241
241
241
238
238
237
237
237
236
235
234
233
232
231
230
229
227
226
226
226
225
225
224
222
222
219
218
218
218
218
218
216
216
216
215
214
214
214
213
213
213
213
212
212
210
210
209
209
208
208
207
207
206
204
202
201
200
200
200
200
199
199
199
198
197
197
195
195
195
194
194
194
194
194
193
193
193
192
192
192
192
191
189
188
187
187
184
183
183
181
180
179
179
178
176
176
174
174
173
173
172
172
171
171
170
169
168
167
166
166
166
165
165
165
164
163
163
162
162
162
160
159
158
154
154
154
152
152
151
149
148
148
147
147
147
146
144
144
143
143
140
139
139
138
137
136
135
134
132
131
131
131
130
129
128
127
127
126
126
125
124
124
124
124
123
123
122
122
122
122
118
118
117
115
115
112
112
110
110
110
107
106
105
104
104
103
102
100
99
98
98
97
96
95
95
94
94
93
93
93
92
89
87
87
86
85
85
85
84
83
82
82
80
77
77
76
75
75
