1000
750
600
599
598
598
596
596
596
595
595
594
593
593
593
592
591
591
590
590
589
589
589
586
586
585
585
585
584
584
583
582
581
581
581
581
579
579
579
579
578
577
577
577
577
577
577
576
576
575
575
572
572
572
572
571
571
571
570
570
569
569
568
568
568
568
567
566
566
566
566
565
564
564
564
563
563
563
563
563
563
563
563
562
562
560
560
560
559
558
558
557
557
557
557
556
556
556
555
555
554
553
553
553
553
552
552
552
549
549
549
549
548
546
546
545
544
544
544
543
541
541
540
540
539
539
539
539
538
538
538
537
537
536
536
535
535
535
535
535
534
534
534
534
533
533
532
532
531
531
531
530
529
529
529
528
528
528
528
527
527
526
526
525
525
525
525
525
525
524
524
524
523
523
523
522
522
521
521
521
519
519
519
517
516
516
516
515
515
515
515
515
514
514
513
512
511
510
510
510
510
510
510
509
509
509
508
508
508
507
506
506
505
505
505
505
505
502
502
502
502
502
501
500
500
500
499
499
499
498
498
498
498
498
498
497
497
497
496
496
496
496
495
495
494
494
494
493
493
492
492
492
491
491
490
490
489
488
486
485
485
484
483
483
483
482
482
482
481
481
479
478
478
478
477
477
476
476
476
475
474
473
472
470
470
469
469
468
468
467
467
467
467
466
466
466
465
465
464
463
462
461
461
461
459
458
458
457
457
456
456
454
454
453
453
453
451
451
450
449
449
449
448
448
448
447
445
445
444
444
444
444
443
443
443
443
442
441
441
441
439
438
438
438
437
437
437
437
436
435
435
434
434
434
434
434
433
432
432
431
429
429
428
428
427
427
427
426
425
425
425
424
422
422
421
421
421
421
419
419
419
419
419
415
415
415
414
414
414
413
412
412
411
411
411
411
410
410
409
409
408
407
407
407
407
407
407
406
406
406
406
405
405
405
405
405
404
404
402
402
401
401
401
401
400
400
400
400
398
398
397
397
397
397
395
395
395
394
394
394
394
394
394
393
393
393
392
392
392
391
391
391
389
389
389
389
388
388
388
388
388
386
386
386
385
385
384
383
383
382
382
382
380
380
380
379
379
378
378
378
378
377
377
376
375
375
375
374
374
374
373
372
370
370
370
369
369
368
368
368
368
367
367
367
366
366
366
366
366
366
366
365
365
364
364
364
363
363
362
361
361
361
360
360
359
359
359
358
358
358
358
357
357
357
356
356
355
355
355
355
355
354
354
353
353
353
352
352
350
350
350
349
349
349
349
349
349
348
348
348
348
347
347
346
346
345
344
344
344
343
343
343
342
342
342
341
339
339
339
338
338
338
338
338
337
337
336
336
336
336
336
336
335
334
334
334
334
333
332
332
332
332
331
331
331
331
330
330
329
329
328
328
328
328
327
327
326
326
325
325
324
324
323
322
321
320
320
320
319
318
318
318
317
316
316
316
316
315
315
315
315
314
314
314
313
313
313
313
313
312
312
312
311
310
310
310
309
309
309
309
308
308
307
307
306
306
306
305
304
303
303
302
302
301
301
301
300
300
299
299
298
298
297
296
295
294
294
294
293
292
292
291
290
289
289
289
288
288
287
287
287
287
287
287
286
286
285
285
285
285
284
284
284
284
283
283
282
282
281
281
281
281
280
280
279
279
279
279
278
277
277
277
276
276
275
275
275
275
274
274
273
273
272
272
272
272
271
271
271
271
270
270
270
270
268
268
267
267
266
263
263
262
262
262
261
261
260
259
258
257
257
257
257
256
255
255
254
254
254
254
253
252
252
251
251
250
250
250
250
249
249
249
248
248
248
248
248
246
246
245
245
245
244
244
244
244
244
243
243
243
243
243
242
240
240
240
239
238
238
237
236
235
235
235
235
234
234
233
233
232
232
231
231
230
229
229
228
228
228
227
227
226
226
226
226
225
225
225
225
224
223
223
223
222
222
222
220
220
220
219
219
218
218
217
215
215
215
214
212
212
211
210
210
210
209
209
209
208
208
207
207
207
207
207
206
205
205
205
204
204
204
203
203
203
202
201
200
199
199
199
198
196
195
195
194
194
194
193
190
189
189
188
188
187
187
186
186
186
186
186
185
184
184
183
182
180
179
178
178
177
177
176
176
176
176
175
175
175
174
174
173
173
173
172
171
171
171
170
170
168
168
168
167
167
167
167
167
166
166
165
165
165
163
163
162
162
162
161
161
161
161
160
160
160
159
159
159
159
158
157
157
157
157
157
157
156
156
155
155
155
154
154
154
153
153
153
152
152
152
151
151
150
