1000
750
600
600
599
598
598
597
597
595
595
595
595
594
594
594
594
593
592
592
591
591
591
591
590
590
589
589
589
589
588
588
587
587
587
587
586
586
586
586
585
585
584
583
583
582
582
581
580
580
580
580
580
579
579
578
578
578
578
577
577
577
576
576
576
575
575
575
575
575
574
574
574
573
572
572
572
570
570
570
570
570
569
569
569
568
568
568
568
567
567
566
565
565
565
565
564
563
563
563
562
562
561
561
561
561
561
561
561
561
561
560
560
560
559
558
557
556
556
556
556
555
555
554
554
553
553
552
552
552
552
552
552
550
550
548
548
547
547
546
546
545
544
544
544
544
544
543
543
542
541
541
541
540
539
539
539
539
538
538
537
536
536
536
536
536
536
535
535
535
534
533
533
533
533
532
532
532
531
531
530
530
530
529
527
526
525
525
525
525
525
524
524
524
524
523
523
522
522
521
520
520
520
519
518
518
518
517
517
517
516
515
513
512
512
511
511
511
510
509
509
509
509
508
508
508
508
508
508
507
505
505
504
504
504
503
502
502
501
501
501
501
501
500
500
500
500
500
499
498
498
498
498
497
496
495
495
495
495
495
494
494
494
494
494
493
492
492
491
490
490
490
490
489
489
489
489
488
487
486
485
485
484
483
482
481
481
480
480
480
479
479
478
478
477
477
477
475
475
474
474
472
472
471
470
470
468
468
468
468
468
468
467
467
467
466
465
465
465
465
465
465
464
464
464
463
463
462
462
462
462
462
462
461
461
461
460
460
460
459
458
458
457
457
456
456
455
454
454
454
454
454
453
452
452
452
450
450
448
448
447
447
447
446
445
445
444
444
444
443
443
443
443
442
442
442
442
439
438
438
437
437
437
437
436
436
433
432
432
430
430
429
428
427
427
427
427
426
425
425
425
424
422
422
422
421
421
421
421
420
420
420
420
419
419
419
418
417
417
416
416
416
416
415
414
414
413
413
413
413
412
411
409
409
409
408
407
406
405
405
405
405
405
404
404
404
404
403
403
403
402
400
400
400
400
400
400
400
400
400
399
398
398
397
396
394
394
394
393
391
391
390
390
390
390
389
389
389
389
389
388
388
388
387
387
386
386
386
386
386
385
384
384
383
383
383
382
382
382
381
381
379
379
378
378
378
377
377
376
375
375
375
374
374
373
373
373
372
372
372
372
371
370
368
368
368
368
367
367
367
367
366
365
365
364
363
362
360
360
360
360
359
358
358
358
357
356
356
356
356
356
355
354
354
354
354
354
354
353
353
352
352
352
352
351
351
350
348
347
345
345
345
345
344
344
344
344
342
341
341
341
340
340
340
338
337
336
336
336
335
335
335
334
334
333
332
332
331
331
330
329
328
328
327
326
326
325
325
324
324
324
323
323
323
322
321
320
319
319
319
319
318
318
317
317
317
317
317
316
315
315
315
315
315
315
314
314
313
313
313
313
311
311
311
310
310
310
310
309
308
308
308
306
306
306
304
302
302
302
301
301
301
300
300
299
299
298
298
298
298
297
296
296
296
296
296
295
295
294
294
294
294
293
292
292
292
292
292
292
292
292
291
290
290
289
288
288
287
287
286
286
286
286
286
286
285
285
285
284
284
284
283
283
280
280
280
280
280
279
279
278
278
278
277
277
276
276
276
276
276
275
275
275
274
274
274
274
274
272
271
270
269
269
268
268
267
267
266
265
265
264
264
263
263
262
262
262
261
260
260
260
260
260
260
259
258
258
258
257
257
257
256
256
255
253
253
253
253
252
251
251
250
250
250
250
250
250
250
250
249
249
249
248
248
248
247
246
246
245
245
245
244
244
244
244
243
243
243
243
242
241
241
239
239
239
239
238
238
237
236
235
234
233
232
232
231
229
228
228
227
226
226
226
225
223
223
222
222
222
222
222
222
222
220
219
219
219
219
219
219
218
217
216
216
216
215
214
214
214
214
213
213
213
212
212
211
211
210
210
209
209
209
209
209
208
208
207
207
206
206
205
205
204
204
204
204
203
202
202
202
201
201
200
200
199
199
198
198
198
198
196
196
195
195
194
193
193
193
192
192
192
191
191
191
190
189
188
188
188
188
187
187
186
186
186
186
185
185
185
184
184
183
183
182
182
181
181
181
181
180
180
180
180
180
179
179
179
178
177
176
175
175
175
173
173
173
173
172
170
169
169
168
168
168
167
166
165
165
164
164
164
164
164
162
162
161
161
160
160
159
158
158
157
157
157
157
156
156
155
155
154
154
154
153
152
152
152
151
151
150
150
150
