400
1000
800
797
796
795
787
786
786
784
783
781
781
780
779
776
775
773
770
767
767
765
765
764
761
761
761
759
759
756
755
752
749
748
747
746
746
744
743
742
742
742
740
740
738
738
735
735
734
730
727
726
722
722
718
717
715
714
710
706
702
697
696
694
693
686
685
679
677
676
676
674
673
669
667
663
662
661
659
659
658
656
654
650
649
647
646
646
645
640
640
640
639
638
637
635
634
634
633
632
631
628
627
626
625
625
625
624
624
622
621
619
616
615
612
611
609
608
604
601
601
599
599
595
594
594
593
591
590
588
588
587
587
585
583
581
580
579
578
578
574
573
573
568
564
563
561
559
553
550
550
548
547
544
543
543
539
537
536
536
536
532
528
527
525
519
519
514
513
506
506
505
501
498
498
488
488
488
488
486
483
481
480
480
479
478
476
474
474
473
472
470
469
468
468
466
466
465
464
464
463
456
455
453
453
447
446
445
445
445
444
444
444
441
441
439
437
436
423
420
419
417
416
416
415
413
412
412
410
402
401
392
390
389
379
378
377
375
372
371
371
368
368
368
363
361
361
360
360
357
355
351
349
347
346
345
345
342
342
341
339
338
332
331
331
330
323
322
322
319
318
316
315
315
314
307
306
304
302
300
300
299
297
296
295
295
294
291
289
289
287
285
283
282
282
280
274
273
272
268
265
263
262
261
261
260
251
251
248
243
242
242
241
240
238
234
233
233
233
230
228
228
224
221
220
219
218
216
216
213
212
212
208
204
204
202
201
201
201
198
193
191
191
189
188
186
185
183
182
181
180
178
175
175
172
172
166
166
160
158
158
158
157
156
156
155
155
150
149
145
145
144
143
141
140
136
134
133
132
130
127
126
123
123
122
121
119
119
116
116
115
114
113
112
111
110
110
108
103
103
102
100
