300
200
140
140
140
139
139
139
138
138
138
137
137
136
136
136
136
136
136
136
135
134
133
132
132
132
132
131
131
131
129
129
129
128
128
128
128
128
126
124
124
123
123
123
123
122
122
120
118
118
117
117
116
115
115
115
115
114
114
114
113
113
113
113
113
113
112
112
112
110
110
110
110
110
110
110
110
110
109
108
108
108
108
107
107
107
106
106
106
106
106
106
105
105
104
104
104
103
102
102
101
101
101
101
101
100
100
99
99
99
99
98
98
98
98
98
98
98
97
97
97
97
97
96
96
96
96
94
93
93
92
90
90
90
90
90
90
89
89
89
88
88
88
88
88
87
87
87
86
86
86
86
84
82
82
82
81
80
79
79
78
78
78
77
76
76
75
75
75
74
73
73
73
73
73
73
72
72
72
71
71
71
71
71
70
70
69
68
67
67
67
66
66
65
64
62
62
61
61
60
60
59
59
59
58
58
57
57
56
56
55
55
55
55
54
54
53
53
53
53
52
52
52
51
51
51
49
49
49
49
48
48
47
47
47
47
46
46
46
46
46
46
45
43
43
43
42
42
42
42
41
40
40
40
39
39
39
39
38
37
37
37
37
37
36
36
36
36
36
35
35
35
35
34
34
34
34
33
33
33
33
31
31
31
31
30
30
30
29
29
29
28
28
27
27
25
25
24
24
23
23
20
