200
400
277
277
277
276
274
273
272
271
271
271
271
269
266
265
265
265
265
265
263
262
262
258
257
255
254
253
253
253
253
252
251
251
250
249
248
246
244
243
242
242
241
240
239
238
234
233
230
229
229
228
227
227
226
223
223
222
222
220
219
219
218
217
216
216
216
214
214
213
212
211
209
206
203
200
200
200
199
199
198
197
197
196
195
195
194
193
193
191
190
190
189
188
188
187
187
186
185
184
184
183
181
181
181
177
176
175
175
175
174
173
173
173
172
171
171
171
171
170
168
168
167
164
162
162
159
158
157
157
157
156
156
155
154
152
148
147
147
147
145
143
142
141
141
140
140
139
138
137
134
133
133
132
132
131
131
130
129
129
127
126
126
125
123
123
122
120
119
118
116
115
115
115
112
111
110
109
109
109
108
104
103
103
102
102
100
98
96
94
94
94
92
91
90
90
86
84
84
83
82
80
