750
750
525
525
524
524
524
523
522
522
522
522
521
520
519
519
518
517
517
516
516
516
515
515
514
514
514
513
512
509
509
508
508
508
507
507
507
505
505
504
504
504
504
504
503
502
502
502
501
501
501
501
499
499
499
498
497
497
497
496
495
495
493
492
492
491
491
491
490
490
490
490
489
489
488
487
487
487
487
486
486
486
486
485
485
484
483
483
483
483
482
481
481
480
480
480
479
479
478
477
477
476
476
475
475
475
473
473
473
470
470
470
465
465
465
465
464
464
464
463
462
462
461
461
459
459
458
458
456
456
456
456
455
455
451
448
448
447
447
446
446
445
445
445
444
443
443
443
443
443
442
442
441
441
441
440
439
438
437
437
437
436
436
436
435
435
435
434
434
432
432
431
431
431
430
429
428
427
427
425
425
424
423
423
423
423
423
422
422
420
420
419
419
419
419
418
418
418
417
417
417
417
415
415
415
415
415
415
414
414
413
413
412
410
410
409
409
408
408
408
408
408
408
408
407
407
407
406
405
405
405
404
404
402
402
401
400
400
400
399
399
398
398
398
397
397
396
396
396
396
396
395
395
394
394
393
392
391
391
391
390
390
390
390
389
388
388
388
386
386
386
386
385
384
384
383
383
383
382
382
381
381
381
380
380
380
380
380
379
379
379
378
378
377
377
377
376
375
375
374
374
374
374
374
374
374
374
373
373
373
373
372
371
370
370
369
369
369
368
366
365
365
365
365
364
364
363
363
363
363
362
362
362
361
361
361
361
361
361
360
360
360
359
358
358
357
356
356
356
355
355
355
355
355
354
354
354
354
353
352
352
352
352
352
351
351
350
350
350
350
350
349
349
348
347
347
345
345
345
344
344
343
343
343
343
342
341
340
339
338
338
337
336
336
335
335
335
334
333
332
332
332
331
331
330
328
328
327
327
327
327
326
326
325
322
322
322
321
321
321
319
318
316
316
315
315
315
314
313
312
311
311
310
310
310
310
309
309
309
309
308
308
307
306
306
306
305
305
304
304
304
302
302
302
301
300
300
300
299
299
299
299
299
297
295
294
294
293
293
293
293
293
293
292
291
291
291
291
290
289
289
287
286
285
285
285
285
285
284
283
281
280
280
279
279
279
278
278
277
277
277
277
277
275
275
274
272
271
270
270
268
268
267
266
266
266
265
265
264
263
263
263
263
263
263
262
261
260
260
260
259
258
258
255
255
255
254
254
253
251
251
250
250
249
249
249
249
248
248
248
248
248
247
247
246
245
244
243
243
242
241
241
241
241
241
240
237
237
237
237
236
236
234
233
233
233
233
232
232
232
231
231
230
228
228
228
227
226
226
225
224
224
223
223
222
222
221
221
221
221
221
220
220
219
218
218
217
216
216
215
213
213
213
213
212
211
210
209
208
208
208
208
208
208
207
207
207
206
206
206
205
205
205
205
205
205
205
204
204
204
203
203
203
201
201
200
200
200
200
200
200
199
199
199
199
199
198
197
195
194
193
193
192
192
192
192
192
192
191
190
189
189
188
188
188
187
187
186
186
186
186
186
185
184
184
182
181
181
181
181
181
180
180
180
179
177
176
176
176
174
173
173
173
173
173
173
173
173
173
172
172
172
171
171
170
170
169
169
169
168
168
167
166
165
163
163
163
163
162
161
161
161
161
160
160
160
159
159
159
159
158
157
156
155
155
155
154
154
154
154
152
151
