200
500
350
343
342
342
340
339
338
338
335
332
331
330
329
327
327
327
327
318
318
316
316
316
314
313
309
306
306
306
305
305
305
303
301
300
300
299
298
298
296
293
293
292
291
290
288
288
287
283
281
279
277
276
276
268
265
264
264
262
260
259
256
252
252
249
246
245
243
239
238
237
237
233
232
231
230
230
229
227
227
225
224
224
224
223
222
220
220
218
216
215
211
211
210
209
207
207
202
202
201
201
200
198
197
197
196
192
192
190
188
184
184
182
180
179
174
173
170
170
169
169
168
168
168
166
166
165
165
164
162
160
159
158
157
156
153
153
152
151
148
147
144
142
142
142
139
138
134
134
131
131
130
129
129
125
125
124
120
119
115
111
110
104
102
102
100
98
97
96
96
94
93
93
90
90
88
87
83
83
81
81
80
80
79
79
78
77
76
76
71
70
69
69
67
67
63
59
58
57
57
56
