200
400
279
278
273
271
270
265
264
263
262
261
260
257
257
252
252
249
249
249
249
247
246
244
243
242
242
241
241
239
238
237
237
236
236
235
231
229
228
228
227
227
225
222
222
221
219
217
213
213
211
210
209
207
206
206
206
205
204
204
202
201
200
199
199
198
197
196
195
195
194
192
191
191
191
190
189
189
188
188
187
186
184
184
183
182
182
180
180
177
176
176
173
173
172
172
170
170
170
169
169
168
167
165
164
164
164
162
161
161
160
159
159
158
158
157
157
157
156
155
154
154
154
153
153
152
149
148
148
145
142
142
140
139
138
137
134
131
131
130
130
130
130
129
125
125
124
123
122
122
121
121
121
116
115
115
115
114
112
111
110
109
108
107
105
105
104
104
104
104
103
102
102
102
99
98
96
95
94
93
93
92
92
92
92
91
90
89
89
89
89
88
88
87
85
84
84
82
81
81
81
80
