200
300
240
239
239
235
234
233
232
231
231
230
228
228
228
228
226
225
225
224
222
222
221
221
218
217
217
215
215
214
214
214
210
209
209
208
207
206
205
203
203
202
202
200
200
200
198
198
197
196
193
192
191
190
189
188
188
187
185
185
185
184
184
184
184
182
181
181
181
180
180
180
179
179
175
172
169
168
167
165
165
164
164
164
161
158
158
157
157
157
157
156
155
155
153
153
152
152
151
151
150
148
147
146
145
145
141
141
140
137
136
136
136
135
133
132
131
130
130
128
127
126
125
123
122
122
120
118
115
113
112
111
110
109
109
108
103
102
101
101
99
96
95
92
91
86
85
81
80
79
79
73
70
70
70
69
68
66
64
64
61
60
60
59
59
57
56
55
53
53
52
52
51
50
50
48
47
47
46
46
44
44
44
43
43
43
42
41
40
40
38
37
37
36
35
35
34
33
33
32
32
32
