500
500
400
400
400
399
398
398
398
398
397
397
397
397
396
395
395
395
395
392
390
390
390
388
388
388
388
387
386
386
386
386
386
385
385
384
384
384
383
382
382
382
379
378
377
377
377
376
376
376
375
375
374
373
373
372
371
370
369
369
369
366
366
365
365
364
363
363
362
362
362
360
358
358
356
356
355
355
355
354
354
354
353
353
353
352
351
351
351
351
351
349
349
348
348
346
345
343
342
341
341
340
340
339
339
338
337
336
333
331
331
331
331
330
327
327
327
327
326
326
325
325
325
324
324
324
324
324
324
324
322
321
321
321
320
320
320
320
317
317
316
315
314
313
311
310
310
307
307
306
306
306
305
304
303
303
302
302
300
300
298
298
298
297
297
297
297
295
294
294
294
293
293
293
293
293
292
292
291
291
291
290
290
289
288
288
286
286
285
285
285
284
283
282
282
282
281
280
278
278
277
277
277
277
276
276
275
275
274
273
272
272
272
271
271
271
270
269
269
268
267
267
266
265
264
264
264
264
263
263
263
262
261
260
260
260
258
257
257
256
256
255
255
255
253
252
251
251
251
249
249
248
248
247
246
246
245
245
245
244
244
244
243
243
243
242
242
242
242
241
240
239
238
237
236
235
235
234
234
234
233
232
232
231
231
231
231
230
230
229
228
228
228
228
228
227
224
223
221
221
220
220
218
217
217
217
215
215
214
214
214
214
211
211
211
210
210
210
209
209
209
209
209
208
206
206
205
205
201
201
200
200
200
200
198
197
197
196
196
196
195
194
194
193
192
192
190
190
190
189
189
189
189
189
188
187
187
186
186
186
185
185
184
183
183
182
182
182
181
181
180
179
177
177
176
175
174
174
173
172
171
170
170
170
169
168
166
165
164
163
163
162
162
161
161
161
160
158
157
157
156
156
156
155
155
154
152
152
152
152
151
151
150
149
149
149
149
146
145
144
144
144
142
141
140
140
139
139
139
138
137
137
135
135
134
134
133
133
133
132
131
131
131
130
130
128
127
127
127
126
125
124
124
124
123
123
122
122
122
121
121
120
120
120
119
118
117
116
116
116
115
115
114
114
113
113
111
111
111
111
110
110
109
109
109
109
108
107
107
107
106
106
106
105
104
104
104
103
103
102
102
101
