300
400
279
278
278
278
276
275
274
274
273
273
272
272
271
270
268
267
267
266
265
265
264
264
263
262
262
261
261
259
257
256
255
253
253
252
251
250
250
250
250
249
248
248
247
247
247
245
245
245
244
244
243
242
242
241
239
238
238
237
236
236
234
234
233
232
231
231
231
230
229
229
227
227
226
225
225
224
223
223
223
222
221
219
218
213
211
210
210
209
208
207
207
205
205
204
204
203
201
200
200
199
198
198
197
196
196
194
194
194
193
193
192
192
190
189
188
187
186
185
185
185
183
181
180
178
178
176
176
176
175
174
174
173
173
172
169
169
169
169
169
169
168
168
166
163
162
162
161
161
161
161
161
159
159
158
158
157
154
153
153
152
152
151
151
151
150
150
149
149
147
147
144
144
143
140
140
139
138
137
134
134
134
132
130
126
124
123
123
123
121
121
121
121
120
118
118
118
117
115
114
114
114
114
113
112
112
112
111
111
110
110
110
109
109
109
107
106
105
105
104
104
103
103
103
102
102
101
99
98
96
95
94
93
93
92
92
92
90
89
89
88
88
85
85
83
82
82
82
81
81
80
79
79
79
78
77
77
77
76
74
72
71
71
70
69
69
68
68
68
67
67
66
66
65
63
62
61
61
60
60
59
59
57
57
56
55
55
54
53
48
47
46
45
45
44
44
43
43
43
42
41
