750
1000
799
798
798
795
795
794
794
792
792
791
791
791
791
790
788
787
786
784
784
783
783
781
781
780
779
778
778
777
777
776
774
773
772
771
770
770
769
768
767
767
766
765
763
762
762
752
752
752
750
749
748
747
746
746
746
745
744
744
744
744
743
742
741
740
740
738
738
737
735
734
733
732
732
730
730
729
728
726
725
722
721
718
717
717
716
715
715
714
714
712
712
711
710
710
709
708
707
707
705
704
704
703
702
701
700
699
699
699
699
698
698
698
697
696
695
695
694
692
692
688
687
686
686
685
685
685
685
684
684
682
681
681
680
678
678
678
678
678
677
675
674
674
674
672
672
672
670
668
667
667
666
664
662
662
662
661
660
660
660
659
656
655
654
653
652
651
650
650
650
649
648
648
647
646
646
646
645
643
642
642
642
641
639
638
638
638
636
636
634
634
634
633
633
632
631
631
630
630
629
628
627
625
625
624
623
623
621
620
619
618
618
614
614
613
611
610
609
605
605
605
605
605
604
603
603
602
601
600
600
596
594
594
593
593
592
592
591
590
590
589
588
587
584
582
582
581
580
580
578
577
577
575
574
574
572
571
571
570
570
568
568
567
566
566
566
565
564
563
561
561
558
558
556
555
554
554
553
553
552
551
550
549
548
547
543
543
542
540
539
537
537
535
534
532
528
528
527
527
526
524
523
520
520
518
517
517
516
516
516
516
515
515
515
514
514
513
512
512
511
510
510
510
509
509
509
508
506
506
504
503
503
503
503
502
502
501
501
499
499
498
498
497
494
494
494
493
492
490
490
490
489
487
486
485
484
484
480
479
479
478
478
477
474
474
473
472
472
471
470
470
469
469
469
469
468
467
467
466
466
466
466
466
464
463
461
461
456
455
453
453
451
449
447
445
444
443
441
440
439
438
438
437
436
436
435
434
434
430
430
429
426
424
424
423
420
420
418
417
416
415
415
414
413
413
413
412
411
411
411
410
408
407
407
406
406
406
405
404
401
401
401
401
397
390
388
387
385
385
384
384
384
383
383
381
379
379
378
376
376
375
372
370
369
367
367
367
366
366
366
365
364
363
362
360
358
358
357
357
356
354
353
353
353
353
353
352
351
350
350
349
349
346
345
344
344
343
342
342
341
341
339
339
338
338
338
337
335
335
335
334
332
332
332
331
329
329
329
328
328
326
325
324
323
323
323
322
321
318
318
315
315
314
314
311
310
310
309
309
306
302
302
300
300
297
296
295
294
293
292
289
288
286
283
283
282
282
281
281
279
277
275
274
273
273
271
271
269
267
266
265
263
263
263
262
262
261
260
256
256
256
256
255
254
254
251
250
249
249
247
247
247
242
242
240
240
239
238
238
237
237
237
236
235
233
233
232
231
225
224
224
223
223
222
221
221
219
216
216
215
215
214
214
212
211
211
211
211
211
210
209
209
208
208
207
207
207
206
206
206
204
203
203
202
201
198
197
195
195
195
195
194
194
194
193
193
192
192
191
191
189
189
184
183
182
180
180
179
179
178
177
175
172
172
172
171
169
169
166
166
165
164
163
162
161
159
158
158
156
155
155
154
152
150
150
150
149
149
148
148
146
145
145
144
142
142
141
140
139
138
137
135
135
135
134
132
131
130
130
126
123
122
120
118
118
118
117
116
115
114
112
112
111
111
110
110
110
109
108
108
108
108
105
104
104
103
103
103
102
101
100
