300
400
280
280
279
279
278
277
277
276
275
274
270
270
269
266
263
263
262
262
262
261
260
260
256
254
253
251
251
250
250
249
249
245
245
244
243
243
242
242
241
241
241
240
240
239
237
237
236
236
235
235
235
233
233
233
233
232
232
230
228
226
224
224
223
221
220
220
218
217
217
214
213
210
209
209
209
207
207
206
205
205
204
204
204
204
203
202
202
196
196
193
193
192
191
191
190
190
189
188
187
187
186
186
186
186
185
182
182
180
180
180
178
177
174
174
174
174
172
171
171
171
171
170
170
168
167
167
167
167
166
166
166
165
165
164
164
162
161
160
158
156
154
154
154
154
154
153
152
152
150
149
147
145
145
144
142
141
141
140
140
139
138
138
138
138
134
133
133
133
132
131
131
130
129
129
129
127
126
126
124
123
123
123
122
121
121
121
121
120
119
119
116
116
115
115
114
114
113
111
111
111
109
108
107
107
107
107
106
106
106
105
105
104
104
104
102
101
100
99
98
98
98
97
97
97
94
93
91
91
88
88
88
88
86
86
83
83
81
81
81
80
80
80
80
79
78
78
77
76
76
75
75
75
74
74
73
73
73
73
72
72
72
71
70
69
69
67
67
66
63
61
60
60
59
57
57
57
56
55
55
54
53
53
53
52
52
52
50
50
49
49
49
49
48
47
44
44
43
41
40
40
