300
750
597
591
588
585
583
583
583
579
576
575
575
573
570
570
567
565
564
561
557
557
555
554
554
554
551
551
550
550
549
549
548
547
547
546
542
538
537
537
537
537
537
532
532
531
528
528
527
521
521
516
516
515
515
514
512
511
510
507
506
506
505
502
501
500
496
493
491
490
488
488
487
485
482
482
479
479
479
477
475
475
474
474
473
472
470
468
466
466
465
463
458
457
455
447
447
446
445
443
442
440
440
440
439
436
432
430
430
427
424
422
422
422
421
418
417
416
416
415
414
412
409
408
408
406
405
405
405
404
401
401
401
399
398
397
396
395
395
394
394
392
388
387
385
385
383
383
380
379
378
378
377
377
375
372
372
370
367
366
364
361
361
359
358
358
357
352
340
338
338
338
335
334
334
334
331
325
322
322
321
321
319
314
314
313
309
309
308
304
302
301
298
296
296
295
295
294
294
292
292
291
291
289
287
285
280
274
273
273
272
269
268
268
267
267
267
266
266
265
265
264
264
263
262
261
260
258
258
258
257
256
255
253
253
253
252
252
252
247
247
246
246
245
245
239
239
238
236
236
234
234
233
230
225
219
218
215
214
214
212
210
209
207
203
202
199
197
197
196
195
193
189
188
187
187
186
185
185
183
182
181
181
180
176
175
173
168
166
164
163
160
160
159
158
155
155
155
155
154
154
152
