300
750
600
598
598
597
596
595
594
594
591
586
584
582
581
581
579
577
576
576
575
574
571
570
570
570
569
567
564
564
563
562
562
562
559
558
558
558
556
555
551
550
549
549
549
545
543
543
541
541
540
539
535
533
530
528
522
516
516
516
513
505
504
503
502
500
499
498
498
498
495
495
494
493
493
492
490
488
488
487
486
483
482
480
474
473
471
469
467
462
461
459
456
456
454
454
453
452
449
448
447
447
447
447
445
445
444
443
443
443
439
438
436
434
433
428
427
418
410
409
409
409
406
402
401
400
399
398
397
396
394
394
391
389
388
387
387
386
386
384
384
377
376
375
374
373
371
369
368
367
362
362
358
356
352
346
344
343
341
340
336
336
334
334
332
329
328
327
322
320
316
315
314
307
306
306
305
305
301
301
301
301
299
298
293
291
290
290
288
288
288
286
286
284
281
281
279
278
275
272
268
265
265
258
258
257
254
249
243
242
238
234
229
225
221
220
215
209
208
208
207
207
207
206
200
199
197
197
196
195
195
192
191
191
189
186
186
186
184
183
179
178
177
174
171
171
168
167
167
166
165
159
159
157
154
153
153
152
151
150
149
148
148
147
146
143
143
143
143
139
138
137
135
135
133
129
128
127
123
120
119
117
115
110
109
108
106
105
104
100
93
93
92
92
92
91
90
86
85
84
81
76
