300
400
279
278
278
278
278
278
278
277
277
277
276
276
275
274
273
273
272
271
271
270
270
270
269
269
268
267
266
266
266
265
264
263
263
262
262
260
259
259
259
259
253
253
251
250
250
250
250
249
249
248
247
246
246
244
244
244
244
243
241
240
240
240
238
238
238
237
237
236
236
235
234
234
233
233
232
232
230
229
226
225
224
224
224
224
223
222
222
221
220
220
219
218
218
218
217
216
216
215
215
214
214
213
213
213
212
212
210
208
207
205
204
204
204
204
204
203
203
202
201
201
201
201
200
200
200
199
199
198
196
196
196
196
195
195
194
193
192
192
192
192
191
190
189
188
188
188
187
186
186
186
184
184
183
182
181
180
179
179
179
177
177
177
175
175
172
172
171
170
170
169
169
168
167
166
166
165
165
165
164
164
164
164
163
162
162
161
161
161
161
160
160
160
160
160
159
158
158
157
156
154
152
150
149
149
149
149
147
145
144
143
143
142
142
142
141
141
141
141
139
138
138
135
135
134
134
134
132
132
132
130
130
130
129
128
128
127
125
124
124
123
122
121
121
118
117
115
115
114
113
113
113
113
112
112
112
111
111
110
110
108
108
107
106
106
105
105
105
104
104
102
101
100
100
99
99
98
96
95
94
93
92
91
90
89
87
87
87
86
86
84
84
83
83
83
81
81
81
81
81
81
