200
300
210
208
208
206
205
205
205
205
205
204
204
203
202
201
201
199
198
198
195
193
193
193
190
189
188
187
185
185
184
184
183
182
182
180
180
180
179
177
176
175
173
173
171
170
170
169
168
167
167
167
166
165
165
164
163
162
161
159
158
157
157
157
157
155
154
153
153
153
151
150
150
149
149
149
147
147
146
145
145
144
142
141
136
136
136
135
135
135
134
134
131
131
130
130
128
127
127
126
126
126
125
123
121
120
115
114
114
113
112
112
112
111
111
111
110
107
107
107
106
106
106
106
106
105
104
104
104
102
100
99
99
99
98
96
96
96
94
94
93
93
92
92
92
90
90
89
89
88
87
87
86
86
86
84
83
82
81
79
79
76
76
76
72
71
71
68
68
65
59
58
58
57
56
55
55
53
51
50
49
48
48
47
47
47
44
44
43
41
41
40
39
38
36
34
34
33
32
31
30
30
