400
400
280
279
279
278
278
277
276
274
273
272
272
272
272
271
271
269
269
269
268
267
267
267
266
265
265
264
262
260
260
260
260
259
259
259
259
258
258
257
256
255
255
255
255
253
251
249
248
247
247
245
244
243
241
241
239
239
238
237
236
236
235
234
234
232
230
230
230
229
229
229
227
227
227
227
226
226
226
226
226
225
223
223
223
223
223
222
222
220
219
218
217
216
215
213
212
212
211
211
210
209
209
207
207
206
206
205
205
205
204
204
204
203
202
202
202
202
201
200
198
198
197
197
196
196
196
196
194
194
192
190
189
188
188
187
187
186
186
185
183
183
182
182
181
181
180
180
180
179
178
178
178
178
178
177
175
174
174
174
173
173
173
172
171
171
170
170
169
168
168
168
168
167
167
167
167
167
166
165
165
164
163
162
161
161
161
160
160
160
159
158
158
157
156
156
156
155
155
155
155
154
154
154
154
153
153
153
153
153
152
150
150
149
149
149
149
148
147
147
146
145
145
144
143
142
141
141
141
139
139
138
138
137
137
136
136
135
135
132
132
132
131
131
131
130
130
130
128
127
127
127
126
125
124
124
123
121
119
118
117
117
117
117
116
114
114
114
114
113
112
112
112
112
111
111
111
110
109
108
108
108
107
106
105
105
105
105
104
104
104
102
100
100
98
97
97
96
96
95
94
94
94
94
91
91
90
90
90
89
87
86
86
85
85
84
84
84
84
84
84
83
83
82
81
80
79
79
78
77
77
76
76
75
75
75
73
73
73
73
73
71
70
70
70
69
69
69
68
67
66
65
65
65
65
64
62
62
61
61
60
60
59
59
59
58
57
57
56
56
56
56
55
55
55
54
53
52
52
52
51
51
51
51
50
50
49
49
48
48
47
47
44
44
42
41
41
41
41
41
40
40
