400
750
525
525
524
523
523
522
522
521
517
516
515
514
513
513
513
509
508
507
505
504
503
503
503
502
500
498
498
497
495
494
493
489
489
487
487
486
485
485
485
484
483
482
482
480
479
478
476
472
470
469
468
468
468
465
463
462
461
461
459
459
457
455
452
449
448
448
446
446
445
445
444
443
441
438
436
436
433
433
432
431
430
429
427
427
426
426
424
423
423
423
421
420
419
418
412
411
405
402
402
401
400
399
399
399
397
397
395
395
394
394
392
391
389
387
384
384
383
380
380
379
378
377
376
374
374
373
372
371
371
370
370
370
369
369
369
369
369
368
366
366
366
366
365
364
363
362
361
361
358
358
357
357
355
353
353
351
350
350
349
349
348
348
347
345
345
343
342
342
341
341
340
340
340
338
338
336
336
335
334
333
332
331
331
329
328
328
328
326
324
324
324
323
323
322
319
318
317
313
309
308
306
302
300
293
293
292
292
292
292
291
291
291
290
288
287
287
285
285
283
279
275
275
274
271
271
270
266
266
264
264
263
263
262
261
260
260
260
258
258
258
257
256
255
252
252
251
251
250
249
248
247
247
245
244
244
243
242
241
240
239
238
236
235
234
234
232
231
230
230
230
230
230
229
229
228
226
226
224
223
222
217
216
214
212
211
210
206
206
205
205
202
202
201
197
197
196
193
192
191
191
191
190
189
189
186
186
185
183
183
183
183
181
179
178
177
176
176
174
174
172
172
171
171
171
170
165
163
162
162
161
161
161
159
159
158
157
154
153
152
152
151
151
150
147
144
144
144
143
142
140
140
138
137
137
135
134
133
132
131
130
127
126
125
125
124
122
121
121
120
117
116
115
115
115
113
113
112
112
111
110
110
110
107
106
104
100
99
99
94
90
87
84
81
80
79
77
77
77
75
75
