200
500
350
349
348
347
343
343
342
341
341
340
340
338
338
335
335
334
334
334
333
329
329
326
326
326
324
323
323
322
322
320
313
313
312
312
312
311
307
307
305
304
304
304
302
302
300
299
298
297
296
295
293
292
290
288
288
286
286
283
283
281
281
280
280
278
277
277
276
275
275
275
272
267
266
265
265
264
264
264
263
258
256
254
252
252
252
251
248
247
241
241
238
238
237
236
234
232
232
230
229
226
225
225
225
225
224
222
221
221
218
217
215
212
209
206
204
204
203
202
201
200
199
199
199
198
195
194
193
191
187
187
186
184
184
182
181
180
178
178
177
174
172
172
171
170
170
169
165
164
161
161
160
160
159
157
157
154
154
153
152
150
150
148
147
146
145
143
143
142
141
141
139
136
134
133
132
132
131
131
131
129
129
127
126
124
124
119
119
115
115
114
114
113
113
112
111
107
107
104
102
102
