750
1000
800
799
799
799
798
797
794
794
794
793
793
791
790
790
789
787
786
785
783
782
782
781
781
780
780
780
778
777
777
776
776
776
775
775
775
774
772
772
772
771
771
768
764
764
763
763
762
762
759
758
758
757
757
753
753
753
752
751
751
750
749
749
749
748
747
747
747
745
745
745
744
743
741
741
738
737
736
736
734
734
733
733
733
733
733
732
732
732
731
731
730
729
729
728
727
726
726
726
724
724
724
721
720
719
719
719
716
715
714
713
712
712
712
711
711
710
709
708
705
704
704
704
704
703
703
702
702
701
700
700
700
699
699
699
698
698
696
696
696
696
695
695
694
691
690
690
690
689
689
687
686
686
686
686
685
684
682
681
681
681
679
679
678
678
677
673
672
669
667
667
662
661
659
659
657
657
657
657
656
656
654
653
652
652
652
650
650
650
649
648
647
646
646
646
644
643
642
641
640
640
640
640
639
638
637
636
634
634
634
633
629
627
626
626
625
624
624
621
621
619
618
618
618
616
616
616
616
615
613
612
609
609
609
609
609
608
608
607
605
603
602
602
600
598
598
598
598
596
596
595
595
594
593
593
593
592
592
592
591
590
590
589
589
589
588
587
584
583
581
580
579
579
577
577
576
575
575
575
574
574
572
572
571
571
570
570
570
569
569
569
567
567
566
562
562
561
559
559
557
557
555
554
553
553
552
551
551
550
548
544
544
544
538
538
538
537
536
535
534
533
533
533
532
531
531
531
530
530
529
528
527
527
527
526
526
526
525
524
524
523
521
521
521
520
518
518
515
514
514
513
512
511
511
511
511
510
510
508
507
507
506
506
505
504
503
503
502
502
502
502
501
501
501
500
499
499
499
498
498
497
497
496
496
494
494
494
493
492
491
491
490
490
489
486
486
486
485
484
483
482
481
481
480
480
480
479
479
475
474
472
472
472
467
467
467
466
466
464
464
462
462
462
460
460
459
459
456
456
456
455
455
454
454
454
453
453
452
452
452
450
450
450
449
448
448
447
447
446
445
444
444
443
443
442
441
441
439
439
438
436
436
436
436
435
434
433
433
432
432
432
431
427
427
427
427
426
426
426
426
426
425
425
425
422
422
422
421
419
417
415
415
415
415
414
414
412
408
408
407
407
406
405
405
404
403
403
399
399
399
398
398
398
397
394
393
391
391
390
390
388
387
387
386
385
383
382
382
381
380
380
380
378
378
377
376
376
376
375
374
373
373
373
372
372
370
367
366
363
363
362
362
361
360
360
359
359
359
358
357
357
357
356
356
356
355
354
353
350
350
347
346
346
346
344
344
343
343
342
341
341
339
338
334
334
334
333
332
332
330
330
330
329
329
328
325
324
324
322
322
322
320
319
318
317
316
312
312
312
311
311
311
310
309
309
308
307
305
304
304
303
302
300
298
298
295
295
295
293
293
292
292
291
291
291
290
290
290
290
289
289
286
286
285
284
284
283
283
282
279
279
277
276
274
273
272
272
272
271
271
270
267
267
266
266
266
265
265
265
265
264
263
262
262
260
259
258
258
258
257
257
256
255
254
253
251
251
249
248
247
245
245
244
243
242
242
242
242
241
241
240
239
239
239
238
238
238
237
237
233
232
231
231
230
230
227
225
224
223
223
223
221
221
221
220
218
216
216
215
215
215
214
214
213
213
212
211
207
207
206
206
205
205
205
205
204
202
201
201
200
200
