300
500
400
400
400
399
398
397
396
396
395
394
391
389
386
385
385
383
383
383
382
378
376
375
375
374
374
373
371
371
366
366
365
364
363
360
358
357
356
356
352
352
350
349
348
345
344
343
342
340
339
338
337
335
335
332
331
331
330
330
329
329
326
322
321
320
317
316
316
314
313
313
311
310
308
307
304
303
301
300
300
299
298
298
297
297
297
296
295
294
292
290
289
285
283
282
281
279
278
278
277
277
276
276
276
274
274
274
273
271
270
270
269
269
269
269
268
267
267
266
265
264
264
263
263
262
262
260
260
258
258
258
257
253
251
250
250
250
249
248
247
246
245
244
243
243
243
241
241
241
240
239
239
237
235
235
234
234
233
232
232
231
230
230
229
229
229
228
228
225
225
225
224
224
223
223
222
221
221
221
220
217
215
209
209
208
207
205
205
205
204
204
204
203
203
203
203
202
202
201
201
197
196
195
194
193
193
193
192
191
190
189
189
189
188
184
183
183
182
182
181
181
180
180
177
175
175
174
173
170
170
169
166
164
164
163
162
162
160
158
157
157
157
156
156
154
153
151
151
151
150
150
149
149
148
148
147
147
146
145
144
143
143
142
142
141
139
139
137
134
134
133
130
130
130
130
129
129
129
128
126
125
123
122
121
120
119
118
118
118
112
112
112
111
111
109
109
108
107
103
102
101
