200
400
319
314
312
310
309
308
308
306
306
302
302
298
298
297
295
292
291
291
288
287
286
285
284
283
283
283
282
281
278
278
276
276
275
273
272
270
268
268
266
266
265
265
264
264
262
255
255
254
254
253
252
250
249
245
244
242
242
240
239
237
237
236
236
232
228
227
226
225
223
219
218
218
216
216
216
215
215
213
213
212
212
211
210
209
207
206
206
204
204
203
203
202
200
197
196
195
194
193
193
192
190
189
189
188
187
186
185
184
184
182
180
179
179
178
177
176
175
175
174
174
172
171
170
166
166
165
163
160
159
159
156
155
154
153
153
152
150
150
150
149
148
147
146
145
144
142
142
139
135
134
133
130
129
129
128
128
127
125
125
119
119
119
117
117
116
114
114
114
114
113
112
111
110
109
109
109
109
106
105
105
102
102
101
100
100
99
97
96
95
95
92
89
88
87
85
85
84
84
80
80
