500
300
240
240
239
239
238
238
238
237
237
237
237
237
236
236
234
234
233
233
232
232
231
231
230
230
229
229
228
227
227
227
227
227
227
226
226
226
225
225
225
224
223
223
223
222
221
221
221
221
220
220
219
219
219
219
217
217
217
217
217
216
216
215
215
215
215
214
214
213
213
213
213
213
211
211
211
210
209
208
208
207
207
206
206
206
206
206
205
205
205
205
204
204
203
203
203
202
202
202
202
201
201
201
200
200
199
199
198
198
197
197
196
196
195
194
194
194
194
193
193
193
192
191
190
190
190
190
189
189
189
188
187
187
187
186
186
186
186
185
185
185
184
184
184
184
183
183
183
182
182
182
182
182
181
181
181
181
180
180
180
179
179
179
179
179
178
177
176
176
176
176
175
175
175
174
174
174
174
174
174
173
173
173
172
171
171
171
170
169
169
168
168
168
168
168
167
167
167
167
166
166
166
165
165
163
162
161
161
160
160
159
159
159
158
157
156
156
156
156
155
154
154
154
153
153
152
152
151
150
150
150
149
148
148
147
146
146
146
146
145
145
145
144
143
142
142
142
141
141
141
140
140
140
139
139
139
138
136
136
136
135
134
134
134
134
132
132
131
131
131
131
131
131
130
130
130
129
129
129
129
128
127
127
126
126
126
126
126
126
125
125
125
124
124
123
123
122
122
121
120
120
119
118
118
118
117
117
116
116
116
115
115
115
114
114
114
114
114
113
113
113
113
111
111
110
110
110
108
106
105
105
103
103
102
102
101
101
101
101
101
101
98
98
98
97
97
97
96
96
95
95
94
94
93
93
92
91
91
91
90
90
90
89
89
89
89
88
88
87
87
86
85
84
84
83
83
83
82
82
82
82
82
82
81
80
80
79
79
78
77
77
77
77
77
76
76
75
74
74
73
73
73
73
73
73
73
72
72
71
70
68
68
68
67
67
67
66
66
66
65
64
64
63
63
62
62
62
61
61
61
60
59
58
57
55
55
54
54
54
53
53
53
53
53
53
53
52
52
52
52
51
51
51
50
50
49
49
48
48
48
48
46
46
46
45
45
45
45
44
44
43
43
43
43
43
42
42
42
42
41
41
41
40
40
40
39
39
38
37
37
36
36
35
35
33
32
32
31
31
30
30
