400
1000
800
800
799
798
798
795
794
788
786
785
783
780
774
774
772
771
770
770
770
768
764
763
762
756
756
755
753
751
750
746
746
745
744
743
738
735
734
727
726
726
725
725
724
724
722
722
720
718
713
711
711
711
710
709
708
705
704
703
703
702
701
694
692
687
683
678
677
673
670
669
667
666
666
663
663
663
661
659
659
656
653
651
650
648
647
644
644
644
643
642
642
642
641
640
632
632
630
629
629
628
627
626
626
625
623
620
618
617
613
611
608
607
607
606
603
601
601
598
597
597
597
594
588
588
588
583
583
582
582
581
580
579
577
576
572
572
571
570
570
568
565
563
562
560
559
558
558
556
556
555
554
553
551
549
546
540
537
536
535
534
534
534
526
525
524
523
521
519
517
513
512
510
510
509
509
508
506
504
494
492
489
488
488
488
486
484
482
481
478
476
476
476
476
472
465
463
463
461
457
456
455
449
448
445
445
441
437
436
435
435
435
432
432
431
430
430
430
427
426
425
420
418
417
411
410
410
403
400
395
393
393
388
387
387
385
380
375
375
375
375
374
371
370
368
361
361
359
356
353
353
353
353
350
347
344
341
339
337
336
329
326
326
321
320
320
315
311
310
304
302
299
296
294
293
291
291
289
288
287
287
283
282
281
280
280
279
279
278
277
276
276
271
270
269
268
268
265
265
265
262
261
259
257
256
252
251
249
249
247
245
245
244
242
241
240
238
237
233
227
225
224
224
223
223
220
220
220
219
219
216
215
215
214
213
210
208
204
203
202
200
199
199
199
199
198
198
198
197
194
193
192
191
189
188
185
182
180
179
179
177
176
173
171
169
169
163
162
162
158
155
153
147
147
143
143
143
142
140
140
138
137
136
135
134
131
121
118
117
117
116
116
113
113
112
111
107
104
104
101
101
