750
750
600
600
600
600
599
598
598
598
597
597
597
596
595
594
592
592
592
592
591
590
589
589
589
589
587
586
585
584
583
583
583
582
582
582
581
580
580
580
580
580
579
579
579
578
578
576
573
572
572
572
570
569
568
568
568
564
563
563
563
562
562
562
562
561
560
555
555
554
554
553
552
551
551
549
547
547
546
544
543
543
542
542
542
541
541
540
540
539
538
537
536
534
534
533
532
532
531
530
530
529
528
527
527
527
527
524
523
523
523
522
522
521
521
520
520
519
519
519
515
514
514
514
512
511
511
510
510
509
509
509
508
508
507
507
507
506
506
506
503
502
502
502
501
501
501
500
500
500
499
499
498
498
498
497
497
496
495
493
492
490
489
488
487
486
486
486
486
485
485
483
481
481
479
479
478
478
477
475
475
475
475
475
473
473
473
473
471
470
470
469
466
466
465
465
463
462
462
462
461
460
460
459
458
457
457
457
455
455
455
453
452
452
451
451
451
450
445
443
441
441
439
439
439
438
437
436
436
434
434
433
433
433
432
432
431
431
431
431
430
429
428
428
428
427
427
427
425
424
423
422
422
422
422
421
421
418
417
417
414
413
413
412
412
410
410
410
409
409
409
408
407
406
406
404
403
402
401
401
401
399
396
396
394
393
393
392
391
390
390
390
389
389
384
384
380
379
379
378
378
377
377
375
374
374
373
372
371
369
369
368
368
366
366
366
364
364
363
363
362
361
360
360
360
359
359
359
358
358
358
357
357
357
357
356
355
355
354
352
352
351
351
350
350
348
346
346
345
345
344
344
343
343
342
341
341
341
340
339
338
337
335
335
334
334
333
332
332
332
331
328
327
327
327
327
327
326
326
325
324
323
320
320
319
317
317
317
315
315
315
314
313
312
312
312
311
311
311
311
310
309
309
309
308
307
306
304
304
302
302
301
300
298
297
297
296
296
295
295
294
293
293
293
292
291
291
290
289
288
287
286
286
285
284
283
282
281
280
279
279
278
278
276
276
275
275
275
275
274
273
273
272
271
271
271
270
270
269
268
268
266
265
265
264
263
261
257
257
256
253
253
252
251
250
250
249
248
247
247
246
245
244
242
242
241
240
240
239
239
238
238
237
237
236
236
235
235
235
234
233
232
231
230
230
230
229
229
229
228
228
226
226
226
226
224
224
223
223
223
223
222
222
222
221
221
219
218
218
216
215
215
214
214
214
210
210
209
206
206
205
205
204
204
203
203
203
203
203
202
201
200
199
199
198
198
197
197
197
197
196
195
195
193
192
192
192
191
190
190
190
190
190
189
188
188
188
186
185
185
184
184
182
182
181
181
181
179
179
175
175
174
173
172
172
171
171
170
169
166
164
164
163
163
162
161
161
160
160
159
159
159
156
156
156
155
155
155
154
154
153
152
152
151
150
150
149
149
148
147
147
146
145
145
144
144
142
142
141
141
141
140
139
139
139
138
138
138
138
137
136
134
133
133
132
132
130
129
129
125
125
125
125
125
124
124
123
123
121
121
120
119
119
119
119
119
118
117
116
115
114
114
114
113
113
112
112
112
111
111
111
110
110
109
109
109
109
109
109
109
109
109
108
107
106
106
105
105
105
104
103
103
102
101
100
100
98
98
97
96
96
95
94
94
93
93
93
93
93
92
91
85
85
85
85
84
84
83
83
83
83
82
80
80
79
78
78
78
77
76
75
75
