400
1000
798
796
796
790
785
785
784
783
782
779
778
775
774
773
772
771
771
769
767
765
757
757
757
756
756
755
754
752
751
747
746
745
744
743
741
741
741
734
732
731
730
727
726
724
722
720
716
715
714
713
708
707
706
706
704
704
704
702
700
694
692
691
685
684
683
682
677
677
675
675
673
672
669
669
659
656
656
656
654
654
654
654
653
653
649
648
647
643
641
640
640
639
637
636
635
634
633
632
632
631
627
626
626
625
624
621
619
613
612
607
607
607
606
604
602
602
599
599
597
596
595
595
591
590
587
586
584
580
577
576
572
571
571
570
570
568
568
567
563
563
561
561
558
557
556
556
553
552
550
548
546
545
545
543
543
541
536
536
535
535
535
533
531
530
530
527
526
524
524
522
521
520
519
519
519
517
516
515
514
511
510
508
504
502
502
501
501
501
500
499
498
498
496
496
495
491
490
490
489
488
484
483
483
482
481
480
475
474
474
471
470
468
462
460
458
457
457
452
451
450
448
445
444
441
440
439
437
436
435
435
435
431
429
428
428
427
424
423
422
422
421
421
420
418
417
412
411
407
407
406
406
402
402
401
399
399
399
397
397
395
395
394
394
393
392
390
390
388
388
388
388
388
386
385
385
385
385
382
382
381
381
380
379
377
375
375
372
371
371
370
369
364
364
363
363
360
359
354
351
349
348
348
348
345
343
343
341
340
340
339
338
338
338
336
334
331
330
327
327
327
326
325
325
323
319
311
310
310
307
305
305
303
302
302
300
300
299
294
292
291
291
290
290
290
280
279
279
272
272
272
271
270
269
267
264
264
263
257
257
255
255
253
252
252
251
246
245
245
245
244
244
241
241
240
238
238
237
234
233
231
231
231
230
229
227
227
226
225
223
222
219
212
212
212
211
205
203
202
201
200
