200
500
349
346
342
341
340
340
339
339
339
338
338
336
335
335
334
334
333
332
330
327
327
327
326
324
321
320
318
317
317
315
315
312
312
312
312
311
311
310
307
307
304
304
303
302
301
300
297
293
292
291
291
291
290
288
287
286
283
283
282
282
282
281
281
278
277
276
276
276
275
273
272
268
267
266
265
263
260
259
259
258
253
252
251
251
250
249
248
248
248
247
247
246
242
242
240
238
236
233
231
229
229
228
228
227
226
224
223
222
215
209
206
206
205
205
204
203
200
200
200
197
197
194
193
191
190
190
188
188
187
187
186
185
181
181
178
176
176
176
173
170
169
169
166
164
164
163
163
162
161
160
159
158
158
158
155
153
152
152
150
150
150
149
148
148
147
147
146
144
141
139
138
136
136
135
133
132
132
130
130
127
125
125
124
123
122
121
120
118
117
115
113
112
111
110
108
108
105
103
100
100
