300
1000
700
690
690
687
686
685
685
683
682
680
680
678
673
672
672
670
669
667
666
666
665
664
664
662
660
660
655
655
653
653
646
644
640
640
640
640
639
639
638
638
634
633
632
628
628
628
626
626
625
623
622
622
621
620
617
617
616
613
612
611
609
605
603
602
601
598
595
594
593
591
589
587
586
585
584
579
578
577
576
575
569
569
568
565
565
561
560
559
558
557
555
551
549
547
538
536
531
527
526
525
524
524
521
521
520
520
520
519
518
516
516
516
514
514
508
507
504
503
502
501
499
499
497
492
489
488
486
485
485
485
484
483
481
477
477
476
475
473
472
471
471
470
466
462
462
462
461
460
455
451
451
450
450
444
440
440
439
432
430
428
427
426
425
421
420
419
416
412
411
410
408
406
403
402
401
399
399
397
396
395
390
390
390
387
385
381
379
374
373
371
368
366
365
364
364
363
360
356
355
354
353
351
351
350
350
349
346
344
344
342
341
337
337
335
335
332
332
331
330
328
327
326
324
323
320
320
316
314
313
312
310
308
302
301
301
290
289
289
289
288
286
284
281
281
280
277
277
274
269
269
267
267
265
265
263
263
261
260
259
257
255
252
247
245
245
241
238
237
235
231
230
229
229
228
227
226
225
222
221
220
218
216
215
215
215
215
214
213
212
211
211
208
207
207
207
206
205
205
200
200
