300
750
525
524
523
520
516
516
514
513
513
513
512
511
511
511
510
509
508
506
503
502
501
501
500
498
497
497
496
496
494
493
491
488
488
487
483
481
480
479
475
475
475
474
474
473
472
471
471
470
469
468
466
466
465
462
462
459
459
458
456
453
447
447
444
442
441
440
439
439
439
439
439
437
436
435
434
429
426
424
422
419
418
418
417
416
415
414
412
411
410
410
408
408
407
406
404
404
402
402
401
398
398
395
394
393
393
391
389
389
387
387
386
385
384
383
377
375
372
372
371
365
360
360
360
354
352
352
350
347
346
343
342
341
340
339
339
339
337
336
336
335
333
332
332
331
329
327
327
326
325
325
325
323
322
322
320
319
319
318
316
314
313
312
312
311
310
308
308
307
307
301
298
296
295
295
293
291
290
289
289
288
288
286
286
285
284
281
280
279
279
278
278
278
278
275
275
274
273
269
268
267
266
265
263
263
260
260
259
258
258
255
252
251
248
247
247
245
244
244
240
239
237
237
235
234
233
233
231
231
231
230
230
230
230
230
229
228
227
226
226
225
225
224
223
222
220
220
218
216
216
214
214
212
211
208
203
201
199
199
197
196
195
194
194
194
193
192
192
191
190
190
189
188
188
186
185
184
183
179
178
178
177
176
175
174
171
169
167
163
159
158
158
157
157
156
155
154
153
152
152
151
