500
1000
800
799
797
794
790
786
784
783
783
781
779
777
777
776
776
776
776
775
775
773
773
770
769
766
765
763
762
759
759
758
757
757
757
755
755
753
752
750
749
748
748
746
745
745
743
743
742
739
739
734
731
729
729
728
725
724
719
718
715
715
715
714
712
711
711
709
709
705
704
703
701
695
694
692
691
690
689
687
686
685
683
682
681
680
679
678
677
675
674
672
672
671
670
669
669
667
665
662
661
660
660
658
657
653
653
652
650
649
647
646
645
643
643
642
641
640
636
632
630
629
626
625
625
625
622
621
620
620
618
617
617
617
616
615
614
613
611
611
611
610
610
608
608
608
605
603
600
600
600
598
598
598
597
593
592
590
589
589
588
587
586
584
583
582
577
575
575
573
573
572
570
569
567
566
566
566
564
563
563
561
560
558
555
550
550
549
545
544
543
540
539
538
537
537
535
533
533
533
527
527
524
524
523
521
521
518
517
517
515
513
512
509
508
508
508
507
507
505
503
501
495
494
494
493
492
492
485
485
485
484
484
484
483
483
477
476
476
471
471
469
468
468
467
464
463
460
458
457
456
454
451
448
448
445
443
442
442
441
441
440
437
437
437
436
435
435
434
431
430
430
427
426
425
420
419
419
418
418
416
415
413
412
411
409
408
408
408
407
407
405
403
398
398
397
396
393
392
390
388
388
382
380
380
379
379
378
377
376
375
372
369
366
363
363
360
357
355
354
354
353
352
351
350
349
348
343
339
335
332
331
328
326
325
324
320
319
318
317
317
313
313
307
304
301
301
301
301
297
295
295
294
291
290
289
289
287
287
284
284
283
283
282
279
278
278
277
276
272
272
272
271
271
269
266
266
265
261
261
260
256
255
254
253
252
252
250
250
248
247
246
245
243
243
242
240
239
239
237
237
236
236
235
233
233
233
228
226
223
223
223
222
219
217
217
215
211
210
210
208
204
203
202
202
201
200
200
200
199
199
199
199
197
196
194
192
191
188
188
187
187
186
183
180
179
175
174
174
173
173
173
173
173
170
170
169
168
164
163
157
156
154
154
152
151
146
145
145
145
144
143
143
142
141
140
139
137
136
136
133
131
130
127
127
126
125
123
120
120
120
119
118
117
116
111
110
108
108
108
107
100
