300
500
350
348
347
346
346
344
342
342
342
342
342
341
340
337
336
335
335
334
333
332
331
331
330
330
329
326
325
325
325
321
321
320
319
318
316
315
312
311
311
308
308
308
307
305
305
304
304
303
303
303
303
302
301
300
299
298
298
297
296
295
295
294
291
291
288
285
285
285
284
283
283
280
280
279
278
277
275
274
272
271
271
270
269
269
265
265
264
264
264
263
263
262
261
259
259
259
257
256
256
255
254
254
253
252
252
252
250
250
248
247
246
242
242
240
239
239
237
235
235
234
234
232
232
231
231
231
230
229
227
227
225
225
223
221
220
218
217
215
214
214
214
212
212
209
209
208
207
207
206
206
206
205
204
202
202
198
198
197
197
195
194
194
190
189
189
189
189
188
187
184
183
182
181
179
177
176
174
173
173
172
171
169
168
168
168
167
165
165
165
165
164
163
163
163
161
159
158
157
154
152
152
152
150
149
147
147
147
145
144
142
141
139
139
137
136
134
133
132
131
131
129
128
128
122
121
119
117
117
116
116
116
116
113
112
112
111
111
109
108
108
107
107
106
106
104
104
103
101
100
99
99
98
96
95
94
93
93
90
90
89
87
87
86
86
85
83
83
82
80
79
77
76
76
73
72
71
70
70
70
67
67
66
66
65
64
64
63
62
61
60
60
60
60
59
58
56
56
54
51
51
