200
1000
700
676
672
668
665
663
662
660
659
659
656
654
650
648
644
642
641
638
634
632
627
627
627
627
619
619
617
615
615
612
608
604
600
598
596
592
592
587
586
583
581
581
580
579
576
575
575
563
558
557
556
555
546
539
538
536
532
530
526
525
525
523
523
512
510
509
508
498
493
492
492
482
482
471
471
465
462
459
459
457
457
456
454
452
452
452
449
448
445
435
433
431
426
425
425
421
420
420
419
418
413
411
409
409
406
406
405
401
398
386
383
382
381
374
371
367
366
364
363
360
358
358
355
354
353
353
352
351
351
350
350
348
347
346
345
345
341
338
336
334
333
332
332
327
327
327
326
325
323
323
322
321
317
317
313
309
308
305
304
303
302
294
291
288
286
286
284
282
282
282
277
275
267
264
263
262
260
259
254
253
249
248
246
245
244
237
236
233
233
230
229
223
220
219
218
218
216
216
214
202
