400
400
320
319
319
318
318
318
318
317
317
317
315
315
315
314
314
313
311
309
309
309
309
308
307
305
305
305
304
303
303
302
301
301
300
299
299
298
297
297
297
296
296
296
295
295
294
294
294
293
293
292
291
291
291
290
290
288
287
287
286
285
283
282
282
282
282
281
281
281
281
280
280
279
278
278
277
277
276
273
271
270
270
270
270
269
268
268
268
267
266
266
265
265
264
261
260
259
259
259
258
256
255
254
254
252
250
250
247
246
245
245
244
243
240
240
238
237
237
236
236
236
235
235
233
233
233
232
232
231
231
230
230
229
229
229
229
226
225
225
224
224
223
223
221
221
220
220
220
220
219
218
218
215
214
214
213
212
212
211
210
209
209
208
208
208
206
205
204
203
203
202
201
201
201
200
200
199
197
195
195
194
194
192
192
192
191
190
189
189
189
188
186
185
185
184
184
184
183
182
182
181
181
181
180
180
179
179
179
178
177
177
177
177
176
176
175
172
172
171
171
170
170
169
169
166
166
166
165
164
164
163
162
161
161
161
161
157
156
156
156
155
154
152
151
149
149
148
148
148
148
148
147
147
146
146
146
146
146
145
144
143
142
142
141
141
140
139
138
137
136
135
135
135
134
134
133
133
130
128
127
127
127
126
126
126
125
122
122
122
122
118
118
118
116
116
115
115
115
114
113
113
112
112
110
109
109
107
106
105
105
105
103
101
101
100
99
99
99
98
97
96
93
93
93
93
93
93
90
90
90
90
90
89
89
88
88
87
87
87
86
85
85
84
84
83
82
80
80
80
79
79
77
76
75
73
72
72
70
68
68
68
68
67
66
65
65
64
64
64
63
62
61
60
60
59
58
58
58
57
57
56
55
55
54
54
54
51
50
48
47
46
45
45
45
44
44
43
42
41
40
40
