300
400
280
280
279
279
278
277
277
275
275
275
273
271
270
270
270
269
268
268
267
266
266
266
265
264
263
263
262
262
261
260
260
259
257
257
257
255
253
252
252
251
250
249
247
247
246
243
242
241
239
239
238
237
237
237
236
236
236
236
235
235
235
234
234
233
233
233
231
229
229
227
227
227
226
226
225
225
225
224
223
222
222
222
221
221
221
220
219
217
217
217
216
216
213
212
212
212
211
210
209
207
207
207
206
206
205
203
203
202
201
201
200
199
197
197
196
196
194
193
191
189
189
189
189
188
187
187
187
187
186
185
185
184
184
184
183
183
183
182
182
181
181
180
180
179
179
178
178
177
176
176
176
176
175
174
172
171
171
171
170
170
169
169
166
165
165
165
163
163
163
162
162
161
160
159
157
157
157
157
157
156
156
155
155
155
154
154
152
152
151
151
151
151
150
149
147
145
145
145
143
142
142
140
139
138
138
138
137
137
136
136
133
133
133
132
131
130
129
128
128
127
127
125
124
124
123
122
122
122
122
121
121
119
118
118
117
117
117
115
114
113
113
112
112
111
111
111
111
111
110
110
108
108
106
106
106
106
105
104
104
104
102
101
101
100
100
99
98
97
97
96
96
96
94
94
93
93
91
91
90
89
88
88
88
88
88
87
86
85
84
84
83
83
82
82
81
81
80
80
80
80
