1000
500
350
350
350
350
350
350
350
349
349
349
348
347
347
347
345
345
345
344
344
344
343
343
343
342
342
341
341
341
341
341
340
340
340
340
340
340
339
339
338
338
337
337
337
337
337
336
336
336
336
336
335
335
335
335
334
334
334
333
333
333
333
333
333
333
332
331
331
330
330
330
329
328
328
328
327
327
326
326
325
325
325
325
325
324
324
323
323
323
323
323
323
322
320
320
320
320
320
319
319
319
319
319
319
318
318
317
317
317
317
316
316
315
315
315
314
314
313
313
313
313
312
312
312
311
311
310
310
310
309
309
309
307
307
307
307
307
306
306
306
305
304
303
303
303
302
302
301
301
301
301
300
300
300
299
299
298
298
298
297
297
297
297
296
296
296
295
295
295
295
294
294
294
294
294
293
293
293
293
293
292
292
292
292
292
292
291
291
290
290
289
289
289
288
288
288
287
287
287
287
287
286
286
286
286
285
285
285
285
285
285
285
285
285
284
284
284
283
283
283
283
283
282
282
282
282
282
282
281
281
281
280
280
279
279
279
279
279
278
278
278
278
277
277
276
276
276
276
274
274
274
274
273
273
272
272
272
271
271
270
270
270
270
270
269
269
268
267
267
267
267
266
266
266
266
266
265
265
265
264
264
264
264
264
264
263
263
263
263
263
263
262
262
261
261
261
261
260
260
260
259
259
258
258
258
258
257
257
256
256
256
256
255
255
255
255
254
254
253
252
252
252
251
251
251
251
251
251
250
250
250
250
250
249
249
249
248
248
248
247
247
247
245
245
245
245
245
243
243
243
243
242
242
242
241
240
240
240
239
239
239
239
238
238
238
237
237
237
237
236
236
236
235
235
235
235
235
234
234
234
234
232
232
231
231
231
231
230
230
230
230
229
228
228
228
227
227
227
226
226
226
225
224
224
224
224
224
224
223
222
221
221
221
220
220
219
219
219
219
218
218
217
217
217
216
216
215
215
214
214
212
212
211
211
209
209
208
208
208
208
208
207
207
207
206
206
206
206
206
206
205
205
205
204
204
202
202
202
202
202
201
201
201
201
200
200
200
200
199
199
199
198
197
197
197
197
197
197
197
197
197
196
196
196
196
195
195
195
194
194
194
194
193
192
192
191
191
190
189
188
188
188
187
187
186
186
186
185
185
185
184
184
184
184
184
184
184
183
183
183
183
183
183
183
183
182
182
182
182
181
181
181
180
180
179
179
179
179
178
178
177
177
176
176
176
176
175
175
175
175
174
174
174
174
174
174
173
173
173
173
173
172
172
172
172
172
171
171
171
171
170
170
170
170
170
169
169
169
169
169
169
169
169
169
168
168
168
168
167
167
167
166
166
165
165
164
164
163
163
163
163
163
162
162
161
161
159
159
159
159
159
158
157
156
156
156
156
156
156
156
155
155
155
155
155
155
154
154
154
154
153
153
152
151
151
151
151
150
150
150
150
150
150
149
149
148
148
148
147
147
147
147
147
147
146
146
146
146
146
145
145
145
145
144
143
143
143
142
142
142
142
142
141
140
140
140
140
139
139
139
138
138
138
138
137
137
137
137
137
136
136
135
135
135
135
135
135
134
134
134
133
133
133
133
133
132
132
132
132
132
132
132
132
131
131
130
130
130
130
130
129
128
128
128
128
128
127
126
126
126
126
125
125
124
124
124
124
124
123
123
123
123
123
122
122
122
121
121
121
121
121
119
119
119
119
119
119
118
118
117
116
116
116
116
116
115
115
115
115
114
114
113
112
112
111
111
111
110
110
110
110
109
109
109
109
108
108
108
107
107
107
107
106
106
106
106
106
105
105
105
105
104
104
104
104
103
102
102
102
102
102
101
101
101
101
101
101
100
100
100
99
99
99
99
98
98
98
97
97
97
96
96
96
96
96
95
95
95
95
94
94
94
94
93
93
93
92
92
92
92
91
91
90
88
88
88
87
87
86
86
85
85
84
84
84
83
82
82
82
82
82
82
82
81
81
81
81
80
80
80
80
80
80
80
80
80
79
79
79
79
79
79
78
77
77
77
77
77
76
76
76
76
76
75
75
75
74
74
74
74
74
73
73
72
72
72
71
71
71
71
70
70
70
70
70
69
69
69
68
68
68
68
67
66
66
66
66
65
65
65
65
65
64
64
64
63
63
62
62
62
62
62
61
61
61
61
61
61
61
60
59
59
58
58
58
58
58
57
57
57
57
57
56
56
56
56
56
56
55
55
55
55
55
54
54
53
53
53
53
52
52
51
51
51
51
51
50
50
50
50
50
