200
400
318
317
314
312
311
311
308
307
306
304
302
301
301
301
300
299
298
297
297
296
295
293
292
289
284
284
282
280
279
278
278
278
277
276
274
273
272
271
268
268
268
265
265
264
263
263
260
258
258
258
258
258
257
257
257
257
252
251
250
249
246
244
244
243
243
242
241
240
239
238
238
237
237
233
232
230
228
227
224
224
222
221
218
217
217
217
217
216
215
213
213
212
206
204
204
202
200
198
198
197
196
194
194
192
192
191
189
188
187
184
184
181
178
177
177
176
173
173
173
173
172
171
171
171
170
168
167
167
166
166
166
165
163
163
162
160
159
159
155
155
155
154
154
152
151
150
150
149
149
144
144
143
143
140
139
139
139
136
135
134
131
130
130
129
129
128
127
125
125
122
120
119
119
118
117
116
114
113
111
111
110
110
110
110
108
108
107
107
106
104
104
102
102
101
99
98
96
95
86
83
