200
400
320
320
319
319
318
316
315
312
312
309
308
308
305
304
304
303
303
300
298
298
296
294
293
291
290
289
288
288
287
287
283
282
281
281
280
279
279
278
277
275
273
271
269
267
266
264
263
262
262
262
260
259
259
257
253
251
248
248
247
245
245
245
244
244
243
240
238
238
235
233
229
224
224
224
220
219
219
217
214
214
213
212
212
211
209
209
208
208
207
207
205
203
203
203
202
202
201
200
199
199
198
196
196
195
195
193
193
190
190
189
186
184
183
180
178
177
177
176
176
175
173
172
172
170
168
168
164
162
162
160
159
158
156
156
154
153
150
146
146
146
145
145
143
141
140
139
139
139
139
136
135
135
134
132
127
126
125
125
124
123
123
123
122
120
120
119
119
118
114
111
109
108
108
107
107
106
105
105
105
104
104
102
101
100
100
99
97
96
92
90
88
88
86
85
84
84
84
82
82
81
