200
150
105
105
104
104
104
104
103
103
102
102
102
101
101
100
100
100
99
98
98
98
96
95
95
94
93
92
92
92
92
90
90
90
90
89
89
89
89
88
88
87
87
87
87
86
86
86
86
86
86
85
85
85
84
83
83
83
83
82
82
81
81
81
80
80
79
79
79
78
78
78
78
78
76
76
76
76
74
74
74
74
74
74
73
73
72
71
71
70
70
69
69
68
67
67
67
66
65
64
64
64
64
63
63
63
63
61
61
61
60
58
57
57
57
56
56
56
55
54
54
52
51
50
50
50
49
48
48
48
47
47
47
46
46
45
45
45
44
43
42
42
42
41
40
40
39
38
38
38
37
37
37
37
37
36
36
36
35
35
35
33
33
33
32
32
32
32
31
31
30
30
30
29
29
28
28
28
27
27
27
26
26
25
25
23
23
23
23
22
21
21
21
19
18
18
17
17
16
15
15
15
