300
400
320
320
317
315
314
313
312
312
311
311
311
309
309
309
309
309
308
306
306
304
304
302
302
300
300
299
299
298
298
297
293
293
292
291
290
288
288
287
286
285
285
283
282
281
280
279
278
276
275
275
275
273
273
272
271
270
269
268
266
265
264
264
264
263
263
262
262
262
260
259
259
259
258
256
256
255
255
254
254
254
252
251
251
250
250
249
249
249
249
249
247
245
245
243
242
242
242
242
241
240
239
239
237
237
236
235
234
234
234
233
232
231
227
227
226
225
223
223
223
222
222
221
221
220
219
217
217
215
215
214
214
213
210
209
209
209
208
208
207
207
207
206
205
204
204
202
201
198
197
197
195
194
193
193
193
189
185
180
179
178
178
176
176
176
176
175
175
174
173
172
172
171
170
170
168
168
164
164
162
162
160
158
156
154
154
153
152
150
149
149
148
147
147
146
145
144
143
143
141
141
141
139
138
138
138
137
136
135
132
131
130
129
127
126
126
126
126
125
123
123
121
119
118
117
114
114
113
111
111
111
110
108
106
105
104
104
104
101
101
101
101
99
97
97
94
94
94
91
91
91
90
88
87
87
84
83
81
81
81
80
78
77
76
76
73
72
72
72
72
71
71
71
69
68
65
64
64
63
61
61
61
59
59
58
58
55
55
54
54
53
53
52
51
47
45
45
44
42
40
40
