200
500
349
347
346
345
344
344
343
342
339
338
337
336
335
332
332
330
327
327
327
326
326
324
323
320
318
318
318
315
315
315
314
314
313
311
311
310
309
307
306
306
305
305
304
304
303
302
301
300
297
297
297
296
295
294
292
291
291
291
289
289
287
286
285
283
275
275
273
273
272
269
267
266
262
262
261
260
259
252
249
247
246
243
240
237
236
236
234
233
233
229
227
227
227
224
220
220
219
219
218
217
216
215
215
214
213
210
209
208
207
207
207
207
207
206
206
206
205
204
201
201
198
198
194
194
193
193
192
192
191
191
190
189
185
184
184
183
183
182
180
180
178
178
178
177
177
177
176
172
171
171
171
170
170
170
167
164
163
163
162
162
161
160
157
157
156
155
153
152
149
149
149
147
145
145
144
143
137
135
134
134
132
132
132
127
126
125
124
122
119
118
117
112
111
110
108
106
105
104
100
100
