200
125
87
87
86
86
84
84
84
83
83
83
83
82
82
82
82
81
81
80
80
80
79
79
79
79
79
79
78
78
77
77
77
77
77
76
75
74
74
74
74
74
74
74
74
73
73
72
72
72
72
71
71
70
70
69
69
68
68
68
68
68
68
68
67
67
67
65
65
64
64
63
63
62
62
62
62
62
61
61
61
59
58
57
57
56
56
56
56
56
55
54
54
54
53
53
53
53
52
51
51
51
50
50
49
49
49
48
48
48
48
47
47
46
46
46
46
45
45
45
45
44
44
44
43
43
43
43
43
42
42
41
40
40
39
39
39
39
39
38
38
38
38
38
37
37
35
35
34
34
34
34
34
34
33
33
32
32
32
32
31
30
30
30
30
29
29
28
27
27
27
26
25
25
25
25
25
24
23
23
23
21
20
20
19
18
17
17
16
16
15
15
15
14
14
13
13
13
13
13
12
12
