750
1000
799
799
799
799
798
798
797
797
797
796
795
795
795
793
792
792
791
790
790
790
789
788
786
786
784
784
783
782
781
780
777
777
776
775
773
771
769
769
765
765
765
764
762
761
757
755
753
752
751
750
749
749
748
748
746
746
745
744
743
742
739
738
738
734
733
733
733
732
731
731
731
730
729
726
726
726
725
724
723
719
719
719
718
718
717
717
716
716
716
716
715
714
714
712
712
710
710
709
709
708
706
705
703
699
699
698
697
697
696
695
694
694
693
691
691
690
690
689
689
687
687
687
687
684
683
683
682
682
682
682
681
681
680
680
679
675
674
673
673
672
672
671
671
671
670
669
668
667
663
662
661
660
660
659
656
655
655
654
654
654
653
653
651
650
650
650
649
649
648
645
645
643
642
641
639
638
638
636
636
635
633
633
633
631
629
629
628
627
626
625
625
622
620
619
617
617
617
616
616
613
613
612
612
611
611
609
607
606
605
605
605
601
601
601
600
599
598
597
595
594
594
593
593
592
592
589
589
587
587
585
583
581
581
581
580
579
579
579
578
578
578
577
577
576
576
574
573
569
568
567
567
564
564
564
564
563
563
563
562
561
561
559
559
558
558
558
557
556
554
554
553
553
552
551
551
550
549
548
548
548
546
546
545
542
541
540
539
537
534
533
532
532
531
531
530
529
527
526
525
523
522
522
522
521
520
518
518
517
517
517
515
515
514
514
514
513
513
510
510
510
508
505
503
502
501
500
500
497
497
496
492
490
490
490
489
489
486
485
485
485
482
482
480
480
480
479
476
476
475
474
474
473
473
472
468
468
466
465
464
461
461
461
460
459
459
457
456
454
454
454
451
451
451
449
449
448
446
445
445
444
443
441
440
440
439
439
438
437
437
436
436
435
433
433
433
430
429
428
426
425
423
423
423
422
422
420
419
418
417
416
412
412
412
411
411
410
409
408
407
405
405
404
404
403
402
402
401
400
400
399
398
398
395
393
393
393
392
390
389
388
388
387
387
387
386
386
386
386
386
385
382
381
380
379
379
378
378
377
374
372
371
371
367
366
366
365
364
364
363
362
362
362
360
359
358
358
356
353
349
347
346
345
345
344
342
340
340
339
338
338
336
334
334
332
332
331
331
329
327
324
324
323
320
319
319
318
318
318
318
316
316
315
314
313
312
310
310
309
308
307
306
306
305
304
304
304
303
303
302
301
299
298
298
297
297
292
291
289
289
288
287
286
286
285
285
285
285
284
284
283
282
279
278
276
275
273
273
272
271
271
270
270
269
269
267
266
266
263
263
262
262
262
261
261
260
260
259
259
259
258
257
257
256
256
254
254
254
252
251
251
251
249
249
245
243
243
243
242
241
241
241
240
239
238
236
236
234
234
234
233
232
231
231
229
228
226
226
224
223
223
220
220
219
218
216
215
215
214
214
213
213
212
211
211
209
209
209
209
208
208
208
208
206
205
205
203
202
202
201
201
201
199
196
196
195
194
193
190
189
187
187
186
185
185
182
182
182
181
181
181
180
180
177
175
174
174
173
172
170
169
169
169
168
167
164
163
163
161
160
159
159
159
158
157
155
153
152
152
148
147
147
144
143
141
141
141
140
139
139
139
139
134
134
133
133
132
131
130
129
128
127
126
126
125
124
122
121
120
120
120
118
118
116
115
114
114
113
111
110
109
109
109
108
107
107
107
106
104
102
100
