500
400
320
320
319
317
316
315
314
314
314
313
313
313
312
312
312
311
309
308
308
308
308
306
306
304
304
304
304
302
301
299
299
299
298
298
298
297
296
296
296
296
295
294
294
293
293
292
292
292
291
291
291
291
290
290
290
289
289
288
287
286
286
286
286
285
285
285
284
284
284
284
284
282
281
281
280
280
279
278
276
275
274
273
273
273
272
272
272
272
272
272
271
271
270
270
269
268
267
267
267
266
266
265
264
264
264
264
263
263
262
262
261
261
260
260
260
259
258
257
256
256
255
255
255
253
253
253
251
249
249
248
248
248
246
245
245
245
244
244
243
242
242
241
241
240
239
239
238
238
238
237
237
236
236
235
234
234
233
232
231
231
230
230
230
229
229
229
229
229
228
228
228
228
228
227
226
225
224
224
223
223
222
221
220
220
220
219
219
219
219
219
218
218
217
217
216
216
215
214
214
213
213
213
212
212
211
211
211
210
210
209
209
209
208
206
206
206
206
204
204
203
202
200
200
199
197
195
193
193
192
192
192
191
190
190
190
190
189
188
188
187
185
185
184
184
183
183
183
182
182
181
181
180
179
179
178
178
178
177
176
175
175
174
174
172
172
171
170
170
170
168
167
166
165
164
163
163
160
158
158
158
157
157
157
157
156
156
156
156
156
155
155
155
154
153
153
153
153
152
152
152
152
151
151
149
147
147
146
145
145
145
145
144
144
144
143
143
142
140
138
138
138
137
137
136
136
136
136
136
136
134
134
133
132
131
131
130
130
130
129
128
128
126
126
125
124
123
122
121
121
120
119
119
119
117
116
116
116
116
116
115
115
115
114
113
113
113
111
111
111
110
109
109
108
108
108
108
107
107
107
106
106
106
105
104
103
103
101
101
101
101
100
100
100
100
98
97
95
95
95
95
95
94
94
94
93
93
93
93
93
93
92
92
92
91
91
90
90
89
89
89
88
88
87
87
86
86
85
83
82
82
81
81
80
80
79
78
78
77
76
76
75
74
73
73
73
72
71
70
70
69
69
68
67
67
67
67
66
66
65
64
63
63
62
62
62
62
61
61
60
60
60
60
59
59
58
56
55
55
54
51
51
49
49
48
47
47
46
45
45
44
44
43
42
42
42
41
41
40
40
40
