300
500
400
399
398
398
396
394
394
393
392
391
390
390
390
390
389
388
385
385
385
385
384
381
381
381
380
379
378
376
376
374
373
369
366
366
365
365
363
363
363
362
362
362
361
360
357
354
353
353
352
350
346
345
344
342
342
341
340
340
340
339
339
339
338
336
336
335
334
332
332
331
331
331
327
324
324
323
323
323
321
321
320
319
315
315
315
314
314
312
310
308
300
300
298
296
295
293
292
291
291
290
290
289
289
289
287
287
287
286
286
285
284
283
282
280
279
277
277
275
274
271
270
270
269
266
265
264
264
264
263
260
259
256
256
256
253
252
251
248
248
246
246
245
244
243
243
243
243
242
237
236
234
233
233
233
232
231
230
229
226
225
225
224
222
221
219
214
214
213
213
212
211
211
210
210
208
206
205
205
203
202
202
201
201
200
200
200
198
198
195
195
194
193
192
191
191
191
191
189
189
187
187
186
184
184
183
183
183
180
177
175
175
175
174
174
173
172
172
171
170
169
166
166
165
164
163
162
161
160
159
159
159
158
157
157
156
155
153
153
153
153
152
152
150
150
150
150
149
149
148
147
146
145
145
145
145
145
145
144
140
139
139
138
136
136
133
131
130
129
129
129
128
128
128
127
127
126
126
123
123
123
122
121
121
120
118
118
115
115
113
111
110
108
106
105
104
103
103
101
101
101
