400
300
240
240
239
238
238
238
237
237
237
236
236
235
235
234
234
233
232
232
232
232
230
229
229
229
228
226
226
225
225
224
224
224
223
222
222
222
222
222
221
219
219
218
218
218
217
216
216
215
213
212
212
212
212
212
212
211
211
211
210
210
210
210
209
207
207
206
204
203
202
201
201
200
200
199
199
198
198
198
198
198
197
196
195
195
195
193
193
193
191
191
190
190
189
189
187
187
186
185
185
183
183
182
182
181
181
180
180
179
178
178
178
178
178
177
176
176
175
175
174
174
174
174
174
172
171
170
169
169
168
168
167
167
167
167
166
166
165
165
165
165
164
163
162
162
162
162
161
161
160
160
160
159
158
156
156
155
155
155
154
154
152
152
151
150
149
149
149
149
149
148
148
148
148
147
146
145
143
143
142
142
141
141
139
139
139
138
137
136
136
136
134
134
134
134
133
133
133
132
132
132
131
131
131
130
129
129
129
126
126
126
125
124
124
124
123
122
121
121
121
121
120
120
120
120
120
119
118
118
117
117
116
116
115
115
115
115
115
114
114
114
114
112
112
111
110
110
109
106
106
106
105
105
105
105
104
104
104
103
103
102
102
102
101
101
100
100
98
97
97
96
95
95
95
94
93
92
92
92
92
91
91
90
89
88
88
87
87
86
85
84
84
84
84
83
83
82
82
82
81
80
80
79
79
78
76
75
75
74
73
73
73
72
71
70
69
68
68
68
68
67
67
67
67
66
66
66
65
65
65
64
63
63
62
62
62
61
61
60
59
58
58
58
58
56
56
56
55
55
53
53
53
53
52
52
52
51
51
51
50
50
50
49
49
49
47
47
46
46
46
46
46
45
44
44
44
43
43
42
42
42
41
41
41
40
40
39
38
38
38
37
34
34
34
33
32
32
31
31
31
30
