750
750
525
525
524
523
523
523
522
520
520
519
518
518
518
518
518
517
517
516
515
513
512
512
512
511
510
509
508
508
507
505
505
503
502
502
502
502
501
501
501
501
500
500
499
499
499
495
494
494
494
494
493
493
492
491
490
490
489
489
488
488
488
488
487
487
487
486
486
486
484
482
482
480
479
479
477
477
476
475
475
474
474
474
473
473
472
472
471
471
470
470
469
469
469
468
467
467
467
466
466
463
463
463
461
460
460
460
459
459
458
457
457
457
456
456
456
454
454
454
454
453
453
451
451
450
450
450
450
450
449
449
448
448
447
447
446
445
443
443
442
442
441
440
440
440
439
439
438
435
434
433
433
432
432
431
430
430
429
428
428
427
427
427
426
426
426
425
424
424
424
424
423
422
422
421
420
420
420
419
418
418
417
417
416
416
416
415
414
411
410
409
409
409
409
408
407
407
407
407
406
405
404
401
400
399
398
398
397
397
396
396
395
394
394
393
392
392
391
391
391
391
390
390
389
389
389
389
388
387
387
387
386
385
385
384
384
383
383
383
383
382
382
379
379
378
377
377
377
377
376
376
375
375
374
374
374
374
373
372
372
371
371
370
370
369
369
368
368
367
367
366
366
365
365
365
365
364
364
364
363
363
363
363
363
362
362
360
359
359
358
358
356
355
355
354
354
354
353
352
352
352
351
350
350
350
349
349
349
349
348
348
347
346
346
345
342
342
341
341
340
339
339
339
339
338
338
338
337
337
336
335
335
335
335
335
334
333
333
332
331
331
328
328
327
326
325
325
325
325
324
323
323
322
322
321
321
321
321
321
320
320
320
318
318
318
317
317
316
316
315
315
313
312
311
311
311
310
309
309
309
309
308
307
307
304
304
303
303
303
303
302
302
302
299
298
298
298
298
298
296
295
295
295
295
295
294
293
293
293
291
291
290
290
290
290
289
288
287
287
286
286
286
283
282
281
280
280
280
279
278
278
278
277
277
275
275
275
274
274
273
273
273
271
271
271
270
270
269
269
268
267
264
264
262
262
262
259
259
259
258
258
258
258
258
257
257
256
256
256
254
254
254
254
253
252
249
248
248
247
246
246
245
243
243
243
242
242
241
240
239
239
239
238
238
238
238
238
238
237
236
236
235
235
235
235
234
234
234
234
233
233
232
231
231
231
230
230
229
227
227
227
227
227
226
226
225
225
225
225
224
223
223
222
222
222
220
219
219
219
217
217
217
216
216
215
213
213
212
212
211
210
210
207
206
206
206
205
205
204
203
203
202
201
201
198
198
196
196
196
196
192
191
191
191
191
190
190
189
189
188
188
187
187
187
186
185
185
185
184
183
182
182
179
179
178
178
177
177
177
176
175
175
174
174
174
174
174
174
171
170
170
170
169
169
169
168
167
167
166
165
165
164
163
162
161
160
160
160
159
158
156
156
156
156
155
155
154
153
152
152
152
152
151
151
151
150
150
149
149
149
147
145
145
144
144
144
144
143
143
141
140
138
138
138
138
137
136
134
134
133
133
133
133
133
132
131
131
130
130
128
127
127
127
127
126
123
123
123
122
121
118
118
117
116
116
116
116
114
113
112
112
111
108
108
107
107
107
106
106
105
104
104
104
103
102
102
102
102
99
98
96
96
95
94
93
92
92
90
90
87
86
85
85
85
85
84
83
82
81
80
80
79
79
78
78
78
77
76
76
75
75
