200
1000
798
789
787
781
776
775
774
773
770
769
768
766
763
760
755
753
744
743
737
732
727
722
719
718
717
709
706
701
693
689
684
683
683
679
678
677
670
668
666
665
656
653
653
651
650
644
644
643
640
639
633
626
619
617
615
612
599
581
580
569
567
567
559
558
557
553
552
549
544
540
538
532
532
531
530
528
527
524
522
515
507
507
500
493
487
482
482
478
477
476
475
466
464
459
457
456
447
441
436
436
434
431
429
428
412
408
402
402
400
398
386
382
380
380
379
377
369
364
363
358
355
353
349
339
335
320
317
315
313
309
308
306
306
301
292
279
277
274
273
269
264
261
259
259
251
245
241
239
238
237
230
223
222
215
215
214
208
196
195
194
194
193
192
190
189
185
179
176
174
174
173
168
168
166
164
163
161
159
158
158
157
154
151
150
150
146
145
137
136
134
132
131
125
124
115
115
113
108
104
103
