300
400
320
320
320
320
320
319
319
318
317
316
316
315
314
313
312
312
311
310
310
309
308
303
302
301
300
300
296
295
294
293
292
292
292
291
290
289
288
287
287
286
285
285
284
284
283
281
280
280
280
280
279
278
275
275
274
274
274
274
274
274
273
271
270
267
267
267
262
262
260
260
260
259
259
257
255
255
255
254
253
253
252
251
250
248
247
246
245
245
244
243
243
242
241
241
238
237
235
235
233
232
231
230
230
228
227
227
226
225
225
224
223
221
220
218
217
217
217
216
216
216
213
212
211
210
207
207
205
205
204
203
203
202
202
201
200
197
197
197
196
195
195
194
193
192
192
191
191
189
188
187
187
184
181
181
179
176
176
175
172
172
172
172
170
170
170
170
170
169
168
167
166
164
164
163
162
159
156
156
156
155
154
153
152
149
147
147
147
146
145
144
143
143
142
141
139
138
138
138
137
137
136
136
135
134
134
132
128
128
127
127
126
126
125
122
121
119
118
118
117
115
115
115
114
114
112
110
110
108
108
107
106
105
102
100
99
99
98
97
97
97
95
95
95
94
93
91
90
88
88
87
87
84
84
83
82
82
82
80
79
79
78
78
77
76
75
75
74
71
70
67
66
66
65
65
64
64
64
64
63
62
61
60
60
59
57
55
53
52
51
51
49
47
45
45
45
43
43
42
42
41
