200
150
105
103
103
103
101
100
100
100
99
98
98
97
97
97
95
94
94
94
94
93
92
92
92
92
92
91
89
89
88
88
88
87
87
87
87
86
86
84
84
84
84
84
83
83
83
83
82
82
81
80
80
78
77
76
76
75
75
73
73
73
73
72
71
71
71
71
70
70
68
68
68
68
68
68
67
67
67
66
66
66
66
65
65
65
65
64
64
63
63
62
61
60
60
59
59
59
59
58
58
57
57
57
53
53
52
52
52
52
52
51
51
51
50
49
48
48
46
46
45
45
44
44
44
44
43
43
42
42
41
41
40
40
39
38
38
38
37
35
34
34
34
34
34
33
33
33
33
32
32
32
32
32
32
32
31
31
30
30
30
29
29
29
29
29
29
28
28
28
28
26
25
25
25
24
24
23
23
23
22
22
22
21
20
20
20
20
19
19
19
19
19
18
18
17
17
16
16
16
15
15
