1000
750
600
600
599
597
596
596
595
595
594
593
592
592
592
592
591
591
590
589
589
587
586
585
585
585
584
584
584
583
583
583
583
582
581
581
581
581
580
580
579
579
579
577
577
576
575
575
574
574
573
573
573
573
572
572
571
571
570
569
569
569
568
568
568
568
568
568
568
567
565
564
563
563
562
562
561
561
560
560
560
560
559
559
559
559
559
559
558
558
558
558
557
555
555
554
553
553
553
552
552
551
551
551
551
551
550
550
550
549
548
548
547
547
546
546
546
546
546
546
545
545
544
544
544
544
543
542
541
541
541
540
539
539
539
538
538
536
535
535
534
534
533
533
533
531
531
531
530
530
529
529
528
528
528
528
528
526
526
526
525
524
524
524
523
523
523
522
522
522
522
522
521
521
521
521
520
520
519
519
519
519
518
517
516
515
515
515
515
515
515
514
514
514
513
513
513
512
510
509
509
509
508
508
507
507
507
507
507
507
506
506
506
505
505
505
504
504
502
502
501
501
501
501
500
500
500
500
500
499
499
498
498
497
497
496
496
496
495
494
494
493
493
493
492
492
492
492
491
491
491
488
488
487
486
485
485
484
484
484
484
484
484
484
483
482
482
482
482
481
481
481
481
481
480
480
480
479
478
477
476
476
475
475
475
474
474
473
472
471
471
471
470
470
470
469
468
468
468
468
468
468
468
467
467
466
465
465
464
463
463
462
462
461
461
461
461
461
460
460
460
459
459
459
457
457
455
455
454
454
454
454
453
453
453
453
453
453
452
451
451
451
450
450
450
450
449
448
447
447
447
447
446
446
446
445
445
444
444
444
442
442
442
442
442
442
442
441
441
440
440
440
440
440
439
439
439
438
438
438
437
437
436
436
434
433
433
432
432
432
432
431
431
431
430
430
430
430
429
428
427
427
426
425
425
425
425
424
424
422
422
422
421
420
420
420
419
419
418
418
417
417
416
413
413
413
412
412
410
407
407
407
407
405
405
403
403
403
402
401
401
400
400
400
399
398
397
397
396
396
396
396
395
395
395
395
394
394
394
394
392
392
390
389
389
389
389
388
388
387
387
386
386
385
385
383
383
383
383
383
382
382
382
382
381
379
378
378
377
377
376
376
375
373
372
372
371
370
370
369
368
368
368
368
368
367
367
367
367
366
366
366
365
365
363
363
362
362
362
361
361
360
359
359
359
359
358
357
357
357
355
354
354
353
352
351
351
350
350
349
349
349
349
349
349
348
347
347
347
346
345
344
344
344
343
343
343
343
343
342
342
341
340
340
339
338
338
337
337
335
335
335
334
333
333
332
332
332
331
331
329
329
329
329
329
328
327
327
327
326
326
326
326
325
325
325
325
325
325
324
324
324
323
323
322
321
321
321
321
321
320
320
319
319
318
318
317
316
316
316
315
315
314
314
314
314
314
313
313
312
312
311
311
311
311
311
310
310
309
308
307
307
307
306
306
306
305
305
304
303
303
302
302
301
301
301
301
300
300
299
298
298
298
297
295
294
294
294
293
293
292
289
289
289
287
287
286
286
286
286
286
285
284
284
284
283
283
283
283
283
282
282
282
282
281
281
280
279
279
278
278
278
278
277
277
276
276
275
275
275
275
274
274
273
273
272
272
272
272
272
271
270
270
269
269
269
267
267
267
266
266
266
265
265
264
263
263
262
262
262
262
261
259
259
259
259
258
257
256
256
255
255
255
254
253
253
253
253
252
252
251
251
251
251
251
250
250
250
249
248
248
247
247
247
247
247
246
245
244
244
243
243
243
243
242
242
242
242
242
241
241
241
241
239
237
236
236
236
236
235
235
235
234
234
234
233
233
232
232
231
231
231
231
231
230
230
228
227
227
227
227
226
226
226
226
226
225
224
224
224
224
223
222
221
220
220
219
218
218
218
218
217
217
217
216
216
216
215
215
214
213
213
213
212
211
211
210
210
209
209
209
208
208
208
207
206
206
205
204
204
204
204
203
203
202
202
202
201
201
201
200
200
199
199
198
198
198
197
197
196
195
195
194
194
193
193
193
192
192
192
192
191
191
191
191
191
190
190
190
190
188
187
186
186
186
185
184
184
184
183
183
183
182
182
182
181
180
180
180
180
180
179
179
179
179
178
178
178
177
175
175
175
175
174
174
173
172
171
170
170
169
169
168
168
168
167
167
166
166
165
163
163
162
162
162
161
161
161
161
160
159
159
159
158
158
157
157
157
157
157
156
156
155
155
155
155
155
155
154
154
154
154
153
152
152
152
152
151
151
151
150
150
