200
500
350
350
350
349
349
347
346
345
340
338
338
336
335
334
329
327
326
325
325
324
323
323
322
318
314
313
307
307
305
303
302
299
298
297
297
291
290
290
288
288
288
287
287
285
284
281
280
279
274
274
272
272
272
272
271
270
267
266
265
264
259
256
254
254
253
252
249
247
246
245
242
241
237
236
236
234
234
234
233
228
223
222
222
222
221
220
220
220
218
218
213
213
213
212
211
211
211
202
198
197
195
195
194
194
193
193
187
184
181
180
179
179
178
177
176
173
171
169
166
165
163
163
161
160
159
158
157
156
155
154
153
152
151
151
147
146
144
143
141
137
135
134
133
132
128
128
126
125
123
123
122
118
116
114
114
114
114
111
108
108
108
107
106
106
106
103
99
97
97
96
93
93
92
92
92
92
92
92
90
85
85
81
81
80
79
78
78
74
67
67
62
62
58
57
57
54
53
51
51
50
