200
750
524
518
517
516
513
510
508
508
507
505
504
504
495
492
490
481
479
474
472
468
464
464
462
456
455
453
451
444
438
434
433
430
428
425
423
421
417
417
414
410
410
409
407
407
406
405
404
404
400
400
395
395
394
387
385
382
381
380
378
376
375
375
374
374
374
373
372
371
363
363
362
361
361
360
359
359
355
355
352
347
345
344
344
343
342
337
335
334
332
331
331
329
328
327
327
324
322
322
319
317
315
314
313
312
310
309
309
307
305
302
301
298
293
291
288
286
285
283
280
278
278
277
275
269
269
268
266
265
265
263
262
261
260
260
259
259
258
255
255
251
251
248
247
247
245
242
242
241
240
239
239
239
235
234
232
229
227
225
224
223
222
218
215
215
214
212
212
208
206
203
203
200
200
199
199
194
194
193
189
187
186
186
183
179
176
176
173
170
166
164
163
161
161
158
156
155
155
153
150
150
