750
750
599
599
599
598
598
598
598
597
597
597
595
593
589
589
588
588
588
588
587
587
586
586
585
585
585
584
583
582
582
581
581
580
578
578
578
578
577
577
576
576
575
575
574
574
573
573
572
571
571
570
568
568
568
567
566
565
563
563
563
563
562
562
561
560
559
559
558
557
556
556
556
556
555
555
555
554
554
554
553
551
551
550
550
549
549
549
549
548
548
547
547
546
546
546
545
545
544
544
543
543
542
542
542
539
539
538
538
536
535
535
535
533
533
533
532
531
530
528
526
526
526
525
525
524
523
523
523
523
523
522
522
521
521
520
520
519
519
518
518
518
518
518
517
517
516
514
513
511
511
510
509
509
509
509
508
508
508
507
507
507
504
503
503
503
502
502
502
501
501
501
500
500
500
500
499
499
499
498
498
497
497
497
496
495
493
493
493
493
491
490
490
489
489
489
488
488
488
487
487
487
486
486
486
486
486
483
481
481
480
479
479
478
477
476
476
475
475
475
475
473
473
471
471
471
471
470
470
469
468
467
466
466
465
464
462
462
462
462
461
460
459
458
457
457
456
456
455
455
454
453
452
452
451
451
450
450
449
449
448
448
448
448
446
444
442
441
441
441
440
440
440
440
440
440
440
439
438
438
436
436
435
434
434
434
433
433
432
431
431
431
429
429
428
427
426
426
426
426
425
424
424
424
424
423
423
423
422
421
421
421
421
421
420
419
419
418
418
418
417
417
417
417
415
414
413
413
413
412
411
411
410
409
409
408
408
408
408
407
405
405
404
403
403
402
402
401
401
400
400
400
400
399
398
397
397
397
396
396
395
395
394
394
394
394
393
393
393
392
392
391
390
389
389
387
387
386
385
384
383
383
383
383
383
383
382
382
380
380
380
379
378
377
377
376
375
375
374
374
374
373
373
373
372
371
370
370
369
369
369
369
368
368
368
367
367
366
365
365
363
363
362
362
362
361
361
361
359
358
358
356
355
354
353
353
353
352
351
351
351
351
351
350
349
349
347
347
345
344
344
344
343
343
342
342
342
340
339
339
339
339
338
336
336
336
336
335
335
334
334
334
334
333
332
332
330
329
328
327
327
327
326
326
326
325
325
324
324
323
323
322
322
321
319
319
318
318
315
314
314
313
312
312
312
311
310
310
310
309
306
306
305
305
304
303
303
302
302
300
300
300
299
299
299
298
298
298
298
297
295
293
292
292
292
290
288
288
287
287
286
284
284
283
283
282
281
280
280
280
278
278
278
277
277
275
275
275
274
274
274
274
274
273
272
272
271
271
270
270
269
268
267
267
267
266
265
265
265
263
263
262
261
259
258
258
258
255
255
254
254
253
252
251
251
250
249
247
247
247
247
246
245
245
242
242
241
241
240
240
239
238
237
236
235
235
234
234
233
232
231
231
231
230
228
227
227
226
222
221
220
219
219
218
218
217
215
215
214
214
213
213
212
212
212
211
210
209
208
207
207
207
205
204
204
204
204
204
203
203
202
202
201
201
201
200
200
198
197
197
196
195
195
193
192
192
192
191
191
190
190
190
189
189
189
189
188
188
188
188
187
187
186
183
183
182
182
182
182
181
180
179
179
179
178
177
176
176
175
175
174
174
173
172
172
172
170
170
170
169
169
169
169
168
168
168
168
168
167
166
165
163
161
161
160
159
158
158
157
157
156
154
154
154
154
154
153
152
152
151
150
150
