200
150
120
120
120
119
118
118
117
117
117
116
115
115
115
114
114
114
114
113
112
112
111
111
110
110
110
110
109
109
108
108
108
108
108
107
107
106
106
106
105
105
105
105
104
104
103
103
103
102
101
101
101
100
99
99
98
98
97
97
97
97
97
97
96
96
95
94
94
94
93
93
93
92
92
91
91
88
88
87
86
85
85
84
84
84
83
82
82
82
82
82
81
80
80
79
79
79
79
78
78
77
77
77
77
76
75
75
73
73
72
72
72
71
71
70
70
69
69
69
69
68
68
68
67
67
67
66
66
65
65
64
64
64
64
64
63
63
63
62
61
61
60
60
60
59
58
58
57
57
56
56
55
55
55
55
54
54
54
53
53
53
52
51
50
49
49
49
49
49
49
48
46
45
45
44
44
44
43
42
41
40
40
39
38
37
37
37
37
37
36
36
35
34
34
33
33
32
31
31
31
30
