300
750
600
600
598
598
596
596
596
594
594
588
583
582
582
582
580
578
577
573
573
571
566
566
566
565
565
565
563
562
557
555
552
551
545
545
544
544
542
539
536
528
526
524
522
520
520
519
519
516
514
513
510
509
508
501
497
496
494
494
494
489
489
488
488
486
485
481
479
479
477
475
472
471
466
464
463
462
460
459
458
457
455
453
450
449
442
439
438
435
435
431
430
425
423
423
419
416
415
414
413
408
405
405
404
403
403
402
402
401
399
398
395
395
391
390
389
386
383
383
382
378
376
375
374
372
372
371
371
370
369
369
368
367
362
360
359
359
358
352
352
352
351
351
347
339
337
337
332
331
329
329
327
324
323
322
322
322
321
318
318
316
312
308
303
301
300
298
297
296
291
288
284
281
280
280
279
278
277
276
272
271
270
270
268
266
266
263
258
254
253
252
252
251
248
242
240
239
238
237
237
227
226
226
221
216
215
215
213
208
205
205
204
203
203
201
201
200
196
193
192
192
186
185
185
185
184
182
182
181
179
178
177
176
176
173
169
169
167
167
166
165
164
164
163
162
159
158
158
156
154
153
151
148
146
146
142
139
139
138
137
136
134
131
131
127
126
125
123
122
122
122
122
121
118
114
114
112
112
110
110
109
108
103
103
100
99
99
99
98
96
90
89
86
84
83
83
82
79
78
77
76
