750
1000
700
700
699
697
696
695
694
694
693
692
691
690
689
689
688
686
686
686
684
684
684
684
684
683
683
682
682
681
681
681
680
680
679
679
679
678
678
675
675
674
673
673
671
671
670
670
669
668
668
668
666
666
665
665
665
664
663
662
662
662
662
661
661
661
661
660
660
659
659
659
657
657
656
656
655
654
651
651
650
649
647
647
645
644
644
643
642
642
641
640
639
638
638
637
637
637
636
632
632
631
631
631
630
629
627
625
624
622
622
621
621
619
618
618
617
617
617
613
612
612
610
609
609
606
606
605
605
603
603
601
601
600
599
598
598
598
596
595
595
594
594
593
592
591
591
590
590
589
588
587
587
586
586
585
584
584
584
583
583
583
583
583
583
582
581
581
580
578
576
576
575
575
575
575
575
574
573
573
572
572
572
571
571
570
570
570
569
569
566
566
566
566
565
565
565
564
564
564
563
563
562
561
561
560
559
556
555
554
554
553
553
551
550
549
548
546
546
546
546
544
543
543
542
542
542
541
541
541
540
540
538
538
538
537
537
537
536
535
535
535
534
533
532
532
532
531
530
529
528
528
527
525
524
521
520
520
520
519
518
518
517
517
516
515
515
514
514
513
511
510
510
510
510
509
507
507
506
505
505
504
502
501
501
500
500
499
498
498
497
497
496
496
496
496
495
494
492
490
490
490
490
489
487
487
487
485
485
485
484
484
484
483
483
483
482
482
482
482
481
480
479
479
478
478
478
477
477
476
476
475
475
475
475
474
473
472
471
471
470
469
468
466
465
465
463
463
463
463
462
462
461
461
461
460
458
458
453
453
452
450
449
448
447
447
446
446
446
445
445
444
442
442
442
441
441
438
438
437
437
436
436
435
435
434
434
434
433
433
431
431
430
430
429
429
427
427
425
424
424
424
424
424
423
423
423
421
421
421
420
419
417
416
416
416
416
415
414
413
413
412
412
410
409
409
408
408
407
407
407
407
405
405
405
405
404
404
404
403
402
402
402
402
401
401
400
400
399
399
399
397
397
394
393
392
392
392
391
390
389
389
389
389
389
387
385
385
384
383
382
381
381
381
380
380
380
379
379
379
379
378
377
374
374
374
373
373
372
372
371
369
369
368
368
365
365
364
364
364
364
363
363
362
361
361
361
360
360
359
359
359
358
358
357
357
357
356
355
355
354
354
354
353
353
353
352
352
352
350
350
350
349
349
349
348
348
347
347
346
345
344
341
341
341
341
340
340
339
339
338
337
336
335
334
333
332
331
331
330
330
330
329
329
328
327
327
325
324
323
322
322
321
320
320
320
320
320
318
318
317
314
314
313
311
311
309
308
308
308
307
306
306
305
305
304
304
303
303
301
301
299
298
298
298
297
297
297
296
296
296
296
295
294
293
292
291
289
288
286
286
285
285
285
284
283
282
281
281
281
279
278
278
278
276
275
275
274
274
273
272
272
272
271
271
271
271
269
269
268
267
267
267
265
264
264
263
261
260
259
259
259
259
258
258
257
257
257
256
254
254
253
253
252
251
250
248
248
247
246
245
245
244
243
243
242
242
242
242
241
241
240
239
238
238
238
237
236
236
236
235
233
233
231
231
230
230
230
228
228
227
227
227
227
226
225
225
224
224
224
223
223
223
222
222
222
218
217
216
216
214
214
213
213
212
212
211
211
211
206
206
206
206
205
205
202
202
202
201
201
201
201
