400
500
400
400
397
397
397
397
395
394
394
393
391
389
389
386
384
382
381
381
381
381
381
380
380
379
379
379
377
376
376
375
375
374
373
372
372
371
371
371
371
371
370
368
368
367
367
367
366
364
361
361
361
360
359
358
358
357
356
356
355
353
353
352
351
350
348
348
348
347
346
345
343
342
341
340
338
338
337
336
335
335
334
333
333
333
332
330
328
328
327
326
325
324
323
323
322
321
321
321
320
319
317
317
317
316
315
312
312
312
310
309
308
306
305
304
304
303
303
301
301
301
300
300
299
299
299
298
298
297
297
295
294
292
292
291
289
287
286
286
285
284
284
283
283
282
282
281
276
275
274
273
273
271
271
270
268
267
266
266
265
262
262
259
259
259
258
257
257
257
257
256
255
254
254
254
254
252
249
247
247
246
246
246
246
245
245
244
244
243
243
243
242
242
242
240
238
238
237
236
233
232
230
226
226
226
223
221
220
219
214
213
213
212
212
212
211
211
211
210
210
210
210
208
204
204
203
203
202
200
198
198
197
194
192
191
191
191
191
189
189
188
187
185
185
184
184
184
184
180
178
178
178
177
175
173
171
169
168
167
165
165
163
163
163
162
160
160
159
157
156
152
152
151
151
151
150
150
149
148
146
146
145
145
144
144
143
143
142
140
139
139
138
138
138
136
136
135
135
134
134
134
134
132
132
128
127
127
126
124
124
124
123
122
120
118
117
115
115
114
114
111
111
106
106
105
105
104
104
102
100
99
98
98
96
95
93
93
92
92
92
91
91
90
88
88
88
86
86
86
85
85
84
83
83
82
82
82
81
81
80
80
79
78
78
78
78
78
76
76
75
75
73
73
72
72
72
72
71
70
70
69
68
68
67
66
65
65
64
63
62
60
59
59
56
55
55
55
55
54
54
50
