400
1000
699
698
698
697
697
697
697
696
694
693
692
692
691
691
690
685
683
682
681
680
679
674
673
673
672
671
669
669
668
668
667
667
665
665
663
663
662
661
660
660
660
659
655
654
654
653
653
651
651
649
648
647
647
647
646
639
639
638
636
636
636
632
628
627
626
626
626
625
625
623
623
622
620
620
619
619
619
617
616
613
612
611
611
610
607
602
600
599
599
594
587
586
585
585
584
584
583
583
581
581
580
578
577
576
575
575
574
571
570
568
565
564
564
562
562
560
557
557
557
556
554
554
553
553
549
547
547
547
547
543
543
542
542
541
539
538
537
536
535
534
533
530
529
528
527
527
526
524
523
521
520
520
520
519
515
513
513
512
511
511
510
507
504
498
498
498
495
495
493
483
482
482
482
481
481
481
477
477
476
475
475
473
470
470
469
468
467
466
466
466
466
462
461
460
460
460
457
456
453
453
453
452
451
450
450
450
445
445
445
444
444
442
441
440
439
438
438
437
436
434
432
429
428
427
425
421
419
418
416
415
413
413
411
411
411
409
407
406
406
405
403
402
402
401
400
399
399
399
397
396
396
394
394
393
392
392
389
389
388
388
383
382
381
381
380
377
376
376
373
372
368
367
363
363
362
360
358
358
357
356
356
356
355
355
355
354
353
353
353
352
348
347
345
344
344
343
343
341
341
341
340
338
338
336
336
335
333
333
333
331
330
329
328
326
325
324
322
320
320
318
315
314
312
312
311
311
311
310
309
306
303
303
298
298
293
293
293
292
292
290
286
283
282
282
280
280
278
274
271
271
269
268
268
267
266
264
264
259
257
257
257
255
255
253
250
249
248
247
247
247
245
245
243
242
242
240
239
239
237
235
234
234
232
227
227
222
221
221
221
217
214
213
211
211
209
209
208
205
203
203
