200
750
523
522
516
513
509
507
506
505
505
503
501
494
494
493
492
491
490
486
485
479
464
463
462
460
457
456
450
449
447
446
442
439
434
434
430
427
423
422
422
421
418
416
415
414
413
408
407
403
402
402
401
399
399
396
396
394
389
389
387
386
383
381
381
379
378
375
375
371
370
370
369
366
365
363
361
361
361
360
356
353
352
349
343
341
336
334
329
323
321
321
320
319
318
318
317
313
308
307
302
300
297
290
285
284
280
280
279
277
273
272
270
265
262
259
259
258
257
248
248
247
245
238
238
237
237
235
234
234
232
225
225
223
220
213
213
213
213
210
207
203
201
199
199
198
196
195
194
192
190
190
182
182
178
178
175
173
171
162
162
156
156
154
154
147
145
143
141
140
136
136
132
131
122
120
117
115
114
112
109
107
103
101
100
97
97
96
96
92
92
91
90
89
87
86
85
85
82
81
76
75
