200
200
160
159
159
158
158
158
157
156
155
153
153
153
152
152
151
150
150
150
149
149
148
146
146
145
144
143
142
141
139
139
136
135
134
134
134
134
134
133
133
133
133
132
131
130
130
128
128
128
127
127
127
126
126
126
126
126
125
124
124
124
124
124
123
123
122
122
120
120
118
117
117
116
116
115
115
115
115
115
114
114
114
114
113
112
112
111
110
110
109
109
108
106
106
105
105
105
104
104
103
103
102
102
102
102
101
100
99
99
99
98
98
98
97
96
96
95
94
92
92
92
92
91
90
90
89
88
87
85
85
85
84
84
84
83
83
83
82
82
82
82
82
81
80
80
80
80
80
79
78
77
74
73
73
73
71
70
70
70
69
69
68
66
66
66
65
64
62
62
61
60
60
59
57
57
56
56
55
55
54
53
52
52
52
50
50
49
49
48
46
46
46
45
45
45
43
42
42
42
42
40
