200
750
600
589
587
584
579
578
577
568
568
565
564
564
560
557
555
553
553
552
547
545
545
542
542
540
537
537
537
536
529
529
524
522
520
515
514
514
514
513
512
511
509
508
507
504
503
502
498
498
493
492
491
491
488
476
476
467
466
460
453
450
449
447
446
431
429
428
427
423
422
421
418
415
415
414
413
413
411
410
407
405
398
398
396
389
388
385
384
384
382
381
379
377
376
373
371
370
370
369
368
364
362
359
357
356
354
353
351
351
348
347
343
342
341
340
340
339
336
332
332
332
329
327
325
321
321
321
320
319
319
314
309
308
302
302
299
295
294
294
293
291
288
287
287
286
284
283
283
282
274
269
267
266
262
262
262
260
257
256
252
251
244
243
237
235
232
231
231
230
225
224
223
214
211
207
206
205
203
200
196
195
194
191
190
190
187
186
178
177
174
172
170
169
166
166
160
158
156
155
155
152
