1000
500
400
400
400
400
399
399
399
399
397
397
397
397
395
394
394
394
393
393
393
393
393
393
392
392
392
392
390
390
389
389
389
389
389
388
388
388
387
387
387
386
386
385
385
385
384
384
383
383
383
383
382
382
382
381
380
380
379
378
378
378
378
378
378
377
377
377
377
376
376
375
375
375
375
375
374
373
373
373
373
373
373
373
373
372
371
371
370
370
370
370
369
369
369
368
368
368
368
367
367
367
367
367
366
365
365
365
364
364
363
363
363
363
363
362
362
362
361
361
360
360
360
360
359
359
359
359
357
357
356
355
355
355
354
354
354
354
353
352
352
352
352
351
351
351
351
351
351
350
350
349
348
348
348
346
345
345
344
344
344
343
342
342
342
341
341
341
341
341
341
340
340
340
339
338
338
338
337
337
336
336
335
335
334
334
334
333
333
333
333
332
332
331
331
330
330
330
330
330
329
329
328
328
327
326
325
325
325
325
325
325
325
324
324
324
324
323
323
323
323
322
322
322
322
322
321
321
321
320
320
320
318
318
318
318
318
317
316
316
316
316
315
315
314
314
314
313
313
313
313
312
312
312
312
312
312
311
311
311
311
311
310
310
310
309
309
309
309
309
309
308
307
307
307
306
305
305
305
304
304
303
303
302
302
302
302
302
301
301
301
301
301
300
300
300
298
298
298
298
297
297
297
297
297
297
296
296
295
295
295
295
295
295
294
293
292
292
291
291
290
289
289
289
289
288
287
287
286
286
286
285
285
284
284
283
283
283
282
282
282
281
281
279
278
278
278
277
277
277
277
276
276
276
276
275
275
275
275
274
274
273
273
272
272
272
272
271
271
270
270
269
269
269
269
268
268
268
268
268
267
266
266
266
265
265
264
264
264
263
263
262
262
261
261
260
260
260
260
258
258
258
258
258
258
257
257
257
256
256
256
256
256
254
253
253
253
252
252
252
251
251
251
251
250
250
250
250
249
249
248
248
248
248
247
247
247
247
246
246
246
246
245
245
244
244
244
244
244
244
243
243
243
243
242
242
241
241
241
241
241
239
238
238
238
236
235
234
234
233
233
233
233
232
232
232
231
230
230
230
230
229
229
227
227
227
227
226
226
226
226
226
226
226
225
225
225
224
224
224
224
223
222
222
222
221
221
221
221
221
220
220
218
218
218
218
218
218
218
217
216
215
215
215
214
214
214
214
213
213
213
212
212
211
211
211
211
210
210
210
209
209
209
208
208
208
207
207
207
207
207
206
206
206
206
205
205
205
205
205
204
203
202
202
202
201
201
201
200
200
200
200
199
199
198
198
198
198
198
197
196
196
196
195
195
194
194
194
193
192
192
190
190
190
190
190
188
188
188
188
188
187
187
186
186
186
186
186
185
185
184
184
184
184
183
182
181
181
181
180
180
179
178
178
178
178
177
177
177
177
177
177
176
176
176
175
175
175
175
175
174
174
174
174
174
173
173
172
172
172
171
171
171
171
170
170
169
169
169
169
168
168
168
168
168
167
167
167
166
166
166
165
165
165
164
164
164
163
163
163
163
162
162
162
162
162
160
160
159
159
158
158
157
157
157
157
156
156
154
154
154
153
153
153
153
153
152
152
151
151
151
151
151
150
150
150
150
149
149
149
148
148
148
147
147
147
147
146
146
146
145
144
144
144
144
143
143
142
142
142
142
141
141
141
141
140
140
140
140
139
139
139
139
139
138
138
138
138
138
138
138
138
137
136
136
135
134
134
134
133
132
131
131
131
131
131
131
131
130
130
130
130
130
130
129
129
129
128
128
128
127
127
126
126
125
125
124
124
124
124
124
123
123
122
122
122
121
120
119
119
119
119
119
118
118
116
116
116
115
115
115
115
115
115
114
114
114
114
114
114
113
113
113
113
113
113
113
112
112
112
112
111
111
111
110
109
107
106
106
106
106
106
105
105
104
103
102
102
102
101
101
100
100
100
100
99
98
98
98
98
98
98
97
97
97
96
96
96
96
96
95
95
95
94
94
92
91
91
91
91
91
90
90
88
88
88
88
87
87
86
86
86
86
86
85
84
84
84
83
83
83
81
81
80
80
80
79
78
78
77
76
76
76
76
75
75
75
74
74
74
74
73
73
72
72
72
72
72
71
71
70
70
70
70
70
69
69
68
68
68
67
67
67
67
67
67
66
65
64
64
63
63
63
63
63
62
62
62
62
61
60
60
60
60
60
60
59
59
58
56
56
56
55
55
55
54
54
53
53
52
52
52
52
52
52
52
51
51
50
50
50
50
