750
1000
700
699
698
698
697
697
696
695
694
694
693
693
693
693
693
692
692
692
690
689
689
688
687
687
686
685
682
682
679
679
678
678
677
677
677
676
676
674
673
673
673
672
672
671
671
671
670
670
668
668
667
667
667
667
667
666
666
665
664
663
661
660
659
659
658
657
657
656
655
654
652
650
650
649
648
647
647
645
644
644
643
643
642
641
639
639
639
639
639
639
638
637
637
637
636
635
632
632
632
631
629
628
628
627
626
625
625
625
624
624
624
623
623
622
621
621
618
618
618
618
617
616
615
615
614
614
614
614
614
612
611
610
609
609
608
607
606
605
605
605
604
604
603
603
602
601
600
600
599
599
599
599
597
596
595
595
595
595
594
594
594
594
593
592
591
591
591
591
591
590
589
589
589
588
588
588
586
586
586
583
582
582
581
580
578
578
576
576
576
575
575
575
573
573
572
572
572
569
568
566
565
565
565
565
564
563
563
563
563
563
562
562
561
560
558
557
556
556
556
555
555
554
554
553
551
550
550
549
549
549
547
544
544
544
544
543
543
542
542
541
541
541
538
537
536
536
536
535
535
534
533
533
532
532
532
532
532
531
529
528
528
528
528
527
527
526
526
525
524
524
524
523
522
522
521
521
520
520
519
518
518
517
517
517
516
514
514
514
513
511
511
511
509
509
507
507
505
505
504
503
503
502
502
499
497
497
497
497
495
495
495
493
491
490
490
490
489
488
487
485
485
485
485
484
484
484
482
482
482
479
478
477
477
476
473
472
471
471
471
470
470
469
468
467
466
466
466
466
466
465
465
465
464
463
463
462
462
461
460
460
459
457
457
454
453
453
452
451
451
451
449
448
447
447
445
445
444
443
443
442
442
440
440
438
436
436
433
429
428
428
426
424
424
424
421
419
418
418
418
417
416
416
416
415
415
414
413
413
412
412
412
411
410
409
409
407
407
407
406
406
405
404
404
403
402
402
401
401
401
400
399
398
398
397
397
397
395
395
395
393
393
391
390
390
389
389
389
388
388
384
383
383
383
382
380
380
380
379
379
377
377
377
375
375
375
374
374
373
373
372
372
372
371
371
370
369
367
367
367
366
365
365
365
364
364
363
363
363
363
362
361
361
361
360
360
360
360
359
359
359
358
358
358
358
358
357
357
354
354
354
353
353
352
352
352
350
349
349
349
349
348
348
346
346
345
345
345
344
344
342
341
340
339
339
337
336
335
333
333
333
332
332
331
331
330
330
329
329
328
328
327
326
325
325
324
324
324
323
323
323
321
320
320
319
319
318
318
317
316
315
315
314
313
313
313
312
311
310
309
308
308
308
308
308
308
307
307
306
305
304
304
304
303
303
303
302
302
302
301
300
298
298
297
297
296
296
295
294
293
293
292
292
292
292
291
291
291
289
289
289
289
289
288
287
287
287
286
286
284
282
280
280
278
278
277
277
276
276
275
274
273
271
270
270
270
270
270
269
267
267
267
267
266
266
264
264
262
261
261
260
260
259
259
258
256
256
256
255
255
255
254
253
253
252
252
252
251
250
250
250
248
248
246
246
245
245
244
244
243
243
243
241
240
240
237
236
234
234
233
232
231
231
229
228
228
228
227
226
225
224
223
223
223
222
222
219
217
217
214
214
214
212
212
211
210
210
210
210
208
208
208
208
208
207
207
206
205
204
203
202
202
202
202
201
201
201
200
200
200
200
