500
500
350
350
350
350
350
350
350
349
349
349
349
346
346
345
344
344
342
342
342
341
341
341
340
340
337
337
337
337
337
336
335
333
333
332
331
331
331
331
330
330
329
327
326
326
326
325
325
325
325
324
324
324
324
323
323
321
320
318
318
317
316
315
314
314
314
313
313
313
312
311
311
310
309
306
306
305
304
304
303
303
302
302
302
302
302
301
301
301
301
300
298
298
296
296
296
295
295
294
294
294
292
292
291
290
289
289
288
288
287
287
287
287
286
286
286
286
285
285
283
283
282
282
281
281
281
280
279
278
278
277
276
276
275
275
275
275
275
275
274
272
272
272
271
271
269
267
267
266
266
266
265
265
264
263
263
263
263
261
258
258
257
257
256
255
255
255
254
254
254
254
253
253
253
252
252
252
251
251
251
250
250
250
249
249
248
248
247
246
245
244
244
243
243
243
242
242
241
241
240
239
239
239
239
238
236
236
235
234
234
233
233
231
231
230
230
229
229
229
229
227
227
227
226
226
225
224
224
224
223
223
223
223
222
221
221
221
220
220
220
219
219
218
218
218
217
216
216
216
216
215
215
214
213
213
213
212
212
211
211
210
209
209
209
208
207
207
207
206
206
205
205
204
204
203
203
202
202
202
202
202
201
201
200
199
199
199
198
198
197
197
197
197
197
196
195
194
194
193
193
193
193
192
192
192
191
191
191
190
190
190
190
190
189
189
188
187
187
187
186
185
185
185
184
183
182
181
181
180
179
178
178
178
177
176
176
175
175
173
173
173
172
170
170
169
169
168
168
168
167
167
167
167
167
166
165
164
164
164
163
163
163
161
161
160
160
160
160
160
160
159
158
158
157
157
157
156
156
156
155
155
155
155
154
154
154
152
152
152
152
150
150
149
149
149
149
149
149
149
148
148
148
148
147
147
146
146
146
145
144
144
144
143
142
142
142
140
140
138
137
137
136
135
135
134
134
134
133
133
133
132
131
131
130
129
128
128
126
126
125
125
125
125
125
124
124
124
124
124
123
122
122
121
121
121
121
120
120
119
119
119
119
119
118
118
116
116
116
115
115
115
113
113
113
113
112
112
112
111
111
110
110
110
109
109
109
108
108
108
108
106
106
105
105
104
104
103
103
101
101
100
