200
1000
800
798
798
798
791
790
789
788
786
786
785
784
781
777
771
767
766
762
760
755
752
750
745
737
737
735
726
720
719
718
716
709
701
700
693
692
686
686
686
682
679
675
675
669
664
661
656
639
638
637
637
633
631
627
625
624
623
620
617
613
612
611
585
585
578
578
577
566
565
565
563
560
556
555
554
551
551
544
539
535
533
530
513
507
502
496
492
489
480
479
473
469
468
465
463
459
453
452
450
449
447
447
439
437
436
435
425
422
420
419
417
414
411
402
401
400
397
386
385
383
378
370
370
362
359
358
357
355
352
340
328
327
317
310
298
296
289
288
287
284
283
279
279
277
277
276
273
260
256
251
249
247
245
243
239
239
232
228
225
216
216
211
209
209
207
201
200
198
193
193
193
189
188
185
177
177
166
162
157
154
149
148
147
140
140
133
133
129
129
126
123
123
122
116
116
115
115
104
102
100
