1000
1000
800
800
799
799
799
798
798
797
797
797
796
796
796
794
794
793
793
791
790
790
789
789
788
787
787
787
787
786
785
785
784
784
783
783
783
782
782
782
782
781
781
781
780
780
779
778
777
777
777
777
777
776
775
774
773
773
773
772
772
772
770
770
770
770
769
768
768
768
767
767
766
764
764
764
764
763
763
761
761
761
761
761
759
759
758
757
756
753
752
752
752
751
750
750
749
749
749
748
747
746
746
746
745
744
744
744
743
743
742
741
740
738
738
738
737
737
737
736
736
735
735
735
734
733
733
733
730
730
730
730
729
729
729
729
728
728
728
728
728
728
727
727
726
725
725
725
723
722
722
722
721
721
720
720
720
719
719
718
717
717
717
716
716
715
715
714
714
713
712
712
712
712
710
710
709
709
708
708
707
707
706
706
706
705
705
705
703
703
702
701
701
700
700
700
698
698
696
696
696
696
695
695
692
692
692
692
691
689
689
688
688
687
687
686
686
686
686
686
684
684
683
683
683
682
681
681
681
681
680
680
680
679
679
677
677
677
676
675
674
674
674
673
673
672
671
671
670
669
669
668
668
667
667
666
666
665
665
664
664
664
663
663
662
662
662
661
661
660
660
660
659
658
657
656
655
655
655
654
654
654
653
652
652
651
651
650
650
649
649
647
646
646
646
645
645
645
645
644
643
643
643
643
642
641
641
641
641
640
639
639
638
638
638
638
636
635
634
633
632
632
631
631
629
625
625
625
625
625
625
623
623
622
620
620
619
619
619
618
618
617
617
617
617
617
616
616
615
615
613
612
612
612
611
610
610
609
609
609
609
608
607
606
606
606
606
606
605
605
605
604
603
602
602
600
599
599
598
597
597
597
596
595
595
595
594
593
593
593
592
591
591
588
587
585
585
584
582
582
582
582
581
581
580
580
579
579
579
578
578
578
576
576
575
574
573
571
570
570
568
568
567
566
566
565
565
564
564
564
563
563
563
563
563
562
562
562
561
560
559
559
558
558
558
557
554
552
550
550
549
548
546
545
545
545
545
543
543
542
541
541
541
540
540
539
539
538
538
538
537
536
536
535
535
535
535
534
534
534
534
532
531
530
530
530
529
528
527
527
527
527
527
526
525
525
523
523
523
523
522
522
521
520
519
519
518
518
517
517
516
516
515
515
515
515
515
515
513
513
511
511
511
511
510
510
510
507
506
506
506
505
504
504
503
503
503
502
502
501
501
501
500
500
500
500
499
498
498
494
493
491
491
491
490
489
489
489
488
488
486
486
485
485
485
485
485
485
484
483
483
483
482
481
477
476
476
475
475
475
473
473
472
471
471
470
470
469
469
467
466
465
465
464
463
463
463
463
462
461
460
458
457
457
452
450
449
449
449
447
445
444
444
444
443
442
442
441
441
439
439
438
438
437
437
437
434
433
433
433
431
431
431
430
429
428
428
426
426
426
426
425
425
425
425
424
424
423
423
423
421
421
419
417
417
415
415
414
414
413
413
412
411
411
411
410
410
410
409
408
408
407
407
407
406
405
405
405
404
404
403
403
403
401
401
400
399
399
398
398
397
397
396
394
394
393
393
393
392
392
392
391
389
388
388
387
387
385
385
384
384
383
382
381
381
381
381
380
379
379
379
378
378
378
377
377
376
376
375
375
375
374
374
373
373
372
372
372
371
371
370
369
369
367
366
364
363
362
362
361
361
359
359
358
358
356
355
355
355
354
352
351
351
350
347
347
347
344
343
342
341
341
341
340
340
339
339
337
337
336
336
334
333
333
333
332
332
331
331
330
330
330
329
328
328
327
326
324
324
324
324
323
321
320
320
320
320
320
319
319
317
317
317
317
315
314
313
313
311
310
310
310
310
309
307
306
306
306
306
305
303
302
302
302
300
300
300
300
300
300
299
299
298
297
297
296
295
294
294
293
293
293
293
293
292
292
291
291
290
290
290
289
289
289
289
288
287
287
287
286
283
282
281
280
280
280
278
277
276
276
273
272
272
271
271
270
268
268
264
264
264
262
262
261
260
260
259
259
259
257
257
256
255
255
254
254
254
254
253
253
253
252
252
251
251
251
250
249
249
249
248
247
246
246
246
244
244
243
243
243
242
241
241
240
240
240
239
239
239
239
238
238
238
236
235
235
235
234
234
233
233
232
232
231
230
230
229
228
228
227
227
226
225
225
223
223
222
222
222
221
221
221
220
220
219
219
219
219
217
217
216
216
215
214
212
212
211
211
209
208
206
205
205
205
203
203
202
202
202
202
200
200
