500
400
280
279
278
278
276
276
276
276
275
275
274
273
272
271
271
271
271
270
270
270
269
269
268
268
268
267
267
266
266
266
265
265
265
265
265
265
265
265
264
264
264
263
263
263
263
262
262
262
262
262
261
260
260
260
260
260
260
259
259
258
258
257
257
257
256
255
255
255
255
254
254
254
253
252
251
250
249
249
248
248
248
247
247
246
245
245
245
245
244
244
243
243
243
243
243
243
242
242
242
240
240
240
239
239
239
239
237
236
236
236
235
235
235
234
233
233
233
233
231
231
229
229
228
228
228
228
227
227
227
226
226
226
225
225
224
224
224
223
223
222
222
222
221
221
221
220
220
219
219
218
217
216
216
216
216
216
215
215
215
215
214
214
214
213
212
212
211
211
210
210
207
207
207
206
206
205
205
204
203
202
202
201
200
199
199
199
198
198
198
197
197
197
197
196
196
195
192
192
192
191
190
190
190
190
189
189
189
188
187
187
186
185
184
184
183
182
182
182
180
180
180
180
179
177
177
177
175
174
173
173
172
172
172
172
171
170
170
169
168
168
167
167
166
165
164
164
163
163
163
163
163
161
161
160
159
158
158
158
158
157
156
156
156
156
155
155
155
155
154
153
153
153
153
152
152
151
150
150
150
149
148
148
147
147
146
146
146
144
144
144
144
144
144
143
142
142
140
140
139
139
139
138
138
138
137
136
136
135
135
134
134
133
130
130
130
130
130
130
130
130
129
128
128
128
126
126
126
125
125
125
123
123
122
121
121
121
120
119
117
117
117
117
117
116
116
116
115
115
114
113
112
112
112
112
111
110
110
109
109
107
107
106
106
106
106
106
105
105
104
104
102
102
102
102
102
101
101
100
100
99
99
98
98
98
98
97
97
97
96
95
95
95
94
94
93
93
93
92
92
91
91
91
90
90
90
90
89
88
87
86
85
85
85
84
84
84
84
83
82
81
81
81
81
80
79
79
78
78
77
76
75
75
73
72
72
71
71
71
71
71
71
70
70
70
69
68
68
68
67
67
67
67
66
65
65
65
64
64
64
62
61
61
61
60
60
60
59
59
58
57
57
56
56
55
53
53
52
52
52
52
52
51
51
51
49
48
48
47
47
47
47
46
46
45
45
44
44
42
41
40
