400
300
210
210
209
209
208
207
207
206
206
205
205
205
205
204
203
203
203
202
202
201
201
200
198
198
197
195
195
194
194
194
194
194
194
193
192
191
191
191
190
190
190
189
188
188
187
187
187
187
186
186
186
185
185
184
184
184
183
182
182
182
182
181
181
181
181
179
179
179
179
178
178
177
177
176
175
175
175
175
174
174
173
173
172
172
172
172
172
171
171
171
170
170
170
170
169
169
168
168
167
167
166
165
165
165
165
164
164
163
162
162
160
160
160
159
159
159
158
157
156
156
156
155
154
152
152
152
151
150
150
150
150
149
149
149
148
148
148
147
146
146
146
145
144
144
143
143
143
143
142
142
141
140
140
139
139
139
138
138
138
137
137
137
136
136
136
136
135
135
135
134
134
134
134
133
131
131
131
131
131
130
129
129
129
129
128
128
128
127
126
124
124
124
123
123
123
122
122
122
121
121
121
120
120
120
120
120
119
118
118
117
117
117
116
116
116
115
115
114
114
114
114
113
113
112
111
111
111
111
111
111
111
110
110
110
110
108
107
106
106
106
105
105
105
105
105
104
104
104
104
102
102
101
100
99
98
97
97
95
94
94
93
93
92
92
92
92
91
91
90
90
90
90
89
89
89
88
88
88
87
85
84
84
84
83
83
82
82
80
80
80
79
79
79
78
78
77
77
77
76
76
76
75
75
74
74
74
74
73
73
72
72
70
69
69
69
69
68
68
68
68
67
67
67
66
66
66
66
66
64
64
64
64
64
63
63
63
63
62
61
61
60
60
60
59
59
59
58
58
58
58
58
57
56
54
53
53
53
52
52
52
51
50
49
48
48
48
48
48
47
47
47
46
45
45
44
44
43
42
42
42
41
39
39
38
38
37
36
35
35
34
34
34
34
33
31
31
31
31
30
30
