500
500
350
349
349
348
348
347
347
347
345
344
343
343
343
342
341
339
338
338
338
337
337
337
336
335
335
333
332
332
331
331
331
330
330
330
329
329
329
328
327
327
327
326
325
325
323
323
323
323
322
322
322
321
321
320
320
320
320
319
319
318
318
317
317
316
316
316
316
316
316
315
315
315
314
314
314
314
313
312
312
311
309
309
309
309
309
309
309
306
305
305
305
304
304
303
302
302
300
300
300
300
300
300
299
297
296
295
295
295
294
294
293
293
292
292
292
292
291
291
291
290
290
290
290
289
289
289
289
286
285
284
283
283
283
282
281
279
278
277
277
277
275
275
274
274
274
273
273
271
271
270
270
267
266
266
266
265
265
265
265
264
264
264
264
263
262
260
259
258
257
256
256
256
256
256
255
255
255
252
252
252
251
250
250
248
248
245
245
245
245
244
244
244
243
243
243
243
242
242
242
242
241
240
240
238
238
237
237
236
236
234
234
233
232
231
229
229
228
227
226
226
226
225
225
224
224
222
221
220
219
219
219
218
218
218
217
217
216
216
216
216
215
215
214
213
213
213
211
209
208
207
207
206
206
205
205
204
203
202
202
202
200
200
200
199
199
198
197
197
197
197
196
196
195
195
194
191
191
191
190
190
190
189
188
187
186
186
186
186
185
185
184
182
182
182
181
181
181
181
180
180
180
180
178
177
176
176
175
175
175
174
174
174
173
172
171
170
169
169
169
168
167
167
166
166
163
162
162
160
159
159
159
158
158
157
156
156
155
154
151
150
150
150
149
149
148
145
145
144
143
143
142
141
141
140
140
139
139
139
138
138
137
137
137
136
136
136
135
134
133
133
132
132
132
130
129
129
129
128
127
126
126
125
124
121
120
118
118
116
116
114
114
113
112
112
112
111
111
110
109
109
107
107
107
106
106
106
105
104
104
101
101
101
101
100
99
99
98
98
97
96
96
94
93
91
90
89
89
88
88
88
87
87
86
85
85
83
83
83
82
82
82
81
81
80
80
80
79
79
78
76
76
76
75
75
74
74
74
74
73
72
72
72
72
72
72
72
71
70
70
69
68
68
67
67
67
67
67
66
65
65
64
64
63
62
62
60
60
60
59
57
57
57
56
55
55
55
52
52
50
50
