750
400
320
319
319
318
318
317
316
316
315
315
315
315
314
314
314
314
314
313
313
313
313
313
313
312
312
312
311
310
310
310
310
309
309
309
308
308
308
308
308
308
307
307
306
306
306
306
306
305
305
305
304
304
304
304
304
303
303
303
302
302
302
301
300
300
300
299
299
299
298
297
297
297
297
296
296
295
295
294
294
294
294
294
293
293
293
292
292
292
292
292
291
291
290
289
289
289
288
288
288
288
287
287
285
285
285
285
285
285
284
284
284
284
284
284
284
283
282
282
282
282
282
281
281
281
281
280
280
280
280
279
279
279
279
278
278
277
277
276
276
276
275
275
275
274
273
273
273
273
273
273
273
273
272
272
272
271
269
269
269
268
268
267
267
267
266
266
266
266
265
265
265
264
264
263
263
262
262
262
262
261
261
261
260
260
259
259
258
258
257
257
257
257
256
255
255
254
254
254
253
253
253
253
253
252
252
252
252
251
251
251
251
250
250
250
250
249
249
249
249
248
248
248
248
247
247
247
246
246
246
245
245
245
245
245
245
244
243
243
242
242
242
241
241
241
241
241
240
240
240
239
239
239
238
238
236
236
236
235
234
234
234
234
234
234
234
234
234
233
233
233
233
233
232
232
232
232
232
231
231
230
230
229
229
229
228
228
228
228
228
227
226
225
225
225
225
224
224
224
223
223
223
222
221
221
220
219
219
219
219
218
218
218
218
218
217
217
217
216
216
216
215
215
215
214
214
214
213
212
212
211
211
210
210
210
210
210
210
210
210
209
209
209
209
208
207
206
206
205
205
204
203
203
203
203
202
202
202
202
201
201
201
201
201
201
201
200
200
199
199
199
198
198
198
197
197
197
197
197
197
197
197
197
196
196
196
196
196
195
195
195
195
195
195
195
194
194
194
193
193
193
193
192
192
192
191
191
191
191
191
190
188
188
188
188
187
187
187
186
186
186
185
185
185
185
184
184
184
184
184
184
183
183
183
183
182
181
180
180
180
180
180
180
180
179
179
179
179
179
179
179
178
177
177
177
177
177
177
177
176
176
176
176
176
175
174
174
174
174
173
173
172
172
171
170
170
170
170
169
169
169
169
169
168
168
168
167
167
167
167
166
166
166
165
165
165
165
164
164
163
163
162
161
161
160
160
160
160
160
160
159
159
159
159
158
158
158
157
156
156
156
155
155
155
155
155
154
154
153
153
153
152
152
152
151
151
150
150
150
150
150
149
149
148
148
147
147
147
147
146
146
146
146
145
145
145
145
144
144
143
143
143
143
143
143
143
142
142
142
142
141
141
141
141
140
140
140
140
139
139
138
137
137
137
137
136
136
136
136
136
135
135
134
133
133
133
132
132
132
132
131
131
131
131
131
130
130
129
129
129
129
129
128
128
128
128
128
127
127
127
127
127
127
126
126
126
126
126
126
125
125
125
124
124
123
122
122
122
120
119
119
116
116
116
116
116
115
115
115
115
115
114
114
114
114
114
113
113
112
112
112
111
110
110
110
110
110
110
109
108
108
108
108
106
106
106
106
106
105
105
105
105
105
105
104
104
103
103
102
102
101
101
100
100
99
99
99
99
98
98
98
98
96
96
96
95
95
95
94
94
94
94
94
93
92
92
92
92
92
91
91
91
91
90
90
90
90
89
89
88
88
88
88
87
87
85
85
85
85
84
84
83
83
83
82
81
81
80
80
80
80
