200
300
239
239
237
236
234
233
233
232
232
232
232
231
229
227
226
226
226
226
225
224
223
222
221
221
220
220
218
217
216
216
216
214
214
214
213
207
207
206
205
204
204
204
203
202
199
199
199
198
198
198
198
195
194
193
192
191
191
190
189
188
187
185
184
184
183
183
182
180
179
179
177
175
173
171
165
164
164
164
164
161
160
159
159
158
158
157
157
157
157
157
156
156
156
156
155
154
150
150
148
147
146
146
145
145
145
143
143
143
142
141
140
140
139
137
133
133
133
129
129
128
127
127
126
125
124
124
123
121
120
119
119
119
119
116
114
114
114
114
112
111
110
109
109
109
109
107
107
106
104
103
101
100
97
97
95
94
93
93
92
91
91
91
90
89
88
87
87
86
85
85
85
84
83
83
82
82
81
81
79
79
79
78
78
78
77
76
72
72
71
70
69
69
69
69
69
69
67
65
64
63
