500
750
600
599
599
599
599
598
598
597
597
596
596
596
596
596
591
590
587
585
584
584
581
581
578
578
576
576
575
575
573
573
571
571
570
570
567
567
566
566
566
565
564
564
563
562
557
555
552
551
550
550
549
549
547
546
546
546
544
543
542
541
540
539
537
536
536
535
534
531
531
529
528
523
522
521
521
521
520
520
519
517
516
516
515
513
513
512
511
509
508
507
505
502
502
502
502
500
500
499
499
496
495
495
494
493
492
490
490
489
489
487
485
484
484
483
482
482
481
480
478
477
475
475
474
473
473
472
471
471
470
469
469
464
464
462
462
462
461
460
460
460
459
459
458
457
457
457
457
457
455
452
451
450
450
449
448
448
447
447
444
443
442
441
441
437
436
435
435
435
435
433
433
432
431
431
431
429
429
427
427
426
422
420
419
418
415
414
414
413
413
412
411
409
407
406
406
405
402
400
400
398
397
397
396
396
396
395
394
393
391
390
389
389
387
387
386
386
386
386
385
384
383
382
382
382
381
380
380
379
379
377
377
377
377
377
376
375
373
373
373
372
372
372
372
372
371
371
371
370
368
368
368
368
367
366
366
364
362
362
362
361
359
359
357
357
355
355
351
348
348
348
347
345
345
344
343
343
341
341
339
339
339
338
337
337
336
336
335
335
334
332
330
328
328
327
327
326
325
324
321
321
319
319
318
318
318
317
316
315
315
315
314
314
314
313
312
312
311
309
309
309
308
308
307
306
305
305
305
305
304
303
303
303
302
301
301
301
299
298
298
297
296
294
293
292
292
292
291
289
289
288
287
285
285
284
284
284
283
281
280
280
277
276
276
274
273
272
268
267
267
267
266
265
262
261
260
260
260
259
257
257
256
254
251
249
248
247
246
246
245
245
244
243
243
242
242
240
240
240
238
238
238
233
232
232
230
228
228
226
226
226
222
221
221
221
219
216
213
213
212
209
209
209
208
208
207
204
204
202
202
201
200
199
198
197
196
196
195
194
194
192
192
192
192
188
187
185
185
184
184
184
183
183
183
183
183
182
182
182
180
180
179
179
179
177
176
175
175
175
175
174
174
173
172
170
169
169
168
167
166
166
165
165
164
164
163
162
162
162
161
161
160
160
158
157
156
155
154
153
152
151
