1000
1000
700
699
699
699
699
699
698
698
698
697
696
696
695
695
694
694
694
693
693
692
692
691
691
690
689
689
688
688
687
686
685
685
685
684
684
683
683
683
682
682
680
680
679
679
676
676
676
675
674
674
673
672
672
672
672
672
671
671
670
669
668
668
668
667
666
666
665
665
662
662
660
660
660
659
659
657
657
657
656
655
655
655
654
653
653
652
651
651
651
650
649
649
648
648
647
646
646
646
646
644
643
643
643
642
641
641
641
641
640
639
639
639
639
638
637
637
636
635
635
634
634
633
633
631
631
631
631
630
629
627
627
627
626
626
626
625
625
624
623
623
623
623
622
622
622
621
621
620
620
619
619
617
617
617
615
615
614
614
613
613
612
612
610
610
609
609
608
608
608
606
606
604
604
603
603
603
602
600
600
600
600
599
599
599
598
597
597
596
596
596
595
595
595
595
594
593
593
592
591
591
591
590
589
589
588
588
587
586
585
585
584
583
583
582
582
582
582
582
580
579
578
578
577
577
576
576
576
576
576
574
571
571
570
569
568
567
567
566
566
565
564
564
563
562
562
561
561
561
560
559
559
559
559
559
559
558
558
557
557
556
556
555
555
554
554
554
553
552
552
552
552
550
549
549
549
549
549
549
549
548
547
547
547
547
547
546
546
546
546
545
544
543
543
541
540
540
539
539
539
538
537
537
537
536
535
535
533
533
532
532
532
531
531
530
530
530
529
528
528
528
528
527
527
527
526
524
523
522
522
521
521
521
520
520
520
520
520
519
518
517
517
517
516
514
514
513
512
511
511
510
510
508
508
507
507
506
506
505
505
505
504
503
503
502
499
499
497
496
494
494
493
492
492
492
491
491
491
491
488
488
488
487
486
486
485
485
485
483
482
481
480
480
479
479
478
477
477
476
475
474
474
473
473
472
472
469
468
467
467
465
464
463
463
462
462
461
461
461
461
460
460
460
459
459
458
458
458
457
456
456
456
454
454
453
452
452
452
450
450
450
448
446
446
445
443
443
441
441
439
438
438
438
438
437
437
437
436
436
435
435
434
433
432
432
431
430
430
428
428
427
427
427
426
424
424
424
423
423
423
423
422
421
421
420
419
419
419
419
417
416
415
415
415
414
410
410
410
409
409
409
408
407
406
406
406
405
405
404
404
403
403
403
402
402
401
401
401
400
399
397
396
396
394
394
392
392
391
390
388
388
387
387
386
386
386
386
385
384
383
382
381
381
379
379
377
377
376
376
375
375
375
375
374
374
374
373
373
373
372
372
372
369
369
368
368
367
367
367
367
367
366
366
366
366
365
365
364
363
363
362
361
361
361
360
359
359
358
357
355
355
354
354
353
353
353
352
352
351
351
350
350
349
349
349
349
348
348
348
348
347
347
347
346
345
345
345
344
344
343
343
343
342
342
341
341
341
340
340
339
338
337
337
337
337
336
336
335
335
335
334
333
333
332
332
331
330
330
330
329
329
328
327
327
327
325
325
325
325
324
324
324
323
322
320
319
319
318
318
318
317
317
315
315
315
315
315
314
314
312
312
311
307
307
305
304
303
303
303
302
302
301
299
298
298
297
297
297
297
296
294
294
294
293
293
292
292
292
290
289
289
289
289
288
288
286
286
285
282
282
280
280
279
279
279
277
277
277
276
276
276
274
274
273
273
273
273
272
272
272
272
272
272
271
270
268
268
267
266
266
264
263
263
262
262
262
261
260
259
259
258
258
258
258
257
257
256
256
255
255
254
252
251
250
250
249
249
248
248
247
246
245
243
242
242
242
241
241
241
240
240
239
239
238
237
236
236
235
235
235
234
234
233
233
233
233
232
232
231
231
231
230
230
230
230
230
229
228
228
227
227
225
224
224
224
223
223
222
221
221
217
216
216
215
214
212
211
210
210
210
209
209
209
209
208
208
208
208
205
204
204
204
204
203
202
201
200
200
199
199
198
196
196
196
196
195
195
193
193
191
190
190
189
187
187
186
185
184
183
182
181
181
180
179
178
178
177
177
177
175
174
173
173
172
172
172
171
171
171
170
170
168
167
167
167
167
167
166
165
164
162
162
162
161
161
160
159
159
158
158
157
157
155
155
155
153
153
152
151
151
150
149
148
148
147
147
146
146
146
146
145
145
145
144
144
142
141
140
140
139
138
138
137
133
133
132
132
131
129
128
127
127
126
125
124
124
123
122
121
121
121
120
120
120
118
118
116
116
115
115
113
112
112
111
111
111
110
110
109
109
109
108
107
105
103
103
103
102
101
101
100
