500
400
278
278
276
276
275
275
274
273
272
272
272
272
272
271
270
270
269
268
268
267
267
266
266
266
266
265
265
265
264
263
262
262
261
261
260
260
259
258
258
258
257
257
256
256
255
255
254
254
253
253
252
252
251
250
250
250
248
248
247
246
246
245
245
245
244
243
242
242
242
242
242
241
240
240
240
240
239
239
239
238
238
238
238
238
236
236
236
236
236
235
235
235
234
233
233
232
232
232
232
231
230
229
229
229
228
228
227
227
227
227
227
227
227
226
226
226
225
224
224
223
223
223
221
221
221
221
220
219
219
219
219
219
218
218
218
217
217
216
216
216
215
215
214
213
213
213
212
212
211
210
210
210
210
209
209
209
209
209
208
208
208
207
205
205
205
204
203
203
203
203
203
202
201
200
200
199
199
199
199
197
197
197
197
197
197
196
196
195
194
193
193
191
190
188
188
187
186
185
185
185
184
184
183
183
182
182
181
181
181
181
180
179
179
179
179
179
178
178
178
178
176
176
175
175
175
173
172
171
169
169
169
169
167
167
167
167
167
167
167
167
166
166
164
164
163
163
163
162
162
162
162
161
159
159
159
158
158
155
155
155
155
154
154
153
153
152
151
151
150
150
149
148
148
146
146
146
146
145
145
145
145
145
145
144
144
144
144
143
143
143
143
142
141
141
140
139
139
138
138
137
136
136
135
135
135
135
134
134
133
133
133
133
133
132
132
131
131
131
131
131
130
130
128
128
128
127
126
126
126
125
124
124
123
123
123
123
123
122
121
121
121
119
118
118
117
117
117
115
113
113
113
113
112
111
111
109
109
109
109
108
108
108
108
108
107
107
106
105
104
104
104
103
102
102
100
100
99
98
98
97
97
97
96
95
95
95
94
94
94
93
93
93
93
93
92
92
92
91
91
90
90
88
88
87
86
86
85
85
85
85
85
84
83
83
83
83
82
82
82
82
82
82
81
80
80
79
79
79
78
78
77
76
76
74
74
74
74
73
73
72
72
72
72
72
70
69
69
69
68
68
67
67
66
66
66
65
65
64
63
62
61
60
60
57
57
56
56
55
54
54
52
52
51
50
50
49
49
49
48
48
48
47
47
46
46
46
46
46
46
45
44
43
43
43
42
41
41
40
40
40
