400
300
239
238
237
236
235
235
235
235
235
234
234
233
233
233
233
233
232
231
230
230
230
230
229
229
229
229
228
227
226
225
223
223
222
222
221
221
221
221
220
220
218
218
218
218
217
217
216
216
215
215
214
214
214
213
213
213
213
212
212
211
210
210
209
209
208
208
207
207
206
205
205
203
202
202
201
200
199
199
197
196
196
195
195
194
194
193
193
193
193
192
192
191
191
190
190
189
189
189
189
189
189
189
188
188
187
186
185
184
184
184
184
183
183
183
182
182
182
181
181
180
179
179
179
179
178
177
177
176
175
175
175
175
174
174
173
172
172
172
171
169
169
169
168
168
166
166
165
165
164
164
163
163
163
163
162
162
161
161
160
160
160
159
159
159
159
158
157
157
155
155
154
153
151
151
151
151
151
151
150
150
149
149
149
149
148
148
148
148
147
146
146
146
146
145
144
143
143
141
140
140
140
138
137
136
136
135
135
135
135
134
133
133
133
133
133
133
132
132
131
130
129
128
128
127
126
126
126
126
125
125
125
124
123
123
122
121
121
120
119
119
119
119
118
118
117
116
115
115
115
114
114
114
112
112
111
111
110
109
108
107
106
106
106
105
105
105
104
104
103
103
103
102
102
102
101
101
100
99
99
99
99
97
97
97
97
96
95
95
94
94
92
92
91
90
88
86
86
85
84
83
83
82
81
81
81
79
79
78
78
78
76
76
74
74
74
73
73
72
72
72
71
71
71
71
71
71
70
70
68
68
67
67
66
66
65
65
65
64
64
63
63
63
62
62
62
61
61
58
57
57
56
56
56
56
55
55
54
54
54
54
53
52
52
51
51
51
49
49
48
47
45
45
44
43
43
43
43
42
41
39
38
38
38
37
36
36
34
34
34
33
33
32
32
31
31
31
31
30
30
30
