400
1000
696
693
692
692
687
687
685
683
683
683
683
682
681
681
680
677
677
676
675
673
672
671
670
669
668
666
665
665
664
663
662
662
658
656
648
646
646
645
645
644
644
643
643
643
639
639
638
637
634
634
628
627
625
625
623
622
622
621
621
620
618
618
615
615
613
611
607
606
604
603
602
601
599
596
596
595
592
589
589
584
584
583
580
580
579
578
578
577
577
576
575
575
573
571
567
566
564
564
563
559
557
556
555
555
553
551
549
547
547
546
544
543
540
540
540
540
539
539
538
537
535
534
533
532
531
528
527
527
525
525
524
524
522
520
519
518
518
517
515
515
515
514
510
509
507
507
506
506
506
506
503
503
503
501
500
499
496
493
492
491
490
490
488
487
487
486
486
485
484
483
483
482
482
481
479
478
477
477
476
476
475
474
474
474
473
472
471
469
468
466
464
463
463
462
460
459
458
457
456
455
455
454
454
453
451
449
448
447
447
443
441
438
438
437
436
435
433
432
432
429
429
427
427
427
426
425
423
423
422
419
419
417
416
412
411
410
409
408
407
407
406
404
403
402
402
402
399
398
397
396
395
392
389
389
389
388
387
387
386
386
386
383
381
379
379
377
377
374
372
371
371
367
364
364
362
361
361
361
360
359
358
358
356
354
354
353
353
352
349
348
347
347
342
341
340
338
338
338
335
335
334
332
331
329
326
326
325
325
325
324
322
321
319
319
316
314
313
313
312
310
309
309
306
304
301
301
299
297
297
296
295
292
292
291
288
286
285
284
284
283
282
282
281
277
276
274
273
273
271
269
266
266
266
266
265
265
265
265
263
263
262
261
261
261
258
257
257
253
248
247
245
245
240
239
239
238
237
236
235
234
233
230
230
228
228
227
227
222
217
215
213
212
212
209
208
208
204
202
200
200
