400
500
350
349
349
348
348
347
347
346
345
345
344
344
344
343
343
342
342
342
341
341
341
340
340
340
340
339
339
339
338
337
337
337
335
335
334
333
332
332
332
330
330
330
330
329
329
327
327
326
325
325
325
325
324
324
323
323
323
323
323
322
322
321
321
321
320
320
320
319
319
319
318
316
316
314
313
312
312
311
311
311
311
310
310
309
309
308
308
307
307
305
305
304
303
303
301
300
300
300
298
298
298
297
296
296
296
295
294
293
293
293
293
292
291
291
289
289
289
288
287
287
286
286
285
285
284
283
278
277
277
277
277
275
275
274
274
274
273
270
270
270
270
266
266
264
263
263
263
261
261
261
260
259
259
259
259
259
258
257
257
256
256
254
254
253
251
251
250
249
248
248
247
246
246
245
244
244
243
243
242
241
241
241
238
237
236
236
236
235
235
235
234
234
234
234
233
233
232
232
230
230
229
229
228
227
226
225
225
224
224
223
223
223
222
222
222
222
221
219
218
218
216
216
216
215
214
214
214
214
213
213
213
212
212
212
212
211
211
211
210
210
209
208
208
208
208
208
207
207
207
206
205
205
205
204
204
202
202
200
200
199
199
199
198
197
195
195
193
193
192
190
188
187
187
186
185
185
185
184
184
183
183
182
182
181
181
181
180
179
178
176
175
175
173
172
172
172
170
169
169
169
167
167
167
166
166
165
165
165
164
164
163
161
161
161
160
160
159
159
159
158
158
158
157
157
156
156
155
152
152
151
151
151
146
145
144
143
143
141
139
139
138
138
136
136
135
135
135
134
134
134
133
131
131
130
130
130
129
129
128
128
128
127
127
125
123
123
123
122
122
121
121
120
120
118
118
118
117
117
116
116
115
115
114
114
114
114
112
111
111
108
108
108
106
103
103
103
103
103
101
101
