400
500
400
400
399
397
394
391
391
391
390
386
385
384
384
384
384
383
383
383
382
382
381
380
378
378
377
377
377
376
376
374
373
372
372
369
367
367
365
364
364
363
361
359
359
359
359
358
358
358
358
357
357
356
356
356
355
355
354
353
352
351
349
348
348
348
348
347
346
346
345
342
340
340
339
338
337
337
335
335
335
335
334
332
332
330
328
327
325
325
324
323
323
321
319
318
317
317
315
315
313
312
311
311
309
307
306
305
305
303
303
302
301
300
298
297
296
295
293
293
291
291
290
289
289
288
288
287
287
286
285
284
282
280
280
280
279
279
279
279
278
277
276
273
272
272
272
272
271
271
270
268
266
265
264
264
264
263
263
263
261
256
255
254
254
254
252
251
251
250
249
249
249
249
249
248
247
246
245
243
242
242
242
242
241
240
240
239
238
237
236
234
233
233
229
225
224
224
222
221
219
218
217
217
217
217
216
215
213
212
211
211
210
209
208
207
207
206
206
202
201
199
197
197
195
194
193
192
191
191
191
191
189
188
187
187
187
186
186
185
185
184
183
183
183
181
180
179
179
178
178
177
177
175
175
175
175
174
173
172
172
170
169
169
167
166
165
165
163
161
160
159
158
156
154
154
154
153
152
151
151
151
150
148
148
146
145
145
145
145
143
143
143
142
141
140
139
138
138
138
131
131
131
131
130
127
126
124
124
121
121
121
120
120
119
119
119
117
117
116
115
114
114
109
108
108
106
105
105
104
103
103
103
103
101
100
99
99
98
96
95
94
94
92
91
91
89
88
87
87
86
86
86
85
83
83
83
82
81
80
80
80
79
78
78
78
77
77
77
76
76
76
74
73
72
71
68
67
67
67
65
65
63
62
62
61
59
59
59
58
58
58
57
56
56
56
56
54
53
52
51
50
