200
300
240
239
239
239
238
238
238
237
237
237
235
234
233
232
232
230
229
228
228
227
227
226
226
224
222
221
220
219
219
218
216
215
214
213
213
213
212
212
211
211
210
210
209
205
203
202
201
200
199
199
197
196
196
196
195
194
194
193
192
191
190
188
188
185
185
184
177
176
175
175
174
171
171
170
170
170
168
168
165
162
161
161
159
159
157
156
154
151
151
149
149
145
144
142
142
140
139
139
139
139
138
137
137
136
135
134
134
132
131
128
127
127
127
124
123
122
121
121
119
118
118
118
117
117
115
115
114
113
112
112
112
112
110
109
108
107
106
106
102
102
99
99
99
99
98
98
96
96
95
95
95
93
90
90
89
86
86
86
84
84
83
83
83
81
81
81
81
81
79
79
77
77
76
76
76
75
75
75
74
74
74
73
72
70
68
68
68
67
67
66
66
66
65
65
65
64
63
62
61
61
