400
1000
798
798
796
796
795
795
793
793
793
792
791
791
786
782
777
771
770
769
768
768
766
765
762
762
761
761
760
759
757
756
755
755
754
750
749
748
747
746
745
744
743
742
742
738
736
736
733
733
732
730
726
726
725
724
722
721
721
711
709
708
706
705
704
701
701
700
698
697
696
695
694
692
692
691
690
689
689
687
687
686
686
684
684
683
683
682
682
679
676
675
675
673
670
667
667
667
666
664
662
662
662
657
657
656
653
651
650
649
648
647
646
645
639
637
635
633
632
632
625
624
623
617
615
614
612
610
610
609
602
600
599
595
595
593
591
589
589
587
587
584
583
582
581
579
578
574
570
568
566
565
559
559
557
557
556
556
553
549
548
548
546
546
544
542
540
537
537
535
534
534
533
533
532
532
527
527
526
526
525
524
524
523
522
520
518
516
515
515
513
509
509
508
507
506
504
503
500
500
499
498
497
496
496
496
495
495
494
492
490
486
484
484
482
480
480
477
475
475
472
469
468
462
462
461
460
455
453
450
450
449
449
446
444
439
438
436
435
435
433
432
432
431
431
429
429
428
428
428
423
423
421
420
418
417
417
415
412
409
409
408
407
405
405
405
404
404
400
399
398
394
391
390
388
387
387
386
386
384
378
377
376
370
370
367
366
366
364
364
361
358
357
355
354
354
354
352
350
350
343
343
342
339
338
338
338
335
334
333
330
330
329
328
327
326
326
325
325
324
323
323
320
318
317
316
313
313
307
307
306
305
303
299
299
296
296
293
293
292
292
292
289
287
286
282
282
281
281
279
279
277
273
272
271
268
267
257
257
256
253
253
252
252
248
247
245
242
237
237
235
235
232
231
228
228
227
227
226
226
226
224
223
221
220
218
218
217
217
216
214
214
213
211
209
207
204
203
203
202
202
200
