300
750
600
599
598
598
597
596
594
593
593
587
584
582
582
581
577
574
574
574
571
569
563
563
563
562
556
555
553
548
542
538
538
536
536
536
533
533
532
531
530
529
523
520
520
518
517
517
515
514
512
512
510
509
503
502
496
496
496
496
492
491
490
487
485
485
484
481
478
477
474
472
470
470
469
468
466
465
463
463
463
462
462
462
459
455
455
453
451
451
448
445
443
441
438
432
431
430
430
429
428
428
424
423
419
415
415
414
412
411
411
409
409
407
407
406
403
396
395
395
393
391
391
389
384
383
381
380
379
377
375
374
373
369
362
361
360
360
359
359
357
356
351
350
348
347
346
344
342
340
340
339
338
337
337
335
333
333
328
327
325
325
323
319
317
316
305
305
304
303
300
298
296
293
291
291
289
286
281
281
275
274
274
273
270
267
262
259
258
257
255
254
251
250
248
246
245
244
243
243
243
238
233
232
230
228
228
226
225
225
219
218
218
217
217
215
212
210
210
209
209
206
206
206
205
200
199
192
191
191
190
189
187
185
180
178
177
177
175
174
173
171
171
170
168
167
166
165
159
156
154
154
147
146
143
142
141
138
134
133
132
131
131
131
131
130
130
129
126
126
122
115
115
113
112
111
110
110
110
110
107
101
99
98
98
94
93
89
88
88
87
86
86
85
85
83
80
79
78
77
76
75
