300
1000
699
693
691
690
688
688
687
686
685
684
681
678
675
673
672
670
661
659
658
658
656
655
653
653
652
651
651
650
648
646
645
643
642
637
634
634
631
629
628
625
623
623
623
622
621
621
616
616
614
614
613
613
611
611
610
608
607
606
605
604
603
598
598
595
594
592
589
589
589
589
581
580
579
578
577
576
574
574
574
570
569
569
568
567
566
565
562
558
556
555
554
554
554
554
552
552
549
548
546
542
541
541
541
541
539
537
535
532
528
527
527
524
522
522
522
521
521
519
519
519
518
514
514
513
512
509
509
508
499
498
498
495
490
489
487
486
486
485
480
476
475
473
472
472
470
470
470
466
465
465
464
462
456
453
452
452
451
450
446
445
444
443
442
442
439
439
437
436
434
430
430
428
427
422
419
418
417
416
416
414
413
411
408
407
404
404
404
404
404
403
402
400
399
398
397
394
391
389
388
387
385
384
383
383
382
378
378
377
377
376
376
375
372
371
368
366
366
364
361
359
358
355
354
353
353
352
352
351
350
341
339
338
331
330
329
325
323
322
316
315
313
311
309
309
307
307
307
305
300
300
299
295
294
291
288
285
284
283
283
282
280
278
278
278
274
272
270
269
268
263
261
260
259
258
256
256
255
250
249
249
248
238
238
234
233
231
227
224
224
223
219
218
211
211
207
205
203
202
202
200
