300
400
280
280
280
280
279
279
278
278
277
277
277
276
276
274
273
272
272
271
270
270
269
269
268
268
267
266
265
264
263
262
261
261
260
260
260
258
256
256
255
255
255
253
250
250
250
250
248
248
248
247
247
247
247
246
245
243
242
242
241
241
240
240
240
240
239
239
238
237
237
236
235
235
234
234
233
233
233
232
230
230
230
229
229
228
228
228
228
227
226
225
224
224
221
220
219
218
217
217
217
214
214
214
212
212
212
212
211
211
211
210
208
203
203
203
202
202
201
201
201
201
200
200
200
199
199
199
197
196
194
193
192
192
190
188
188
187
187
186
185
185
185
185
184
184
183
182
182
182
182
180
180
180
176
175
175
175
174
173
173
172
171
171
169
168
168
167
167
164
164
164
163
162
162
161
160
160
158
158
157
157
157
156
155
155
155
155
154
153
152
151
151
150
150
148
148
147
146
145
145
143
140
140
139
139
137
137
136
136
135
135
134
134
133
132
132
131
131
129
128
128
126
126
126
125
125
124
124
121
119
118
118
118
118
117
116
116
116
115
115
114
114
112
112
111
111
111
111
110
110
109
109
109
108
107
107
105
105
104
104
102
102
102
101
101
101
101
100
100
99
99
98
98
98
97
97
97
96
96
92
91
90
89
89
88
88
88
88
87
87
87
85
85
85
84
84
83
83
82
81
80
