300
1000
699
696
695
695
694
692
691
690
689
689
688
687
673
670
670
668
668
667
667
665
665
662
662
660
660
654
654
654
653
652
649
648
643
642
641
641
639
636
636
635
633
632
632
632
631
629
629
627
627
625
622
619
616
613
613
612
610
608
607
607
606
605
605
603
598
598
595
595
594
594
592
590
589
588
588
587
583
580
577
577
576
576
576
573
570
569
569
565
563
560
560
559
559
558
558
556
555
554
553
551
551
547
546
545
544
542
542
539
536
534
534
533
525
523
519
514
514
512
511
506
505
504
504
503
502
501
500
499
495
494
493
493
492
492
491
490
485
485
484
483
482
481
480
473
471
470
470
469
466
463
463
461
458
456
455
451
449
445
445
438
434
433
432
432
431
429
429
428
428
425
425
424
424
421
420
420
419
419
414
413
413
412
411
411
411
409
403
403
401
399
394
391
391
390
390
386
386
385
384
383
381
380
380
379
378
377
376
374
373
370
370
369
369
368
367
365
364
363
363
360
360
360
360
359
355
349
349
348
342
342
338
335
334
332
329
328
325
323
322
321
318
317
315
314
314
310
308
300
300
300
300
299
295
293
293
288
287
285
284
284
282
282
280
279
279
277
276
276
275
275
274
272
256
256
255
251
250
249
247
246
242
242
242
238
236
227
227
226
222
218
215
214
213
210
210
209
208
208
207
200
