300
500
400
400
400
399
396
395
394
394
393
391
390
389
389
387
387
387
386
383
382
381
381
380
379
379
376
376
376
375
374
371
370
370
366
366
365
362
362
362
362
361
360
360
359
359
355
355
354
352
350
350
349
348
348
348
348
347
345
344
343
342
342
341
341
341
338
337
337
336
336
335
335
334
334
333
333
332
332
330
327
326
325
325
323
320
318
318
318
313
312
311
311
310
309
308
307
306
304
303
300
299
296
296
294
294
294
293
293
293
291
291
291
289
287
287
284
283
282
280
276
276
275
275
274
273
271
270
267
264
262
261
261
260
259
257
257
253
252
252
250
250
248
248
247
247
245
245
241
241
239
239
239
238
236
235
235
230
229
229
229
229
228
228
227
225
225
224
224
220
219
218
214
213
212
209
209
208
208
208
205
203
198
196
196
194
193
192
191
190
190
188
183
179
179
177
176
176
175
175
175
171
168
168
166
165
165
165
162
162
159
159
159
159
158
158
155
155
154
152
151
150
149
149
148
145
142
142
141
140
140
138
138
137
137
134
132
130
130
130
130
129
127
127
127
127
127
126
126
123
123
122
122
121
120
119
118
118
117
116
116
114
111
111
109
108
106
104
103
103
103
99
97
94
94
90
90
85
85
84
84
84
83
82
81
80
80
79
72
70
69
68
68
65
65
65
61
58
56
54
52
51
