500
500
398
398
397
396
396
396
395
395
395
394
393
391
391
390
389
388
387
387
387
387
387
387
386
386
386
386
386
385
381
380
380
380
379
378
377
377
377
376
376
376
375
375
375
375
374
374
373
373
372
371
370
370
370
368
368
367
367
367
366
366
366
364
363
362
361
361
361
359
359
358
358
357
355
355
354
354
353
353
351
351
349
349
348
347
347
346
346
346
346
344
343
343
342
340
340
340
339
339
339
338
334
334
333
331
331
330
328
328
327
327
325
324
323
322
322
322
321
320
320
319
319
317
317
316
315
315
315
313
313
312
311
310
309
309
309
308
308
307
306
306
304
303
302
302
301
301
301
299
299
298
297
295
295
293
293
292
292
290
288
288
288
286
286
284
284
284
283
283
282
282
281
281
280
280
279
278
278
276
276
275
274
273
271
270
270
268
268
268
268
267
267
265
265
264
264
262
262
261
259
258
258
258
258
257
256
255
255
255
253
252
251
251
250
250
248
248
248
248
247
246
245
245
244
244
244
244
243
243
241
240
240
239
239
239
238
237
236
235
233
231
231
230
230
230
230
230
230
228
228
228
227
225
224
223
222
221
221
220
220
220
219
219
217
217
216
215
215
214
214
214
213
213
212
211
211
211
210
210
209
208
208
207
206
205
202
201
200
200
199
199
198
198
197
197
197
197
196
196
195
195
195
194
192
192
191
191
190
189
187
187
186
186
186
184
183
183
180
180
180
179
178
177
176
176
175
172
171
169
168
168
168
167
166
164
161
160
159
158
158
157
157
157
156
155
155
154
154
152
152
152
152
151
150
148
146
145
145
144
144
142
141
137
135
135
134
134
133
131
131
130
130
130
129
129
129
129
129
128
128
127
126
126
125
125
125
125
124
124
123
122
121
121
121
120
118
117
116
115
115
114
113
113
112
112
112
109
108
108
107
107
107
106
106
106
106
105
105
104
104
103
103
103
102
102
102
102
101
99
96
96
95
93
90
90
90
89
89
88
88
87
86
85
84
82
80
79
79
77
77
77
76
75
75
74
74
73
73
73
72
71
71
71
71
68
68
68
67
66
66
65
65
65
65
65
64
63
63
62
61
61
61
60
60
60
60
59
57
57
56
56
56
55
55
55
54
54
53
53
51
50
