400
200
160
160
160
159
159
159
159
158
158
158
158
157
157
157
156
156
156
156
155
155
155
154
154
154
153
153
153
153
151
151
150
149
149
149
148
148
148
147
147
147
147
147
146
146
146
145
145
144
144
144
143
143
143
142
142
142
142
142
142
142
142
141
141
141
141
141
141
140
140
140
139
139
138
137
137
137
136
136
136
136
135
135
135
134
134
133
133
133
132
132
132
131
131
131
131
129
129
129
128
128
128
128
127
127
126
125
125
125
124
124
124
123
122
121
121
120
120
120
120
120
119
119
118
117
117
116
116
116
115
114
113
113
112
112
112
112
112
111
111
111
110
110
110
110
110
110
109
109
109
108
108
108
107
106
106
106
106
104
104
103
103
103
103
103
103
102
102
101
101
100
99
99
99
99
98
98
98
97
97
96
96
96
96
94
93
93
93
92
92
92
92
92
91
91
90
90
89
89
88
88
88
88
88
88
87
87
87
87
87
86
86
86
86
85
85
85
84
84
84
84
83
83
82
82
81
81
81
80
80
80
80
80
80
79
79
79
79
79
79
78
78
78
76
76
76
76
75
75
75
75
74
74
74
74
74
74
74
73
73
73
72
72
72
72
71
71
69
69
68
68
68
66
66
66
66
64
63
63
63
63
62
62
62
60
60
59
59
58
58
58
57
56
56
55
55
55
55
54
54
54
54
53
53
53
53
52
51
51
51
51
51
50
50
50
50
50
50
49
49
49
49
47
47
46
46
46
45
45
43
43
43
42
42
42
42
42
42
42
41
41
41
41
41
40
40
40
40
39
39
38
38
38
38
38
38
37
37
36
36
36
36
35
35
34
34
33
33
33
33
32
32
31
31
30
30
30
29
29
29
29
28
27
27
27
26
26
26
26
25
25
24
24
23
23
22
22
21
20
20
20
