200
500
399
399
398
397
397
395
394
393
393
393
392
392
390
390
388
385
385
383
383
382
380
379
378
377
374
373
369
368
365
355
351
351
351
351
349
349
348
346
343
342
341
341
337
335
333
333
329
329
327
326
324
323
322
322
319
314
311
308
307
305
303
302
300
294
293
291
291
288
288
287
286
283
282
281
277
277
276
275
274
272
271
270
269
268
266
265
265
265
265
264
264
263
262
259
259
257
257
255
255
252
252
250
250
246
245
245
244
244
243
242
240
239
239
235
234
232
229
228
223
223
219
217
216
216
214
214
212
209
206
203
199
198
198
190
187
186
185
184
184
183
182
181
180
178
178
177
172
169
169
167
165
162
162
160
158
158
158
157
157
155
154
154
152
150
146
144
143
141
140
140
140
140
139
139
136
134
128
128
126
126
126
122
118
117
116
116
115
113
112
112
109
109
107
106
105
105
105
104
103
100
