500
500
350
349
349
348
348
347
347
345
343
343
343
342
342
341
341
340
340
338
338
338
337
337
336
336
335
335
335
334
334
333
332
332
332
331
331
330
328
326
326
325
324
324
322
320
320
320
318
318
318
317
317
316
316
314
313
311
311
310
310
309
308
308
308
307
306
305
304
302
302
301
301
300
300
300
300
300
299
297
295
295
295
294
294
294
290
290
288
288
288
288
288
287
286
286
285
285
284
284
284
283
283
283
283
281
281
280
280
279
279
279
279
278
277
277
277
277
277
276
276
276
274
274
274
272
272
272
271
270
269
268
268
268
267
267
266
266
265
264
264
263
263
262
262
262
261
261
261
261
260
260
259
258
258
258
257
257
256
256
255
255
255
255
254
254
253
252
252
251
251
250
248
247
246
246
245
245
244
244
244
243
243
243
242
242
241
241
240
240
240
239
239
239
239
239
238
237
237
236
236
236
236
236
235
234
234
233
232
231
230
228
228
228
227
227
226
224
224
224
223
223
222
222
222
222
222
222
220
220
220
220
220
219
219
218
217
216
216
216
215
215
214
213
213
212
212
211
210
210
209
208
206
203
202
202
201
200
199
199
199
197
197
196
195
195
194
194
194
193
190
188
188
188
187
185
185
184
184
183
183
183
182
181
180
179
179
176
176
176
175
175
174
174
174
172
172
171
170
170
170
169
169
168
167
166
166
165
165
161
159
158
158
157
156
155
154
154
154
152
152
152
152
152
150
150
149
149
148
145
145
144
144
144
144
143
143
143
142
142
142
141
141
140
140
140
139
139
138
138
137
133
131
130
130
130
129
129
128
128
128
127
127
126
126
126
123
123
123
122
122
122
122
121
121
120
119
119
118
117
117
114
114
114
113
113
113
113
111
111
111
111
111
109
109
108
108
108
107
107
107
107
107
106
106
106
105
105
105
104
104
103
101
101
101
100
99
99
99
98
98
97
96
95
95
95
94
94
94
94
93
92
92
92
87
87
86
85
85
84
83
82
82
79
79
78
78
77
77
76
76
76
76
75
75
75
75
75
74
73
73
72
72
72
72
72
71
71
71
70
69
69
69
68
67
66
65
65
64
64
63
63
62
62
61
60
59
59
59
58
58
57
56
54
53
52
52
52
52
51
51
50
