300
400
280
279
277
277
274
273
271
271
271
270
270
270
269
269
268
265
264
264
263
260
258
257
256
256
256
254
254
253
252
252
251
250
248
248
247
247
245
244
244
243
243
242
242
242
240
240
240
239
239
239
237
236
236
236
233
231
230
230
230
230
228
226
226
225
223
221
221
220
220
220
219
219
219
217
216
214
213
212
212
210
210
208
207
207
205
205
204
203
203
202
202
201
200
200
199
198
198
198
198
198
197
196
196
195
195
195
193
192
192
192
192
191
189
188
188
188
188
183
183
182
182
180
180
177
177
175
174
174
174
174
172
172
172
170
168
168
167
165
165
163
163
162
159
157
157
155
155
154
154
153
152
151
151
150
150
148
146
146
146
144
144
142
142
140
139
138
138
136
134
134
134
133
133
131
131
130
130
130
130
129
128
128
128
127
125
125
124
124
124
123
123
123
122
121
121
120
120
116
116
116
115
115
114
114
113
113
113
112
111
110
109
107
107
106
106
104
104
102
100
100
99
99
99
98
98
98
97
94
92
90
90
90
89
88
87
87
86
85
83
82
81
81
81
80
78
77
77
76
76
76
74
74
74
73
72
70
69
69
68
68
67
63
63
62
60
59
59
58
58
58
57
55
55
55
55
55
54
52
52
51
50
50
49
49
49
48
46
46
43
43
42
42
42
42
41
41
41
41
41
40
