1000
750
525
525
525
525
524
524
524
524
524
523
523
523
522
522
522
521
521
519
517
517
517
516
516
515
515
515
515
514
514
514
513
513
513
513
513
513
512
512
511
509
509
509
509
509
509
509
508
508
508
508
507
507
506
506
506
505
505
504
504
503
503
503
502
502
502
501
500
500
500
500
499
499
498
498
497
496
495
495
495
495
494
494
494
493
493
493
492
491
491
491
491
491
489
489
489
489
489
488
488
488
487
486
486
486
486
485
485
485
484
484
483
483
482
482
481
480
480
480
480
479
478
478
478
477
476
476
476
475
475
475
475
475
475
475
474
474
474
474
473
473
473
472
472
472
472
471
470
469
469
467
467
467
466
466
465
465
464
464
464
464
463
462
462
461
461
461
461
461
460
459
459
458
457
457
456
456
456
454
454
453
453
453
452
452
452
451
449
449
449
449
448
448
448
448
448
447
447
447
447
447
446
445
445
445
445
444
444
444
444
444
444
444
443
442
442
441
441
440
440
439
439
438
438
438
438
437
436
436
436
436
436
435
435
435
434
434
434
434
434
434
433
433
432
432
432
431
431
431
431
431
430
430
429
428
428
427
427
427
427
427
426
426
426
425
425
425
424
424
423
423
421
420
420
420
419
419
419
419
418
418
418
418
417
417
416
416
415
415
415
415
414
414
413
413
412
412
411
411
411
411
411
411
410
410
410
410
410
410
409
408
408
408
408
408
408
408
407
407
407
407
406
406
406
405
405
405
405
404
404
403
402
402
402
401
400
400
400
400
400
399
399
398
398
398
398
397
397
397
397
396
395
395
395
394
394
394
394
394
393
393
392
391
391
391
391
391
390
390
390
389
388
388
388
387
387
387
386
386
386
385
384
384
384
383
383
382
381
380
380
379
379
378
378
377
377
377
376
376
376
375
375
375
375
375
374
374
374
374
373
372
372
371
371
370
370
370
370
369
369
369
369
368
368
367
367
366
366
366
365
365
364
364
364
364
363
363
363
362
362
362
361
360
359
358
358
358
358
357
357
357
356
356
356
356
355
354
354
354
354
353
353
353
353
352
352
351
351
351
351
351
351
350
350
350
349
349
348
347
347
345
345
345
345
345
344
344
344
344
343
342
342
342
341
341
340
340
339
339
339
338
338
338
337
337
337
337
336
335
335
333
333
333
333
332
332
332
331
331
331
330
330
330
330
330
330
329
329
329
328
327
326
325
324
324
324
324
324
324
324
323
323
323
323
322
321
321
321
320
319
319
319
319
319
319
318
318
316
316
316
316
315
315
314
314
314
314
314
313
313
313
312
312
312
312
312
312
311
311
311
311
310
310
310
309
308
308
308
308
307
307
307
306
306
306
305
305
304
304
304
302
301
301
301
299
299
299
298
298
298
298
297
297
297
297
297
297
297
296
296
296
295
295
295
294
293
293
292
292
292
291
291
291
289
289
289
289
288
288
288
288
288
288
286
286
285
285
284
284
284
284
284
283
282
282
282
282
281
281
281
281
280
280
280
279
279
278
278
278
278
277
277
277
276
276
276
276
276
274
273
273
272
272
272
271
271
271
271
270
270
269
268
268
268
268
266
266
266
266
266
265
265
265
265
265
264
264
264
263
262
262
262
261
260
260
260
259
258
258
257
257
257
257
256
255
255
255
255
254
253
253
253
253
253
252
252
252
252
252
252
252
252
251
251
250
250
249
248
248
247
247
247
247
246
246
246
246
246
246
245
245
245
244
244
244
244
243
241
241
241
240
240
240
240
239
239
238
237
237
237
236
236
236
236
235
235
235
234
234
233
232
232
232
231
230
230
229
229
229
229
228
228
227
227
227
227
226
225
225
225
224
224
223
223
223
222
222
221
221
220
220
220
220
220
220
220
219
219
219
218
218
218
217
217
216
216
216
216
216
215
214
213
213
212
212
212
211
211
211
210
210
209
209
209
208
207
207
206
206
206
206
205
204
204
203
202
202
202
201
201
201
201
201
201
200
200
200
199
199
199
199
199
198
198
198
197
197
197
197
197
196
196
196
196
195
194
193
192
192
192
191
191
190
189
189
189
189
189
188
188
188
188
187
186
186
186
185
185
185
184
183
183
183
183
182
181
181
181
181
180
180
180
180
180
180
179
178
178
178
177
177
176
176
176
176
175
174
173
172
172
172
172
171
171
171
170
170
170
169
169
169
168
168
167
167
166
166
166
166
165
165
165
164
164
163
163
162
161
160
160
160
159
159
159
159
158
158
157
157
156
156
155
155
154
154
153
153
153
152
150
150
