300
300
210
210
210
209
209
208
208
207
206
206
205
205
204
203
202
202
201
201
200
200
199
198
197
195
194
194
192
192
191
191
191
190
189
189
189
188
188
187
186
186
186
184
184
184
183
183
182
180
179
179
179
178
177
177
175
174
173
173
173
172
172
170
170
170
169
168
168
168
168
167
163
162
159
159
159
158
158
158
158
157
157
157
157
156
156
156
155
154
153
152
151
151
151
150
149
148
148
147
147
147
146
146
142
142
142
141
139
139
138
137
136
134
134
134
133
132
132
132
131
131
129
129
129
127
127
126
126
125
124
124
124
123
123
123
122
122
122
120
118
118
117
116
116
115
115
115
113
112
112
111
111
111
110
109
109
109
108
108
108
107
106
106
106
105
105
105
105
105
105
105
105
104
102
102
102
102
101
101
101
100
99
99
96
96
96
94
94
93
93
93
93
92
91
90
90
88
87
87
87
85
85
85
85
84
84
84
83
82
82
82
82
81
81
79
78
77
76
75
75
75
75
74
74
74
74
74
74
73
73
72
72
72
71
70
70
69
66
66
66
66
65
64
64
63
62
61
59
58
58
57
57
57
54
54
54
53
53
53
53
52
51
51
51
50
50
50
50
49
49
48
48
47
47
46
46
44
44
44
43
42
41
41
41
38
37
37
37
37
37
37
37
35
34
33
32
31
31
31
31
30
