1000
1000
700
698
697
695
695
694
693
693
688
686
685
684
683
682
682
681
680
680
679
679
677
677
676
675
675
675
674
674
673
671
671
670
670
669
668
667
667
667
667
666
664
662
662
662
662
661
661
661
660
660
660
659
658
657
657
656
655
655
655
655
655
654
653
653
652
652
652
651
650
649
649
649
648
648
648
647
645
644
644
644
642
642
641
641
640
639
638
637
636
635
635
635
633
633
630
630
630
629
629
626
626
625
624
624
624
622
621
621
620
619
619
618
618
618
618
618
617
616
616
616
615
615
614
613
613
613
612
611
611
611
610
610
609
608
607
607
607
607
605
605
604
604
602
600
599
598
597
596
596
596
595
595
594
594
592
592
592
592
591
591
590
588
587
587
587
586
586
585
585
583
583
582
582
581
581
581
579
578
578
576
576
575
575
575
575
574
574
574
573
573
572
570
570
569
569
568
568
568
568
567
567
565
565
565
564
563
563
563
562
562
562
561
561
561
561
560
560
559
556
555
555
555
553
552
551
550
549
548
548
548
546
545
545
545
545
544
543
543
542
541
540
539
539
538
537
536
536
535
535
534
534
534
533
532
529
529
529
527
527
527
527
526
526
526
525
525
523
523
522
520
520
520
519
519
519
519
517
517
517
516
516
514
514
513
513
512
511
511
511
510
510
510
510
510
510
510
509
508
507
506
505
505
505
505
504
504
503
503
502
502
502
502
501
499
499
499
499
499
498
498
498
497
495
495
493
492
492
492
492
491
490
490
490
490
489
489
487
486
486
486
485
485
485
485
485
484
484
484
484
483
482
482
482
481
480
480
479
479
479
479
478
478
478
477
475
475
474
473
473
473
472
471
471
470
469
468
468
467
467
467
466
465
464
463
463
462
461
459
458
458
457
457
456
456
456
456
454
451
451
450
450
448
448
448
447
446
446
445
444
444
444
444
443
442
439
438
438
438
438
435
434
434
434
433
433
433
431
430
430
430
429
428
428
427
426
425
424
424
423
423
422
421
421
420
420
420
419
418
416
416
416
415
415
415
415
414
414
414
412
412
411
411
411
410
409
409
409
409
408
408
407
406
405
405
404
404
403
403
403
403
403
402
402
401
401
401
401
400
399
399
399
399
399
398
397
396
396
395
395
394
394
393
393
393
392
391
391
390
390
388
388
388
387
385
384
384
383
383
382
382
381
381
381
377
377
376
376
376
375
373
372
372
372
370
370
368
368
367
367
367
366
364
364
363
362
361
361
359
359
358
356
356
356
355
354
354
354
354
354
352
352
352
349
347
347
346
346
346
346
346
345
345
344
344
344
344
343
343
343
342
341
341
341
340
339
339
338
338
338
337
337
336
336
336
336
335
334
333
332
332
332
331
331
331
330
327
327
327
326
325
325
325
324
324
322
319
319
318
317
316
316
315
315
314
313
311
310
310
310
309
308
307
306
306
306
305
305
305
304
302
302
300
298
298
297
296
295
295
294
293
292
291
290
289
289
288
288
288
288
287
287
287
285
285
285
284
283
283
283
283
282
282
282
282
282
281
281
281
281
281
280
280
280
279
279
278
278
278
278
277
276
276
276
275
274
273
273
273
273
273
272
272
271
271
271
270
270
268
268
268
267
265
265
262
262
262
261
260
260
260
260
258
258
258
257
256
256
255
255
254
254
253
250
248
248
247
247
245
245
244
244
243
243
242
242
241
240
240
239
237
237
237
236
236
235
235
234
234
233
233
232
231
231
230
230
230
229
229
229
228
228
228
228
227
226
226
225
225
224
224
223
223
222
222
221
221
220
219
219
219
218
218
218
217
216
216
215
215
214
214
214
213
212
212
212
211
208
208
206
206
205
205
203
203
202
202
202
202
202
201
200
199
199
198
197
197
196
196
196
195
195
194
194
194
193
193
193
193
192
192
191
188
188
186
185
184
183
183
183
181
181
180
179
179
178
177
177
177
176
176
175
175
174
174
173
173
171
171
171
170
170
170
168
168
167
167
166
166
165
165
165
164
164
164
163
163
163
162
161
160
159
159
159
158
158
158
157
154
152
152
151
149
149
149
148
148
147
147
147
146
146
144
144
144
143
142
142
142
141
140
140
139
139
139
138
138
138
138
138
138
137
137
136
134
134
132
132
131
130
130
130
130
128
128
128
127
126
126
125
125
125
124
123
123
122
122
120
120
119
118
118
118
117
117
116
116
115
115
114
114
114
113
113
113
113
113
112
112
112
109
109
108
107
107
106
106
105
105
105
104
104
104
104
103
103
102
102
101
101
100
