500
500
400
400
399
399
398
396
396
396
395
393
392
392
390
390
390
389
388
388
387
387
386
386
386
384
384
384
383
382
381
380
380
380
380
379
379
378
377
377
376
376
375
375
373
373
373
372
372
372
371
371
370
369
366
365
363
363
362
362
360
360
359
359
359
359
359
358
357
357
356
356
354
354
352
351
350
350
349
349
349
347
347
347
346
346
345
344
344
343
342
342
341
341
341
341
339
338
338
337
336
336
334
333
333
333
332
332
331
331
330
330
329
329
328
328
327
326
326
326
325
325
324
324
323
322
322
321
321
320
320
320
319
319
318
318
315
315
315
314
314
314
314
313
313
313
312
312
312
311
310
310
309
309
307
306
306
306
305
305
304
302
301
300
300
300
299
299
299
299
298
296
295
295
294
293
293
293
292
292
291
290
290
289
289
288
286
286
284
284
284
284
282
281
281
280
279
278
278
275
275
275
274
274
272
272
271
269
267
265
264
263
259
258
258
257
257
256
256
254
254
254
253
251
246
243
243
243
243
241
241
241
240
239
239
238
238
237
236
236
236
234
233
232
232
232
232
230
229
229
228
228
226
225
225
224
223
223
223
223
220
220
219
219
219
219
219
217
217
216
216
216
216
215
214
214
213
212
212
212
211
211
210
209
209
208
207
207
205
203
203
203
203
203
202
201
201
200
198
198
198
198
197
196
196
196
195
194
194
193
193
193
191
191
190
189
189
189
189
189
188
186
186
186
185
185
185
184
183
180
180
179
179
179
179
179
178
176
174
174
173
172
172
172
171
170
170
169
167
167
167
166
166
165
163
163
162
161
160
160
160
159
159
159
158
157
156
154
154
154
151
150
149
147
146
144
142
142
141
140
140
138
137
136
136
136
136
134
134
134
134
133
132
132
131
131
130
130
130
129
128
128
125
125
124
124
123
123
123
123
122
121
121
118
118
116
115
114
114
114
112
112
112
111
111
110
109
109
108
108
107
106
105
105
104
102
101
101
99
99
96
95
94
92
91
90
90
89
89
88
86
86
84
83
81
80
80
80
80
79
78
77
77
77
77
77
76
76
75
75
75
73
73
72
71
69
69
69
69
68
67
67
66
65
65
63
62
62
62
60
60
59
59
58
58
57
56
55
53
53
52
51
