500
1000
800
800
797
796
793
793
791
788
788
788
788
787
787
786
782
781
781
781
778
777
777
774
774
773
771
771
770
769
768
765
765
765
764
763
763
761
761
761
760
758
758
758
757
754
754
753
752
748
747
746
746
745
742
742
739
738
736
736
734
732
730
728
727
727
727
726
725
723
723
723
721
720
718
717
715
711
709
709
708
707
706
706
702
700
700
699
692
691
691
691
682
681
681
678
677
677
676
675
675
675
674
670
667
666
664
663
663
662
660
655
655
651
648
645
641
639
638
638
637
636
635
635
634
630
630
628
628
625
624
624
623
623
622
621
620
619
618
618
616
614
611
610
608
606
602
600
600
599
595
594
593
591
590
589
589
589
584
583
582
579
578
577
573
572
572
569
567
567
566
565
565
562
562
560
559
556
553
552
552
552
550
550
549
549
546
545
545
543
543
543
543
543
542
540
539
538
538
538
537
537
534
532
531
531
529
529
529
528
527
526
526
526
523
522
521
520
520
519
518
518
517
517
516
516
514
514
512
511
510
510
509
506
505
505
504
503
503
498
497
497
497
494
492
492
492
490
488
487
487
486
485
480
476
475
474
472
471
471
471
470
469
469
467
463
463
462
459
459
459
458
457
455
455
455
454
454
454
451
451
451
446
444
443
443
441
441
440
438
437
436
436
435
433
433
428
427
426
423
423
422
420
420
419
418
418
416
415
414
412
412
412
411
409
409
408
408
406
406
405
403
403
402
401
400
397
396
395
389
389
389
387
384
383
383
382
378
378
377
375
374
370
367
366
364
363
363
362
362
361
359
357
357
356
356
356
351
351
347
346
343
342
338
336
335
333
330
329
329
328
328
328
328
328
326
325
324
324
323
322
321
321
318
318
317
316
315
314
311
310
309
308
306
306
305
304
303
303
303
300
300
298
298
297
292
292
291
290
289
286
286
285
282
281
279
279
279
277
277
277
276
276
276
276
276
275
274
274
273
271
270
269
266
266
265
263
262
262
260
257
256
256
256
253
253
252
252
251
248
248
245
245
244
244
244
243
243
243
241
241
241
241
237
233
233
231
230
229
229
227
225
224
220
219
219
217
216
215
215
214
213
213
213
213
212
211
210
209
208
206
206
205
203
202
202
202
202
201
201
200
200
