1000
750
600
600
599
599
598
597
597
594
594
594
593
593
592
592
590
590
589
589
589
589
588
588
588
588
587
587
587
587
587
587
585
585
584
583
583
582
581
581
581
580
580
580
579
578
577
577
576
576
576
575
575
573
573
573
572
572
572
571
571
571
571
571
570
570
569
567
567
566
564
563
562
562
562
561
561
561
561
561
560
560
559
559
559
559
558
558
557
557
557
556
555
555
555
554
553
553
551
551
551
550
549
549
549
546
546
545
545
545
544
543
543
543
541
540
539
539
538
538
537
537
537
536
536
536
535
535
534
534
534
533
533
533
532
531
531
530
530
529
529
527
525
525
524
524
524
523
523
522
522
522
521
520
518
518
517
517
517
517
517
516
515
514
514
514
514
513
512
512
512
511
511
510
510
509
509
509
509
507
507
506
506
506
506
504
504
503
502
501
500
498
498
497
497
496
496
496
495
495
495
494
493
492
492
492
492
491
490
490
490
488
488
488
487
486
486
486
485
484
483
482
482
482
480
480
479
479
479
478
478
477
476
476
476
476
475
473
473
473
472
472
471
471
470
470
469
469
469
468
468
468
467
467
467
467
466
466
466
465
465
464
464
464
463
461
461
460
458
458
457
456
454
454
454
453
453
452
452
451
449
449
449
448
448
447
447
447
446
446
444
444
443
443
443
442
442
442
442
440
440
439
438
437
436
436
435
435
435
434
434
434
433
433
433
432
432
432
430
429
427
427
427
426
426
425
424
424
424
424
423
423
422
422
421
421
420
420
419
418
417
415
415
415
414
413
412
412
411
411
410
409
409
409
408
407
407
407
405
404
404
404
404
404
404
403
403
402
402
401
401
401
400
399
399
399
398
397
397
396
395
395
394
394
394
392
391
391
391
390
389
388
388
388
388
388
386
386
385
384
384
383
382
382
381
381
380
380
379
378
378
378
377
376
376
375
375
374
374
372
372
371
370
370
369
368
368
367
367
366
365
365
365
364
364
364
363
363
363
363
361
360
359
359
359
358
357
357
355
355
354
354
352
352
351
351
349
348
347
347
346
346
345
345
343
343
342
341
341
340
340
340
339
337
337
336
336
335
334
333
333
332
332
332
332
332
331
331
331
331
330
330
330
329
329
329
329
329
328
328
327
327
327
327
327
326
325
325
325
324
324
324
324
324
323
322
320
320
319
319
318
318
317
317
316
316
315
315
314
314
313
313
311
311
310
309
308
308
306
305
305
304
304
304
304
303
303
302
302
302
301
300
300
300
300
299
299
298
298
298
297
297
297
295
294
294
292
292
291
291
291
289
289
288
288
288
288
287
287
287
287
286
286
286
286
286
286
285
285
282
282
281
281
281
281
281
281
280
280
280
279
279
278
278
278
278
278
278
277
277
277
276
274
274
273
272
272
271
271
271
270
269
268
268
266
266
265
265
265
265
264
264
264
263
262
262
260
260
260
260
259
259
259
258
258
258
257
256
256
256
255
255
255
255
254
253
252
251
251
250
250
249
249
248
248
248
247
247
247
246
246
246
246
246
246
246
245
245
244
243
243
241
241
241
241
240
238
238
237
237
237
237
236
234
234
233
233
233
233
232
232
232
230
230
229
229
228
228
227
227
227
224
224
224
224
222
222
222
222
221
221
221
221
220
219
219
218
218
218
218
218
218
217
217
216
216
216
216
216
216
216
215
215
214
214
214
213
213
211
211
210
209
209
208
208
208
206
206
206
205
205
204
202
202
202
202
201
201
199
198
198
197
197
197
196
196
195
195
195
195
193
192
191
191
191
191
189
189
187
187
187
184
182
181
180
180
180
180
177
177
176
174
174
173
173
172
171
171
170
170
169
169
168
168
168
168
167
167
166
166
165
164
164
163
163
163
163
162
161
161
160
160
160
159
158
158
157
157
156
155
155
155
155
154
153
152
152
152
151
150
150
148
148
148
147
147
146
146
146
145
145
145
144
143
143
143
143
143
142
142
141
140
139
139
138
138
137
135
134
134
133
133
133
132
131
131
130
130
129
128
126
125
125
125
124
123
123
122
122
122
121
120
119
119
118
118
118
118
118
117
116
115
115
114
114
114
114
114
113
113
113
113
113
113
112
112
112
112
111
111
110
109
109
109
108
107
107
106
106
105
105
105
104
103
102
102
102
101
101
100
100
99
98
96
96
96
95
95
95
95
94
94
93
93
93
92
92
92
92
92
92
91
91
91
91
91
91
90
90
90
89
89
88
86
85
85
84
84
82
82
82
82
81
80
79
79
77
77
77
77
76
76
