1000
1000
700
700
699
699
699
699
698
696
696
696
695
695
695
694
693
692
691
691
690
690
688
688
688
688
687
687
686
686
686
685
684
683
682
682
682
681
681
680
680
677
677
676
676
674
672
671
671
670
670
670
670
670
669
669
669
669
668
668
668
668
667
667
666
666
664
663
662
662
662
661
661
661
661
660
658
657
657
657
657
657
657
657
657
656
655
654
653
653
653
652
651
651
651
651
650
649
647
647
646
645
645
645
645
644
644
643
643
642
642
641
641
641
641
640
639
638
637
636
636
633
632
631
631
629
629
629
628
628
626
626
625
624
624
624
623
621
621
620
619
619
618
617
617
616
616
616
615
613
613
612
611
611
610
609
609
609
608
607
607
606
603
603
603
603
599
598
598
597
595
594
593
593
592
592
592
591
591
590
588
586
586
586
585
584
584
584
583
583
583
583
582
581
580
580
580
580
578
577
575
575
574
574
574
573
573
571
571
570
569
567
566
566
566
565
565
565
565
565
563
562
562
562
560
559
559
558
556
555
555
553
553
553
552
552
551
550
550
549
549
549
548
548
548
548
547
545
545
545
545
545
544
544
543
543
542
541
540
539
539
538
538
536
536
535
535
534
534
534
534
534
533
533
533
532
532
532
531
531
531
530
530
530
529
529
528
527
527
527
527
525
525
525
524
523
523
522
521
521
521
519
519
518
518
518
517
517
516
516
514
512
510
510
507
506
506
505
503
503
502
501
501
501
501
501
499
499
499
498
498
498
497
496
496
495
494
493
493
493
493
492
492
491
491
491
491
489
489
489
488
487
485
485
482
482
481
481
480
480
479
479
478
478
478
476
476
476
476
475
475
475
474
473
473
472
472
472
470
470
470
470
470
469
468
468
467
467
467
466
465
464
464
463
463
463
463
462
462
462
461
461
460
460
459
458
458
457
457
456
455
454
454
453
453
452
452
452
451
451
450
449
448
448
447
447
446
446
445
445
445
445
443
443
443
443
441
440
439
439
437
437
437
437
437
436
436
436
436
435
435
435
435
434
434
433
433
433
432
432
432
431
429
429
429
429
429
429
428
426
426
425
425
424
424
423
420
420
420
418
418
418
418
416
416
416
414
413
413
413
411
411
409
409
406
405
404
404
403
401
401
401
401
401
400
400
399
399
399
399
398
397
396
396
392
392
391
391
389
389
388
387
386
386
385
385
384
384
384
384
381
381
381
381
380
380
380
378
378
377
377
376
376
375
375
375
375
374
374
374
374
373
373
372
371
371
370
370
370
369
369
368
368
368
368
367
367
366
366
366
365
365
365
364
364
364
364
363
363
363
362
362
362
361
360
360
360
360
360
359
359
357
357
356
356
355
355
353
353
352
352
351
351
350
349
348
348
348
347
345
344
344
343
343
342
341
339
339
339
338
338
337
337
336
336
336
335
334
334
333
332
331
330
330
328
328
328
327
327
325
325
325
324
322
322
319
319
318
318
317
317
315
315
314
314
313
313
313
313
312
311
310
310
309
309
307
305
305
305
304
302
300
299
298
297
296
296
295
295
294
294
294
293
292
290
290
290
288
288
287
287
287
287
287
287
286
286
285
285
284
284
282
281
280
280
279
279
278
276
275
275
275
274
274
272
270
270
270
270
269
269
269
268
268
267
266
265
263
263
262
262
262
261
260
260
260
258
257
257
256
255
255
255
254
253
252
252
252
251
250
250
249
249
249
248
247
246
245
242
242
241
240
239
238
238
238
237
237
236
235
235
234
234
234
233
233
233
233
232
232
230
230
229
229
228
227
227
226
226
225
224
223
223
222
222
221
219
219
219
218
218
217
217
216
214
213
213
212
212
211
211
211
210
210
210
209
209
208
208
208
208
205
204
203
202
202
201
201
201
199
199
198
198
197
195
194
194
193
193
192
192
191
191
190
190
188
187
187
187
184
183
182
181
180
180
179
179
179
179
178
177
177
176
175
174
174
173
173
173
172
172
171
171
171
170
169
169
168
168
167
166
166
165
165
164
164
163
163
163
162
161
161
161
160
159
159
159
158
158
158
158
157
156
155
155
155
154
153
152
152
151
150
149
148
148
147
147
146
145
145
145
145
144
144
144
143
142
142
142
142
141
141
140
140
140
138
138
138
138
137
137
136
136
134
133
133
132
131
131
130
129
129
128
126
126
125
125
124
124
123
123
122
121
121
121
120
118
117
115
115
114
114
114
113
112
112
111
111
110
107
107
107
106
105
105
105
105
104
104
104
103
103
103
102
102
101
101
101
101
100
100
100
