200
750
524
524
520
520
516
513
506
504
499
494
488
488
481
481
480
475
474
468
467
462
459
457
456
453
453
449
448
446
443
441
440
440
434
433
433
433
432
431
423
423
422
419
418
417
412
409
405
403
400
397
397
394
392
390
390
389
388
387
385
383
378
377
375
375
372
368
367
365
364
363
362
362
362
361
357
355
354
346
345
345
345
344
343
340
340
336
334
331
327
326
325
324
321
320
316
312
304
304
303
299
298
295
295
295
288
287
286
278
276
268
268
268
263
263
262
262
261
259
256
256
255
244
244
243
241
241
240
238
238
234
234
233
233
224
224
224
223
222
218
218
215
214
214
213
204
200
198
198
198
186
185
183
182
179
174
173
171
168
167
166
166
161
160
156
153
149
147
144
143
143
141
138
137
135
135
130
128
127
126
126
125
124
123
121
120
118
117
115
110
109
107
104
102
94
91
88
83
81
79
76
