300
500
350
349
346
345
344
344
343
343
343
342
342
339
338
337
336
336
335
335
335
335
334
329
329
328
328
327
327
326
325
325
323
323
323
322
322
320
320
320
319
318
317
316
314
314
311
309
308
307
304
302
302
300
300
300
298
297
295
293
291
290
290
290
289
289
287
287
287
287
282
280
280
280
279
279
278
278
278
276
274
274
273
273
273
273
273
272
272
271
269
269
269
268
267
267
266
266
264
264
263
263
262
262
261
261
260
260
259
258
258
257
256
256
255
255
254
253
251
250
249
249
249
248
248
248
247
247
246
246
245
245
245
244
244
244
243
241
241
240
240
239
239
238
237
237
237
236
235
234
233
233
228
225
224
224
223
220
219
218
218
217
217
216
216
215
214
213
211
211
210
209
208
208
207
207
205
205
205
204
202
200
200
200
199
199
196
195
195
194
194
193
193
192
192
191
191
190
189
188
188
188
187
187
186
184
184
182
180
179
179
179
178
177
176
175
170
168
168
167
167
167
167
167
167
166
165
165
165
164
163
163
162
162
162
161
161
160
160
158
158
158
157
157
157
156
154
153
153
152
151
151
151
147
147
147
146
141
141
139
139
139
139
137
137
136
136
135
133
133
132
132
131
129
127
125
123
122
121
120
119
118
117
116
115
113
113
113
113
113
111
110
107
105
104
104
104
103
102
100
100
100
