500
1000
700
700
699
698
697
697
696
696
695
694
691
691
690
689
687
687
687
686
686
683
683
683
681
677
676
676
676
671
669
668
664
663
663
661
661
661
659
659
657
657
657
657
656
655
654
653
653
652
652
650
648
647
642
641
641
641
640
640
638
636
635
633
632
631
630
629
625
624
624
623
622
621
621
620
619
619
619
618
615
615
613
612
608
606
605
602
602
597
597
596
594
594
592
591
590
589
589
589
588
588
587
587
584
582
579
578
577
576
573
571
570
570
570
568
568
568
567
567
567
566
565
564
563
563
561
561
560
558
558
556
556
550
550
550
548
548
547
546
546
546
546
546
545
545
544
542
541
540
538
538
537
536
535
534
533
531
531
527
527
527
525
524
524
524
521
516
515
515
514
514
512
512
511
511
505
505
505
503
503
502
502
502
501
500
498
497
496
496
495
491
490
489
489
489
486
486
484
484
483
482
481
481
481
479
479
478
478
476
475
475
475
474
472
470
467
466
466
464
463
462
460
459
458
458
457
455
455
455
453
451
450
446
446
446
445
444
443
441
441
440
439
438
438
436
435
435
434
433
431
430
429
429
428
427
427
423
422
421
420
418
418
418
418
416
415
414
414
413
412
411
408
408
408
407
407
404
404
403
400
400
399
399
397
397
395
394
394
394
392
391
390
387
385
384
384
381
379
379
379
378
376
373
372
372
372
372
369
369
368
366
366
365
365
363
363
362
362
360
359
359
358
357
357
355
353
352
350
349
348
344
344
341
341
340
340
336
336
336
336
336
333
333
333
332
331
331
331
330
329
327
327
327
326
324
323
323
321
321
320
319
317
316
316
313
313
312
312
310
307
306
306
306
305
303
302
301
299
298
298
296
296
291
291
290
290
289
289
288
287
287
286
285
285
285
284
283
283
283
282
282
280
277
276
275
274
274
273
270
266
266
264
264
263
258
257
256
254
254
254
252
250
249
249
248
247
247
247
246
245
245
245
244
244
242
241
241
239
239
238
238
238
238
237
237
237
235
234
234
234
233
232
231
231
231
230
230
229
229
227
227
224
223
223
223
223
222
222
222
221
221
221
220
220
219
217
217
216
215
213
212
212
212
211
210
210
210
209
207
206
206
206
204
203
202
202
201
201
200
200
200
