500
500
348
348
348
347
347
347
347
346
346
344
344
342
342
342
341
341
340
340
339
338
337
337
337
336
336
336
336
336
334
333
333
333
332
332
331
330
330
330
329
329
327
326
326
325
325
325
325
324
324
324
323
323
323
322
322
321
320
320
320
320
320
320
318
318
317
317
316
316
316
315
313
313
310
310
309
309
309
308
308
307
306
306
306
305
304
303
303
303
302
301
300
300
299
298
298
297
297
296
296
295
295
294
293
293
292
292
291
290
290
287
286
286
285
285
284
283
283
282
282
281
281
279
279
279
278
278
277
274
274
271
269
268
268
268
267
267
267
266
265
264
264
262
262
262
261
260
259
259
259
258
258
258
258
257
257
256
256
255
255
254
253
251
251
250
250
249
249
246
245
245
244
244
244
243
243
242
242
242
241
240
239
239
238
238
238
237
237
236
236
236
234
234
233
233
232
232
231
231
230
230
230
229
227
226
226
223
223
222
222
222
221
220
220
219
218
218
218
217
216
215
212
212
212
212
210
210
208
206
206
205
205
204
203
203
202
201
199
199
198
197
196
196
195
194
193
193
192
192
192
192
191
191
191
189
189
188
185
185
184
183
183
182
181
181
181
181
181
180
180
180
180
179
179
179
179
177
177
177
177
177
173
173
172
172
171
170
170
170
170
169
169
168
168
168
167
165
165
165
165
164
164
163
163
162
160
160
159
159
159
158
156
156
155
155
155
155
155
154
153
153
153
152
152
151
151
151
151
150
150
150
148
148
148
147
146
146
145
145
144
144
144
144
142
142
142
142
142
142
141
141
140
140
139
139
139
138
137
136
135
134
133
132
132
132
131
131
130
130
129
128
127
127
125
125
124
124
123
122
122
122
122
121
120
119
119
119
119
118
118
117
117
117
116
115
115
113
113
113
113
113
112
112
110
109
108
108
107
105
104
104
103
101
101
101
98
97
97
96
96
96
95
95
95
94
93
92
92
92
92
91
91
89
89
88
88
87
86
86
85
84
84
81
81
81
80
80
80
79
78
78
78
77
77
76
76
74
73
73
73
72
71
71
71
69
68
67
66
65
64
63
63
63
62
61
61
60
59
59
59
58
58
57
57
56
56
56
56
55
54
54
53
53
53
52
52
52
52
52
50
50
