1000
1000
700
700
700
699
698
698
698
697
697
697
696
696
694
693
692
692
692
692
691
691
691
691
689
689
689
688
687
686
684
683
683
682
682
681
681
680
678
678
678
677
676
676
676
675
675
673
673
672
671
670
669
668
666
666
666
665
664
664
664
662
661
660
659
657
657
656
656
656
655
654
653
653
651
651
650
650
650
650
649
648
648
647
646
646
645
644
644
643
642
640
639
639
639
638
638
638
638
637
637
635
634
634
633
633
632
632
631
630
630
627
627
626
626
625
624
624
624
624
622
622
621
619
618
617
617
617
617
616
615
614
614
614
614
614
613
613
612
612
611
610
610
610
610
609
609
609
608
608
608
608
606
606
606
606
605
604
604
603
603
601
601
600
600
600
599
599
598
598
598
598
598
597
594
594
592
592
590
590
590
589
588
587
587
587
586
586
585
584
584
584
583
582
582
581
580
579
579
579
579
578
578
575
574
573
571
570
569
569
569
568
568
568
567
567
567
566
565
564
564
563
563
562
561
561
561
559
559
558
556
555
554
554
554
554
554
554
554
553
550
548
548
547
546
546
545
545
545
544
544
544
544
542
541
541
540
540
539
539
537
537
536
536
536
535
535
534
534
534
534
534
533
533
532
531
530
530
530
530
529
529
528
527
527
527
526
525
525
525
525
524
521
521
519
519
519
518
517
517
516
515
514
513
513
513
513
512
511
511
511
511
511
510
510
509
509
508
508
507
507
505
504
504
504
503
503
503
501
499
499
499
499
496
495
495
494
493
493
490
488
488
488
487
487
486
484
484
484
484
483
482
482
481
481
481
480
480
480
478
478
478
478
478
478
476
476
474
474
474
474
473
473
472
472
471
470
469
467
466
466
465
464
464
463
463
463
463
462
462
461
461
460
460
460
460
459
457
457
456
455
454
454
453
452
452
450
449
448
448
448
447
446
446
444
442
441
441
441
441
440
440
438
438
438
437
436
435
435
435
435
434
434
433
433
432
431
430
430
428
428
427
426
426
426
425
425
425
424
424
424
423
423
423
422
421
420
419
418
418
418
417
417
417
416
416
415
415
415
415
414
414
414
414
414
413
413
413
413
412
412
411
411
410
410
410
410
409
408
408
407
407
405
405
404
404
403
403
403
401
400
400
399
397
397
396
396
395
395
394
394
393
391
391
391
390
390
390
389
389
388
386
386
386
386
385
385
384
384
383
383
381
381
381
380
380
379
378
378
378
377
376
374
374
373
373
373
372
372
371
370
369
369
369
368
368
367
366
366
365
365
365
364
362
361
361
359
358
357
356
355
355
355
352
350
350
349
348
348
348
346
346
345
345
344
343
342
342
342
341
341
341
340
340
339
339
338
338
337
337
337
337
336
336
335
335
335
333
329
329
328
328
328
327
327
327
327
326
326
325
325
325
325
325
324
323
322
322
320
320
318
318
318
317
316
316
316
316
316
314
312
312
312
310
310
310
309
309
309
309
308
308
307
307
307
305
303
302
302
302
302
300
300
299
299
299
299
299
297
297
297
296
295
293
293
293
293
292
292
291
290
289
289
289
289
289
288
287
286
286
286
285
284
282
282
281
280
279
278
277
276
275
273
273
273
272
272
271
270
269
269
269
268
268
268
268
268
267
266
265
265
264
264
263
263
262
261
261
261
261
260
259
258
258
258
258
258
257
255
255
255
253
253
252
252
252
252
252
250
250
250
249
248
246
246
244
243
243
242
242
242
241
241
240
239
239
238
237
237
237
237
236
235
235
234
231
230
230
229
229
228
227
225
225
225
225
224
224
224
224
223
223
222
221
221
221
221
220
219
219
219
219
217
217
217
216
216
216
216
215
215
215
214
214
213
213
213
213
212
212
212
211
210
210
209
209
209
209
208
208
206
203
202
201
201
200
200
198
198
198
197
197
197
197
196
194
193
192
191
191
190
188
187
186
186
186
186
185
184
184
184
182
181
181
181
180
180
179
178
178
177
176
175
174
173
172
171
170
170
169
169
169
169
168
168
168
167
166
164
164
164
164
164
163
163
162
161
161
160
160
159
158
156
156
156
155
155
155
154
154
154
154
154
154
154
153
153
153
151
150
149
148
148
148
147
147
147
147
146
145
145
145
144
143
142
141
140
140
140
140
140
138
138
138
138
137
135
135
134
134
134
131
130
130
130
130
129
129
129
128
126
125
125
124
124
123
122
122
122
122
121
121
121
120
120
119
119
118
118
117
117
116
116
116
116
115
115
114
111
110
108
107
106
105
105
104
103
102
101
101
100
100
