500
750
525
523
522
522
519
517
517
517
517
515
515
515
514
514
512
512
510
510
510
509
508
508
507
505
504
501
500
499
498
498
498
496
496
495
493
492
489
489
489
488
487
486
485
484
482
482
481
480
480
480
479
479
477
477
477
476
475
475
475
475
474
474
473
473
472
470
470
468
468
467
466
466
466
465
465
464
463
461
461
461
460
458
458
456
456
456
455
454
454
453
453
448
448
447
446
445
444
444
443
442
441
440
439
435
434
434
433
432
432
432
431
431
430
428
428
427
426
423
422
420
420
419
418
417
417
417
417
417
416
416
416
415
415
414
414
413
413
411
411
409
408
407
407
406
406
405
404
403
402
401
400
400
400
399
399
399
397
396
396
396
395
392
389
389
388
385
384
382
374
374
373
373
373
373
372
371
370
367
366
365
361
360
360
359
359
359
359
356
355
354
353
352
351
349
349
348
348
347
346
346
346
346
344
344
343
343
341
340
340
340
339
339
336
336
333
333
333
328
327
327
326
326
324
323
323
323
322
322
320
320
319
319
319
316
315
314
314
313
312
310
309
309
309
308
303
302
302
300
299
299
296
296
296
292
289
289
289
289
288
288
287
287
286
286
286
284
284
283
282
282
280
278
278
274
274
272
271
271
270
269
269
269
268
267
266
260
257
257
253
251
250
249
247
247
247
246
245
244
244
243
243
242
242
241
241
241
241
241
240
239
236
235
235
234
233
231
231
229
229
227
226
225
223
223
222
222
222
221
221
220
220
218
218
216
216
215
212
212
209
208
207
206
205
205
205
204
204
203
202
201
200
200
200
199
199
199
199
198
197
196
196
194
194
194
194
193
192
191
191
190
188
188
185
184
183
183
183
183
182
181
181
180
179
179
178
178
178
178
177
175
175
171
171
171
170
170
169
168
167
166
165
165
164
163
163
163
162
158
156
156
154
154
153
150
148
147
147
146
145
144
144
143
142
141
141
139
138
135
133
133
131
131
130
130
129
127
126
126
125
125
124
122
121
121
121
120
120
119
119
119
118
115
115
112
111
109
109
108
108
108
107
105
104
100
100
99
98
98
98
97
96
95
95
94
93
92
92
92
92
91
91
89
89
88
88
85
85
84
83
81
80
80
79
79
79
78
78
77
76
75
