500
1000
800
798
797
795
793
791
789
788
787
786
784
784
782
782
779
777
777
775
774
773
773
772
768
767
766
765
764
764
761
759
759
758
758
758
757
757
756
754
753
747
747
746
744
740
739
739
739
738
736
736
732
731
731
729
729
728
727
727
725
724
721
720
720
720
717
716
715
715
711
711
710
708
707
706
702
701
701
699
699
694
694
693
692
691
689
688
687
681
680
678
678
677
677
676
675
675
674
673
673
672
671
670
668
662
661
661
660
660
657
656
655
653
652
650
650
649
648
645
644
643
642
641
639
637
637
636
634
634
632
630
630
629
629
628
626
626
624
623
623
623
616
615
615
614
613
610
610
608
607
606
606
604
603
601
600
598
598
598
595
594
594
594
593
591
589
588
587
586
586
585
585
579
577
577
576
576
576
576
574
570
570
569
568
567
567
567
566
564
564
562
562
561
558
558
558
555
554
554
552
551
551
550
547
546
544
544
541
540
539
537
537
536
535
535
535
534
532
528
528
528
527
526
523
523
520
518
517
516
516
514
513
512
510
509
508
506
506
505
500
500
500
499
497
496
495
494
492
490
489
489
489
488
488
487
486
484
483
480
480
480
478
478
477
474
474
473
473
472
472
470
469
466
466
466
464
464
460
460
459
459
456
456
455
455
451
449
449
448
443
443
441
440
438
438
438
436
435
435
434
427
427
426
426
426
425
425
424
423
422
420
419
416
414
414
414
413
411
410
408
408
407
405
404
403
400
399
395
392
391
390
389
388
386
385
385
384
380
378
376
376
376
375
373
373
372
372
372
368
368
368
367
366
366
364
363
360
360
358
357
357
356
356
355
354
354
353
352
352
351
350
347
346
344
343
342
340
339
339
339
339
338
336
334
333
325
325
321
321
320
318
317
316
316
315
314
313
313
313
311
310
310
310
309
308
307
306
304
303
302
301
300
299
299
298
296
295
294
294
291
290
290
289
288
285
284
281
280
280
278
276
275
274
274
272
271
271
269
268
267
267
267
267
266
266
265
260
260
258
258
258
256
254
253
252
252
251
250
250
247
243
243
243
243
243
243
242
242
242
240
240
239
237
236
231
231
231
231
231
230
230
229
224
222
219
216
215
214
212
210
209
209
209
205
205
205
204
202
202
201
201
