500
1000
700
699
699
698
698
697
695
691
691
689
686
684
682
682
682
681
681
681
678
676
676
675
675
674
674
673
672
671
670
670
669
669
668
668
668
668
668
667
666
665
665
664
664
663
663
662
661
656
655
655
655
654
654
654
651
651
648
647
645
645
645
644
642
641
641
640
639
636
636
635
625
624
624
624
622
622
618
618
615
613
612
611
611
610
610
610
609
608
608
607
607
607
606
606
605
605
605
605
601
601
600
597
596
596
593
590
586
584
584
582
582
581
581
578
577
571
571
571
568
568
567
566
565
563
563
560
558
558
556
554
551
551
551
551
549
548
548
547
547
546
544
542
541
540
539
538
537
535
535
534
534
529
529
527
525
525
520
519
518
518
517
516
515
514
512
510
506
506
503
501
500
500
498
497
497
495
494
494
492
491
491
487
487
486
486
485
481
480
477
476
476
476
476
476
474
474
474
474
473
473
472
472
472
471
471
470
469
468
468
468
461
460
457
457
454
451
450
450
449
447
445
444
441
439
434
433
432
431
430
429
428
426
425
424
422
421
420
419
418
418
417
415
415
414
413
406
404
402
402
402
402
402
400
398
396
395
395
395
394
393
392
391
388
387
387
387
387
387
385
385
385
383
381
380
378
375
372
371
370
369
368
366
365
365
365
364
364
364
363
362
362
361
356
355
353
352
351
350
349
348
348
347
345
345
344
343
341
341
339
337
337
335
333
332
331
331
330
330
329
329
329
328
326
325
325
323
322
321
321
319
319
318
316
316
314
312
311
311
310
309
307
306
306
305
305
304
302
301
301
301
300
300
299
296
295
293
292
291
290
288
284
283
282
278
278
276
272
268
264
263
263
263
262
261
260
260
259
257
257
255
254
250
250
249
249
249
247
247
246
241
241
238
238
236
235
234
231
231
228
224
223
222
222
221
221
219
219
217
215
215
214
214
213
212
212
212
209
207
205
204
203
202
202
202
201
201
198
194
192
191
191
190
189
189
189
189
189
183
181
180
177
176
174
173
170
169
169
168
168
168
167
167
165
165
163
162
162
162
161
161
160
156
154
153
153
152
152
150
149
149
144
143
143
138
138
137
135
134
134
133
133
133
132
131
129
126
125
120
116
115
115
113
112
111
110
108
107
106
102
100
