400
1000
700
700
698
696
695
690
690
690
689
689
687
686
685
684
684
681
680
679
678
677
676
676
676
676
674
671
668
667
666
664
664
662
662
660
660
659
658
658
657
657
655
652
652
651
650
649
648
647
647
646
644
644
643
641
640
640
640
638
637
636
633
627
626
626
624
624
621
621
620
617
616
616
611
609
608
603
603
598
598
595
594
594
593
593
592
590
590
590
588
585
585
585
584
583
580
579
578
576
574
572
568
568
566
563
559
558
558
557
557
555
554
554
554
551
551
550
547
545
544
543
541
539
539
539
538
536
534
533
533
532
530
530
530
528
526
526
525
525
524
524
522
522
519
518
514
513
513
513
512
512
511
509
508
507
507
507
505
504
504
504
503
503
503
502
501
500
499
499
499
496
495
494
493
493
493
492
491
491
489
486
484
484
484
483
483
483
482
478
477
470
469
467
467
465
464
463
462
462
460
460
460
457
456
454
453
453
452
450
448
447
445
445
444
444
444
443
442
440
436
433
430
429
428
427
426
426
426
425
425
425
424
423
420
414
414
413
412
412
410
409
409
408
405
404
403
401
400
400
400
398
397
397
396
396
395
395
395
395
394
388
387
384
383
378
377
375
371
369
368
365
364
363
362
361
361
360
360
358
357
350
349
348
344
342
341
340
340
340
338
337
335
333
331
329
329
327
327
326
325
325
325
322
319
318
317
314
313
313
312
312
312
311
310
308
307
307
307
303
301
300
299
297
296
293
292
291
289
287
287
287
285
285
278
276
276
274
274
274
273
271
269
269
267
263
262
261
261
259
256
254
253
252
249
249
248
246
246
245
245
244
244
243
242
242
241
241
241
241
238
237
237
237
236
234
232
232
231
231
229
226
226
226
225
223
223
222
220
220
220
218
218
217
213
212
210
210
204
203
203
203
