400
500
400
399
399
397
396
396
396
394
394
394
391
391
390
388
388
388
387
386
386
386
385
384
383
382
382
381
381
380
380
380
379
379
378
378
378
376
374
373
373
372
370
370
368
367
366
366
364
364
364
363
362
360
358
357
357
357
356
356
356
356
356
355
353
353
353
353
352
352
351
350
348
347
345
344
343
343
342
341
339
338
338
338
338
336
333
333
332
331
330
330
329
329
328
327
325
323
321
320
318
318
318
318
317
316
316
316
315
315
314
313
312
311
309
308
308
308
308
306
306
304
304
302
302
301
299
298
296
295
294
294
293
292
291
291
290
288
287
287
287
287
287
287
284
284
283
283
281
281
280
280
279
278
277
276
276
275
274
273
272
272
271
270
269
269
268
268
268
266
266
265
265
264
263
262
262
261
261
260
259
258
255
255
254
254
254
253
253
252
252
252
250
248
248
247
247
247
246
245
245
243
243
242
242
241
240
240
239
238
238
237
237
237
237
234
233
232
231
231
231
230
230
229
228
228
225
224
223
222
222
221
221
219
219
218
218
215
214
213
212
211
211
210
210
209
209
209
208
207
205
204
204
203
202
201
200
200
198
197
197
196
196
195
195
195
194
194
194
193
191
191
191
190
190
188
188
187
187
187
187
187
186
186
184
183
181
180
179
178
177
176
175
175
174
173
173
173
172
171
171
169
169
168
167
166
166
165
164
164
163
163
163
162
162
161
161
160
160
159
159
157
155
155
155
153
152
151
151
150
149
148
147
147
147
147
144
143
143
141
141
140
140
140
138
137
137
136
136
135
135
133
132
129
128
127
125
124
124
120
120
118
118
118
118
117
117
114
114
114
114
112
112
112
111
111
111
111
111
111
111
109
108
108
108
107
107
106
106
106
106
105
105
105
105
104
103
103
103
100
100
100
