500
750
525
524
524
523
521
521
519
518
517
517
514
514
514
513
513
513
512
511
510
507
507
505
505
504
504
503
502
502
502
501
499
498
498
498
497
497
496
496
492
492
491
490
489
489
488
488
487
487
487
486
485
484
484
484
484
483
482
480
478
477
475
473
473
473
472
470
467
467
466
465
464
464
463
463
462
462
462
461
461
460
460
459
459
459
459
457
455
455
455
454
454
454
451
451
451
451
449
447
446
446
445
442
442
438
438
437
437
436
436
435
434
434
434
432
431
431
430
430
430
429
428
428
426
425
425
424
424
423
423
421
420
417
417
417
416
415
415
413
413
411
411
411
410
410
410
409
409
408
407
406
406
406
406
405
405
403
402
400
400
400
399
399
398
398
397
397
396
395
395
395
393
393
392
391
389
388
388
387
386
385
382
382
382
381
381
381
380
379
379
378
378
376
376
375
375
375
374
373
372
371
370
369
368
368
367
367
367
366
364
363
363
363
362
362
362
361
361
361
358
358
354
353
353
352
352
352
351
351
351
350
350
350
350
349
348
348
348
347
347
346
346
346
343
342
341
341
340
339
339
338
338
337
336
336
334
333
332
332
331
331
331
331
329
327
325
325
325
321
321
318
317
317
316
316
315
315
315
314
314
314
313
307
306
306
306
304
304
303
302
302
302
302
301
300
300
300
298
298
298
298
297
296
296
296
296
294
293
292
292
291
289
288
288
286
285
285
284
284
283
282
282
281
281
281
281
280
279
279
279
278
278
277
277
276
275
275
274
274
273
273
272
270
269
269
267
267
266
264
263
262
262
262
261
261
260
259
259
259
255
253
252
252
251
251
250
250
250
249
249
248
248
247
246
246
246
246
245
245
244
243
243
242
240
240
239
239
238
237
236
236
236
234
234
233
232
232
231
231
230
229
229
229
228
226
226
224
224
224
223
222
222
220
220
219
218
217
217
215
215
214
213
209
209
208
207
205
205
204
204
203
203
202
201
201
201
201
200
199
198
198
197
197
196
194
193
192
190
189
189
188
187
185
184
184
183
183
182
182
180
180
179
177
177
176
175
172
172
172
171
170
170
168
167
167
165
165
165
165
164
164
163
163
163
162
161
161
161
161
160
160
160
160
159
158
157
156
155
154
153
151
