1000
1000
800
799
799
798
798
797
796
796
796
796
795
794
794
794
793
793
792
791
791
790
790
789
788
788
788
786
785
782
781
781
781
781
780
780
778
778
778
776
776
776
775
775
775
774
773
773
773
772
770
770
768
768
767
767
765
765
764
763
763
763
762
762
761
761
761
760
760
760
759
759
759
757
756
756
756
755
754
753
753
753
753
752
751
750
748
747
746
746
745
743
742
739
738
737
737
736
736
735
733
732
731
731
730
730
729
729
727
721
721
719
718
718
717
717
717
716
714
714
714
714
714
713
713
713
713
712
712
711
711
709
709
708
708
707
707
706
705
704
703
703
702
702
702
702
701
701
699
698
697
695
692
692
692
691
690
690
689
688
688
685
683
683
683
683
683
683
681
681
679
679
678
677
677
676
675
674
673
673
673
671
671
670
669
669
669
668
668
667
667
665
665
664
664
663
660
660
660
655
654
653
652
652
652
651
650
650
649
648
646
646
645
645
645
644
642
642
641
641
641
640
640
640
639
639
638
638
637
637
637
636
635
634
634
633
632
631
631
631
630
630
630
629
629
628
627
627
627
627
626
626
625
624
624
624
623
623
622
622
619
616
615
615
613
612
612
610
610
610
610
609
608
607
606
606
605
604
603
603
602
602
602
601
599
599
599
598
598
597
595
595
595
594
593
592
590
590
590
589
589
589
588
584
584
582
581
580
580
580
580
580
579
578
577
577
576
575
574
572
570
569
568
566
566
563
563
562
561
561
561
560
559
558
558
557
557
557
557
557
557
556
554
554
554
553
553
552
550
550
549
548
547
547
546
545
543
543
540
539
535
535
535
535
534
533
533
533
531
531
531
530
530
529
529
528
528
526
525
523
523
522
522
522
521
521
521
519
518
518
517
517
516
514
514
514
514
512
512
511
511
510
510
510
508
508
506
505
505
504
503
502
502
502
502
501
499
497
497
496
496
495
493
493
493
492
492
491
491
490
490
490
487
486
486
484
484
484
483
482
482
482
481
480
479
478
478
478
477
477
477
477
477
476
475
474
473
473
469
469
468
467
467
466
466
465
464
463
463
463
462
462
461
460
460
458
458
457
455
455
454
454
452
452
451
451
451
450
449
449
447
445
445
445
444
443
441
440
440
439
438
436
436
435
434
434
433
433
433
432
432
431
431
430
430
429
429
429
428
428
424
424
424
423
422
422
421
421
421
420
420
419
419
417
414
414
414
414
413
412
410
410
409
409
409
408
406
406
405
405
404
404
403
403
402
402
402
399
399
398
398
398
398
397
397
396
396
396
395
395
393
393
393
392
392
391
388
388
388
387
387
387
384
382
382
381
380
380
379
377
377
376
375
374
374
374
372
372
371
371
370
370
369
369
368
367
366
366
365
365
363
363
362
362
361
361
360
360
359
358
357
356
355
354
354
353
352
352
351
351
350
350
349
349
348
348
348
346
345
345
345
344
343
342
341
341
340
340
339
339
337
336
335
335
334
333
332
330
329
329
328
327
327
327
327
327
327
327
326
325
324
324
323
323
322
322
322
321
319
319
317
316
316
315
314
314
311
311
310
308
307
307
306
305
305
305
304
304
303
302
299
299
299
299
298
296
296
295
295
295
295
293
293
293
292
291
290
288
288
288
285
285
285
284
284
284
284
284
283
283
283
282
282
282
281
281
281
281
280
280
279
278
277
277
277
276
276
276
274
272
272
272
271
271
270
270
269
269
268
267
265
265
264
263
263
261
261
259
259
259
258
258
258
257
257
257
256
256
255
254
254
254
253
252
252
251
251
250
249
249
247
247
246
246
244
244
242
240
239
239
238
238
238
236
236
235
234
234
234
234
234
233
233
233
232
232
231
231
229
228
227
226
225
225
225
225
224
223
221
220
218
216
216
215
215
213
213
212
212
212
211
210
209
209
208
207
206
206
206
205
204
203
202
202
202
201
201
200
200
200
199
198
196
196
196
195
194
193
192
191
190
190
189
187
187
186
186
186
185
184
184
184
184
183
183
181
181
180
178
177
177
176
175
175
174
174
174
171
171
171
171
171
170
170
170
170
169
169
166
165
165
165
164
163
162
161
160
159
159
158
158
157
157
157
156
155
154
154
154
154
150
150
148
148
145
143
142
140
140
139
138
137
137
137
136
136
135
135
134
133
133
131
131
130
130
129
128
128
127
127
127
126
125
125
124
121
121
121
120
120
120
120
120
120
119
119
119
118
118
118
117
116
114
114
112
111
111
111
111
110
109
108
108
107
106
106
104
103
103
103
101
100
