400
750
525
524
524
522
521
521
521
520
516
515
514
513
510
510
510
508
506
505
505
503
501
499
498
498
497
494
492
492
491
489
488
487
486
484
481
480
479
478
478
477
475
474
474
472
472
470
470
470
470
469
468
466
465
464
464
462
462
462
462
461
459
459
456
454
453
453
449
447
447
447
445
444
441
440
440
438
437
437
437
436
434
433
431
431
431
429
429
426
425
425
425
425
424
424
424
422
421
417
417
415
413
412
411
408
406
403
403
401
401
399
399
398
398
395
393
393
392
386
385
384
383
383
382
382
382
381
381
380
380
377
375
371
371
371
370
368
366
365
365
365
365
364
363
363
363
362
361
361
361
361
359
358
355
354
353
351
351
349
348
347
346
345
345
344
343
343
342
341
340
339
338
335
335
335
335
332
332
330
330
329
328
328
328
328
327
325
324
323
323
322
321
321
321
320
319
314
314
314
313
312
308
306
305
303
303
302
301
301
300
299
299
296
296
292
291
291
289
289
284
283
282
281
281
280
279
279
278
278
276
272
270
270
268
267
266
264
263
260
259
259
258
258
256
256
255
252
249
249
248
248
247
244
241
239
239
239
239
238
238
237
236
235
233
232
231
231
230
228
228
225
225
224
223
223
220
219
216
215
214
211
210
206
206
203
203
203
201
200
198
197
197
195
194
192
190
188
187
187
186
185
185
180
180
179
176
175
174
174
173
173
173
172
170
167
167
166
165
165
164
164
164
162
160
160
159
158
155
154
153
153
152
151
151
151
147
147
146
142
140
140
139
139
138
134
133
133
133
132
131
131
131
131
130
130
126
125
125
123
123
121
120
118
118
118
117
116
116
114
114
111
111
110
109
107
101
101
99
98
98
98
95
95
93
92
90
88
87
86
86
85
84
84
83
81
81
81
80
79
77
77
