300
200
160
159
159
159
158
157
157
157
156
156
156
155
155
154
154
154
154
153
153
152
152
152
152
151
151
150
150
149
149
148
148
147
147
146
146
145
145
144
144
144
144
143
143
142
142
142
142
142
141
141
141
140
140
140
140
138
138
137
137
137
136
136
135
134
133
133
133
132
131
131
131
130
129
127
127
126
126
126
126
126
125
124
123
123
122
122
121
121
121
121
120
119
119
118
117
116
115
114
114
114
113
113
113
113
113
112
112
112
111
110
110
110
109
109
109
109
108
108
106
106
106
106
106
105
105
105
104
104
104
104
104
103
103
103
103
103
102
101
101
100
100
100
99
99
99
99
98
98
97
97
97
96
96
96
95
94
94
93
93
93
93
93
92
91
91
91
91
91
90
90
90
90
89
88
88
87
87
87
87
86
85
85
85
85
84
82
82
81
81
80
79
79
78
78
78
77
77
77
77
76
76
76
75
75
74
74
74
73
73
73
73
72
72
72
72
71
71
71
71
71
70
69
68
68
68
67
67
67
66
65
65
65
65
65
65
65
64
64
64
64
64
61
61
61
60
60
59
59
59
58
58
58
58
57
57
56
55
55
55
55
54
54
53
53
52
51
51
51
51
51
50
50
50
49
49
49
49
48
48
47
47
47
47
46
46
46
45
45
44
44
43
43
42
42
41
41
41
40
40
40
