400
750
597
595
594
594
592
591
591
591
589
588
587
586
585
584
584
584
580
578
576
575
573
567
566
564
563
563
561
559
559
559
557
557
556
554
553
553
551
548
547
543
541
538
538
538
537
536
533
532
528
528
528
528
527
526
525
523
523
522
519
518
517
516
516
516
516
515
514
514
514
514
512
512
505
505
503
501
501
501
500
500
498
497
497
496
494
491
491
490
489
487
485
482
481
480
479
476
476
475
473
472
472
472
471
471
470
467
467
466
464
463
461
456
455
453
453
452
449
448
448
446
445
444
443
442
440
435
434
432
430
429
427
426
423
422
419
419
418
417
412
411
410
409
409
406
405
403
402
401
401
401
401
400
400
400
400
398
397
392
391
390
388
387
384
384
382
382
381
380
379
379
378
376
376
375
375
375
374
373
372
367
365
364
360
360
359
359
356
355
351
351
347
347
344
342
338
338
337
337
337
335
334
333
332
331
329
329
328
323
322
322
321
320
320
320
316
314
311
311
309
308
305
304
304
300
296
292
291
291
290
289
287
280
280
279
279
278
278
277
276
276
273
272
272
272
271
271
269
267
263
262
261
261
260
258
257
256
255
254
251
251
251
250
248
248
246
242
241
241
239
239
238
238
237
237
235
234
231
230
230
230
229
228
227
227
225
225
225
225
223
222
219
218
217
216
215
213
212
212
211
208
208
207
205
203
199
198
197
197
194
194
194
193
191
191
190
188
187
186
183
181
180
176
175
173
172
170
170
169
168
165
164
163
163
161
161
161
159
158
158
158
156
155
155
154
154
153
152
150
150
147
147
145
142
141
140
140
140
139
138
138
137
136
131
130
129
128
125
123
122
122
122
120
120
119
119
118
116
114
111
109
108
106
104
104
103
103
99
98
95
93
91
89
86
84
84
83
82
78
77
76
