500
750
600
599
598
597
593
593
592
592
590
590
590
590
588
587
584
584
582
582
581
581
579
578
578
578
578
577
574
573
569
565
561
561
560
560
559
558
557
555
554
554
554
550
549
549
548
545
543
543
543
543
543
541
539
536
536
535
533
532
530
528
526
524
523
523
522
520
519
519
518
514
513
512
511
508
508
508
506
505
504
502
502
500
499
498
498
498
496
496
496
494
494
494
492
488
488
488
487
487
484
484
484
482
482
480
480
480
480
479
478
476
476
475
474
474
474
473
472
472
471
471
470
466
465
464
464
464
464
464
463
462
462
461
460
460
460
459
457
457
457
454
453
451
449
447
447
447
447
446
444
443
441
440
440
439
438
438
438
437
434
434
430
430
430
429
428
427
426
426
426
425
423
421
419
419
417
415
414
414
413
410
410
409
409
408
407
405
405
401
400
399
396
396
396
396
395
395
395
393
393
392
390
390
389
389
387
385
385
385
383
382
382
381
380
377
374
374
372
372
370
368
366
365
365
362
362
359
359
358
357
356
355
355
351
350
348
348
347
345
344
343
343
343
341
340
339
339
338
338
336
334
333
333
333
332
332
332
331
331
330
330
324
323
323
321
319
318
317
315
314
314
313
312
311
311
310
309
306
306
305
304
303
302
302
301
300
299
298
297
296
296
295
295
290
285
282
282
282
282
280
280
279
279
279
278
277
277
276
274
274
274
274
273
272
272
271
271
270
269
269
268
266
264
258
258
256
256
256
255
252
252
252
250
248
247
245
243
241
241
241
240
239
237
236
236
234
234
234
232
232
232
229
229
227
227
224
222
222
220
219
219
218
214
214
214
213
213
213
207
204
204
204
201
200
196
196
195
195
195
194
194
194
193
190
189
187
186
184
184
184
183
183
182
181
180
176
175
175
173
172
171
171
170
169
168
167
165
162
162
160
158
157
157
155
155
154
154
152
151
151
151
150
149
148
147
147
145
144
143
142
142
142
141
141
140
140
139
139
138
137
136
135
135
135
134
133
133
133
133
132
131
131
127
126
124
123
122
121
120
120
120
119
118
116
114
114
114
111
111
108
106
106
105
104
104
104
102
101
100
100
99
98
98
95
94
90
89
89
82
81
80
80
80
78
78
78
78
76
76
76
76
