200
400
277
277
276
273
273
271
271
270
267
266
264
264
264
264
263
262
261
258
257
257
256
256
256
254
254
253
251
250
249
247
245
245
242
241
240
239
238
237
236
234
234
233
233
233
231
230
230
230
227
226
225
224
224
223
223
220
217
216
215
215
215
209
207
206
206
206
204
204
203
203
203
202
202
201
201
198
198
198
198
198
197
196
190
190
188
187
184
184
183
182
182
181
180
179
179
179
177
176
175
175
172
172
172
171
170
170
169
168
168
167
165
164
164
162
161
157
155
153
153
151
151
148
148
146
146
146
146
142
142
140
138
136
132
132
132
127
127
126
124
123
122
120
119
119
117
117
117
116
112
112
109
104
103
102
100
97
95
95
93
93
91
90
90
89
87
87
87
85
84
83
81
80
75
75
74
73
73
71
71
71
68
67
65
64
62
61
60
59
57
57
54
54
53
52
51
51
50
49
44
40
