400
300
210
209
208
208
208
207
206
205
204
204
204
203
202
201
201
200
200
198
198
196
196
196
195
195
195
195
195
194
194
194
194
193
193
193
193
193
193
191
190
190
190
189
189
188
188
188
188
187
187
187
187
186
186
185
184
184
184
180
180
180
180
179
178
178
177
177
176
175
175
175
174
174
174
173
172
172
172
172
172
171
170
169
169
169
169
168
168
168
167
167
166
165
165
165
164
164
164
164
163
163
162
162
161
161
160
160
159
157
157
157
156
156
156
155
155
155
154
154
153
153
153
153
153
152
152
152
151
150
150
150
149
149
148
148
148
147
147
146
146
146
145
145
145
145
145
144
144
144
143
142
142
141
141
141
140
139
138
138
138
137
137
137
137
136
136
136
136
136
135
135
135
135
133
133
132
132
131
130
130
130
129
129
129
129
128
128
127
126
126
125
125
124
124
122
122
122
122
122
121
121
120
120
119
118
117
117
117
116
116
115
115
115
114
113
112
112
112
112
112
112
112
111
111
109
109
109
109
108
107
107
106
106
106
106
106
105
105
105
105
104
103
103
103
103
103
102
101
101
101
101
101
100
99
98
98
97
96
96
95
95
95
95
95
94
94
93
93
93
92
92
92
92
92
92
90
89
89
88
88
87
87
87
87
86
86
85
85
84
84
84
83
83
82
82
82
81
81
81
80
80
80
79
79
78
78
78
77
76
76
76
76
75
75
73
73
72
72
71
71
69
69
69
69
68
67
67
67
67
67
66
66
66
65
63
63
63
63
61
61
61
60
60
59
58
58
57
57
56
55
55
54
54
53
53
53
53
52
52
51
49
47
47
46
45
44
44
44
43
43
43
42
42
42
41
40
40
39
39
38
38
37
37
36
35
35
35
34
33
33
33
33
31
31
31
31
31
30
30
30
30
