300
300
240
240
240
238
238
238
236
236
236
235
235
233
233
231
231
230
229
229
229
227
227
226
225
225
225
225
225
224
222
221
221
221
220
219
218
215
215
214
213
213
209
209
209
209
208
208
207
207
205
204
204
203
202
202
201
199
198
198
198
197
197
196
196
193
193
192
192
191
190
189
187
187
186
186
184
182
181
178
178
175
175
174
174
174
171
170
169
169
168
167
166
165
164
163
161
161
160
159
158
156
156
155
155
155
154
152
151
151
151
150
150
150
149
147
146
146
146
145
145
144
142
140
139
138
138
138
138
136
136
134
134
133
133
131
131
127
126
125
123
123
123
122
120
120
118
118
117
116
116
115
115
115
114
113
113
113
111
111
110
110
108
108
108
106
106
105
103
102
102
101
99
99
98
97
94
94
94
94
92
92
92
92
92
91
91
91
91
90
90
89
89
89
89
89
88
88
87
86
84
83
83
83
82
82
81
80
80
78
78
78
78
77
77
77
77
75
75
75
75
74
74
74
74
73
72
72
72
72
71
71
70
70
70
69
68
68
67
67
67
67
66
66
66
66
66
66
65
64
63
62
62
62
60
60
60
59
59
58
58
57
56
55
55
55
55
54
54
54
53
52
51
51
49
49
48
47
46
46
45
43
42
42
42
40
39
39
39
37
37
36
35
35
33
33
32
31
31
31
31
30
