500
750
523
523
523
522
522
521
518
517
516
515
515
514
511
510
510
508
507
504
501
499
498
498
497
497
496
496
496
494
494
493
490
488
487
487
487
486
485
485
484
483
482
481
481
476
475
474
474
474
472
470
470
469
469
467
461
460
459
459
458
458
457
457
457
457
455
455
455
452
451
451
451
451
450
450
449
448
448
446
445
443
441
441
440
439
437
437
436
436
435
434
433
429
428
428
428
427
427
426
425
424
424
424
422
422
422
421
420
420
419
419
419
419
418
418
416
415
412
410
410
409
408
407
406
405
405
404
403
402
402
402
401
401
400
398
397
397
395
395
393
393
393
390
390
390
389
389
388
387
386
386
385
383
382
381
381
380
379
378
378
376
375
375
374
374
373
373
372
371
371
369
369
365
362
360
359
359
358
358
357
357
356
355
352
352
351
350
348
348
348
348
347
346
345
345
345
343
342
341
339
338
337
336
334
333
331
331
331
330
329
329
328
327
325
322
322
322
321
321
321
320
319
316
316
315
313
313
312
312
312
308
306
304
304
304
303
303
303
303
303
300
298
296
295
295
292
291
291
290
290
290
290
289
288
287
287
287
286
285
285
285
284
284
283
283
278
277
276
276
275
274
274
274
272
271
270
268
268
266
266
266
265
264
264
262
261
259
257
257
256
256
256
253
252
251
250
250
250
249
249
249
248
248
244
243
242
240
238
238
238
236
236
234
234
234
233
232
231
230
228
227
227
227
226
226
226
225
224
223
222
220
216
215
213
212
211
211
211
209
209
208
205
204
202
202
201
201
199
198
197
197
197
196
196
195
194
194
194
193
193
193
193
191
191
189
188
188
187
185
184
183
183
181
181
180
180
179
178
177
176
176
176
174
174
173
171
171
171
170
168
167
166
165
165
165
165
163
162
162
160
160
158
157
156
153
153
152
150
150
150
149
149
149
146
140
139
138
138
137
135
135
135
135
133
133
133
132
130
130
128
126
126
126
126
126
124
123
122
121
120
120
119
119
118
118
117
117
114
114
114
113
112
112
111
110
108
107
107
107
105
104
104
103
103
101
100
100
98
98
97
97
95
95
94
93
91
91
91
90
89
89
89
89
89
88
88
88
87
87
86
86
85
82
82
80
78
78
77
76
76
75
