300
400
319
319
315
314
313
313
313
312
312
311
311
311
309
309
308
308
308
307
307
305
303
301
300
300
298
298
297
296
296
295
294
294
293
291
291
289
286
286
285
284
283
280
280
280
280
279
278
275
273
269
269
268
266
265
265
265
264
264
263
261
261
260
258
255
255
254
254
252
252
250
250
250
250
249
249
248
248
247
247
246
245
244
243
242
241
241
241
240
239
238
237
234
233
227
225
221
220
219
219
217
216
214
213
213
212
212
211
210
210
209
208
207
207
206
205
204
204
204
202
202
200
199
199
199
198
197
197
196
196
195
193
191
190
190
187
186
184
184
183
183
182
181
181
180
180
180
179
177
176
173
173
172
170
170
168
167
167
165
164
164
164
162
160
160
159
159
158
157
154
153
152
150
150
150
150
150
150
149
146
145
143
142
142
142
141
139
139
139
138
137
136
135
135
135
133
132
131
131
131
126
125
124
124
124
122
118
118
116
116
115
115
115
114
114
114
113
112
112
111
110
110
109
109
109
109
109
108
107
107
106
105
104
104
103
98
98
98
97
97
97
96
95
94
94
92
92
91
91
90
89
87
87
85
84
82
82
80
80
79
79
78
77
77
75
74
73
71
68
67
65
65
64
63
63
62
62
61
61
60
60
59
58
58
57
56
56
55
51
51
50
49
46
46
44
44
43
42
41
41
41
