400
1000
698
698
696
696
696
696
695
688
687
687
687
685
683
681
681
680
679
678
676
676
676
673
671
670
670
669
669
669
668
666
664
664
664
662
661
660
658
657
657
657
655
654
654
653
652
652
651
650
649
649
648
646
642
642
641
638
637
636
636
633
631
629
629
627
627
627
626
626
622
618
618
616
614
612
612
611
611
609
608
608
608
606
603
602
600
599
599
599
599
596
595
594
592
591
591
590
588
586
585
584
583
582
580
580
579
578
576
573
573
570
569
567
567
567
566
566
565
565
564
562
559
557
557
557
554
553
553
553
552
550
550
549
548
542
541
540
540
539
537
535
535
530
529
528
527
527
522
521
516
513
513
512
511
510
508
508
507
507
507
505
505
504
501
499
499
497
496
493
493
492
490
488
488
487
485
484
483
482
482
482
481
481
480
477
476
476
474
474
473
472
471
470
469
465
464
464
464
460
459
458
455
452
452
451
450
450
450
449
448
448
447
441
440
439
439
437
436
435
429
429
428
426
426
424
424
424
424
422
422
420
419
417
415
415
414
414
413
413
412
412
411
411
410
402
402
401
400
400
399
397
395
394
392
391
390
389
389
387
387
385
385
384
383
382
382
381
381
379
375
374
371
367
366
366
365
364
364
362
359
358
358
357
356
355
354
353
349
348
346
344
343
342
337
334
334
332
330
326
325
324
324
323
321
320
317
314
313
311
310
309
309
307
305
305
305
304
303
300
298
298
292
289
289
288
287
282
282
281
278
278
277
276
275
275
272
270
268
268
266
264
264
263
261
259
258
258
258
257
255
255
254
254
254
253
253
252
252
251
249
249
248
247
247
247
246
245
244
243
242
241
239
239
238
234
232
232
230
228
226
225
224
224
221
220
218
218
215
215
215
213
212
210
210
210
210
208
204
203
202
201
