200
120
96
96
96
96
95
95
94
94
94
94
94
92
91
90
89
89
89
89
88
88
88
88
87
87
86
86
85
85
85
84
82
82
81
80
80
80
79
79
79
79
78
77
77
77
76
76
76
76
75
75
75
75
74
74
74
74
73
73
73
73
73
72
72
72
71
71
71
71
71
70
70
70
69
69
69
69
67
67
67
66
66
65
64
64
64
64
63
62
62
62
62
61
61
61
61
61
60
60
59
59
59
59
58
58
58
57
56
55
54
53
52
51
51
51
51
51
49
49
49
48
48
46
45
44
44
44
44
43
43
43
43
43
43
42
42
42
42
42
41
41
41
40
40
40
40
40
38
38
37
36
36
36
35
35
34
34
33
32
32
31
31
30
30
29
29
29
27
26
26
26
25
23
23
21
21
21
21
21
20
20
20
19
19
19
19
17
17
16
16
16
16
15
15
15
14
14
14
13
13
12
