200
300
237
235
233
232
232
232
230
229
228
228
228
224
223
223
221
220
219
219
219
218
218
217
216
215
215
215
213
211
211
210
210
208
206
206
205
204
204
201
199
198
197
194
194
189
188
187
187
187
186
186
186
185
184
183
183
179
178
178
177
176
175
175
173
173
173
172
172
171
171
171
170
167
166
165
165
164
164
162
160
160
160
159
159
159
158
158
157
156
156
155
155
155
153
153
153
150
150
148
147
146
144
143
142
142
140
139
137
135
135
134
131
129
128
128
128
127
125
124
122
120
119
119
117
116
116
114
113
113
113
111
110
105
104
104
103
103
101
100
97
97
96
93
93
92
92
91
88
86
86
84
82
82
81
81
79
76
75
74
73
72
71
71
70
70
69
69
68
64
63
61
60
59
59
57
55
51
51
51
51
50
50
50
49
49
48
47
46
43
42
41
41
40
40
39
37
34
34
33
31
30
