750
500
350
350
349
349
349
349
349
349
349
349
348
348
348
347
347
346
346
346
345
344
343
342
342
342
342
342
342
341
340
340
340
340
338
338
338
337
336
336
336
335
334
334
334
334
334
334
333
332
332
332
332
332
332
329
329
329
329
328
328
328
328
328
328
327
327
327
326
326
325
324
323
323
323
323
321
321
321
321
321
318
318
318
318
317
317
317
317
316
316
315
315
315
314
314
314
314
314
314
313
313
313
313
312
311
310
310
310
310
310
309
309
309
309
308
308
307
306
306
306
306
305
305
305
304
304
304
303
303
303
303
301
301
301
300
300
298
298
297
297
297
297
296
296
296
295
295
295
295
293
292
291
290
290
290
289
288
288
288
288
288
287
287
287
287
286
286
285
284
284
284
283
283
282
282
281
281
281
280
280
280
279
277
277
277
276
276
276
276
274
274
274
274
273
273
271
270
270
270
270
270
269
269
269
268
268
268
267
267
267
266
266
265
265
264
264
263
262
262
262
261
261
261
261
261
261
261
260
259
259
259
259
259
258
258
258
258
258
257
256
255
254
254
253
253
253
252
251
251
250
250
249
249
249
248
248
247
247
247
246
246
245
245
244
244
243
241
241
241
241
240
240
240
239
237
237
237
236
236
235
235
235
235
235
234
234
233
233
233
232
232
232
232
232
232
231
231
231
231
229
229
229
229
229
229
229
229
229
227
227
227
227
226
226
226
226
225
224
224
223
222
222
222
221
221
220
220
220
219
219
217
217
215
215
215
214
214
213
213
213
213
212
212
211
211
211
211
209
209
209
209
208
208
208
208
207
207
207
206
206
205
205
205
205
204
203
203
203
202
202
202
202
202
202
201
201
201
201
201
200
200
198
198
197
197
197
196
196
195
195
195
195
195
195
194
194
194
193
193
193
192
192
191
190
190
190
190
190
189
189
188
188
187
187
187
187
185
185
183
183
182
182
181
181
181
179
179
179
179
179
178
177
177
177
176
176
176
175
175
174
174
173
173
171
170
169
169
169
169
168
168
168
168
168
167
167
167
167
165
165
163
163
163
162
162
162
161
161
161
161
161
160
160
160
159
159
159
158
158
157
157
156
155
155
155
155
155
154
153
153
152
151
150
150
149
149
149
148
147
147
147
147
147
146
146
146
146
146
146
146
145
145
145
144
143
143
142
142
141
141
141
140
140
140
139
139
138
138
138
137
137
136
136
135
135
135
134
133
133
133
132
132
131
130
130
130
130
130
129
129
128
128
128
128
128
128
127
127
127
126
126
126
125
125
124
124
124
124
123
123
122
122
122
121
121
120
119
118
118
118
117
117
117
116
116
116
115
115
115
114
114
113
113
113
113
112
112
112
112
111
111
111
110
110
109
108
108
108
108
107
106
106
106
103
103
102
102
101
100
100
99
98
98
98
98
97
97
97
97
97
96
96
96
96
95
94
94
93
93
93
93
92
92
92
92
90
90
90
89
89
88
88
88
88
88
87
87
86
86
86
85
85
85
84
84
84
83
83
81
81
81
79
79
78
78
77
76
76
76
76
76
75
75
75
75
75
74
74
74
74
74
74
73
72
72
72
72
71
70
70
70
70
69
68
68
68
68
67
67
66
65
65
65
65
64
64
64
63
63
63
63
62
62
62
60
60
60
59
59
57
56
56
56
56
55
55
55
55
54
54
53
52
52
52
52
52
51
51
51
50
50
