200
120
96
96
96
95
95
95
94
94
93
93
93
93
93
91
90
90
90
90
89
88
88
87
86
86
86
85
83
83
82
82
81
80
80
80
80
79
79
78
78
78
78
78
78
77
77
77
76
76
75
75
73
73
73
73
72
72
72
71
70
70
70
69
69
68
68
67
66
66
65
65
65
64
64
64
63
63
63
62
62
61
61
61
60
60
60
59
59
59
59
58
57
57
57
56
56
55
54
54
53
53
52
52
51
50
50
50
50
49
49
48
48
48
47
47
47
47
47
47
47
47
46
46
45
45
45
42
42
42
41
41
41
41
40
40
39
39
39
37
37
36
35
35
35
34
34
33
33
33
33
33
33
33
32
31
30
30
30
30
29
29
28
28
28
28
27
27
27
27
26
25
25
24
24
24
24
24
23
23
23
23
22
22
20
20
18
17
17
16
16
15
14
14
13
13
13
13
13
12
12
12
