750
750
600
599
599
598
597
595
594
593
592
591
590
590
590
589
589
587
587
587
587
586
584
584
584
583
582
581
581
579
579
579
578
578
577
575
574
574
574
573
572
572
571
570
569
569
568
567
567
567
566
566
566
566
565
561
561
560
559
559
559
558
558
558
558
557
556
556
556
556
554
554
553
553
552
552
552
550
549
549
549
548
548
547
547
546
546
546
545
545
545
545
544
543
543
543
543
541
541
539
539
538
538
537
537
537
536
536
535
535
533
532
530
530
528
528
527
527
525
524
524
523
523
523
523
522
521
519
518
517
517
516
516
516
516
516
516
515
515
514
514
514
513
511
511
509
509
509
508
508
507
506
505
505
505
505
504
504
502
500
500
500
499
499
498
498
498
497
497
497
497
496
496
496
495
493
493
493
492
492
492
491
489
488
486
486
485
485
485
483
482
482
481
480
480
478
478
478
477
476
475
474
474
473
473
473
472
472
472
472
471
470
468
468
467
467
466
465
465
465
465
464
463
462
462
462
461
460
459
458
458
458
457
457
456
456
455
454
454
454
453
453
453
453
452
452
452
452
451
451
451
450
449
449
448
448
448
447
447
446
445
444
444
444
443
442
441
439
439
439
439
439
438
438
437
436
436
435
435
435
435
435
433
433
432
430
430
430
430
430
429
429
428
428
428
427
427
426
426
425
425
425
425
425
424
424
424
424
423
423
422
422
421
420
419
419
419
418
417
417
417
417
416
416
414
414
413
412
411
410
410
409
409
407
407
406
406
406
405
405
405
404
403
403
400
400
400
398
396
395
395
394
394
393
393
393
392
392
391
391
390
389
389
388
387
387
387
384
384
383
381
380
380
380
377
376
376
376
376
376
374
373
373
373
372
372
372
372
370
370
369
368
368
367
367
366
366
366
365
365
365
364
363
361
361
360
360
360
358
358
357
357
357
355
355
353
352
351
351
350
349
349
348
347
347
347
347
346
346
344
344
344
343
343
342
340
338
338
337
337
336
336
335
334
334
334
334
333
332
332
331
331
329
328
328
327
326
325
325
324
324
323
323
323
321
318
318
318
318
318
318
316
316
316
316
316
315
315
315
315
314
314
314
314
314
314
314
312
311
310
309
308
308
308
308
307
307
307
306
306
306
305
305
305
304
304
303
303
301
301
300
300
300
299
299
299
298
298
298
297
297
297
297
296
296
294
292
291
290
289
289
288
288
288
288
283
283
283
282
281
281
281
281
280
279
279
277
276
276
276
276
274
272
272
270
270
269
268
267
267
267
266
265
265
264
263
263
263
262
262
261
261
260
260
260
259
257
256
254
254
254
253
253
252
252
252
252
251
251
251
250
250
249
249
248
247
247
247
246
246
245
245
243
242
242
241
240
240
240
239
239
239
239
237
236
235
235
234
234
233
233
233
231
229
228
228
228
226
226
225
224
223
223
223
222
222
220
219
219
217
216
215
215
215
215
214
214
213
213
211
211
210
209
209
208
208
208
207
207
207
207
206
206
205
205
205
205
204
204
203
202
202
201
201
200
200
200
200
199
197
197
197
197
195
194
194
194
193
192
192
190
189
188
188
187
187
186
186
186
185
184
182
181
179
179
178
178
178
178
177
177
177
176
176
176
175
175
175
175
172
171
170
169
167
164
163
163
163
163
161
161
161
161
161
159
158
158
158
157
157
156
156
155
155
154
154
153
151
151
150
150
150
