1000
750
600
600
598
597
596
596
595
594
593
593
592
592
590
590
590
590
590
589
589
589
589
588
588
588
587
587
586
584
583
582
582
582
582
581
581
581
580
579
579
579
579
578
578
577
576
576
576
575
575
575
574
574
573
573
573
572
571
570
569
569
568
568
568
568
568
568
567
566
565
564
563
562
562
562
562
562
561
560
560
560
559
558
557
556
556
555
555
554
554
553
553
553
553
553
552
552
552
550
548
548
546
546
544
544
543
542
541
540
540
538
538
537
536
536
536
535
534
533
533
532
532
531
531
530
530
528
527
527
527
526
526
526
526
525
525
524
523
523
523
522
522
522
522
522
522
522
521
521
521
521
520
520
519
519
519
519
519
518
517
517
517
517
517
516
515
515
514
514
513
512
512
512
512
511
510
510
509
509
507
507
507
506
506
504
504
503
502
502
501
501
500
500
500
500
499
499
498
498
498
498
497
497
497
497
495
494
494
493
493
493
492
492
492
492
492
491
491
490
490
490
489
489
489
489
489
489
488
488
487
485
485
483
483
483
483
482
482
482
482
482
481
481
480
480
479
479
479
479
479
478
478
478
477
477
477
476
476
476
476
475
475
475
475
474
474
473
473
473
473
472
471
471
471
471
470
470
469
469
469
468
468
467
467
465
465
465
465
465
465
464
464
464
463
463
463
462
462
461
461
461
461
460
459
459
459
458
458
458
456
456
455
454
454
453
449
448
448
448
448
447
446
446
446
445
445
443
443
443
442
442
442
441
441
441
441
440
440
440
440
439
439
439
439
439
439
438
438
437
436
436
435
434
433
433
433
433
432
432
431
431
431
430
430
430
430
429
429
429
429
429
428
426
426
425
424
424
422
422
422
421
421
420
420
420
420
419
419
419
418
418
417
417
417
417
415
415
414
413
413
412
412
411
411
410
410
410
410
409
409
408
408
408
407
407
407
406
406
405
405
405
405
404
403
403
403
403
402
402
402
400
399
399
399
399
398
398
398
398
398
397
397
397
397
396
395
395
395
394
394
393
393
393
392
392
391
390
389
389
389
388
388
388
388
388
388
388
387
387
387
385
385
384
384
384
383
383
382
382
382
382
381
381
380
380
379
379
379
379
378
377
377
377
377
377
376
376
375
374
373
373
372
372
371
371
370
370
370
369
368
367
367
366
366
365
365
363
362
362
362
360
360
360
359
359
359
357
356
356
356
356
355
355
355
354
354
354
354
353
353
353
352
352
352
351
351
351
350
350
349
349
349
348
348
348
348
347
346
346
346
345
344
344
343
343
343
343
342
342
342
341
341
341
340
339
339
339
339
339
339
338
337
337
336
336
336
336
335
335
334
334
334
334
334
334
333
333
333
331
331
331
330
329
329
328
328
327
327
326
326
325
325
324
324
324
324
324
321
321
321
320
320
320
319
319
319
318
318
318
317
317
316
316
315
315
315
314
314
313
312
312
311
310
310
310
309
309
308
308
308
308
307
307
307
307
304
304
303
303
302
302
302
302
301
301
301
301
300
300
299
299
298
298
297
297
296
296
295
295
294
294
293
293
293
293
293
293
291
290
289
289
288
287
286
286
285
285
285
283
283
282
282
281
280
279
279
279
278
278
278
277
277
277
277
276
276
276
276
274
274
274
274
274
274
273
272
271
271
271
269
269
269
269
269
269
269
268
267
267
267
266
266
266
266
266
265
265
265
265
264
264
264
264
263
263
263
262
261
260
259
259
259
258
258
258
257
255
255
254
254
254
253
253
252
252
252
252
252
252
251
250
250
249
249
249
248
247
247
247
246
246
246
246
246
246
245
244
243
243
242
242
242
240
240
240
239
239
239
238
236
236
236
236
236
236
235
235
235
235
235
234
234
234
234
232
231
231
230
230
230
230
230
229
229
228
228
228
228
228
228
227
226
226
225
224
223
222
222
221
221
220
220
220
220
219
219
218
218
217
217
217
217
216
216
215
215
215
214
214
214
212
212
212
212
211
210
210
209
209
209
209
208
208
207
207
207
207
206
206
205
205
204
203
202
202
202
200
199
199
199
198
198
198
197
197
196
195
195
195
194
194
193
192
192
192
191
191
191
191
190
189
189
189
188
188
187
187
187
186
185
184
184
184
184
184
182
182
182
181
181
180
180
180
180
179
179
179
179
178
178
177
177
177
176
175
175
174
173
173
173
173
172
172
171
171
170
170
170
169
169
169
168
168
167
167
165
165
165
164
163
163
163
162
162
161
160
160
159
159
156
155
154
153
152
152
151
151
151
151
150
150
