400
500
350
348
348
347
347
346
345
342
341
341
341
340
340
340
340
340
339
339
337
337
336
336
336
335
335
335
335
335
335
334
333
333
333
332
332
331
330
330
328
326
326
326
325
325
325
324
324
323
323
323
322
322
321
320
320
318
318
317
316
316
315
314
314
313
313
312
310
309
309
309
309
308
307
307
305
304
304
304
304
303
303
303
300
299
299
299
298
297
296
295
294
294
293
293
292
292
292
291
290
287
287
287
285
284
284
284
283
282
282
282
282
280
279
278
278
278
277
277
276
275
275
274
274
273
272
271
270
268
267
266
266
265
265
263
263
262
262
261
261
260
260
260
260
260
259
258
258
258
254
253
252
252
251
250
249
249
248
248
247
246
246
245
245
245
244
244
242
241
241
241
239
239
238
237
237
236
236
236
233
232
232
232
232
232
231
231
230
230
230
229
228
227
227
226
225
225
225
224
223
222
222
222
221
220
219
218
216
215
215
215
214
213
213
213
212
212
212
212
211
210
210
210
209
209
208
208
207
207
206
205
205
204
203
203
203
203
202
202
201
201
198
198
197
197
196
195
195
195
194
194
193
193
192
192
191
191
190
190
189
189
188
188
186
186
185
185
185
184
183
182
182
182
181
181
180
180
179
179
179
178
178
178
177
177
176
176
176
175
174
173
172
172
171
171
171
169
168
168
166
165
164
164
163
163
162
162
160
160
160
160
159
159
159
159
159
158
158
157
156
155
155
155
154
153
152
149
148
147
147
147
145
145
145
142
141
141
141
140
139
139
138
136
131
128
128
127
127
127
127
126
125
124
123
122
122
122
122
121
121
121
119
119
118
118
118
117
116
116
116
116
115
115
115
115
114
112
112
110
109
109
108
107
107
107
107
107
105
105
104
104
104
103
103
101
101
101
101
100
100
100
