500
500
400
399
399
399
398
398
397
396
396
395
394
394
394
394
394
393
393
393
391
391
391
390
390
388
388
387
386
386
384
383
382
382
381
381
381
380
377
376
375
375
374
374
373
373
373
373
372
371
371
371
370
370
369
369
369
369
369
369
368
368
368
368
366
365
365
363
363
363
362
362
361
360
359
358
358
358
356
355
354
352
352
352
352
352
352
351
351
351
351
351
350
350
349
348
347
347
346
346
346
346
345
345
344
344
342
342
342
341
339
339
339
338
337
337
337
337
336
335
335
334
333
333
332
332
331
331
330
330
329
329
328
328
328
328
327
327
327
325
324
324
323
321
321
319
319
318
318
318
318
317
317
317
317
316
316
314
314
314
313
313
313
312
312
310
310
310
308
308
307
307
307
307
307
306
306
306
305
303
302
302
302
302
301
300
299
299
299
297
297
295
294
294
294
292
291
291
291
290
289
289
289
289
288
288
287
286
286
285
283
283
281
280
280
279
278
278
278
277
276
276
276
276
275
275
274
274
273
273
271
271
271
270
269
268
267
267
265
265
265
264
264
262
262
262
261
261
260
259
258
258
258
257
256
256
255
255
254
254
254
254
252
251
250
250
250
248
247
244
243
243
243
243
240
238
238
236
236
235
234
234
233
227
227
226
225
224
223
223
223
222
221
221
220
219
218
217
216
216
215
215
214
214
213
213
213
213
212
212
211
209
209
208
208
207
207
207
207
206
206
205
205
203
203
202
202
201
200
199
197
197
197
197
196
194
194
193
192
191
190
190
190
189
189
189
188
187
187
187
186
186
186
185
184
184
182
181
181
181
181
179
178
178
177
177
176
176
176
176
175
175
175
174
174
173
173
173
173
173
172
171
170
169
169
168
168
168
167
167
167
166
165
165
164
164
164
162
160
159
159
158
158
158
157
157
157
156
155
153
153
153
153
153
152
152
152
151
150
149
148
148
148
147
147
147
146
144
143
143
143
143
141
140
140
139
139
138
136
136
136
134
134
134
134
134
133
133
132
132
132
132
131
131
131
130
129
128
128
126
125
125
125
124
124
123
121
121
121
121
118
117
117
116
116
115
114
114
113
112
112
112
112
112
111
110
109
108
106
106
105
105
105
104
104
103
103
103
102
102
102
101
