300
400
320
319
317
316
313
312
310
309
309
309
309
307
307
306
305
304
302
302
301
301
301
300
300
298
297
297
297
296
295
295
294
292
292
292
291
289
289
289
288
288
287
287
287
286
285
285
284
283
282
282
280
280
280
279
277
277
277
277
276
275
275
273
273
273
272
271
270
270
269
269
269
268
267
267
264
264
263
262
262
262
261
261
260
260
256
254
253
251
250
250
250
249
248
247
246
244
244
241
240
239
239
239
238
238
237
236
236
236
234
233
232
232
230
230
229
228
227
226
224
224
224
223
222
222
222
220
219
219
218
218
217
217
213
212
211
210
208
208
206
206
206
205
205
203
203
202
200
199
198
198
198
197
197
197
196
195
194
192
192
191
191
190
187
186
186
186
186
185
185
184
183
182
181
179
178
178
177
177
176
174
173
172
172
172
171
170
170
170
170
169
168
167
166
164
162
162
159
158
157
156
156
155
154
154
152
151
150
148
147
146
145
145
144
143
141
140
140
139
137
135
134
133
133
132
130
130
129
129
128
124
124
124
123
122
122
121
121
120
119
119
119
119
117
117
116
115
115
114
114
114
112
111
111
110
109
108
108
107
106
105
105
105
105
104
104
103
103
103
102
102
100
99
99
98
97
96
96
95
94
94
93
92
92
92
91
90
90
89
87
87
86
86
85
85
84
81
81
81
80
80
