500
500
400
400
398
398
397
395
395
394
392
391
389
389
389
388
386
386
385
384
384
383
382
382
381
380
380
380
379
377
377
377
376
376
375
374
372
371
369
369
368
367
367
366
365
365
365
364
364
363
362
361
361
361
360
359
358
357
357
356
355
353
353
353
353
352
348
348
347
346
346
346
346
346
345
345
344
344
344
343
342
341
340
340
338
338
337
336
335
335
334
334
333
333
332
331
330
330
329
328
328
328
327
327
327
326
325
325
325
323
323
323
322
322
321
321
320
320
319
319
319
319
319
318
318
315
314
313
312
312
312
312
312
312
311
310
310
310
307
307
307
307
306
305
305
305
304
304
302
301
299
299
299
298
298
298
298
296
296
294
292
292
291
291
291
291
290
290
287
283
283
280
280
280
279
278
277
276
275
275
275
274
273
271
271
270
270
269
268
267
267
266
266
265
264
264
263
263
260
260
259
259
259
258
258
257
256
255
254
252
251
249
249
248
247
247
246
246
244
244
243
243
243
242
241
241
239
238
238
237
234
234
233
233
230
230
229
226
225
219
217
216
215
214
214
213
213
211
211
211
210
209
209
207
206
206
206
205
205
205
205
205
205
204
204
202
201
201
200
200
199
199
199
199
197
197
196
195
195
194
194
193
193
192
192
191
188
188
186
184
184
183
182
182
182
181
181
181
180
179
179
178
178
176
176
176
175
175
174
173
173
173
173
171
171
171
171
170
170
170
170
169
169
168
168
167
167
164
163
163
162
161
161
160
159
158
157
155
155
154
154
153
153
152
150
149
149
148
147
147
146
145
145
145
142
142
141
141
141
140
139
136
136
136
136
136
135
133
133
133
131
130
130
130
129
129
127
127
126
126
125
125
124
124
123
123
121
119
119
117
116
116
116
116
115
114
114
114
114
113
112
112
111
111
111
111
109
108
108
108
107
105
105
105
104
103
103
100
100
100
99
98
96
96
96
96
96
95
95
93
91
91
91
90
90
89
87
86
86
85
84
84
84
83
82
82
81
80
80
80
80
79
79
79
79
79
78
77
77
76
74
74
72
72
71
71
71
70
70
70
69
68
68
67
67
67
65
64
64
64
64
63
63
62
62
61
60
60
58
57
57
56
56
55
54
54
52
51
51
51
51
50
