400
500
350
349
349
348
347
346
343
342
342
342
341
340
339
338
338
337
337
336
336
334
334
334
334
334
333
332
332
332
331
330
329
329
327
327
325
322
321
321
321
320
320
320
320
319
319
316
316
314
314
313
313
313
313
312
312
311
311
311
310
309
309
308
307
307
306
306
305
303
302
301
299
298
297
296
296
296
294
293
293
293
291
291
290
290
289
286
286
286
286
286
284
284
283
281
280
279
278
278
277
276
274
274
273
272
270
268
266
265
264
263
261
260
259
259
259
258
258
257
257
257
256
255
254
253
250
250
249
249
249
249
246
246
246
245
244
243
243
242
242
240
240
240
239
239
238
238
236
236
235
234
234
234
232
232
230
230
229
228
227
227
226
226
223
223
222
221
221
220
219
219
219
219
218
218
218
218
215
215
214
214
213
213
212
212
211
211
211
210
210
209
208
204
204
203
203
202
201
200
200
196
196
195
195
195
193
193
191
190
190
190
190
189
188
187
187
186
185
185
184
183
182
179
178
178
177
176
176
175
175
175
175
174
171
171
171
170
170
168
168
167
166
165
165
165
164
164
164
163
161
161
160
159
159
159
159
159
158
158
158
154
152
151
151
150
150
149
148
148
148
147
147
146
146
144
142
142
142
142
142
141
140
139
139
138
138
138
137
137
136
136
136
135
134
134
133
133
133
133
132
132
132
132
132
132
128
127
124
123
122
121
119
118
116
115
112
111
111
110
110
110
109
109
109
106
106
103
103
102
102
101
101
101
101
101
100
100
100
99
98
97
97
95
93
93
92
92
91
90
88
87
86
86
85
84
81
80
80
78
78
77
76
76
75
74
73
73
72
72
71
71
70
70
68
68
68
66
66
65
64
63
63
62
62
61
61
60
59
57
55
55
54
54
54
54
54
54
52
51
51
51
