500
400
320
320
320
319
319
319
318
317
317
315
313
312
310
309
309
309
308
308
307
306
305
304
303
303
303
303
303
302
302
301
301
301
301
300
300
300
300
299
299
298
298
296
296
295
295
295
294
294
294
293
293
293
292
292
292
292
292
291
291
291
290
289
289
288
288
287
286
286
286
286
285
284
283
283
282
282
282
281
280
280
280
279
278
276
276
276
275
275
275
274
272
272
272
271
267
267
267
266
265
264
264
264
264
264
263
263
263
262
262
261
260
260
260
260
258
258
256
255
255
254
253
252
252
251
251
250
250
250
250
249
249
247
246
246
245
245
245
244
244
244
243
243
243
242
242
241
241
241
239
239
236
236
235
235
235
235
235
234
233
232
232
231
231
231
229
229
229
229
228
228
228
227
227
226
226
225
224
224
224
222
222
220
219
219
218
218
218
218
217
214
213
212
212
212
211
211
210
210
209
209
209
208
207
207
207
206
206
206
204
204
204
203
202
201
200
200
199
197
197
197
197
197
197
195
195
195
194
194
194
193
193
193
192
192
192
192
190
189
189
189
189
189
188
188
186
186
186
185
184
184
184
183
182
180
180
177
177
175
175
174
174
174
174
173
172
172
172
171
171
171
171
170
169
169
169
167
167
167
167
165
165
165
164
164
164
163
163
162
162
162
162
161
161
160
160
159
159
158
158
158
157
157
156
154
154
153
153
153
153
152
151
149
149
147
147
147
145
145
144
144
143
143
143
142
141
141
141
140
140
138
138
137
137
136
136
136
136
135
135
135
134
134
132
132
132
131
131
130
130
129
128
128
128
127
127
125
125
125
124
122
122
120
120
119
119
119
119
119
118
118
118
117
117
116
116
116
116
115
115
115
114
114
114
113
113
113
112
112
112
112
111
111
110
110
109
108
107
107
106
106
105
104
104
103
102
102
101
100
100
100
100
99
98
95
95
94
94
93
93
93
93
92
92
91
91
91
90
88
88
87
87
87
87
85
85
82
81
81
80
78
78
78
77
77
77
76
76
74
73
73
72
71
71
71
71
70
70
69
69
68
68
67
66
66
66
64
63
63
62
61
60
58
57
57
57
56
55
55
55
54
54
53
52
51
50
50
50
50
49
49
47
46
44
43
43
43
42
40
40
40
