300
500
400
398
398
397
395
393
392
391
390
390
390
389
388
388
388
387
387
385
385
385
384
383
382
381
379
377
377
376
371
369
369
368
368
367
366
366
366
366
364
362
362
361
361
358
357
355
354
353
352
352
350
350
348
347
345
345
344
344
343
342
342
341
340
339
338
336
336
336
336
335
334
333
331
331
330
330
330
329
328
327
327
326
325
324
323
323
323
322
322
321
319
317
316
316
315
315
314
313
313
312
311
311
310
310
309
309
308
308
305
305
305
304
301
301
300
297
297
296
296
296
293
291
291
291
288
288
287
287
286
284
284
283
282
281
278
278
277
276
275
272
271
271
270
270
268
267
266
266
263
262
262
261
261
259
258
258
258
256
255
255
255
250
250
248
247
244
244
242
240
239
238
238
238
237
234
234
233
233
233
231
231
230
229
229
229
226
226
222
222
222
219
219
218
218
215
215
215
214
213
213
211
209
208
206
204
204
202
201
201
200
200
200
199
196
196
194
193
191
189
189
187
183
179
178
178
178
176
176
175
173
173
173
171
167
167
166
166
165
165
165
164
163
163
163
163
159
158
157
157
157
156
155
153
152
151
151
149
145
144
144
142
141
140
140
137
135
133
133
133
132
131
130
129
129
127
127
127
122
120
119
119
117
117
112
112
112
110
110
109
108
106
105
105
104
104
104
103
103
102
101
