750
1000
799
798
797
797
796
796
795
795
794
793
793
793
792
791
789
789
788
787
786
785
784
783
781
777
776
776
775
775
774
773
772
772
771
771
770
770
769
769
767
764
763
763
763
763
761
759
759
758
758
757
756
756
755
755
754
753
750
749
748
748
748
747
746
746
746
746
744
744
744
743
742
741
741
741
738
737
737
737
735
732
731
730
729
729
729
728
727
726
724
724
724
723
722
721
721
720
720
719
718
718
716
716
716
716
713
713
713
712
711
711
711
711
711
710
709
709
709
709
709
708
708
708
708
708
705
705
704
704
703
702
702
701
701
701
698
698
698
695
694
694
694
694
693
693
692
692
690
690
689
688
688
687
687
686
686
685
685
684
682
682
681
681
678
677
675
675
675
673
673
672
672
670
669
669
668
666
664
662
662
661
661
660
659
659
658
657
656
654
654
654
654
653
652
649
648
648
646
644
643
642
641
639
639
637
637
637
636
636
634
634
633
633
632
629
627
626
626
622
620
620
618
615
615
613
613
613
613
612
609
609
607
607
606
606
605
604
602
602
602
602
599
599
598
598
597
597
596
595
593
593
592
592
592
590
587
587
585
585
583
583
582
581
579
579
577
576
576
576
576
575
575
573
573
570
569
569
567
567
566
566
566
565
564
562
561
560
560
559
558
558
558
556
555
555
555
553
552
551
550
549
549
547
545
545
544
544
542
542
541
540
538
538
537
537
537
536
535
533
530
529
528
528
528
528
527
527
526
526
526
525
524
524
523
523
522
521
520
520
518
518
517
516
515
515
514
513
513
513
513
512
512
510
510
509
509
509
507
507
505
504
503
502
499
499
498
497
497
496
496
494
494
494
494
492
492
492
490
489
486
484
483
483
482
481
480
479
478
478
477
477
477
476
476
475
475
475
474
474
473
473
473
472
471
471
471
470
468
468
468
468
467
467
466
465
465
464
463
462
462
459
458
458
456
454
454
453
453
452
452
451
450
450
449
448
448
447
446
446
445
445
444
444
444
444
444
444
443
443
441
441
440
440
439
439
438
436
435
435
434
434
433
432
432
431
431
428
427
427
426
425
425
421
420
418
418
415
413
413
413
412
412
412
411
411
410
410
410
409
408
408
407
407
405
404
403
403
402
399
399
398
398
398
395
394
393
393
393
392
392
391
390
389
388
387
387
387
386
385
385
383
382
382
382
379
379
377
376
376
375
375
374
373
371
370
368
363
362
361
360
358
357
356
356
355
355
355
353
352
350
350
350
350
348
348
347
347
346
345
345
344
343
343
341
339
339
337
337
336
335
335
334
332
332
332
331
331
330
329
328
327
327
326
326
325
323
322
321
321
320
318
317
316
315
314
314
313
313
312
311
310
310
310
310
309
309
308
308
307
307
306
305
305
304
303
303
301
299
299
298
298
297
296
296
295
294
294
293
293
292
291
290
288
286
286
286
285
284
283
282
282
279
279
278
278
277
276
274
273
272
272
271
271
270
269
268
267
266
265
262
259
257
256
253
253
252
252
251
250
249
249
248
248
247
247
246
246
246
246
244
243
243
242
242
242
241
241
241
240
239
238
236
235
235
235
233
233
232
232
231
231
230
229
228
227
226
226
225
224
224
224
224
223
223
222
222
222
221
220
219
219
218
217
217
216
216
215
215
215
215
213
212
212
212
211
211
210
210
208
206
205
202
202
202
201
201
201
201
201
200
200
