400
500
399
399
398
398
396
396
394
393
393
390
390
390
389
389
388
388
387
387
387
386
386
383
383
380
379
379
379
378
376
376
375
375
374
373
372
372
371
371
370
369
369
368
366
366
366
366
365
364
361
361
360
360
358
357
357
356
354
354
352
352
352
351
351
351
349
348
347
347
347
345
345
342
340
340
340
339
339
339
338
338
337
336
336
336
336
335
334
334
333
332
330
328
328
327
327
327
325
325
324
324
321
319
318
318
315
313
312
311
311
310
310
307
306
305
305
302
302
302
302
301
300
299
298
298
298
297
297
295
295
295
295
295
292
291
290
290
289
288
288
286
284
283
280
279
279
279
278
278
277
277
275
274
273
273
273
273
269
264
262
261
260
260
259
259
259
259
259
258
258
258
255
255
254
254
254
253
253
252
250
249
248
248
246
246
245
243
242
241
240
240
238
237
237
237
237
235
235
233
233
232
232
232
232
230
229
227
227
226
224
224
223
222
221
219
218
218
218
217
215
215
213
212
209
209
208
205
205
204
204
203
200
199
198
197
197
196
196
196
194
194
193
192
192
192
191
191
187
187
182
181
181
180
180
180
178
177
177
174
174
174
169
169
169
168
168
168
168
168
167
166
166
165
164
164
162
162
159
159
157
156
156
155
153
152
152
151
151
149
149
149
148
146
146
145
145
144
143
143
141
141
141
141
139
138
137
136
135
131
129
127
126
125
124
122
121
120
119
119
118
116
115
115
115
113
112
112
110
110
110
109
109
108
108
107
106
105
105
105
104
100
99
98
96
94
94
93
92
92
91
91
90
90
90
89
88
87
87
86
83
83
83
82
82
82
81
77
76
76
75
74
74
73
72
72
71
70
70
69
69
68
65
64
63
63
63
62
62
61
61
60
59
58
58
55
54
54
51
51
51
50
