500
400
280
280
280
279
279
279
278
277
277
277
277
276
276
276
276
276
275
275
275
275
273
273
272
272
272
271
271
271
270
270
270
270
269
269
269
269
268
267
267
267
266
266
266
262
261
261
260
260
259
259
258
258
258
256
256
256
254
254
254
252
250
250
250
250
249
249
249
248
247
247
247
247
246
246
246
246
246
245
245
244
244
242
241
240
240
240
238
238
237
236
236
236
236
235
235
235
234
231
230
230
230
229
228
227
227
227
226
225
225
224
224
224
223
223
222
222
222
221
221
221
220
220
220
219
218
218
218
217
217
216
216
216
215
215
215
215
214
210
209
209
209
208
207
206
205
205
204
204
203
203
203
202
202
202
201
201
200
200
199
198
198
198
197
197
196
194
194
194
193
193
192
192
191
191
191
189
189
188
188
188
187
186
186
186
186
186
185
185
185
185
184
184
184
183
183
182
181
181
181
181
180
180
180
179
179
178
175
175
175
175
174
174
173
173
172
172
172
171
171
171
170
169
169
168
168
168
167
166
166
166
166
166
165
164
164
164
163
163
163
163
162
162
161
160
159
158
157
157
157
157
157
155
155
154
152
152
151
151
151
149
149
149
149
149
148
148
148
148
148
147
147
147
146
146
145
144
144
144
144
144
143
141
141
141
140
140
140
139
138
137
137
137
136
135
134
133
133
132
132
132
130
130
129
129
128
128
127
127
127
126
125
124
124
124
124
123
123
123
122
122
122
122
122
121
121
120
120
120
120
120
119
119
118
117
117
117
117
117
117
116
115
114
113
113
113
113
112
112
111
111
111
110
109
109
109
108
108
107
107
107
106
106
106
106
106
106
104
101
101
101
101
100
100
99
99
99
99
98
98
97
96
94
94
94
94
93
93
92
92
92
91
91
91
91
90
90
90
90
89
89
89
89
88
87
86
86
86
86
86
85
85
83
82
82
82
82
81
80
79
79
79
79
79
78
78
77
77
76
76
76
76
75
75
75
74
72
72
70
69
69
69
68
68
67
67
67
67
66
66
66
66
66
63
62
61
60
59
58
57
57
56
56
56
56
56
56
55
55
54
54
54
52
52
52
52
51
49
49
49
48
48
47
47
47
45
45
45
44
44
44
43
43
43
42
42
42
41
41
41
41
