200
750
523
523
522
518
518
517
517
517
515
514
513
513
512
512
508
506
506
506
503
503
502
502
500
498
497
496
494
494
494
493
491
489
485
478
478
475
474
473
472
472
470
470
469
469
468
468
466
465
463
462
455
450
448
445
445
442
440
440
437
437
437
429
428
427
424
423
422
421
418
416
416
415
414
413
412
410
409
406
404
403
402
402
401
396
394
393
390
387
385
384
384
383
380
378
375
372
370
369
369
369
368
367
367
352
352
349
347
346
343
343
339
338
337
337
330
329
318
316
315
313
310
308
306
306
305
304
292
291
290
288
286
285
284
284
281
281
279
278
276
276
275
273
272
271
269
268
264
259
258
256
255
254
251
247
247
245
244
243
240
239
235
235
230
228
227
224
223
219
218
218
215
213
212
209
209
207
206
206
200
199
199
197
197
188
185
182
176
174
172
168
167
166
166
164
164
163
160
158
154
152
