400
300
240
239
239
237
237
237
237
236
235
234
233
233
233
233
232
232
231
231
231
230
230
229
229
228
227
226
226
225
224
223
222
222
221
221
220
220
219
219
219
217
217
216
216
215
215
215
215
214
214
214
214
212
212
211
210
210
210
209
208
208
207
207
207
207
206
206
206
205
205
205
204
204
203
203
202
201
201
200
199
199
198
198
197
196
196
195
195
195
194
192
192
192
191
191
191
190
190
190
189
189
189
188
187
187
186
186
186
185
185
184
184
183
183
183
183
182
180
180
179
179
179
179
179
179
179
178
178
178
177
177
177
177
176
176
175
175
175
175
172
171
171
171
170
170
170
170
170
169
169
168
167
167
166
166
166
165
165
164
164
163
163
163
163
162
161
161
161
161
161
161
160
160
160
158
158
158
158
157
157
156
156
156
156
155
154
154
154
153
153
153
152
152
152
152
151
151
151
151
149
148
148
148
147
146
146
146
146
145
144
143
143
142
142
141
141
141
140
140
139
138
138
137
136
136
135
135
134
134
133
132
132
131
130
130
130
129
128
128
128
127
127
127
126
125
125
124
124
124
123
122
121
120
120
119
119
119
118
118
118
117
117
117
116
116
116
116
116
115
114
114
113
112
112
112
111
110
110
110
110
109
109
109
108
108
107
106
106
105
105
105
104
104
104
104
103
103
101
101
101
101
100
100
100
99
98
98
98
97
96
96
95
95
95
95
95
94
94
94
93
93
93
92
92
91
91
90
90
89
89
88
88
88
87
87
87
87
86
86
86
85
83
83
83
82
82
82
82
81
81
80
80
79
79
79
77
77
77
77
76
76
76
75
75
74
74
72
72
71
71
71
70
70
69
69
69
68
67
67
67
65
65
65
64
64
64
64
64
64
63
63
62
62
62
61
61
60
60
60
60
60
