300
1000
700
700
699
691
689
687
685
682
682
679
678
676
675
674
674
671
670
666
665
662
661
660
655
654
653
653
650
649
643
640
640
640
635
633
630
630
630
630
625
625
625
625
624
623
620
619
615
614
614
612
610
608
608
608
607
604
601
601
601
600
597
594
593
588
586
581
581
580
579
578
577
577
573
565
564
564
561
561
560
560
558
556
554
553
552
548
547
544
544
543
543
541
541
541
539
539
537
537
534
533
532
531
530
529
528
528
526
526
524
522
519
517
517
516
514
510
510
509
508
505
497
489
487
483
482
482
480
478
473
472
470
467
465
464
462
462
461
459
459
458
456
453
450
448
447
447
445
445
444
437
436
435
435
434
429
428
426
426
425
423
421
418
415
414
411
410
410
410
408
404
403
399
390
389
388
386
385
385
384
384
383
382
378
376
375
372
370
370
369
363
363
362
362
362
359
359
355
355
353
351
351
350
349
349
347
347
347
343
343
341
339
338
335
335
334
332
331
328
326
325
324
323
321
320
319
317
317
315
314
314
312
308
307
306
306
306
301
300
294
294
293
291
291
291
290
288
283
283
281
281
277
276
275
271
269
267
263
263
260
259
258
258
258
258
257
257
256
255
255
253
251
246
239
235
235
232
230
229
228
226
226
225
225
224
221
221
220
218
216
213
212
211
209
208
208
208
205
204
201
200
