750
750
600
599
598
598
597
597
597
596
596
594
592
590
590
590
589
589
587
587
586
585
583
583
582
582
582
582
581
581
580
580
580
579
577
576
575
575
574
570
570
570
566
566
566
565
565
563
562
562
562
562
562
560
560
560
559
559
557
555
554
554
553
552
551
550
549
549
549
549
549
549
546
546
545
544
542
541
541
541
541
540
540
539
538
538
536
535
533
533
532
532
531
531
530
528
527
527
526
525
525
524
523
523
522
522
522
520
519
518
516
516
516
514
513
512
511
510
509
506
506
505
503
503
503
503
502
501
501
501
500
500
499
498
497
496
496
495
493
492
491
490
490
489
489
489
488
487
487
486
484
484
484
483
482
481
481
480
479
476
476
475
475
474
473
473
472
472
470
470
469
469
468
467
466
464
464
463
463
462
457
455
454
454
453
453
452
452
452
450
449
449
448
448
447
446
446
446
445
445
443
443
443
443
443
442
441
440
439
439
439
438
438
437
437
437
435
434
433
430
428
428
428
427
427
427
427
424
423
423
423
422
422
421
420
419
419
418
416
415
415
414
412
411
411
411
411
410
409
408
408
408
407
407
406
406
406
406
405
405
404
403
403
402
402
401
401
400
397
397
396
396
396
395
395
394
394
394
394
394
393
393
393
392
391
390
389
389
387
387
386
385
384
384
383
383
382
382
382
382
382
381
380
380
379
378
378
377
376
376
376
375
375
374
373
373
373
370
370
368
368
368
367
366
365
365
364
364
363
362
361
361
361
360
358
357
357
357
357
356
355
354
354
353
352
352
352
351
351
351
351
350
349
349
347
345
344
343
343
343
341
341
341
340
340
338
336
335
334
333
333
331
330
330
328
328
327
326
326
325
325
324
324
323
323
321
321
321
321
320
319
319
319
317
317
317
316
314
313
313
313
312
311
311
311
309
308
307
307
307
306
306
306
305
305
304
303
303
301
301
299
298
297
297
296
292
291
291
290
290
290
289
289
287
287
286
285
285
285
284
284
284
283
282
282
282
281
281
281
281
281
281
280
280
278
278
278
277
276
276
275
274
274
273
272
272
271
269
268
268
268
267
264
264
264
263
263
262
261
261
260
260
260
255
255
254
253
253
253
253
252
252
252
251
251
248
248
247
247
245
242
242
242
241
241
240
240
240
239
235
235
234
234
233
233
232
231
230
230
229
225
224
223
223
222
222
221
220
219
219
218
218
218
217
216
215
213
213
212
212
211
211
210
209
209
209
205
205
205
205
204
204
202
201
201
200
200
200
199
199
199
197
196
195
195
195
194
194
193
193
190
189
189
189
188
188
187
187
186
186
186
185
184
184
184
183
182
182
182
182
182
181
180
179
176
176
176
175
173
172
172
172
171
171
170
170
170
169
168
168
168
167
167
166
165
164
164
162
162
160
159
157
157
156
156
156
155
155
155
154
154
154
153
153
152
151
149
149
148
148
148
147
147
147
147
147
146
144
143
141
140
140
138
137
136
136
135
134
134
134
133
132
132
132
131
129
125
125
125
124
124
124
123
123
122
122
122
122
121
120
118
118
117
116
116
115
115
115
115
114
114
113
113
112
110
110
110
108
108
107
106
105
105
104
104
102
101
100
99
99
99
99
98
98
97
97
96
95
95
93
93
92
92
92
91
91
89
89
88
88
87
86
85
85
85
84
84
84
82
81
81
81
80
80
80
80
79
78
78
77
76
76
