500
500
399
399
398
398
398
398
398
398
398
397
397
396
396
391
390
387
386
386
386
386
385
384
384
383
382
381
381
380
380
380
379
379
379
377
377
376
376
375
374
374
374
373
372
371
370
369
369
369
368
368
368
367
366
365
365
364
363
363
363
363
362
362
362
359
359
358
357
357
356
356
356
356
356
355
355
354
354
353
353
353
352
352
351
351
351
350
348
347
347
346
346
345
345
345
344
343
342
342
340
339
339
339
338
337
336
336
335
335
335
334
334
334
330
330
330
329
329
328
328
327
327
327
327
326
325
325
325
325
324
323
321
321
321
320
320
319
319
319
318
318
317
317
317
315
315
313
312
312
311
310
310
310
309
308
307
307
307
306
306
304
304
304
302
302
301
301
301
301
300
300
300
300
299
299
298
298
297
297
296
296
296
295
295
295
294
294
294
293
293
292
292
291
290
290
289
289
289
288
288
286
286
284
284
283
283
282
282
281
281
280
279
278
276
276
276
274
273
272
272
272
272
271
270
268
268
268
267
267
267
266
264
264
263
263
263
261
261
260
260
258
258
257
256
253
252
251
251
250
249
247
245
244
242
241
241
240
240
240
239
238
237
237
236
236
236
235
234
234
234
233
232
232
231
231
230
229
228
228
227
227
226
226
225
225
223
222
221
221
220
220
220
220
219
218
217
217
217
216
216
215
215
213
213
213
213
212
211
210
208
207
207
207
206
206
206
205
204
203
203
202
202
202
201
201
200
198
197
197
196
195
194
194
194
193
193
193
193
192
192
192
192
192
191
190
188
187
186
185
184
183
183
183
183
182
182
179
179
179
178
178
177
176
175
175
174
174
173
172
171
171
170
170
170
170
169
169
169
168
168
167
167
166
166
166
165
165
164
164
163
162
162
162
160
159
158
157
157
156
155
155
155
155
154
153
151
151
151
150
149
148
147
146
146
145
145
145
144
144
143
142
142
142
141
140
140
139
139
138
138
136
134
133
133
133
133
132
132
130
130
129
128
128
128
128
128
127
127
127
127
127
127
125
124
124
124
123
123
122
122
120
120
120
120
120
118
118
118
117
117
115
114
114
113
113
113
112
111
110
109
109
109
109
108
107
106
106
105
105
104
104
102
102
102
101
101
101
100
100
100
100
