200
300
240
239
236
236
235
235
233
233
232
229
224
223
222
221
220
219
218
218
217
217
215
212
211
210
209
208
208
208
207
207
207
207
206
205
205
204
203
202
202
200
200
200
200
199
197
196
196
195
194
192
192
189
186
186
185
183
182
182
180
177
174
174
174
172
170
169
168
166
165
165
164
163
161
160
159
158
157
155
154
153
153
152
150
150
149
149
148
148
144
144
143
143
141
138
137
136
135
135
134
134
134
133
132
131
129
128
127
126
126
123
123
123
121
120
119
119
118
118
117
116
115
113
113
112
110
109
106
105
105
104
104
101
101
99
99
98
97
96
96
93
92
91
90
89
88
87
85
85
83
83
82
81
81
80
79
79
74
73
72
72
71
70
69
68
68
66
65
63
62
61
61
60
60
58
56
56
55
55
54
51
51
50
50
46
46
46
45
45
44
43
43
41
40
40
37
37
36
35
32
30
