500
1000
700
699
697
697
695
695
693
693
692
691
690
686
685
682
681
681
681
680
679
677
676
675
672
672
671
668
667
665
663
661
660
660
660
658
658
658
657
656
655
655
655
654
654
653
653
648
648
648
647
646
645
644
644
643
640
640
639
639
639
639
637
636
635
633
633
633
632
632
632
631
631
630
629
629
628
627
625
625
624
623
623
623
621
621
620
619
619
618
617
617
616
616
616
614
613
612
611
611
609
608
607
607
606
604
604
603
603
602
602
602
600
598
598
598
598
597
597
596
596
595
593
591
591
591
589
588
586
585
584
581
581
580
578
578
576
576
574
574
573
571
569
569
568
567
566
566
565
565
563
563
561
556
553
553
547
542
542
542
541
538
537
537
537
536
534
533
533
533
531
528
526
524
522
521
521
520
519
517
517
517
515
515
515
514
514
512
511
510
507
507
503
503
503
502
502
501
499
498
495
495
490
489
488
487
487
483
481
479
478
477
475
474
473
473
473
473
470
469
467
466
465
463
463
462
461
460
458
458
457
454
454
453
453
452
452
452
449
445
445
444
442
441
441
441
440
440
440
439
438
437
437
435
434
433
433
432
430
428
427
426
426
425
424
423
423
423
421
420
420
418
415
414
414
412
411
411
410
410
410
408
408
407
407
407
403
403
402
400
400
399
398
397
397
397
393
393
392
392
392
391
390
390
389
389
388
384
383
382
380
379
378
377
376
376
376
376
374
374
374
371
370
370
370
369
369
369
368
367
367
365
365
364
364
363
363
361
360
358
358
355
354
352
352
351
350
349
348
348
344
343
342
342
341
341
338
335
335
334
332
332
331
331
329
328
328
325
325
325
325
323
323
321
321
320
319
318
318
316
315
313
313
311
310
310
309
307
306
302
301
301
300
300
298
297
297
295
293
293
292
292
292
292
291
291
289
289
288
288
287
287
286
284
283
281
278
278
275
274
274
273
273
272
267
267
267
266
266
266
262
261
260
258
257
257
256
255
255
254
254
250
248
247
246
246
246
245
245
245
242
240
240
240
240
238
237
237
236
235
235
234
234
232
230
230
229
229
228
226
225
225
225
224
224
223
222
218
218
218
218
215
215
214
213
213
213
212
211
210
209
209
207
206
205
203
203
203
202
201
201
200
