500
1000
700
700
698
697
696
692
690
690
688
688
687
687
685
685
684
684
684
683
683
683
682
680
677
676
676
675
674
673
672
672
671
670
669
668
665
665
664
661
659
656
654
653
652
650
650
650
650
650
649
647
646
645
645
644
642
639
638
638
634
631
631
629
627
625
625
625
625
623
623
619
618
616
614
614
613
612
608
606
605
605
604
604
604
604
602
602
598
594
594
593
593
593
592
589
589
588
584
584
583
580
578
577
576
576
575
568
567
566
565
565
564
563
563
561
559
557
557
557
556
556
555
554
550
550
550
548
545
544
543
542
541
540
540
533
532
529
529
529
526
526
523
523
521
520
520
520
520
518
514
514
513
509
509
507
506
504
500
499
497
495
495
493
493
490
490
489
489
489
487
482
480
480
480
480
479
476
476
474
474
474
471
469
468
468
467
466
466
458
456
455
455
454
454
454
453
451
451
450
449
447
446
445
443
442
442
441
440
440
439
439
438
437
434
434
432
431
431
427
427
424
423
421
421
420
419
418
418
417
417
410
409
408
408
407
407
404
404
401
400
399
398
398
397
397
395
395
391
389
389
388
387
385
384
383
382
381
381
380
379
378
377
374
374
373
373
371
370
369
368
367
367
366
365
364
364
364
364
363
358
353
353
353
352
352
349
349
347
346
345
344
342
342
341
341
340
338
338
337
336
335
335
334
330
330
327
324
321
321
321
319
319
316
316
315
313
308
306
305
303
300
300
298
297
296
296
296
294
294
292
292
291
289
288
288
286
286
286
285
284
284
283
281
280
280
278
278
278
276
276
274
273
273
272
272
271
271
271
270
270
270
269
269
265
265
264
263
257
256
256
256
255
254
254
253
252
251
250
250
247
246
246
245
243
242
242
241
241
240
240
240
240
236
236
235
232
231
230
229
229
227
225
222
222
218
217
215
215
212
212
212
210
207
205
205
204
204
203
201
200
197
194
193
192
191
191
191
189
189
189
188
184
179
178
178
177
175
174
171
171
167
166
165
164
164
163
163
163
162
161
159
153
149
146
146
146
145
145
145
142
140
140
140
136
136
134
131
131
131
129
128
128
124
123
122
121
121
120
119
118
117
117
116
116
115
113
113
113
112
109
109
108
107
106
105
105
105
104
103
101
101
