500
500
350
350
349
349
349
349
348
348
348
348
347
346
345
345
345
344
343
343
342
342
342
341
341
340
340
340
337
337
337
337
336
335
334
334
334
333
331
331
331
330
329
328
328
327
327
327
326
326
325
324
324
324
323
323
321
321
321
319
319
319
318
317
317
317
317
317
316
316
316
316
314
314
314
314
313
313
310
310
309
309
309
309
308
308
308
308
307
307
307
307
307
306
306
305
305
304
303
303
302
302
302
302
301
300
299
298
297
297
296
295
295
295
294
294
293
292
292
291
291
291
290
290
289
289
289
289
288
288
287
287
287
286
286
285
284
283
282
282
280
280
279
278
278
278
277
276
276
276
276
275
275
274
274
274
274
273
273
273
272
271
271
271
271
269
269
268
268
268
268
268
267
267
267
266
266
265
265
265
264
264
263
263
263
263
262
261
261
260
259
259
258
258
257
257
257
256
256
256
255
255
254
254
253
253
252
252
252
251
251
250
250
249
249
249
249
248
248
247
246
246
245
245
242
242
241
241
241
240
240
238
238
237
237
235
235
234
233
232
231
231
231
230
229
229
229
228
228
227
227
226
225
224
224
224
224
223
223
222
222
221
221
221
219
219
218
218
217
217
217
217
216
216
216
216
215
214
214
213
213
213
212
212
211
211
211
211
210
210
209
209
208
208
207
207
206
206
206
205
205
204
204
204
204
202
202
202
201
201
201
199
199
198
198
198
197
197
196
195
195
194
194
194
193
193
191
191
191
190
190
187
187
187
187
187
187
186
186
184
184
183
182
181
181
180
180
180
178
178
178
177
177
177
176
175
175
174
174
173
173
172
172
172
171
171
171
171
170
170
170
170
169
168
167
167
167
166
166
166
165
163
163
163
163
162
161
160
159
159
158
157
157
157
156
156
155
154
153
153
153
152
151
151
151
150
150
150
149
149
148
147
147
146
146
146
145
145
145
145
144
144
144
143
143
142
141
141
138
138
137
136
135
135
135
135
134
134
133
133
133
132
132
132
132
131
131
131
130
130
130
129
128
128
127
127
127
124
124
122
122
121
120
118
117
116
115
115
115
114
113
113
113
111
111
111
111
110
110
110
110
110
109
108
106
106
106
105
105
103
103
103
103
102
102
102
101
101
101
100
100
100
