200
200
140
140
140
140
139
138
137
137
137
136
135
133
133
133
133
132
130
129
129
129
128
128
127
127
126
126
125
125
123
122
122
122
122
121
121
120
120
119
119
119
119
118
118
118
117
117
117
117
117
117
116
115
114
114
113
113
112
112
112
111
111
111
110
109
109
108
108
108
107
106
105
105
104
104
103
103
101
100
99
99
99
99
98
98
97
97
97
96
96
96
96
96
96
95
94
92
92
91
90
88
88
87
86
86
86
86
86
85
85
84
84
84
84
83
83
83
83
82
81
80
80
80
80
79
79
78
77
77
76
76
76
74
73
73
71
71
71
71
69
69
69
68
68
68
68
68
67
66
66
65
65
64
64
62
62
61
61
60
60
60
59
58
58
57
57
56
56
56
55
53
53
52
52
51
50
48
48
47
47
47
46
46
45
45
45
45
44
44
44
44
44
43
43
43
42
42
41
41
41
40
