400
400
319
319
318
317
315
315
314
313
313
312
312
311
311
310
310
309
309
307
307
306
306
303
303
303
303
302
301
300
300
299
297
296
295
295
295
294
291
291
290
289
289
288
287
286
286
283
281
279
279
279
278
278
277
277
277
277
276
276
276
275
275
273
273
273
272
272
271
271
271
270
270
269
267
267
267
266
266
262
262
261
260
260
260
260
258
258
258
255
254
254
254
252
252
252
251
251
250
250
249
248
247
247
247
244
244
243
243
242
241
239
239
237
235
235
233
233
233
231
230
230
229
228
228
227
227
226
225
225
225
225
223
222
222
221
220
220
220
219
219
218
217
216
216
215
213
212
211
211
210
210
209
209
208
208
205
204
203
202
201
201
200
200
198
198
196
194
193
193
193
193
192
192
192
192
189
188
187
186
185
185
184
184
183
183
183
183
183
182
180
178
176
176
175
175
174
174
174
173
173
172
172
170
170
169
168
167
166
165
165
165
164
162
161
160
159
158
158
157
156
155
155
155
155
155
155
153
152
151
151
151
150
150
150
148
147
147
146
146
145
143
142
142
141
141
141
141
140
140
139
139
137
137
137
137
137
136
136
135
134
134
134
134
133
132
132
130
130
129
127
126
125
125
124
123
122
122
122
122
121
120
119
117
117
116
116
116
115
114
112
112
107
106
106
105
104
104
104
103
102
102
101
101
100
100
100
99
99
98
98
97
97
96
96
95
95
94
94
94
93
93
93
92
92
90
89
89
89
89
87
87
87
86
86
85
83
83
82
82
82
82
82
81
81
80
80
80
76
75
74
74
74
73
71
70
70
69
68
68
68
63
63
63
63
62
62
61
59
56
56
55
55
55
53
53
53
52
51
50
50
50
49
48
47
47
47
47
47
46
45
45
45
44
43
42
42
42
42
41
41
40
