750
750
524
524
524
523
522
521
521
520
520
519
519
519
519
517
516
515
515
514
514
513
513
512
511
511
510
509
509
509
509
508
508
507
507
506
506
505
505
505
505
503
502
502
501
501
500
499
499
498
497
496
496
494
493
493
492
491
491
491
491
491
490
489
489
489
488
488
488
487
486
486
486
485
484
484
484
483
482
482
482
482
482
481
481
480
480
480
479
479
479
478
477
476
476
475
474
474
474
473
473
472
472
471
471
471
470
470
470
469
469
467
467
467
467
467
466
466
466
466
466
466
465
464
464
464
462
462
462
460
460
460
459
459
459
458
457
457
456
455
454
454
453
453
452
451
450
450
450
450
450
449
449
448
447
447
447
446
445
445
445
445
443
443
442
441
440
440
440
439
438
437
437
435
431
431
430
430
429
429
429
429
428
427
427
426
426
426
426
425
425
425
425
424
424
423
423
422
420
420
419
419
419
419
418
417
416
415
415
414
414
414
413
413
413
413
413
412
412
412
412
411
411
410
410
408
408
408
408
408
408
407
407
405
405
405
402
401
401
400
399
398
397
396
395
394
392
392
392
392
391
390
390
390
389
389
388
387
386
385
385
385
385
384
384
383
383
383
382
381
381
381
380
380
379
378
377
377
376
375
374
374
374
373
373
373
373
371
370
369
369
369
369
369
367
367
365
365
365
364
364
363
362
362
362
361
361
361
361
360
360
359
359
357
356
355
354
354
354
354
354
354
354
353
352
352
352
351
349
348
348
348
348
347
347
346
346
345
344
343
341
341
340
340
339
339
338
337
337
337
335
334
333
332
332
331
331
329
328
327
326
326
323
323
323
323
322
322
321
321
320
320
319
319
318
316
316
315
315
315
314
312
311
311
310
309
309
308
308
308
306
305
304
304
304
304
303
302
302
302
301
301
299
296
295
295
295
294
293
292
291
291
291
291
291
290
290
290
290
289
288
288
287
287
285
284
284
280
280
279
279
279
278
277
277
276
273
273
273
271
271
270
270
269
268
268
267
267
267
267
266
266
265
264
264
263
263
263
262
262
262
261
260
260
259
259
258
257
257
256
256
256
256
256
255
255
254
253
252
250
250
249
248
247
247
247
246
246
245
244
244
244
243
243
241
240
240
240
240
239
238
238
238
237
236
235
235
233
233
232
232
231
231
230
230
230
229
229
228
228
228
226
225
224
222
219
219
219
217
217
217
217
217
216
216
215
215
214
214
213
213
209
208
207
207
207
206
205
205
204
204
204
204
202
201
201
201
201
200
198
197
195
193
192
192
192
191
191
189
189
188
187
186
184
184
183
183
183
182
182
182
182
181
181
181
181
181
180
179
178
178
177
177
176
176
176
175
175
175
175
172
170
170
170
169
168
168
167
167
167
167
166
166
165
164
164
163
163
162
162
161
158
158
157
157
156
155
154
154
154
153
153
152
152
152
151
151
151
150
149
149
149
148
147
147
146
145
145
144
144
143
142
142
141
140
140
139
138
137
137
136
136
135
133
133
133
133
132
131
129
129
129
129
128
128
127
125
125
125
124
123
122
122
121
121
121
120
120
120
120
119
119
118
118
117
116
116
115
114
113
113
112
112
112
112
111
110
110
108
107
107
107
106
104
104
101
101
100
100
99
99
98
96
96
96
95
94
94
93
91
91
90
88
88
86
86
86
85
84
83
82
81
81
80
80
78
77
77
77
76
75
75
