1000
750
600
600
600
599
599
598
598
598
597
597
596
596
596
596
596
596
595
595
595
594
594
593
593
593
592
591
591
591
590
590
590
590
589
589
588
588
587
587
586
586
586
585
585
584
583
583
583
583
581
581
580
579
579
579
579
578
578
578
577
576
576
576
574
573
573
573
571
571
570
570
570
569
569
569
568
567
567
566
566
566
565
564
564
564
563
563
562
562
562
562
561
561
561
560
559
559
558
558
557
557
557
557
556
556
556
555
554
554
554
553
552
551
551
550
550
550
550
549
549
548
548
548
548
547
547
547
547
546
546
546
545
545
545
545
544
544
543
542
542
541
541
540
540
540
539
539
538
537
537
536
536
536
536
535
535
535
535
534
534
533
533
533
532
532
531
531
530
530
528
528
528
527
527
527
527
527
527
526
526
526
525
525
525
525
525
525
525
525
524
523
523
522
522
522
522
521
521
520
520
519
519
518
518
517
515
515
515
514
514
514
513
513
513
513
512
512
512
512
511
510
510
509
509
508
508
508
508
508
507
506
506
506
505
505
504
504
503
502
502
502
500
499
498
498
498
498
496
495
495
495
495
494
494
494
494
494
492
492
492
492
491
491
491
491
490
490
490
490
489
488
488
487
487
486
486
485
485
485
485
485
485
485
484
483
482
482
482
480
480
480
480
479
479
479
478
477
476
476
476
476
475
475
474
474
473
473
473
473
472
472
471
470
470
469
469
468
468
467
465
465
465
465
465
464
464
464
463
463
463
462
462
462
461
460
459
456
456
455
455
455
454
454
454
454
453
452
452
452
450
449
447
446
446
445
444
444
444
444
444
444
444
443
443
442
442
442
442
441
439
439
438
438
437
436
436
433
433
432
431
431
429
429
429
428
428
428
428
428
427
427
427
427
427
425
425
424
424
424
423
423
423
422
422
422
422
421
420
419
419
419
418
418
417
417
417
416
416
416
416
416
415
415
415
415
414
413
411
411
410
409
409
407
407
406
406
406
406
406
405
405
405
404
404
404
403
403
403
403
402
402
402
401
401
401
401
401
400
400
400
400
400
400
399
399
399
398
397
396
396
396
395
395
395
395
394
394
391
391
391
391
391
391
390
389
389
389
389
388
388
387
387
386
385
385
382
382
382
381
381
380
380
380
379
379
379
378
378
377
376
376
376
376
376
375
374
374
373
372
372
372
371
370
370
369
369
369
368
368
368
367
366
366
366
366
365
364
364
364
364
364
363
363
362
362
361
361
360
360
359
359
358
358
357
357
357
356
356
356
355
354
354
352
352
352
352
351
351
350
349
348
347
347
347
345
345
345
344
343
343
342
342
342
342
342
342
341
341
339
339
338
337
336
336
336
336
336
335
334
333
333
333
333
333
332
332
332
332
331
330
330
330
329
328
328
328
328
327
327
327
326
326
325
325
325
324
323
322
322
321
321
321
320
320
320
319
319
318
317
316
316
316
316
315
315
314
313
313
313
313
313
313
312
312
312
311
311
311
310
310
310
309
309
308
308
308
307
306
305
305
305
304
304
304
303
303
303
303
302
302
301
300
300
299
299
298
298
298
297
296
295
295
295
294
294
294
294
294
293
293
293
293
293
293
293
292
290
289
289
288
288
288
287
287
287
287
286
286
285
285
284
283
283
282
282
282
282
279
279
279
279
279
279
278
278
276
276
275
275
275
275
273
273
273
273
273
272
272
272
270
269
269
269
269
268
268
267
266
265
265
265
264
264
263
263
263
262
262
262
262
261
261
261
260
260
260
260
260
260
259
259
259
257
257
257
257
257
257
256
256
255
255
254
254
253
253
253
251
251
251
250
249
249
249
249
249
248
247
247
246
246
245
244
243
242
242
242
242
241
241
241
240
240
240
239
239
238
237
237
236
235
234
234
234
234
234
233
233
233
233
232
232
232
231
231
229
228
228
227
227
226
225
225
224
224
223
223
223
223
223
223
222
222
221
221
221
220
220
220
219
219
219
219
217
217
217
216
216
215
215
215
214
214
213
213
213
213
212
211
211
210
210
209
209
208
207
207
207
207
206
205
205
205
204
203
203
202
202
202
201
201
201
200
200
200
200
199
199
199
197
197
196
195
195
195
194
194
194
193
193
192
192
192
190
189
188
188
187
186
186
186
186
186
184
184
184
183
183
183
183
182
181
179
179
179
178
178
177
177
176
176
176
175
175
175
174
172
171
171
171
170
170
170
169
169
169
169
164
162
162
162
161
160
160
160
158
158
157
157
156
156
155
155
155
154
154
154
152
151
150
150
