300
500
350
350
348
348
347
347
347
346
344
344
344
343
342
341
340
340
340
340
340
339
339
338
338
337
336
336
335
334
332
332
329
329
328
327
327
326
325
325
324
323
321
320
318
318
317
317
317
316
316
314
313
313
312
311
311
310
308
304
304
303
303
303
303
301
301
301
300
300
300
300
299
298
296
296
295
291
291
287
287
286
285
285
284
283
281
278
278
278
278
277
277
277
277
274
274
273
272
270
270
270
269
267
265
265
264
264
263
262
261
260
260
259
259
257
257
257
256
256
255
254
253
252
252
251
251
251
250
249
249
249
248
247
245
244
244
244
241
240
239
238
238
237
236
235
231
230
229
228
227
227
227
226
226
224
223
223
222
222
220
219
219
219
217
216
216
215
215
214
212
212
211
211
210
210
207
206
205
205
204
203
201
201
200
200
200
199
199
199
198
198
197
197
196
196
196
195
194
194
193
193
193
192
191
190
190
189
189
188
184
183
183
181
181
180
180
178
178
177
176
176
175
173
172
171
170
168
167
166
165
163
162
161
159
158
157
157
157
157
156
154
154
153
152
150
149
149
148
147
147
146
145
144
144
140
139
139
139
139
139
138
138
138
138
138
135
134
133
132
130
130
129
128
127
127
126
126
125
124
124
122
121
121
120
120
118
117
114
113
110
108
106
105
105
103
102
101
101
100
100
100
