200
400
280
278
278
276
275
274
273
273
272
270
268
266
266
264
263
262
260
260
259
258
257
255
254
253
250
249
248
248
245
244
238
235
235
234
234
232
231
230
227
223
223
222
221
221
220
218
215
215
214
211
211
210
209
209
206
206
205
204
204
203
202
202
200
196
195
195
195
192
192
191
190
190
187
187
186
186
185
182
182
181
181
179
172
169
169
169
168
168
167
166
166
166
165
163
162
161
160
159
157
154
149
149
149
148
146
146
146
145
143
141
140
139
136
135
134
131
129
128
128
127
126
125
125
122
122
120
119
119
118
117
115
113
113
113
111
107
106
104
104
102
102
101
101
97
96
96
95
95
94
92
89
89
88
87
86
84
81
81
80
79
78
76
75
74
72
72
70
67
66
66
65
63
62
62
61
60
59
59
58
58
57
57
57
56
56
56
54
53
50
50
49
48
48
47
46
44
43
40
40
40
