300
400
320
317
316
315
315
315
315
313
313
312
312
312
311
311
311
311
309
308
308
308
307
305
304
304
304
303
303
303
303
300
300
299
299
299
298
297
296
293
293
291
289
288
287
287
284
283
283
280
280
280
280
279
278
276
274
274
274
274
273
272
272
270
268
268
264
264
264
262
260
260
259
258
257
257
256
255
255
255
253
252
251
248
247
246
246
245
245
244
243
242
240
240
239
239
238
234
233
232
230
230
229
226
225
225
224
224
224
223
223
222
222
220
219
218
216
214
214
214
214
214
212
210
206
204
204
203
203
201
200
200
198
198
198
198
197
197
195
195
194
194
194
193
193
192
192
190
190
190
189
189
189
188
187
187
187
186
185
184
184
183
183
183
182
182
181
181
180
180
180
178
178
177
176
176
171
171
171
171
171
170
170
169
168
167
166
166
165
165
164
164
164
164
164
163
161
161
157
156
155
155
154
152
151
150
150
149
148
146
145
143
143
142
141
140
140
138
138
138
138
137
137
136
135
135
134
133
133
133
133
131
130
130
128
128
127
127
126
126
124
124
123
122
122
122
122
121
120
119
118
117
117
117
116
116
113
113
113
113
112
111
111
109
109
106
105
105
104
104
104
103
100
99
98
98
97
97
97
97
94
94
93
93
93
92
92
90
90
90
90
89
88
88
88
86
86
85
84
83
81
80
