400
1000
797
794
794
794
794
793
792
791
790
789
785
785
785
784
782
782
780
775
773
773
772
772
771
771
769
769
767
767
765
765
764
761
761
759
758
755
754
754
753
753
752
750
750
747
745
744
743
742
742
741
740
738
738
737
736
735
735
734
734
728
726
726
725
725
723
722
719
710
709
709
707
705
703
702
698
697
695
694
693
691
688
688
687
687
687
685
685
683
682
682
682
680
680
679
679
678
677
676
676
675
674
674
673
672
668
667
662
660
660
660
659
657
656
654
653
653
645
645
644
643
643
641
639
635
635
634
631
629
628
627
626
625
622
620
618
618
618
617
616
614
614
612
610
609
607
603
603
600
598
597
595
591
590
589
584
583
583
583
582
581
581
580
580
578
578
575
575
573
572
572
569
566
566
564
564
561
557
555
552
551
550
545
545
544
544
544
543
541
540
539
538
535
535
534
534
534
531
530
530
529
524
523
515
513
512
505
505
505
502
499
499
497
496
493
487
486
484
477
475
473
470
465
462
461
460
455
453
452
450
449
448
447
445
444
444
442
440
437
435
435
432
431
429
429
427
426
424
424
424
420
418
418
417
415
415
415
414
414
414
409
405
405
405
403
403
399
397
397
393
390
389
388
387
385
383
381
379
378
376
376
375
374
374
371
371
368
365
364
364
361
360
360
360
359
358
356
355
354
354
353
352
350
349
347
345
345
344
344
343
343
342
341
339
335
334
334
332
330
329
329
328
326
323
321
320
319
317
315
314
313
313
312
310
310
309
308
308
305
305
301
301
300
298
297
295
293
290
287
285
282
281
279
279
276
276
272
270
268
267
266
264
262
260
255
254
251
247
245
240
240
238
231
231
230
226
226
225
222
222
221
221
221
219
218
217
215
214
212
211
211
210
209
207
206
205
205
203
201
201
201
