200
500
349
349
347
346
344
340
339
339
339
338
334
334
334
333
328
327
324
323
323
322
319
318
318
313
312
310
310
309
309
305
303
302
302
302
300
297
296
294
293
290
290
290
284
275
275
275
274
273
272
270
269
268
268
267
267
266
264
263
260
257
256
254
252
252
251
249
245
244
243
242
242
241
238
238
237
230
226
226
224
224
224
223
223
223
221
220
217
215
214
213
213
211
211
210
209
208
206
206
203
202
200
200
199
196
195
195
193
190
188
187
187
186
186
182
177
176
175
174
172
172
171
171
168
168
165
163
162
161
157
151
150
148
148
146
143
143
142
141
140
140
137
136
133
132
129
129
126
126
125
122
122
121
119
116
116
115
115
115
113
112
105
104
102
97
96
96
95
92
91
91
89
89
88
88
86
86
86
83
83
82
82
79
78
77
77
75
74
72
71
67
66
65
63
62
62
61
55
52
51
50
