400
300
240
240
240
240
240
239
239
239
238
238
238
236
236
235
234
233
232
232
230
230
229
228
226
226
226
225
224
223
223
221
221
220
219
219
218
218
217
217
216
216
215
215
215
214
214
214
214
213
212
212
211
211
209
209
209
207
207
207
206
206
205
205
205
204
203
203
202
201
201
201
201
200
200
200
200
199
199
199
199
199
198
198
198
197
197
195
194
194
193
193
192
192
191
191
191
190
190
189
188
188
187
187
187
186
185
185
185
185
185
185
185
185
184
184
184
184
183
183
182
180
179
179
179
178
178
177
177
177
176
175
175
174
173
171
170
169
168
168
167
166
165
164
163
163
163
162
162
162
161
160
160
159
159
158
157
157
157
157
156
156
156
156
155
155
155
155
154
154
153
153
152
152
152
152
152
151
151
151
151
150
150
149
149
149
149
149
149
148
148
148
148
148
147
147
147
146
146
146
146
146
145
144
144
143
143
143
142
142
142
141
141
137
137
137
135
135
134
134
134
133
132
131
130
130
129
128
128
128
128
128
127
126
126
124
123
123
123
122
121
120
119
119
119
119
118
117
116
116
116
115
114
114
113
112
112
111
111
111
111
110
109
108
107
107
106
106
105
105
104
104
103
103
102
102
102
101
101
101
101
98
98
98
97
97
96
96
96
95
95
95
94
94
94
94
93
93
93
92
92
92
91
91
91
90
88
88
88
88
87
87
87
86
84
84
83
83
82
82
81
80
80
79
78
78
77
76
76
75
75
74
74
73
72
72
71
71
71
70
70
68
68
68
67
66
66
65
65
64
64
63
63
63
62
62
61
61
60
59
59
59
58
58
58
58
57
56
56
53
53
53
52
52
51
51
49
47
47
47
45
45
44
43
42
42
40
40
38
38
38
38
36
34
34
34
32
32
31
31
31
30
