400
400
280
279
279
278
278
277
277
276
275
275
275
275
275
274
273
273
273
272
272
271
271
270
270
269
269
269
267
266
266
265
265
265
265
265
263
263
262
262
261
261
261
261
261
260
259
259
258
257
257
257
256
256
256
255
254
254
253
253
253
252
252
251
250
250
248
248
247
246
246
246
244
243
243
242
242
242
241
241
241
240
240
237
237
237
235
233
232
232
229
229
228
228
226
226
226
226
225
225
225
224
224
224
224
224
222
222
220
220
220
220
219
219
218
218
218
218
217
217
216
215
215
215
215
215
213
212
212
209
209
209
208
207
207
207
206
206
205
205
205
204
204
203
203
203
203
203
202
202
202
201
201
201
201
201
200
198
198
197
197
197
196
196
195
195
194
194
194
194
193
193
193
190
189
187
187
187
185
184
184
184
184
184
183
182
182
181
179
178
176
175
175
173
173
171
170
167
167
167
166
166
164
164
164
163
163
163
162
161
161
161
160
159
156
155
154
154
154
153
152
152
151
150
150
149
149
149
149
147
144
144
142
140
140
140
140
140
138
137
136
136
135
135
135
134
134
134
133
133
132
132
131
131
130
130
130
129
129
129
128
128
128
128
127
126
124
124
124
123
122
122
121
120
119
118
118
118
117
117
117
117
116
115
115
115
113
112
111
111
111
110
110
110
109
108
107
107
106
106
106
106
105
104
103
102
101
101
101
100
98
97
97
97
96
96
96
96
94
93
92
91
90
90
90
90
89
89
88
87
87
86
86
86
86
86
85
85
83
81
81
81
80
79
78
78
77
77
76
75
73
73
72
72
72
71
70
69
69
67
67
67
65
65
64
64
63
63
62
62
62
61
60
60
60
59
59
58
58
57
56
54
54
52
52
51
51
51
49
47
45
44
44
43
42
42
41
41
41
41
40
40
