300
300
240
240
240
239
239
238
237
237
237
237
236
235
234
234
233
233
230
230
230
230
229
229
228
227
227
226
225
225
224
224
224
223
223
223
222
222
221
220
219
219
219
219
218
218
218
218
217
217
215
214
214
213
211
209
208
207
206
205
205
204
204
203
202
200
199
199
198
198
197
195
194
193
193
193
193
191
190
190
190
189
188
186
185
185
184
182
181
179
179
178
178
177
177
176
176
174
172
171
171
169
168
168
167
167
166
165
164
164
162
161
159
158
157
157
157
157
156
155
155
154
154
154
153
152
151
151
151
149
149
149
149
149
148
147
147
146
145
145
145
143
143
141
141
140
139
134
133
133
133
132
131
131
130
129
126
126
125
125
124
124
124
123
122
122
121
121
120
120
119
119
119
119
117
117
117
117
116
115
114
114
113
112
112
111
111
111
111
111
109
108
107
107
107
107
106
105
105
104
104
103
103
103
102
102
102
100
99
97
94
94
93
93
93
91
89
88
87
87
87
85
85
84
84
83
82
81
80
79
79
78
77
75
75
71
70
70
68
68
67
66
66
65
65
63
63
62
62
61
61
61
60
60
60
59
58
58
58
58
57
57
56
55
54
54
53
52
51
50
50
49
49
49
49
49
49
47
47
47
47
45
45
44
44
44
43
41
40
40
39
38
37
36
36
35
33
32
32
31
31
31
