300
300
240
239
239
238
238
238
236
235
233
232
232
231
231
230
230
230
230
229
229
229
227
227
226
226
224
223
223
223
223
222
222
221
221
221
220
220
219
219
219
218
218
216
216
215
214
213
212
212
210
210
209
209
208
208
208
208
208
208
208
207
207
207
206
206
205
205
204
204
203
202
201
201
201
200
200
198
198
198
196
195
194
193
190
189
187
186
186
185
185
185
185
184
184
184
184
184
184
183
181
181
180
179
179
178
176
176
175
175
175
174
173
173
172
172
170
170
170
168
168
168
164
164
163
163
163
162
162
161
160
159
159
158
157
157
157
157
156
156
155
155
155
155
154
154
153
153
153
152
150
149
149
148
147
147
147
147
145
142
141
141
140
140
139
139
136
136
133
132
132
132
131
130
130
129
129
127
126
125
124
124
123
122
121
120
119
119
119
118
118
116
115
115
114
114
113
113
113
112
112
111
110
109
109
108
108
107
107
106
105
105
104
104
103
103
103
103
103
102
101
101
101
101
100
100
100
99
99
98
98
98
98
96
95
95
93
92
92
92
91
91
88
87
86
86
86
85
84
83
83
82
82
82
81
80
80
79
77
77
76
76
75
75
75
75
74
74
74
73
73
72
71
71
70
70
70
69
68
68
68
68
68
67
67
67
67
66
66
65
65
65
64
64
63
62
62
62
61
61
60
60
