400
400
320
319
318
318
318
318
317
317
317
316
315
314
314
314
313
311
311
311
310
310
309
309
308
307
305
304
304
304
303
303
303
302
301
300
299
298
297
297
297
296
296
296
296
296
296
295
293
293
293
292
292
289
289
288
287
285
285
284
282
281
281
280
279
279
279
279
278
278
277
277
277
276
275
275
275
275
274
274
273
273
273
273
273
272
271
271
271
270
269
269
269
268
267
267
266
264
264
264
262
262
262
262
261
260
260
259
259
259
258
258
258
258
257
255
255
255
255
252
250
250
246
245
245
244
243
243
243
242
242
241
240
240
237
237
236
235
235
235
234
232
231
231
230
229
229
227
226
226
226
225
223
223
222
220
218
217
216
216
216
215
215
215
214
213
213
213
213
212
208
207
205
205
203
201
201
201
200
200
199
198
197
196
196
195
195
193
192
192
192
192
192
191
191
190
189
188
188
187
187
186
185
184
182
182
179
179
178
178
177
177
176
174
173
173
172
172
171
170
170
168
168
166
166
163
163
163
162
162
162
161
159
159
159
159
159
158
157
157
157
157
156
156
154
153
152
152
151
151
150
150
149
148
148
147
146
146
145
145
145
145
145
144
144
142
142
141
139
136
136
134
133
133
133
132
131
129
129
128
128
125
125
125
123
123
123
122
120
119
118
117
117
117
116
114
113
113
112
110
109
109
108
108
104
103
103
103
101
100
99
99
99
98
98
98
97
97
96
95
95
93
93
93
92
92
92
91
90
89
88
88
88
88
88
88
87
87
86
85
84
83
83
82
81
81
81
80
78
78
78
77
77
77
76
75
75
74
73
73
73
72
72
70
69
66
65
65
65
64
64
63
62
62
61
61
60
60
60
58
57
57
56
55
52
51
51
50
49
48
46
45
45
45
45
43
41
40
40
40
40
40
