300
300
240
240
239
237
237
236
235
235
234
234
233
229
229
229
228
226
226
226
224
223
223
222
222
220
219
218
218
217
216
215
215
214
214
211
210
210
209
209
209
208
208
207
207
207
207
205
204
204
203
201
200
200
200
200
200
199
199
199
195
195
195
191
190
190
190
190
189
189
189
187
187
186
186
186
185
185
183
182
181
180
180
179
179
179
179
178
177
176
176
175
175
174
174
173
170
170
170
170
170
169
169
168
168
167
167
167
166
166
165
165
165
164
162
162
161
161
160
160
160
158
157
157
157
157
156
155
154
154
153
152
151
150
150
150
150
149
149
147
147
147
146
146
145
144
141
140
140
140
140
140
139
139
139
139
137
137
137
136
135
135
135
134
134
133
132
131
130
130
130
129
127
126
125
124
123
122
122
122
121
121
119
119
119
119
118
118
118
117
117
116
115
115
114
113
113
113
113
113
112
111
111
110
110
110
109
109
108
108
108
107
106
106
106
105
105
105
104
102
102
102
101
101
100
100
100
99
99
98
96
96
95
93
93
92
92
91
91
90
90
89
88
88
87
87
87
86
86
86
85
84
84
84
83
83
80
80
80
79
79
79
79
78
78
78
78
76
76
76
76
75
74
74
74
73
73
73
73
72
72
70
70
69
69
69
68
66
65
64
64
63
63
63
62
62
61
61
61
61
60
60
