200
300
209
209
207
207
206
204
204
204
203
203
203
203
202
202
201
200
200
199
198
198
198
198
197
196
196
189
189
189
188
186
185
185
184
184
184
184
183
183
182
182
181
178
177
175
174
174
174
173
173
172
172
171
171
169
167
166
166
165
163
162
161
161
160
160
158
157
156
155
154
153
152
150
150
150
149
149
149
147
147
146
146
146
145
145
145
144
144
143
139
138
137
137
137
136
136
130
129
129
129
126
126
125
125
123
123
121
120
117
116
116
116
115
114
113
112
112
112
111
111
110
109
108
108
107
107
106
106
105
104
104
103
101
101
101
100
99
97
95
94
92
92
90
90
88
87
85
84
83
80
79
79
78
78
77
76
76
74
74
74
73
69
66
65
65
65
64
63
63
61
60
57
55
52
52
52
51
51
50
49
47
46
46
45
43
43
41
41
40
38
38
37
36
36
36
35
32
32
32
30
30
