400
1000
700
697
695
694
693
692
691
691
690
689
689
689
686
686
681
680
677
677
676
674
671
670
670
670
665
665
663
660
659
659
658
656
654
653
652
651
650
649
648
646
639
639
638
636
636
636
634
633
631
629
627
623
622
621
621
620
619
617
615
615
613
612
611
606
605
604
603
601
599
597
596
595
594
593
592
592
591
591
590
589
588
587
587
585
585
585
585
585
584
584
583
583
580
580
579
573
573
572
572
572
572
568
568
568
567
566
563
563
561
561
560
557
557
556
555
543
542
540
540
539
538
536
536
535
535
535
534
529
528
528
523
523
523
522
522
522
519
519
515
514
514
512
511
510
510
510
509
508
505
502
502
501
501
501
500
499
499
495
494
491
490
490
489
488
487
485
482
482
481
481
477
476
471
470
468
468
463
463
460
460
456
456
454
453
452
451
448
444
443
442
439
435
434
433
431
430
427
424
421
419
418
418
414
414
413
410
408
407
404
402
402
401
399
395
393
393
392
389
387
384
382
381
381
381
379
378
376
373
369
369
367
366
365
364
360
360
360
356
352
351
351
349
347
347
345
345
344
344
343
343
343
343
343
342
341
341
341
334
333
333
330
329
328
327
324
323
323
322
316
316
315
313
312
311
311
308
307
306
303
302
301
301
300
293
293
293
293
293
287
286
284
283
280
277
277
276
275
275
270
269
265
262
262
261
261
259
256
251
251
248
246
246
244
243
240
237
236
232
232
230
230
228
226
224
220
220
214
213
213
210
203
203
202
201
198
197
195
194
194
194
192
191
188
185
182
179
177
177
176
174
172
172
171
169
167
165
164
164
163
161
158
158
157
157
156
155
154
154
154
153
151
149
149
149
142
138
136
134
131
128
128
127
124
124
121
119
113
112
110
110
109
106
106
105
104
104
103
103
102
102
