200
150
120
119
118
118
118
118
117
117
117
117
116
115
115
115
114
114
113
113
113
112
111
111
111
111
111
111
109
108
108
108
108
107
107
107
106
106
105
104
104
103
103
103
102
102
102
101
101
101
100
99
99
99
98
98
97
97
97
96
96
96
96
96
95
95
94
94
94
94
94
94
93
93
93
90
90
89
89
89
88
88
88
88
88
87
86
85
85
84
84
84
83
83
83
82
80
79
78
78
77
77
76
75
75
75
75
74
74
74
73
73
73
73
73
73
72
72
71
71
71
70
69
69
69
69
68
68
67
67
66
65
64
63
63
62
61
61
60
60
60
60
60
59
58
57
56
55
55
55
54
54
54
53
53
53
53
52
52
51
50
49
49
46
46
45
45
45
45
45
44
44
44
44
44
44
41
41
41
40
40
40
40
39
39
38
37
37
35
35
34
34
33
32
32
32
32
31
31
30
30
30
