750
750
525
524
523
523
522
522
522
522
521
521
521
521
519
518
518
518
517
517
516
516
516
515
515
513
512
510
510
510
510
509
509
508
508
508
507
505
505
504
502
502
501
499
499
499
498
498
497
496
496
496
494
494
493
493
493
492
492
491
491
491
489
489
488
487
487
487
487
486
485
482
481
481
481
480
478
478
477
477
476
476
476
475
474
474
473
472
471
470
470
469
469
469
468
467
466
466
466
465
463
462
462
462
462
462
460
460
459
459
458
457
457
456
454
453
453
453
453
449
448
448
447
447
446
445
445
445
444
444
444
444
441
440
439
439
437
437
437
436
435
434
434
433
432
432
430
430
430
430
429
429
429
428
428
428
428
427
427
425
425
423
423
422
422
422
421
421
420
420
420
419
419
419
418
417
417
416
415
415
414
414
412
411
411
411
410
408
407
407
406
406
405
404
403
402
401
401
399
399
398
398
398
397
397
396
395
394
394
393
393
392
391
391
391
391
390
389
389
387
387
387
387
387
386
386
384
384
384
384
383
381
379
379
379
378
377
377
377
376
374
374
374
372
371
371
371
370
370
370
369
369
369
367
366
365
365
363
362
361
361
360
360
360
360
359
359
358
357
356
356
356
355
355
355
355
355
355
354
353
353
353
353
353
352
352
350
350
350
349
348
347
347
347
346
345
344
344
343
342
341
340
339
339
339
338
337
337
337
336
336
336
336
332
331
331
331
331
330
329
329
328
328
327
327
327
326
325
325
325
322
322
322
322
321
319
319
318
318
317
317
315
314
313
313
313
311
309
307
307
306
305
304
303
303
303
302
302
302
301
301
301
301
301
301
300
299
299
298
296
296
295
295
294
293
292
292
291
291
291
290
289
288
287
287
287
286
286
286
285
285
284
283
283
282
280
278
278
277
277
276
276
275
274
274
274
273
273
273
272
271
271
271
269
267
267
266
266
265
265
264
263
260
260
258
258
257
257
257
257
256
256
256
255
254
253
253
253
252
251
250
249
249
249
249
249
248
248
248
248
247
247
247
246
246
246
245
245
243
243
243
243
242
241
240
240
239
239
239
238
238
238
238
236
236
235
234
234
234
233
232
231
231
231
231
231
228
228
227
227
227
226
225
225
224
223
223
223
221
221
220
220
219
218
218
217
217
217
216
215
215
215
215
215
214
214
213
213
213
212
212
211
211
208
208
207
205
205
203
203
203
202
202
202
200
199
199
198
198
197
197
197
196
196
196
195
193
192
192
192
191
189
188
187
187
187
185
185
185
184
184
183
183
183
181
181
180
179
179
179
178
177
177
176
175
174
174
174
173
172
172
171
169
169
168
168
167
167
167
166
166
166
166
166
165
165
164
162
162
161
161
161
161
161
159
159
159
159
158
156
155
154
154
153
153
153
152
152
152
152
149
149
148
148
147
147
146
145
145
145
144
143
143
143
142
141
141
141
140
139
138
138
138
138
137
137
137
135
135
135
134
134
133
133
132
132
132
131
131
131
130
129
129
129
129
126
125
125
124
123
122
122
122
121
120
119
118
118
118
117
117
117
117
116
116
115
115
114
114
113
113
113
112
111
108
108
108
106
106
106
106
106
105
105
105
103
102
102
102
101
101
100
98
96
96
95
95
95
94
94
94
94
92
92
91
91
91
90
90
90
89
89
89
88
88
87
87
87
86
86
84
84
82
81
80
80
80
78
76
76
76
75
