400
1000
700
693
693
690
690
689
688
688
687
686
685
685
683
683
682
682
680
679
679
673
671
669
666
666
664
662
659
656
654
653
651
647
647
646
645
644
643
643
642
642
640
637
636
632
631
630
628
624
623
622
621
619
619
617
616
615
613
611
611
610
610
610
610
610
609
607
606
602
597
597
597
595
594
592
591
588
587
585
585
583
580
575
571
568
568
567
566
566
565
563
558
556
554
551
551
551
547
545
545
543
543
540
540
537
537
536
535
534
533
532
528
524
524
519
518
517
516
515
515
515
515
509
507
507
503
502
501
499
498
498
497
496
493
488
487
484
483
483
482
480
478
477
475
471
471
471
471
469
469
469
468
468
467
466
466
465
464
462
462
462
460
458
456
456
456
456
454
454
454
454
452
452
450
447
447
446
445
444
444
443
440
439
436
435
435
431
431
431
427
426
425
425
424
422
422
420
420
418
417
417
415
415
415
413
413
413
412
411
398
397
397
395
393
393
387
387
386
385
385
384
384
382
382
378
375
375
373
370
368
368
367
367
365
364
363
362
360
357
356
355
354
353
352
352
349
345
345
344
339
339
338
336
336
334
333
332
331
331
330
328
328
326
324
323
323
323
320
318
316
313
313
310
307
307
305
301
297
296
296
296
295
294
293
290
287
283
276
273
272
272
271
265
264
264
261
257
255
255
252
250
249
248
247
246
244
241
241
235
235
233
230
230
229
226
225
222
222
222
220
218
218
216
216
215
214
213
212
212
209
202
200
199
198
196
191
190
188
187
185
184
180
180
178
178
178
178
176
173
173
172
169
169
167
162
161
161
160
158
157
155
153
151
150
150
149
149
149
144
143
142
140
138
133
133
130
130
129
128
126
126
125
125
124
123
122
122
121
121
121
116
115
110
108
108
105
104
104
103
100
100
