300
400
319
319
318
318
318
316
315
315
314
313
312
311
309
309
309
309
308
308
308
307
307
307
306
306
306
306
305
305
305
305
305
304
304
303
301
299
298
298
298
297
296
296
295
295
295
294
293
292
292
291
291
291
291
291
290
290
290
286
286
285
284
282
280
278
278
277
276
276
275
274
272
271
271
270
268
268
265
265
264
261
259
257
256
256
255
254
254
254
253
253
249
249
248
248
247
245
245
244
243
243
242
238
236
236
235
235
235
233
233
232
232
232
230
229
228
228
227
227
226
225
224
223
222
222
222
220
220
220
219
219
217
217
216
215
214
214
214
214
213
213
213
212
212
211
210
210
210
209
206
206
206
204
203
202
201
201
200
197
194
194
194
194
193
193
192
191
190
190
189
188
188
187
186
185
185
185
183
182
181
178
178
174
173
173
173
172
171
171
171
169
169
169
168
168
167
166
163
163
161
161
159
156
156
156
154
153
152
152
151
150
150
149
148
148
147
146
146
145
144
142
141
140
139
138
138
137
134
134
134
133
133
131
131
130
130
130
129
129
128
128
127
127
126
123
121
121
121
120
120
119
118
117
117
116
116
113
112
112
111
111
109
109
108
106
106
106
106
105
105
104
104
104
103
102
102
101
99
98
98
97
96
95
91
90
90
89
89
88
88
87
86
86
83
83
82
82
81
81
80
80
