300
300
240
240
238
238
237
237
236
234
234
232
232
232
231
230
230
229
228
227
227
226
226
225
224
224
224
224
224
223
223
223
222
221
221
220
220
220
219
218
218
218
217
216
215
215
215
213
213
212
211
211
209
209
209
209
209
209
208
208
207
207
206
205
204
203
203
201
201
200
200
199
199
199
199
198
198
197
197
196
196
195
195
194
193
193
192
192
189
189
188
187
187
186
186
185
185
184
183
183
182
181
181
181
179
179
178
178
178
176
176
175
174
174
174
174
173
172
171
171
170
170
170
170
169
168
167
166
166
161
161
160
160
160
159
159
159
159
159
158
157
157
156
156
153
153
152
151
150
148
148
147
147
147
146
146
144
144
144
143
142
142
140
140
140
138
138
137
136
136
136
135
135
135
133
132
130
129
127
127
127
126
126
126
125
124
123
122
120
119
118
117
117
117
117
116
115
114
113
113
113
112
111
110
110
110
108
108
107
105
104
103
102
102
101
99
99
99
99
99
97
96
96
94
92
91
91
90
90
87
86
86
86
86
84
83
83
81
80
80
77
77
77
76
74
72
71
71
71
70
70
68
68
67
65
64
63
61
60
60
60
58
58
57
57
56
54
54
53
53
51
51
50
47
47
47
47
47
46
45
45
44
42
42
40
39
39
39
39
37
36
35
35
35
35
33
33
33
31
31
30
30
