400
1000
800
799
799
798
797
797
797
792
791
791
790
790
790
789
789
785
784
783
779
778
775
771
765
765
765
763
760
756
754
750
749
746
743
741
738
736
735
733
733
730
728
726
726
725
723
723
721
721
718
717
714
713
710
708
705
704
702
702
701
700
699
698
697
697
697
694
694
692
691
690
690
690
689
688
686
684
682
679
678
677
677
676
676
673
670
667
666
665
665
665
664
664
664
663
661
656
655
655
654
652
652
650
649
649
648
645
645
643
642
640
637
634
634
634
630
628
627
625
625
625
622
622
622
620
613
611
610
610
610
608
608
605
605
604
603
601
596
596
595
593
591
590
589
587
586
581
581
579
579
578
575
575
573
573
572
572
572
572
567
567
562
561
558
554
552
552
548
547
547
547
547
542
542
541
539
538
537
536
535
535
534
529
525
524
519
519
515
512
510
510
510
510
506
505
504
503
502
502
502
501
500
498
496
493
493
492
492
489
487
486
485
484
484
484
484
483
482
482
481
480
472
472
471
471
470
466
466
464
464
464
463
463
462
461
460
459
458
456
452
450
447
446
444
441
438
437
436
435
435
433
429
428
427
426
426
424
424
423
423
422
421
419
416
416
413
413
413
409
407
405
405
405
402
401
399
399
397
397
396
395
393
392
391
391
389
386
385
384
384
381
378
376
374
374
374
373
373
372
371
368
363
362
360
359
358
355
353
352
351
350
348
346
345
345
342
339
335
333
328
327
326
325
323
323
318
317
314
314
313
311
309
308
306
304
304
300
299
299
297
295
294
291
287
286
285
283
282
280
277
272
270
269
266
265
263
262
262
261
260
260
259
258
257
254
253
252
248
248
247
246
246
242
242
240
237
236
229
229
229
227
225
221
220
220
218
216
216
216
215
215
215
214
214
213
212
210
210
206
205
202
