200
400
280
279
278
275
273
273
273
269
269
268
267
265
265
264
263
262
261
261
258
257
257
256
254
254
254
252
251
249
249
247
246
245
244
240
239
238
238
237
237
235
234
233
232
230
230
230
230
229
228
227
227
226
225
225
225
225
224
224
222
222
222
220
220
219
219
218
217
217
214
213
210
210
210
209
209
206
206
206
205
204
204
203
203
203
202
201
200
199
199
196
195
195
194
193
192
192
192
189
189
187
185
183
183
182
180
176
174
173
173
172
171
171
169
169
166
165
165
165
160
160
158
157
157
154
153
151
151
150
150
150
150
149
148
147
146
146
144
141
140
139
139
139
138
137
135
133
132
132
130
130
128
127
127
127
125
124
122
121
121
121
120
119
118
117
116
114
114
113
112
112
111
111
108
108
108
103
103
100
97
94
94
93
93
92
91
91
88
88
87
86
85
85
83
83
81
81
80
80
80
80
