300
1000
799
793
792
784
784
784
784
783
780
772
770
765
759
758
757
756
755
754
753
749
744
741
739
738
736
736
735
733
731
730
729
728
727
725
721
721
719
717
716
711
709
708
707
707
706
704
704
702
699
698
696
691
690
689
686
683
681
681
680
675
674
672
663
663
659
654
653
653
651
647
644
642
642
639
637
637
635
635
633
631
630
625
623
616
612
611
611
611
610
596
596
596
594
589
588
584
583
582
582
581
579
578
574
571
570
567
566
566
558
557
553
549
547
546
544
530
528
527
527
524
524
523
523
519
517
516
514
513
513
513
508
507
503
502
501
500
499
495
492
492
492
485
483
475
473
469
468
467
463
460
456
455
454
452
452
451
451
437
433
432
431
430
429
425
423
411
407
405
401
399
397
395
392
388
386
384
379
376
376
375
375
375
374
372
372
372
371
370
363
362
361
359
358
358
358
347
346
345
345
344
338
337
337
333
331
330
330
327
326
325
324
322
322
305
302
300
297
293
291
291
290
288
286
286
284
282
278
274
272
265
264
263
263
259
257
257
248
248
244
242
241
238
235
234
233
227
225
223
222
219
216
214
213
213
212
212
210
205
203
201
196
195
194
191
189
189
181
178
176
176
174
163
163
163
162
159
156
154
153
150
149
147
147
147
146
144
144
142
139
127
119
118
117
114
110
108
107
107
106
104
