500
400
320
320
320
319
319
319
318
317
316
316
313
313
313
313
312
312
312
311
310
310
309
309
308
308
308
307
307
306
306
304
303
303
303
302
301
301
301
301
301
300
300
299
299
298
298
298
297
297
296
296
295
294
293
293
291
290
290
290
290
290
290
289
288
288
287
285
284
284
283
282
282
282
281
281
281
281
280
279
278
278
278
278
277
276
276
276
276
275
275
274
274
273
273
272
272
271
271
270
270
268
268
267
267
266
265
264
264
264
264
263
263
263
262
262
262
262
261
261
260
260
260
260
259
259
259
259
258
258
258
257
256
255
254
254
254
254
253
252
252
251
251
251
250
249
249
248
247
247
246
244
244
244
244
244
243
243
243
243
242
242
242
242
241
241
240
240
239
239
239
238
238
237
237
236
236
236
236
235
234
234
233
232
232
231
230
230
229
229
228
228
228
228
227
223
223
222
222
222
222
221
221
220
220
220
220
220
219
218
218
217
216
216
216
215
215
214
214
214
214
213
212
211
210
209
209
209
208
207
207
207
207
206
206
205
205
205
204
204
204
204
204
202
202
202
201
201
201
201
201
200
200
200
199
197
197
197
196
196
195
195
194
193
193
193
192
191
191
191
191
191
190
190
189
189
188
188
188
188
187
187
186
186
186
185
184
184
184
184
183
182
180
180
179
179
179
179
178
177
177
177
176
176
176
175
175
173
171
170
168
168
168
168
168
168
167
167
167
167
166
165
164
163
163
162
162
162
162
162
161
161
161
161
160
160
160
159
159
158
157
157
157
156
156
156
156
155
155
155
155
154
154
154
154
153
153
153
152
151
151
150
150
150
150
150
149
149
149
148
146
146
145
145
145
145
145
145
145
144
141
141
139
139
139
138
138
137
136
136
135
135
134
134
134
134
133
131
131
130
130
129
128
128
128
127
127
126
126
125
124
124
124
123
123
121
120
120
119
119
119
118
118
117
116
116
116
115
115
115
115
115
114
114
112
112
112
111
111
110
109
108
108
108
107
107
106
106
106
106
106
104
104
104
104
103
103
103
103
102
101
100
99
99
98
96
96
96
96
96
96
95
94
94
94
93
93
92
91
91
90
90
89
89
89
88
87
87
86
85
85
84
84
84
84
83
83
83
82
81
81
81
