200
400
280
277
276
273
273
272
270
270
268
266
265
265
264
264
264
263
263
262
262
261
261
259
258
258
257
257
255
254
254
253
252
250
249
249
247
247
247
245
245
245
242
241
240
240
240
238
238
237
236
236
235
234
233
231
230
230
229
226
225
225
223
220
219
218
216
216
213
209
208
207
206
205
203
202
201
200
200
194
193
193
192
192
192
191
190
189
187
187
186
184
184
184
183
181
180
179
179
179
176
176
173
172
172
172
169
168
167
167
166
165
165
164
164
163
162
161
161
160
160
159
159
158
154
154
153
153
152
152
152
150
150
148
146
144
142
142
141
141
140
139
138
138
138
136
133
133
133
131
130
129
126
126
123
123
122
121
121
120
120
120
120
119
119
119
117
116
116
115
114
111
110
109
109
109
108
108
107
106
105
105
103
102
102
100
98
97
97
96
94
94
93
93
92
92
88
86
85
84
80
80
