1000
500
400
400
399
399
398
397
397
396
396
396
395
395
395
394
394
394
393
393
393
393
393
393
392
392
392
392
391
391
390
390
390
390
389
389
389
389
389
388
388
387
387
387
386
386
386
386
385
385
385
385
385
385
385
384
384
383
383
382
382
382
381
381
381
381
380
380
380
379
379
379
378
378
378
378
378
378
377
377
376
375
375
375
374
374
374
374
373
373
373
373
372
372
372
372
372
371
371
371
371
371
371
370
369
369
369
368
367
367
367
367
366
366
366
365
365
365
364
364
364
364
363
363
363
362
362
361
361
361
361
361
361
360
360
359
359
359
359
358
358
357
357
357
356
356
356
356
355
355
355
355
354
354
354
353
353
353
353
353
352
352
352
352
352
352
352
351
351
351
349
349
349
349
349
348
348
348
348
347
347
347
346
346
346
346
346
346
346
346
346
345
345
345
345
345
345
344
343
342
342
342
342
342
342
341
341
341
341
340
340
340
339
339
338
337
337
337
337
337
336
336
336
336
336
336
335
335
335
335
334
334
334
333
332
331
331
331
330
329
329
329
329
329
329
328
328
328
328
328
328
327
327
326
326
325
325
324
324
324
324
323
323
323
322
321
321
321
321
319
319
319
318
318
318
317
317
316
316
316
316
316
316
315
315
315
315
315
314
314
314
313
313
313
313
313
312
311
310
310
310
310
309
309
309
308
307
307
306
306
306
306
306
306
305
305
305
305
304
304
304
304
304
303
303
303
303
302
302
302
302
301
301
301
301
301
301
300
300
299
299
299
299
299
298
298
298
297
297
297
296
296
296
295
295
295
293
293
293
293
293
293
292
292
291
291
291
290
290
290
289
289
289
288
288
288
288
287
287
286
286
286
285
285
284
284
284
284
283
283
283
283
282
282
282
282
282
282
282
282
281
280
280
280
279
279
279
279
278
278
278
277
277
276
275
275
274
273
273
273
272
272
272
272
271
271
271
271
270
270
270
270
270
270
270
269
268
268
268
267
267
267
267
267
267
266
266
266
266
266
266
266
265
265
265
264
264
264
263
263
263
263
263
263
263
262
262
261
261
261
261
261
260
259
259
259
259
259
258
258
258
258
258
257
257
257
256
256
256
256
256
255
255
255
255
254
254
254
254
253
253
253
252
252
252
252
251
251
251
250
250
250
249
249
249
249
249
248
248
248
248
247
247
247
246
246
246
246
246
245
245
245
245
245
244
244
244
244
244
243
242
242
242
242
242
242
242
241
241
240
240
240
240
239
239
239
238
238
237
236
236
235
235
235
234
234
233
233
233
233
232
232
232
232
232
231
231
230
230
230
229
228
228
227
227
226
226
226
226
226
226
225
225
224
224
224
224
224
224
224
224
223
223
222
222
221
221
220
220
220
220
219
219
219
219
219
218
218
218
218
218
218
217
217
217
216
215
215
215
215
214
214
214
214
214
213
213
213
213
213
212
211
211
211
210
210
210
209
209
209
207
206
205
205
205
205
204
204
204
204
204
204
203
202
202
201
201
200
200
199
199
198
198
198
198
197
196
196
196
195
195
194
194
194
194
194
193
193
193
193
193
192
192
192
192
192
192
191
190
190
190
190
189
189
188
188
188
188
187
187
187
186
186
186
186
186
185
185
185
185
185
183
183
183
183
182
182
182
181
181
181
180
180
180
179
179
178
178
178
178
178
177
176
176
176
175
175
175
175
175
175
174
173
173
173
173
173
172
172
172
171
171
171
171
171
170
170
170
170
170
170
169
168
168
168
168
167
167
166
166
166
166
166
166
164
163
163
162
162
162
162
162
162
161
161
161
160
160
160
160
159
159
159
159
158
158
158
157
157
157
157
156
156
156
156
156
156
155
155
153
153
153
152
152
152
152
152
152
151
151
151
151
151
150
150
149
148
148
148
148
148
148
147
147
146
146
146
146
145
145
145
144
144
143
143
143
143
143
143
143
142
142
142
142
142
142
140
140
140
139
139
139
139
138
138
137
137
137
136
136
135
135
135
135
134
134
133
132
132
132
131
131
131
131
130
130
130
129
129
128
128
128
128
128
127
126
125
125
124
124
123
123
123
123
123
123
123
123
122
122
121
121
121
121
121
120
119
119
119
118
118
118
118
117
117
117
117
116
116
115
115
114
114
114
114
113
113
113
113
112
112
112
111
111
111
110
110
110
110
109
109
109
109
109
109
109
108
108
108
108
107
107
107
106
106
106
105
105
105
105
105
105
104
104
104
104
104
103
103
103
102
102
101
101
101
101
101
101
100
100
100
100
