500
1000
700
698
697
697
696
696
695
693
693
693
693
691
691
686
686
685
684
684
684
680
678
676
676
675
675
675
673
673
671
671
669
667
666
665
665
661
660
660
660
659
659
656
656
655
654
654
654
652
646
646
646
645
645
645
644
642
641
640
640
639
637
637
636
636
635
635
634
632
632
632
630
627
627
625
623
623
622
621
620
619
618
618
618
617
617
616
616
616
615
615
615
613
612
611
611
610
607
606
605
605
605
604
602
599
597
597
595
593
592
591
590
590
590
588
588
587
587
587
587
586
585
583
582
582
582
582
580
580
580
580
579
579
576
576
571
571
569
565
564
564
564
563
562
558
557
556
556
556
554
550
549
549
547
547
546
546
544
544
543
542
540
538
537
536
535
534
533
532
532
531
530
530
529
529
527
526
525
524
523
523
522
521
521
521
518
518
516
516
512
510
509
508
508
508
507
505
505
504
504
503
501
501
500
500
498
497
495
495
494
493
493
491
490
489
488
487
484
484
484
483
483
481
480
477
474
472
472
472
471
469
466
466
465
464
464
463
463
462
461
460
460
460
457
457
457
456
456
454
453
453
453
452
452
451
450
450
450
450
447
446
445
445
444
442
442
437
436
434
434
432
432
430
430
427
427
423
421
418
416
415
415
415
414
413
413
411
409
408
408
407
406
404
403
402
402
401
400
398
397
397
396
396
396
395
395
395
394
393
393
392
391
390
387
386
385
381
381
379
377
377
377
376
376
376
375
373
371
366
366
365
365
364
363
363
361
360
360
360
359
359
356
356
354
353
353
353
352
350
350
348
348
346
343
343
343
342
341
340
339
339
338
335
335
334
333
333
331
328
328
327
327
327
326
325
325
324
324
322
322
322
319
313
313
312
312
311
308
307
306
303
303
303
302
300
300
299
298
297
297
294
291
289
287
285
285
285
284
283
283
283
280
280
280
279
276
275
273
273
272
272
271
271
269
269
268
268
266
266
266
265
263
262
262
261
261
259
259
259
259
258
258
256
256
256
255
254
253
253
251
250
250
249
249
248
248
246
245
244
243
243
241
241
240
237
237
237
235
235
234
228
226
226
226
224
224
222
222
222
220
219
219
218
218
215
215
214
214
214
212
211
210
208
207
207
205
204
204
203
202
200
