500
750
524
523
523
521
520
519
518
517
516
516
515
515
513
512
511
511
508
508
507
505
505
505
504
504
504
504
502
499
499
498
498
496
495
495
495
493
493
492
490
488
488
487
487
486
481
480
480
480
479
479
478
477
476
476
475
474
472
471
471
470
470
469
469
464
464
463
463
461
460
460
458
457
456
456
456
453
452
451
450
450
449
449
448
446
446
445
444
444
443
443
440
440
440
439
438
438
437
437
435
433
433
432
430
430
429
428
427
424
424
423
423
423
423
421
419
418
416
416
416
415
415
414
414
414
414
413
413
412
411
409
408
408
408
407
407
407
407
406
406
405
405
405
403
403
403
401
400
399
398
397
397
397
395
395
395
395
394
394
393
392
391
390
390
390
389
388
388
387
387
385
384
383
382
382
382
381
380
379
379
376
375
375
375
374
374
370
368
368
362
358
358
357
357
352
352
350
350
350
349
348
347
347
346
346
345
344
343
343
340
339
338
337
337
337
336
336
336
335
335
333
332
332
332
331
330
330
328
326
325
325
324
324
324
324
321
321
321
321
321
319
319
318
317
317
316
316
316
316
315
315
312
311
311
310
309
307
307
300
299
297
295
294
292
291
291
290
289
289
288
288
287
286
284
283
281
279
279
278
276
276
275
274
274
274
274
274
273
273
271
271
271
268
267
267
266
265
265
265
264
264
263
263
263
259
258
258
257
256
254
248
248
247
247
247
246
245
244
243
241
241
240
238
236
236
234
232
230
230
229
228
228
228
227
226
226
225
222
221
220
219
218
216
215
214
212
210
209
208
208
205
205
204
202
202
202
200
200
200
197
197
196
195
195
193
193
190
189
189
188
187
182
182
181
180
179
178
177
177
177
176
176
176
174
172
172
172
169
169
168
168
168
167
167
166
165
165
165
164
163
163
158
158
156
156
155
155
154
153
153
151
151
151
149
148
147
144
144
143
142
141
141
141
141
139
139
139
139
138
138
137
137
136
135
134
132
132
131
129
128
127
126
126
125
125
124
124
124
123
122
122
121
120
119
119
119
118
117
117
117
116
116
115
111
110
110
110
109
109
108
107
107
107
104
103
102
100
97
95
95
91
91
91
90
89
88
88
87
85
84
83
83
83
83
82
80
79
79
78
75
75
