300
750
599
598
597
596
595
595
594
593
588
585
584
584
584
583
581
575
574
573
571
571
568
566
566
565
565
565
563
562
559
556
554
553
551
548
544
541
539
538
537
536
536
531
530
528
528
528
527
526
525
523
519
516
515
514
514
513
512
511
510
508
506
505
503
502
502
497
497
492
491
490
489
489
486
481
480
477
467
467
467
466
463
457
456
455
454
453
452
448
447
447
447
447
444
443
443
441
440
436
435
431
429
429
423
420
420
418
417
417
413
412
409
403
402
402
400
396
396
393
390
388
388
384
381
379
377
374
371
369
366
362
355
353
349
348
346
344
343
341
338
336
335
334
333
332
331
329
328
328
328
328
326
326
325
323
323
322
321
320
319
318
316
316
313
312
309
305
302
299
289
288
287
286
285
279
276
275
275
273
272
272
271
269
268
268
268
266
265
261
260
259
257
255
255
255
253
251
251
249
246
244
243
242
242
240
238
238
238
237
236
233
231
227
227
223
222
222
220
217
216
216
214
214
214
212
203
202
199
199
197
193
190
185
181
180
173
173
171
169
164
162
156
155
154
154
153
147
145
145
144
144
143
142
142
141
140
140
138
137
136
132
129
128
128
123
119
117
117
116
114
114
113
113
113
113
109
108
103
100
97
96
95
95
94
94
92
92
91
90
88
87
87
86
86
84
84
83
81
79
78
77
