750
400
320
320
320
320
320
319
319
319
318
317
316
316
316
315
315
315
315
314
314
313
312
312
311
310
309
309
309
309
309
309
308
306
306
306
306
306
305
305
305
304
304
304
303
303
303
303
301
301
300
300
300
300
300
299
299
299
298
298
298
298
297
297
297
296
296
296
295
295
295
294
293
293
293
293
293
292
292
291
291
291
291
290
290
290
290
290
290
289
289
288
288
287
287
286
286
286
286
286
286
286
285
285
284
283
283
283
283
283
283
283
282
282
281
280
280
279
278
278
277
277
277
276
276
275
274
274
273
273
273
272
272
272
271
271
271
271
271
271
270
270
270
270
270
270
269
269
269
268
268
268
268
268
267
267
267
265
265
264
264
264
262
262
262
261
261
261
261
261
261
260
260
260
260
260
259
258
258
257
257
257
256
256
255
254
254
254
254
253
253
253
253
252
252
252
252
251
251
251
250
250
250
249
249
249
249
249
249
248
248
248
247
247
246
246
246
245
245
244
244
243
243
243
243
243
242
242
242
242
241
241
241
241
241
241
240
240
239
239
239
239
239
238
237
237
237
237
237
236
236
236
235
235
235
235
235
234
234
234
233
232
232
232
232
231
230
230
230
230
230
230
230
229
229
228
228
228
228
228
227
227
227
227
227
226
226
226
226
226
225
225
225
224
223
223
223
223
223
222
222
222
221
221
221
220
220
220
220
219
219
219
219
218
218
218
217
217
216
214
213
213
212
212
212
212
211
211
210
210
210
209
209
209
209
208
208
208
208
207
207
205
205
204
204
204
204
204
203
203
203
202
202
202
202
201
201
200
200
200
199
199
199
199
198
198
198
197
197
197
194
194
194
193
193
191
189
189
189
189
187
187
187
187
186
185
185
185
185
185
183
183
182
182
182
182
181
181
180
179
179
178
178
177
177
177
177
176
176
176
176
175
175
175
174
174
172
172
171
171
170
170
169
168
168
168
168
167
167
167
166
166
166
165
165
165
165
165
164
164
164
163
162
161
161
161
161
160
160
160
160
160
158
158
158
158
157
156
156
156
156
156
155
155
154
154
154
153
153
152
152
151
151
150
149
149
148
148
148
148
148
147
146
145
145
144
144
144
144
143
143
142
142
142
141
141
140
140
140
140
140
140
140
139
139
138
138
137
136
135
135
135
134
134
134
133
133
133
133
132
130
130
130
130
129
129
127
127
127
127
126
126
125
125
124
124
124
123
123
123
122
122
121
121
121
121
121
120
119
119
118
118
118
117
117
117
117
117
116
116
115
114
114
114
114
113
113
112
112
111
111
111
111
110
109
108
108
108
107
107
106
106
105
105
105
104
104
104
104
103
103
103
102
102
102
101
101
101
100
100
100
100
98
98
98
97
97
96
96
96
96
96
95
95
95
94
94
94
94
94
94
93
93
93
93
93
92
92
92
91
90
90
89
89
89
89
88
88
87
87
87
87
87
86
86
86
86
85
84
84
84
83
83
83
82
81
81
81
80
80
79
79
78
77
77
76
76
76
74
73
73
72
71
71
71
71
71
71
71
71
70
69
69
69
69
69
69
65
65
65
65
64
64
64
64
64
63
62
62
61
60
60
60
60
59
59
58
58
57
57
57
56
55
55
54
54
54
54
54
53
53
53
52
52
52
51
51
51
51
51
51
50
48
47
47
47
47
46
46
45
45
45
44
42
42
42
42
41
41
40
40
40
