200
1000
795
792
788
783
782
779
769
769
768
762
760
759
759
757
750
742
737
736
735
731
731
729
727
725
723
722
719
718
718
714
711
710
710
702
702
694
691
686
686
668
663
652
650
643
643
634
627
624
623
623
620
618
613
609
608
607
606
602
599
591
587
581
574
574
571
568
566
565
560
556
556
555
552
551
547
547
546
543
536
535
534
530
529
520
515
509
507
505
499
498
496
495
490
487
485
482
477
477
471
468
465
462
462
460
459
441
440
437
434
425
423
419
411
411
409
405
401
398
398
395
391
380
379
372
371
371
370
370
366
362
360
358
353
351
343
336
327
320
319
312
309
306
304
301
299
295
295
292
290
290
283
282
278
278
277
266
265
257
256
253
251
236
236
234
228
226
224
220
215
214
212
207
203
197
197
193
188
187
183
181
180
177
177
177
173
166
164
163
161
146
146
141
140
139
133
130
114
111
109
105
