200
1000
700
698
698
696
695
692
685
682
676
674
673
670
663
660
653
645
644
640
636
634
634
632
632
632
631
631
630
630
628
625
620
619
617
616
614
613
609
606
605
602
599
598
595
595
595
594
590
589
589
588
585
579
576
575
572
570
570
569
568
563
557
552
550
546
545
544
542
537
533
529
522
516
515
513
510
504
503
501
499
499
498
498
493
487
487
486
485
481
480
479
478
477
469
467
466
463
460
452
448
448
447
442
441
439
432
432
427
425
425
425
424
423
421
421
421
419
419
419
414
412
411
406
406
400
399
398
397
395
387
380
375
372
372
370
370
369
368
365
362
361
359
356
353
346
343
341
339
339
338
328
326
324
316
314
313
304
301
300
299
298
297
292
287
283
281
278
277
275
274
272
272
271
269
265
263
261
260
251
247
244
241
241
240
240
230
225
221
220
217
217
215
213
213
212
212
209
207
204
203
201
