500
1000
799
799
799
798
798
798
798
798
798
797
793
789
789
788
787
784
783
782
782
781
780
779
779
778
773
771
768
768
766
766
766
765
761
761
760
760
759
759
758
756
756
754
754
749
747
746
746
743
738
736
735
732
730
729
725
718
717
716
715
709
708
707
706
705
704
703
702
701
701
701
700
697
696
696
695
693
692
691
690
689
689
687
686
683
682
679
678
677
676
676
675
675
672
671
670
669
667
664
663
661
656
655
654
653
651
650
650
650
649
648
647
646
645
641
640
640
637
636
636
635
634
633
629
626
624
622
622
617
614
613
613
613
607
607
606
606
601
599
599
598
598
598
597
596
595
594
594
593
593
592
581
580
579
579
577
576
576
575
575
574
574
569
569
568
567
566
565
565
565
564
561
560
559
557
557
553
553
552
551
545
544
540
539
539
536
536
535
535
535
533
531
531
530
528
527
527
527
526
526
517
516
516
514
512
510
509
505
503
500
499
497
496
495
491
490
488
487
487
487
487
486
485
484
484
483
479
479
477
477
476
475
474
474
473
473
472
472
469
468
466
466
466
465
464
463
462
462
461
458
458
458
457
456
454
454
453
453
452
450
449
448
444
444
442
440
435
435
435
433
433
433
432
432
429
428
428
427
425
425
422
422
422
422
417
416
415
412
411
411
409
409
408
408
406
406
405
403
400
398
396
396
393
392
391
388
388
387
386
386
386
381
380
378
378
378
378
376
376
375
374
372
371
370
370
370
369
366
365
361
359
358
356
354
353
352
351
351
345
345
343
342
340
340
339
335
331
331
330
330
330
330
327
327
326
319
316
316
315
312
311
310
310
309
309
308
304
303
297
295
295
293
292
292
290
289
288
283
276
275
274
273
271
270
269
268
268
268
267
267
264
264
263
260
259
259
250
248
247
247
247
247
246
245
239
238
236
235
234
232
232
232
232
231
231
230
230
229
229
227
226
226
224
223
223
222
222
220
220
218
218
216
212
209
209
206
206
205
205
203
198
198
197
197
196
195
195
191
190
189
189
187
186
184
183
180
179
174
174
172
171
166
165
159
156
156
155
155
153
152
151
151
150
149
148
147
143
143
142
140
139
135
133
132
128
126
122
121
121
119
116
116
113
110
110
109
109
104
103
102
102
