200
300
210
209
209
208
207
207
207
207
206
206
203
203
202
200
199
198
198
194
192
190
189
189
189
189
188
186
186
185
181
181
181
181
180
180
180
179
179
178
178
176
176
176
175
175
175
173
173
173
172
172
170
169
169
167
166
165
163
162
160
160
160
158
157
157
157
155
155
153
152
152
152
152
149
148
147
146
145
144
143
141
138
137
136
136
136
134
133
133
133
132
131
131
130
130
129
128
127
127
127
126
124
122
121
120
119
118
116
116
114
114
114
113
111
111
111
111
111
109
109
109
109
108
108
107
104
103
101
96
96
95
95
94
92
92
89
89
88
87
87
86
86
86
85
83
83
82
81
79
77
77
76
74
70
69
69
68
67
66
65
64
64
62
62
61
61
59
58
58
57
55
55
54
53
53
50
48
48
47
46
45
45
45
41
40
39
39
38
37
37
37
35
34
34
34
33
32
32
30
30
30
