500
1000
799
797
796
796
794
793
792
792
791
789
789
788
785
785
785
785
783
780
779
778
777
774
772
771
769
768
766
765
764
764
760
757
757
755
753
752
750
749
747
746
744
741
740
739
736
735
735
735
733
731
730
729
728
725
725
724
722
721
717
716
714
713
713
713
711
710
710
709
706
705
704
704
703
701
701
698
697
696
696
696
696
695
694
692
691
691
690
686
685
681
677
676
676
674
673
669
668
668
666
664
664
659
657
656
656
656
656
654
654
653
652
650
649
649
648
646
645
645
640
639
639
636
635
635
634
630
630
629
628
627
626
626
625
625
625
623
623
622
621
620
617
617
617
616
615
615
614
614
613
607
606
606
604
603
602
601
600
600
600
598
598
597
596
594
594
591
583
582
582
580
580
578
578
578
577
577
576
574
573
571
570
569
567
565
564
563
563
563
563
562
560
560
559
557
557
557
555
554
550
548
548
547
547
546
546
545
544
543
543
542
542
541
541
540
538
536
533
530
530
529
527
527
525
523
523
520
518
516
516
515
514
513
508
507
507
505
504
503
499
499
498
498
498
498
498
496
495
495
495
493
493
489
489
487
486
486
484
484
481
480
479
477
476
476
474
474
472
472
471
470
468
467
462
462
460
459
458
456
454
452
449
448
447
446
445
443
442
441
440
440
438
438
438
437
436
435
433
431
431
431
430
430
429
425
424
422
421
420
419
418
417
416
416
415
414
411
411
408
407
407
403
403
399
399
399
398
398
398
397
395
395
392
390
390
390
382
381
380
380
380
379
378
375
374
373
371
371
369
368
368
368
366
365
364
362
362
360
360
360
360
356
352
351
351
349
348
348
347
346
346
345
344
342
341
341
341
338
337
337
336
335
334
332
331
329
326
326
325
323
321
320
319
318
317
316
315
315
315
315
314
314
311
311
309
309
309
309
307
305
305
304
303
302
301
299
298
298
297
295
295
295
294
292
292
289
287
286
286
286
285
285
284
283
283
281
281
276
274
273
273
271
271
271
270
270
267
266
266
263
262
258
258
257
257
253
251
251
249
248
246
246
246
244
243
243
243
240
240
238
238
237
236
234
233
232
232
230
230
228
228
227
225
223
222
221
221
216
216
214
213
211
211
207
206
203
203
202
202
202
200
