200
1000
800
778
778
776
763
763
760
759
759
757
739
734
728
725
718
718
711
710
709
708
708
703
700
699
696
696
687
683
679
677
674
670
665
660
655
654
652
650
650
648
644
642
639
636
634
629
629
619
617
616
614
612
610
610
610
609
606
605
604
600
599
599
597
596
595
594
593
592
588
587
587
586
583
580
577
576
574
573
571
571
571
568
568
567
564
558
557
555
551
549
548
547
546
544
542
540
538
536
532
524
521
509
508
507
506
505
502
499
492
490
488
482
481
480
478
476
475
471
468
465
465
464
452
448
445
444
441
438
437
432
426
426
423
420
415
413
413
413
411
406
404
397
392
391
380
372
360
359
358
358
357
353
346
333
329
326
325
323
322
319
318
315
311
311
310
306
300
295
294
293
293
293
291
290
288
281
278
271
269
266
260
255
253
251
248
245
240
232
232
232
231
229
228
224
224
213
207
205
203
200
