500
500
349
348
347
347
346
346
345
345
345
345
345
344
341
341
341
340
339
338
337
337
337
336
336
335
335
335
335
335
334
333
332
332
330
330
329
329
328
327
327
325
325
325
324
324
323
323
323
322
322
322
322
321
318
316
314
314
313
313
312
312
311
309
308
308
307
307
306
305
304
304
303
302
302
302
301
301
299
297
295
295
294
294
294
294
294
294
293
293
292
291
290
288
288
287
286
286
286
286
286
285
285
285
285
284
284
283
283
282
281
281
280
280
280
280
280
278
278
278
277
277
277
275
274
274
273
273
273
273
272
272
272
271
270
269
268
266
266
264
264
263
261
260
259
258
258
258
257
257
257
257
257
257
256
254
253
253
253
252
251
251
251
250
248
248
247
245
242
242
242
242
242
241
241
240
240
240
239
239
239
239
239
239
237
236
236
236
235
234
233
233
233
232
232
231
231
230
228
227
226
226
225
225
225
225
224
224
223
222
220
220
220
220
219
217
217
217
215
215
214
214
210
210
210
210
208
208
207
207
206
205
205
205
204
204
203
203
202
202
202
201
201
201
198
197
197
197
196
195
195
195
195
194
194
194
194
193
193
193
191
191
190
189
188
187
186
184
184
184
184
183
182
182
182
182
181
180
178
177
176
176
176
175
175
174
174
173
173
173
172
172
171
171
171
171
170
170
170
170
169
168
167
166
166
166
165
165
164
162
162
162
161
161
160
159
159
158
157
157
156
156
156
156
156
155
155
155
154
153
153
151
150
150
149
148
148
148
148
147
147
147
147
146
146
145
145
143
142
142
142
141
141
141
141
140
140
140
139
139
138
138
136
136
136
135
134
132
131
131
130
130
130
129
129
129
129
128
128
127
126
126
125
123
122
121
120
120
120
119
118
118
118
118
117
117
116
114
114
114
114
113
113
112
112
112
110
110
110
110
108
107
107
106
105
105
105
104
104
104
103
102
101
100
98
96
96
96
95
94
93
93
92
92
91
90
89
88
88
88
87
87
86
85
83
83
83
83
82
82
81
81
80
80
79
78
77
75
75
75
74
74
72
71
69
69
69
68
68
68
67
66
64
64
63
63
63
62
62
61
61
60
59
59
58
57
56
56
56
55
54
54
54
53
52
52
52
52
52
51
51
50
