1000
750
525
525
524
523
523
523
522
521
521
520
520
519
519
519
519
519
519
517
516
516
516
516
515
515
515
514
514
514
514
513
513
512
512
512
512
512
511
511
511
510
510
509
509
509
509
508
507
506
506
506
506
506
505
505
505
504
504
504
503
503
502
502
502
501
500
499
499
498
498
498
497
497
497
497
495
495
494
494
494
493
493
492
492
491
491
491
490
490
490
489
488
488
488
488
488
488
487
487
487
487
487
486
486
486
486
485
484
484
484
484
483
483
483
483
483
482
482
482
481
480
480
480
479
479
479
478
476
476
475
475
475
475
475
475
474
474
474
474
473
472
472
472
471
471
471
469
469
468
468
468
467
467
467
467
465
465
464
464
464
464
463
463
463
462
462
461
461
460
460
460
459
459
459
459
459
458
458
458
458
458
458
457
457
456
455
455
454
454
454
453
453
452
452
452
451
451
451
451
450
450
450
449
449
449
448
447
447
447
447
446
446
446
445
445
445
445
444
444
443
443
443
443
443
443
442
442
442
441
440
440
440
439
439
438
438
438
437
437
437
436
436
436
434
434
434
434
433
433
433
433
433
432
432
432
432
432
432
431
431
431
431
431
431
430
430
430
429
429
429
429
428
428
428
428
428
428
427
426
426
426
425
425
425
424
424
423
422
421
420
420
420
420
419
419
419
419
419
418
418
417
416
416
416
415
415
415
414
413
412
412
411
411
411
410
410
410
410
410
410
409
409
408
408
407
406
406
406
406
406
405
405
405
404
403
401
400
400
400
400
400
399
399
398
397
397
397
397
396
396
396
396
395
395
395
395
394
394
394
394
394
393
392
391
391
391
390
390
389
389
389
389
388
388
385
385
384
384
384
383
383
383
383
382
382
381
381
380
380
379
378
378
377
377
377
377
376
375
375
375
374
374
373
372
372
372
371
371
370
369
368
368
368
368
368
368
367
367
367
367
367
366
366
366
366
366
365
365
365
364
364
364
364
363
363
363
363
363
363
363
362
362
362
362
362
361
361
361
361
361
360
359
359
359
359
359
357
357
357
356
356
355
354
354
354
354
353
353
352
352
352
352
351
351
351
351
351
350
350
350
350
348
348
348
347
347
347
346
346
346
345
345
345
345
345
345
344
344
344
343
343
342
342
341
341
341
341
341
340
339
339
339
339
339
338
338
338
337
337
337
336
336
335
335
335
334
334
334
334
333
332
331
330
330
330
330
329
328
328
328
328
328
328
328
328
327
326
326
326
326
325
325
325
325
324
323
323
322
320
320
319
319
318
318
318
318
318
317
317
317
317
317
316
316
315
314
314
314
313
313
311
310
310
310
309
309
309
309
309
308
308
308
307
307
307
307
306
306
304
304
304
303
303
303
302
302
302
301
301
301
301
301
301
300
300
299
298
297
295
295
295
295
294
294
294
293
293
292
291
291
290
290
290
289
289
289
289
289
288
287
287
286
285
285
284
283
283
283
283
283
282
280
279
279
278
278
278
278
277
277
276
276
276
276
275
275
274
274
273
273
273
273
273
272
272
272
272
272
272
271
271
271
270
270
270
270
270
270
269
269
268
268
268
267
267
267
267
266
266
266
266
265
265
264
263
263
263
263
262
262
262
261
261
261
261
260
260
260
259
259
258
257
256
256
256
256
256
255
255
255
255
254
254
254
254
254
253
253
252
252
252
251
250
250
249
249
249
249
248
247
247
247
247
246
246
246
245
245
244
244
243
243
242
242
242
241
241
241
240
240
239
239
238
238
238
237
236
236
236
236
235
235
235
235
235
235
234
234
234
234
233
233
233
232
232
232
231
230
229
229
229
228
228
227
227
227
227
227
226
226
226
226
226
226
225
225
224
223
223
222
222
222
222
221
220
220
219
218
218
218
218
217
217
217
217
216
216
215
215
215
214
214
214
213
213
212
212
212
212
209
209
208
208
208
208
208
208
208
207
207
206
206
205
205
205
205
205
203
203
202
201
201
200
200
199
199
198
197
197
197
196
195
194
194
193
193
192
192
192
191
191
191
191
191
191
191
190
190
189
189
189
188
188
187
187
187
187
186
186
186
185
185
184
184
184
183
183
183
183
183
183
182
182
180
180
180
180
180
179
179
178
178
178
178
177
177
176
176
175
175
174
173
172
172
172
172
170
170
169
169
169
169
168
168
168
168
168
167
167
167
166
166
164
164
164
163
163
162
162
162
162
162
161
161
161
161
161
161
161
160
159
159
158
157
157
157
156
155
155
155
154
154
153
152
152
152
152
151
150
150
150
