400
400
320
320
320
319
319
318
318
318
318
317
317
316
315
315
315
314
314
314
314
313
313
312
311
311
309
309
307
307
306
305
305
304
302
300
300
300
299
299
298
298
297
297
296
296
294
291
291
290
290
290
289
288
288
288
288
287
287
285
285
284
284
284
283
282
280
279
278
278
276
276
276
275
274
274
273
271
271
270
270
269
269
268
268
267
266
265
264
264
264
263
263
262
262
259
259
258
258
258
258
257
257
255
255
255
255
253
252
251
251
251
251
250
250
250
249
249
248
248
245
244
244
243
243
242
241
241
240
239
239
238
238
238
238
237
237
232
231
231
230
230
229
228
227
227
227
226
224
224
222
219
218
217
217
215
211
211
211
210
208
206
205
204
202
201
200
200
199
197
197
197
196
195
195
195
195
194
193
193
192
192
191
191
190
189
189
187
186
183
183
182
181
179
179
178
177
176
175
173
173
172
171
171
170
168
168
166
165
160
159
158
158
157
155
154
151
151
151
151
151
150
149
149
148
148
146
145
144
143
142
142
142
141
139
138
137
136
135
134
133
133
133
132
132
132
132
132
131
131
131
129
129
128
127
126
126
125
124
123
122
122
122
122
122
120
120
119
117
116
116
116
116
115
115
114
114
114
113
113
112
112
111
109
108
108
107
107
107
105
105
104
104
104
104
103
102
102
102
101
101
100
100
100
99
99
99
99
98
98
98
98
96
95
95
93
90
90
89
88
87
86
86
86
85
85
85
82
82
82
82
82
81
81
80
79
78
78
78
76
76
75
74
73
73
73
73
73
72
71
68
68
67
66
65
63
63
61
61
60
59
59
59
58
58
56
56
55
55
54
54
54
54
54
53
52
51
50
50
49
49
49
49
49
49
48
48
47
47
47
47
46
46
45
45
45
44
43
42
40
40
40
