400
750
600
600
600
598
595
592
591
589
588
588
588
586
586
583
583
583
581
576
574
573
572
571
571
571
569
568
567
566
563
559
557
554
554
552
550
549
549
548
547
547
546
545
545
542
542
541
541
538
538
536
536
535
534
534
534
533
533
533
533
531
528
527
527
526
526
525
524
523
522
522
522
521
521
521
520
517
517
516
514
512
512
509
508
506
505
504
504
503
502
501
499
499
499
497
497
495
494
493
493
493
492
490
490
487
487
487
487
486
486
485
483
483
482
481
481
480
478
477
476
475
475
473
473
472
472
471
471
470
470
470
469
469
466
466
465
465
462
459
459
459
454
452
451
450
448
448
444
444
444
443
443
442
442
440
439
439
439
436
436
434
434
431
430
429
428
428
426
425
424
424
421
421
420
419
418
417
417
413
412
408
407
405
404
404
402
402
401
400
399
399
396
396
396
393
392
392
391
391
390
389
387
386
385
385
384
382
380
380
380
379
378
378
377
376
375
375
372
371
369
369
364
364
362
362
362
361
361
360
360
358
357
357
356
356
356
356
355
354
353
353
352
352
352
351
348
348
347
346
344
343
342
340
339
336
335
334
332
331
331
329
328
325
323
321
320
319
318
317
317
315
313
311
310
309
309
308
308
307
307
306
304
304
302
302
301
301
301
298
294
288
285
282
278
275
274
274
272
269
267
267
265
264
262
259
259
258
258
257
257
256
251
250
250
250
248
248
248
247
246
244
243
242
241
241
240
236
235
235
235
234
231
231
230
225
225
219
219
218
217
217
217
216
216
216
214
214
212
211
209
206
205
205
202
200
198
196
196
196
196
193
192
192
191
190
190
190
188
187
186
186
185
185
183
183
182
182
180
180
179
177
177
175
172
172
172
171
171
170
169
168
167
166
163
162
159
156
152
150
150
150
