200
500
350
350
349
348
347
347
346
346
345
344
343
341
340
339
338
337
336
336
335
332
330
328
327
327
326
325
322
322
321
320
320
319
318
316
315
311
308
307
307
304
303
302
300
300
299
294
292
292
289
288
288
287
287
286
286
282
281
280
280
279
279
278
277
277
277
277
276
276
276
275
274
274
274
274
271
271
269
269
268
265
264
263
262
258
258
255
254
251
250
250
243
243
237
237
236
233
232
231
229
229
228
225
223
223
221
219
217
216
215
211
210
208
203
203
202
202
202
199
198
198
198
198
198
198
198
197
195
195
194
193
193
189
186
184
184
178
176
174
172
171
170
169
167
166
164
164
160
159
156
156
155
153
151
149
149
148
147
145
144
143
142
142
140
138
137
137
136
135
135
134
133
133
130
130
129
129
128
124
123
120
120
119
119
117
114
114
112
110
109
108
107
107
106
106
105
105
103
103
103
100
