200
750
525
521
513
509
503
502
500
497
496
495
494
493
490
489
487
487
485
484
484
483
483
474
472
472
470
464
462
457
451
441
436
432
432
430
430
425
424
422
420
420
413
412
409
407
405
404
402
399
397
392
391
389
389
385
381
379
378
375
372
372
368
364
363
359
357
355
351
351
351
349
345
344
342
339
337
335
335
334
328
327
324
321
321
319
318
315
312
306
305
299
295
294
291
287
287
285
281
280
279
276
275
267
266
264
263
262
260
260
259
259
254
254
252
249
247
247
245
245
244
237
237
235
228
224
224
224
224
223
222
221
219
217
215
214
209
206
203
197
196
193
192
192
192
190
189
182
182
178
176
175
173
172
170
169
166
165
162
160
159
158
156
151
150
147
145
144
144
141
136
133
132
130
128
128
125
124
123
119
118
116
116
110
105
101
101
101
101
100
99
97
97
97
95
87
85
84
83
83
79
77
