300
400
278
278
277
276
275
274
274
273
273
273
273
273
272
271
269
268
267
266
266
265
264
264
264
264
264
263
262
259
257
257
257
257
256
256
255
254
253
251
249
249
248
248
246
246
245
245
244
243
242
241
240
240
239
239
239
238
237
236
236
236
234
233
232
231
230
228
227
227
226
226
222
221
218
217
216
215
214
211
210
207
207
206
205
203
203
202
202
202
202
200
199
199
198
198
197
196
196
195
194
193
193
193
191
191
191
190
189
189
189
187
187
187
184
183
183
183
182
181
180
180
179
179
179
177
177
177
177
176
176
175
174
172
171
171
169
167
167
165
164
163
163
162
160
159
159
158
157
155
154
154
154
153
152
152
151
150
150
149
149
148
147
146
146
145
145
140
140
140
139
138
138
137
136
136
134
132
131
131
131
130
129
128
128
128
125
124
124
124
124
124
124
121
120
120
119
119
118
117
117
116
116
116
116
116
115
114
114
112
112
112
112
111
111
110
109
109
107
107
107
106
106
105
105
103
99
98
97
96
96
96
96
95
95
93
91
89
88
87
87
85
85
83
82
82
79
78
77
77
76
76
76
76
73
73
72
72
71
70
69
68
67
67
66
66
64
63
62
62
62
61
61
61
60
59
58
56
55
54
54
54
53
53
52
50
50
49
49
48
47
46
45
45
44
43
43
42
42
41
41
40
