500
300
240
240
240
240
239
239
239
238
238
237
237
236
236
235
235
235
234
234
234
234
233
233
233
233
233
232
232
232
232
231
231
231
231
231
231
231
230
230
230
230
229
229
228
227
226
225
225
224
224
224
224
223
223
223
223
223
222
222
222
222
222
222
221
221
221
221
220
220
220
219
219
219
219
218
218
217
217
216
216
215
215
214
213
213
212
212
212
212
210
210
210
210
210
209
209
208
208
207
207
205
205
205
204
203
202
202
202
202
201
201
200
200
199
199
199
199
198
198
198
198
197
197
196
196
196
196
196
196
194
194
193
193
192
191
191
191
190
190
189
189
188
188
188
187
187
186
186
186
185
185
185
185
184
184
184
184
183
182
181
180
180
178
177
177
176
175
175
174
173
173
173
173
172
172
171
171
171
170
169
169
169
168
168
167
167
166
166
165
165
164
164
164
163
161
160
159
159
159
158
157
157
157
156
156
155
155
153
153
153
152
151
151
151
151
149
148
146
145
145
145
145
144
144
144
144
143
143
143
143
141
140
140
139
139
139
138
137
137
137
137
136
135
135
135
134
134
134
134
134
133
133
133
133
132
132
132
132
132
131
131
131
131
130
130
130
130
129
129
129
128
128
128
128
128
128
127
127
126
125
124
124
124
124
124
123
123
121
120
120
120
119
119
119
119
118
117
117
116
116
116
116
114
113
113
111
111
111
111
109
108
108
105
105
105
105
105
104
104
104
104
104
102
101
100
99
99
98
98
98
97
97
97
97
95
95
95
94
94
94
94
93
93
93
93
93
91
91
91
91
90
90
90
90
89
89
88
88
88
87
86
86
85
85
85
85
85
84
84
83
83
83
82
82
82
82
81
81
80
80
80
79
79
79
79
79
78
77
77
76
76
75
74
74
74
73
73
72
72
72
70
70
68
68
67
66
65
64
64
64
64
64
63
63
62
62
62
61
61
61
60
59
58
57
56
56
56
55
55
53
53
52
52
52
50
50
50
49
49
49
48
48
48
48
47
47
47
47
46
46
46
45
45
45
45
45
44
44
43
42
42
42
42
42
41
41
41
41
41
40
40
40
40
39
39
38
38
37
37
37
36
36
35
35
34
34
33
33
33
33
33
33
33
33
32
32
32
32
31
31
30
