300
300
210
210
209
209
208
208
208
208
207
207
206
205
205
203
202
202
201
200
200
200
199
198
198
198
198
197
196
195
195
194
193
192
191
190
189
189
188
188
187
187
185
184
183
183
182
182
180
179
179
178
178
178
178
175
175
175
174
173
173
173
173
173
172
172
172
171
171
169
167
167
167
166
166
165
165
165
164
162
161
161
161
161
160
160
158
158
158
156
156
155
155
155
154
153
151
151
151
151
149
149
149
149
149
148
148
146
145
145
144
144
143
143
143
142
142
142
141
141
140
140
139
139
139
139
138
137
136
136
134
133
132
132
131
131
129
129
129
128
128
128
127
127
127
126
126
126
125
125
125
122
121
120
119
119
119
118
114
114
114
113
110
110
109
108
107
107
105
104
104
104
103
101
101
100
100
99
99
99
99
98
98
98
98
96
96
96
95
95
94
93
93
92
92
90
90
90
89
88
87
87
87
87
86
85
84
83
82
82
81
80
80
80
79
78
78
77
77
77
76
76
75
74
72
72
72
71
70
70
70
69
69
68
67
66
66
65
65
63
62
62
61
59
59
58
58
58
58
57
56
56
56
55
55
55
54
53
53
52
52
52
51
51
50
50
50
50
50
49
49
48
47
47
46
46
46
45
45
44
43
42
41
41
41
41
39
39
38
38
36
36
35
33
33
33
32
32
32
32
32
30
