200
200
140
139
139
137
137
137
137
136
136
136
136
135
135
135
134
134
134
133
133
133
132
132
132
132
131
131
131
130
130
130
128
128
128
127
126
126
126
126
126
125
125
125
125
122
121
120
120
120
120
118
118
118
117
116
115
115
113
113
113
112
112
111
111
110
109
109
109
108
108
106
106
106
105
102
101
101
101
99
98
98
97
96
96
96
95
94
94
93
93
93
92
92
91
91
90
90
88
88
88
88
87
87
86
86
86
85
84
84
84
84
83
83
83
83
83
82
82
82
81
81
81
81
80
80
79
79
78
78
77
77
76
76
74
74
73
73
72
72
72
72
71
70
69
68
68
66
65
64
64
64
63
62
62
61
61
60
60
59
59
59
58
58
58
57
57
56
56
55
55
55
54
53
52
51
51
51
50
49
49
49
49
48
48
47
47
47
46
46
45
44
44
44
44
44
43
43
43
42
40
40
