400
500
350
349
348
348
348
345
345
344
344
343
343
342
341
340
340
339
339
338
338
336
336
336
336
336
334
332
332
331
331
330
330
329
328
328
328
327
327
327
326
326
325
325
324
320
320
320
320
320
320
319
318
317
316
315
315
314
314
313
313
313
311
311
311
310
310
309
309
308
308
307
307
306
306
305
305
305
305
304
303
303
303
302
302
302
301
301
299
299
298
298
298
297
297
296
296
295
295
293
293
293
293
292
292
292
290
290
289
289
288
287
286
286
285
285
285
285
284
283
282
282
282
282
281
281
281
281
279
279
279
278
278
276
276
276
276
275
274
274
273
273
273
271
271
270
269
267
267
265
265
264
264
263
263
263
262
261
261
260
258
258
257
257
256
256
255
255
254
254
254
254
253
253
252
252
250
250
249
249
249
248
248
247
247
247
245
244
242
242
242
241
240
240
240
240
239
239
239
239
239
238
238
237
237
237
236
236
235
235
235
234
234
234
232
231
230
230
227
227
226
225
225
224
223
223
222
222
221
221
220
220
219
217
216
216
215
215
214
214
214
213
212
212
210
210
209
209
209
208
208
206
206
206
206
205
204
204
203
203
201
201
201
200
200
199
199
198
197
196
193
192
192
192
191
190
190
189
188
188
188
188
188
188
187
187
186
186
186
185
185
183
182
180
179
179
178
178
177
176
176
176
175
175
174
173
173
172
172
171
169
168
168
167
167
167
166
165
163
160
160
159
159
158
156
156
155
154
154
153
152
151
150
150
150
149
148
147
147
147
147
145
145
144
144
144
143
142
141
141
141
141
136
133
133
133
130
130
129
129
128
127
126
126
126
125
125
125
124
123
123
123
123
121
119
118
118
118
117
117
117
116
115
111
109
108
107
107
106
106
106
106
105
103
102
102
101
100
100
100
100
100
