300
400
320
320
319
319
319
318
318
316
316
315
314
313
312
312
310
308
308
308
307
307
306
303
301
300
300
297
295
295
295
295
294
293
291
290
290
289
288
287
286
283
280
278
277
277
275
274
274
272
271
271
269
268
268
268
268
267
267
267
266
265
264
264
263
262
262
260
260
258
256
252
252
252
251
250
248
248
247
245
244
243
240
239
238
237
237
237
237
236
233
233
232
231
230
229
228
228
227
226
225
224
224
224
224
223
221
220
219
219
216
214
212
209
208
208
207
206
205
205
204
203
202
202
201
200
200
198
198
197
197
197
195
194
194
194
193
191
188
188
188
187
185
184
184
183
182
181
180
179
176
174
174
173
172
172
171
169
169
169
169
168
167
166
165
165
165
163
163
162
161
160
160
160
159
159
157
157
156
155
153
152
151
150
150
149
149
146
146
144
141
141
141
140
139
138
137
137
136
136
135
135
134
134
133
133
132
129
127
123
123
123
122
122
121
120
119
119
118
118
118
117
117
116
115
113
112
111
111
108
108
106
105
105
104
104
103
103
103
101
101
100
99
99
99
99
95
94
94
92
92
92
92
88
87
87
86
85
84
83
83
81
80
80
80
80
79
77
76
76
75
72
71
71
71
70
69
68
66
66
65
65
64
62
61
60
58
58
58
55
55
54
49
48
46
46
45
45
42
40
40
40
