750
750
599
599
597
597
597
596
596
595
594
593
593
593
592
592
592
591
591
591
589
589
588
588
588
587
587
587
586
585
585
585
584
584
583
583
583
583
582
581
581
581
580
579
577
577
573
573
573
572
571
570
570
569
569
569
567
564
562
561
561
560
560
559
558
556
555
555
555
553
552
552
550
550
549
549
548
548
547
545
544
544
543
543
543
542
541
540
539
539
539
538
537
536
536
535
535
534
533
532
532
531
531
530
526
522
521
520
520
519
518
518
518
515
515
514
514
513
513
512
511
511
510
510
510
509
509
508
507
507
506
506
505
505
504
504
503
502
501
501
500
499
499
498
497
497
495
495
494
494
494
494
492
492
491
490
489
489
489
488
488
488
488
488
487
486
486
486
485
485
484
483
483
483
482
482
481
480
479
479
478
478
478
477
477
477
476
475
475
475
474
474
471
471
470
470
470
470
470
469
469
467
467
466
466
466
465
465
465
465
464
463
463
463
462
461
458
457
457
455
455
454
453
453
453
453
452
452
452
452
451
451
451
450
450
450
449
448
448
448
445
445
445
445
444
441
440
439
438
437
436
436
435
435
435
434
434
433
433
433
433
432
429
429
429
428
427
426
426
426
425
425
425
424
424
423
423
422
422
421
421
418
418
417
416
415
415
413
413
413
412
412
412
411
411
411
410
409
407
407
407
406
406
406
405
404
404
400
399
399
399
399
398
394
394
393
392
392
391
391
390
386
385
384
384
383
383
382
380
378
378
378
377
377
376
376
376
375
373
373
372
372
372
372
372
371
370
370
370
370
370
369
369
368
368
368
367
367
366
366
366
365
363
363
360
360
360
359
359
359
357
357
356
356
356
354
354
353
353
352
352
351
351
351
350
350
349
347
347
346
345
344
344
343
343
343
342
340
340
337
335
335
334
332
331
331
331
330
330
330
329
329
329
327
326
323
322
321
319
318
318
318
318
317
316
316
316
316
315
315
315
313
313
313
313
313
312
312
311
311
310
310
309
309
309
308
308
306
306
306
305
305
305
305
303
303
302
301
301
300
300
299
298
296
295
295
295
294
294
293
292
291
290
288
285
285
285
283
283
281
280
280
280
280
277
276
275
274
274
273
273
273
273
273
272
271
269
268
267
267
265
263
262
262
262
261
260
259
259
259
258
258
256
255
254
250
250
249
248
247
247
244
243
241
240
240
240
239
239
238
237
236
235
235
234
233
233
232
231
231
229
228
228
227
227
227
227
226
225
225
223
223
223
221
221
221
221
220
220
220
219
219
219
217
217
216
215
214
214
213
213
213
213
210
210
206
205
204
204
203
203
202
201
199
199
198
198
197
197
197
196
196
195
193
192
189
187
186
186
186
185
185
184
183
182
182
181
181
180
179
179
179
179
178
178
178
177
177
176
176
176
176
176
175
175
173
172
171
171
171
170
168
168
167
167
166
163
163
162
161
161
160
160
160
160
160
159
158
158
156
156
156
156
155
153
151
151
151
150
150
147
146
145
145
144
143
141
140
138
137
136
135
134
133
133
133
132
132
131
131
131
130
130
129
127
125
125
124
123
122
121
119
118
116
115
114
113
113
113
111
111
111
110
109
109
107
106
106
104
103
103
102
102
102
101
100
98
98
98
97
96
96
95
95
95
92
91
90
89
87
86
85
84
84
83
82
82
82
82
82
81
81
81
80
80
80
80
79
79
79
77
75
