300
200
160
160
159
159
158
156
156
156
155
155
154
154
153
152
152
151
151
151
150
150
150
150
148
147
147
147
146
146
146
145
143
143
143
143
141
141
140
139
139
138
137
137
137
136
136
136
136
135
135
135
134
134
134
134
133
133
133
132
132
131
130
130
130
130
130
128
128
128
127
127
126
126
125
125
125
124
124
124
124
123
123
123
123
122
120
120
119
119
119
119
118
116
116
115
115
114
114
114
114
113
113
113
112
112
112
112
111
111
110
110
110
109
108
107
107
107
106
105
104
104
103
103
102
102
102
102
101
101
101
101
100
100
99
99
99
99
99
98
97
96
96
95
95
95
95
94
93
92
92
91
91
91
90
90
89
89
88
88
88
88
87
87
86
85
85
85
84
84
84
84
84
83
83
82
82
82
81
80
80
79
78
78
76
76
75
74
74
74
73
73
71
70
70
69
69
69
69
68
68
68
68
67
66
65
64
64
63
63
62
62
62
61
61
61
60
60
59
58
58
58
57
56
55
54
53
53
53
51
51
50
50
50
50
50
49
49
49
48
48
47
47
46
45
44
44
43
42
42
41
41
41
41
41
40
39
39
37
37
37
36
36
36
35
35
34
33
33
32
32
31
31
31
31
30
30
29
29
28
28
27
26
26
26
25
25
24
24
23
22
22
22
22
22
22
22
21
21
20
20
20
