750
500
400
400
399
399
399
398
398
397
397
397
397
397
395
395
393
393
393
392
392
391
391
390
390
390
389
387
387
386
385
384
383
382
381
381
381
380
380
380
380
380
379
378
378
378
378
377
377
375
374
374
374
374
374
373
372
371
370
370
370
370
369
369
369
369
369
368
367
366
366
366
366
365
365
365
364
364
364
362
361
360
360
360
360
359
359
359
358
357
356
356
356
356
355
354
354
354
352
352
352
351
349
349
348
348
348
347
347
347
347
346
346
345
345
345
345
344
344
344
344
343
343
343
342
342
341
341
341
341
340
340
339
339
339
339
337
337
337
336
336
336
336
335
335
334
334
333
333
332
331
331
330
330
329
329
329
328
327
327
327
326
326
326
326
326
326
325
325
325
324
324
324
323
322
322
321
321
321
320
319
319
318
317
316
316
316
315
314
314
313
312
312
311
310
309
309
309
309
309
309
309
308
308
308
307
307
307
307
306
305
305
304
304
303
302
302
302
302
302
301
301
300
300
300
299
299
297
296
296
296
296
295
295
294
294
294
293
293
292
292
291
291
291
290
290
289
289
289
288
288
288
287
287
286
286
285
285
285
285
285
284
284
283
283
283
283
283
283
283
282
280
279
279
277
277
277
276
275
275
275
275
275
273
271
270
270
267
267
267
267
265
265
264
263
261
260
259
259
259
258
257
256
255
255
255
254
254
254
253
253
253
252
252
251
251
250
249
249
248
248
248
247
247
246
245
245
244
244
244
243
243
243
243
241
241
240
240
240
239
239
238
238
238
237
236
236
236
235
234
233
231
231
230
229
229
229
228
226
226
226
225
225
225
224
224
223
222
221
221
221
220
220
220
219
218
218
218
218
217
216
216
216
215
215
214
214
213
213
213
212
212
211
211
211
209
209
208
208
208
208
208
208
207
207
206
205
205
205
204
204
203
201
201
200
199
199
199
199
198
197
197
197
197
196
196
196
196
195
195
194
194
193
193
191
190
189
189
189
189
188
188
187
186
185
185
185
184
184
182
181
180
180
180
180
179
179
179
179
178
178
178
177
177
176
176
176
175
174
174
174
174
173
173
173
172
171
171
171
171
170
170
168
168
168
167
166
166
165
165
165
165
164
164
164
163
163
163
162
162
162
162
160
159
159
158
158
157
157
157
156
156
156
156
154
154
154
153
153
153
152
151
151
150
150
150
150
149
148
148
148
148
146
145
145
145
145
145
144
144
144
144
143
143
143
143
142
141
141
141
141
140
140
140
140
139
138
138
137
137
137
137
137
136
136
136
136
135
135
135
135
133
133
133
133
132
131
131
131
130
130
130
130
129
128
128
127
127
126
126
125
124
124
122
121
121
120
119
119
118
118
117
117
117
117
117
116
116
115
115
115
115
114
114
113
113
113
113
112
112
111
111
111
111
111
110
110
109
109
108
108
108
108
107
107
106
106
106
106
104
104
103
103
102
102
101
101
101
100
99
99
98
97
97
96
95
95
95
94
94
94
93
93
93
92
92
92
90
90
90
90
90
88
88
87
86
86
85
85
84
84
84
83
83
83
82
82
81
81
80
80
80
80
79
79
79
78
77
75
72
72
71
71
70
70
69
69
68
68
67
67
67
67
66
66
66
64
64
64
63
63
63
63
63
61
60
60
60
60
60
60
59
58
58
58
57
56
56
56
56
56
56
55
54
54
53
53
52
52
52
51
51
