400
500
350
350
350
349
349
347
345
344
344
343
343
342
341
338
338
337
337
336
336
336
335
335
334
333
331
329
329
328
328
327
326
326
325
324
323
323
322
321
319
319
317
316
316
315
315
315
314
313
313
312
312
312
312
311
310
310
310
310
309
309
307
307
306
305
305
305
304
303
303
303
302
302
302
301
301
301
300
299
299
298
298
297
296
294
294
293
293
291
291
291
290
290
287
286
285
283
283
282
282
282
281
280
280
279
278
278
278
278
277
276
276
275
275
273
273
272
272
269
268
267
265
263
263
263
262
261
260
260
260
260
259
259
258
258
253
253
252
252
251
250
250
250
248
244
243
242
242
242
241
239
238
238
238
238
236
236
235
234
232
232
232
231
230
230
227
226
226
226
225
225
224
224
223
222
222
221
221
220
218
218
217
217
217
214
214
214
213
213
213
212
211
211
211
210
210
210
210
209
209
206
206
206
206
205
205
204
202
201
201
201
200
199
197
197
196
195
195
195
194
194
191
191
191
187
185
184
184
183
182
182
180
180
179
178
177
176
176
174
173
173
172
171
171
170
169
169
168
168
168
168
167
167
164
164
164
164
164
163
163
162
161
161
161
160
159
159
159
158
158
158
157
157
157
155
154
153
152
152
152
151
150
149
148
148
148
148
148
147
146
143
143
142
141
140
139
139
138
138
137
135
135
135
134
134
133
133
132
131
131
130
128
127
127
125
124
123
122
122
122
121
119
118
118
118
116
116
115
115
114
114
114
112
110
110
110
109
107
106
106
105
103
102
102
100
100
99
97
97
96
94
94
93
92
91
89
89
87
86
86
86
85
85
85
82
81
79
78
78
76
75
75
74
74
73
72
71
71
71
71
71
70
69
69
66
66
65
65
64
61
61
59
59
59
58
55
55
54
54
53
53
