300
750
525
524
522
521
521
520
519
518
514
512
509
507
506
506
503
503
502
499
498
497
496
496
495
494
493
491
490
490
489
485
484
482
481
480
479
478
478
478
478
477
476
476
476
474
474
471
467
465
461
460
459
458
457
456
455
452
450
447
446
437
434
433
431
430
429
428
428
427
421
421
420
418
418
417
417
416
416
413
413
412
410
409
406
405
401
398
397
396
395
394
392
390
387
386
385
384
383
383
374
372
369
369
368
364
363
362
361
361
360
359
356
355
354
354
352
351
349
348
348
347
346
345
342
340
339
337
336
336
336
335
335
333
331
329
329
327
324
321
321
319
315
315
314
314
311
307
306
306
300
300
299
297
296
296
294
292
290
290
288
285
284
283
279
279
275
275
274
274
273
273
271
270
270
268
268
266
266
265
263
262
262
261
261
258
258
257
256
255
254
253
250
250
247
247
247
243
242
237
235
235
232
230
229
227
227
225
222
221
220
219
218
217
215
214
211
209
207
207
207
206
205
203
201
200
198
198
197
196
191
190
189
189
188
186
185
184
183
182
177
176
174
171
167
167
164
163
158
157
156
156
154
153
152
151
150
149
147
146
143
140
140
129
129
128
123
123
122
121
120
120
116
116
112
111
111
110
110
108
107
106
101
100
100
99
97
97
96
92
92
87
86
84
83
83
81
81
80
78
78
76
