750
1000
700
699
699
698
698
698
697
697
696
694
693
692
691
691
691
690
689
689
688
687
687
687
686
686
686
685
684
684
683
683
683
683
681
680
680
680
680
679
678
678
678
677
674
673
669
669
668
667
666
666
665
665
665
664
664
661
661
661
660
660
659
659
659
659
659
659
658
657
656
656
655
655
654
654
654
653
653
653
652
651
651
650
650
648
648
647
644
644
643
642
641
641
640
640
640
638
638
638
637
637
637
635
635
635
633
632
631
631
630
629
629
628
628
627
627
625
624
623
623
623
622
622
622
621
621
621
620
619
619
619
618
617
617
617
617
616
616
616
616
614
614
613
613
612
612
612
611
611
609
608
608
607
605
605
604
603
602
601
601
600
600
600
599
598
598
597
594
593
593
592
591
589
589
589
588
588
585
584
584
583
583
582
581
580
580
579
579
579
578
578
576
576
576
576
575
574
574
571
570
569
569
569
569
568
566
565
565
565
563
562
562
561
560
560
559
558
558
558
555
553
553
552
552
551
551
550
549
548
547
546
545
543
542
542
542
541
541
541
540
539
538
535
535
535
535
534
533
532
531
530
528
528
527
527
527
526
526
525
525
525
525
525
524
524
523
523
523
522
522
521
521
520
519
518
518
517
517
516
514
514
514
514
513
513
513
512
512
512
512
511
511
510
508
507
507
506
506
505
504
503
502
502
502
501
499
498
498
498
497
496
496
495
495
494
494
494
494
494
493
493
492
492
491
491
491
489
488
488
488
487
486
486
485
485
485
483
483
481
481
480
480
480
478
477
477
477
477
475
473
471
469
468
468
468
467
465
465
464
464
464
464
464
460
460
459
458
458
456
456
454
454
453
453
453
452
452
451
450
450
448
448
448
447
445
445
445
445
444
444
443
440
440
439
439
438
438
437
435
435
435
433
433
432
431
430
430
430
429
429
429
428
428
427
427
427
425
424
424
423
423
422
421
420
420
420
418
417
417
416
415
414
414
414
414
413
412
410
410
409
409
409
408
408
406
406
406
406
405
404
403
403
403
403
403
402
401
400
399
399
398
398
398
397
396
396
396
393
392
391
390
390
390
390
390
389
389
389
388
387
387
387
387
385
384
383
383
383
382
382
382
381
381
380
379
379
377
377
376
376
376
376
375
375
374
373
371
371
371
370
369
369
369
368
366
365
365
362
362
361
360
358
357
356
356
356
355
355
354
353
352
351
351
350
347
347
347
346
345
344
344
344
343
342
342
342
342
341
340
340
339
339
338
338
334
334
333
333
331
331
330
329
329
328
328
327
324
324
324
324
323
322
321
320
319
318
318
318
317
317
317
316
316
315
314
312
312
312
311
311
310
310
309
308
308
308
306
306
305
304
304
303
303
303
301
300
299
299
299
299
296
296
295
295
292
291
291
289
288
285
284
284
283
283
282
281
279
278
278
277
277
277
276
274
274
273
273
271
271
271
270
270
267
267
266
266
266
265
265
264
263
263
263
262
261
260
260
259
259
259
258
257
257
257
256
256
256
254
254
253
253
252
251
250
249
249
248
248
248
247
247
246
245
245
244
243
243
242
242
241
240
239
238
236
235
234
234
234
233
233
233
232
229
229
228
228
227
227
227
224
224
224
222
221
220
220
219
219
219
219
218
218
217
216
216
215
215
215
215
214
214
213
213
213
212
212
211
211
211
210
209
209
208
208
206
203
202
201
201
201
200
