300
750
525
525
525
522
522
520
520
518
517
516
515
515
512
512
508
506
506
504
504
504
504
501
500
500
500
498
492
492
490
487
485
485
484
478
474
471
470
469
469
467
467
466
464
463
460
460
459
457
451
448
448
447
445
441
441
437
436
434
433
432
431
430
428
425
425
422
422
419
417
417
417
417
417
416
409
409
407
406
406
406
405
401
400
399
399
397
395
394
394
389
386
385
384
383
381
380
378
376
375
371
370
368
367
366
366
365
363
363
363
362
360
354
354
352
352
351
351
347
347
346
344
343
342
341
341
340
338
334
333
328
328
325
325
324
324
323
321
321
314
313
313
312
310
310
309
309
303
302
299
298
298
298
294
293
292
288
284
283
281
279
278
277
272
271
270
267
265
264
263
262
256
256
254
253
249
248
248
248
247
244
244
243
243
237
236
236
235
234
233
232
231
230
229
228
228
228
227
225
225
225
225
225
221
220
219
218
217
216
203
201
200
199
199
199
197
196
196
195
193
193
193
191
191
189
189
188
187
186
185
184
183
183
180
179
178
176
175
174
172
170
169
165
165
165
159
158
155
154
153
153
153
151
150
148
148
145
143
137
136
136
135
132
132
130
130
124
119
119
118
115
114
112
112
112
112
111
111
109
108
105
105
105
103
103
101
100
99
96
96
93
90
89
88
88
86
86
82
81
78
75
