400
750
600
598
598
597
594
591
590
589
588
587
587
586
585
585
584
583
582
581
577
576
574
573
570
570
569
569
566
565
564
562
562
562
561
558
556
554
551
550
549
549
548
548
548
546
545
543
543
542
541
541
541
540
539
538
537
537
536
536
530
529
529
527
527
525
524
522
517
517
515
514
514
513
512
508
507
505
505
504
503
502
502
502
502
499
499
498
498
497
496
493
493
491
487
486
485
484
482
481
480
480
480
478
477
476
471
471
470
470
469
469
468
464
463
461
460
459
458
456
456
455
453
453
451
451
449
448
448
447
446
445
444
443
441
439
438
437
437
437
436
433
433
432
432
429
428
428
428
427
424
419
418
418
417
410
410
410
407
407
405
404
403
402
402
400
399
398
396
393
393
392
389
385
384
384
383
381
380
378
377
372
372
370
367
367
366
366
366
363
362
361
358
356
354
354
354
352
352
352
352
352
350
348
346
342
341
340
340
340
337
334
334
331
329
326
324
323
322
322
321
321
320
319
316
316
315
314
312
311
310
309
306
304
303
303
300
298
295
294
293
291
290
289
288
286
284
284
282
281
281
278
278
278
277
277
276
275
275
273
272
270
270
267
267
265
265
262
261
260
258
257
255
253
252
252
252
251
246
245
244
243
242
242
238
237
236
235
235
234
234
233
232
228
228
227
227
224
224
224
219
218
217
217
216
214
214
213
213
212
209
207
206
205
201
199
199
198
195
195
194
193
190
189
186
186
185
181
179
179
178
177
173
172
171
171
168
168
167
166
164
163
160
159
159
156
153
153
152
152
151
151
149
146
144
142
141
140
139
138
137
137
130
129
128
125
125
124
123
123
121
119
119
116
116
114
111
110
108
108
107
106
105
104
104
104
99
99
99
95
94
92
92
90
86
85
84
83
83
81
78
75
