1000
1000
799
799
799
799
798
797
796
793
792
791
790
790
789
788
788
787
787
786
786
786
785
784
784
783
783
783
783
782
781
781
781
780
780
779
779
779
778
778
777
775
775
773
773
771
771
771
770
770
769
767
766
765
765
764
763
763
762
761
760
757
757
756
756
755
754
754
753
753
753
753
752
751
751
751
750
750
749
748
748
747
746
745
745
745
745
745
744
744
744
742
742
741
741
740
739
738
738
738
737
737
737
736
735
735
734
734
733
732
729
727
727
727
726
725
724
724
724
722
720
719
718
715
715
715
715
712
712
712
711
710
710
709
709
708
708
707
707
706
705
705
705
705
704
704
703
703
702
702
702
701
701
701
700
700
700
700
699
699
699
697
697
696
696
696
695
695
694
694
694
694
692
692
692
692
691
690
690
690
690
690
689
689
687
687
686
686
686
686
686
685
685
682
681
681
681
680
680
680
680
679
678
677
674
674
674
673
673
672
671
671
671
671
670
670
669
668
668
668
667
667
666
666
665
665
663
662
662
662
661
660
660
659
659
659
658
657
656
655
654
654
652
651
651
650
650
649
649
649
648
648
646
646
646
645
645
644
642
642
642
641
640
640
638
638
638
638
637
637
636
635
635
635
634
634
633
633
632
632
632
631
630
630
630
629
628
627
627
627
627
626
626
626
625
625
623
623
623
623
623
623
622
622
622
621
621
620
619
618
617
616
616
616
615
614
613
613
613
613
613
612
611
610
610
608
608
608
606
606
606
604
604
603
602
601
601
599
598
598
598
597
596
594
594
594
593
593
593
591
591
591
589
589
589
588
587
587
587
586
585
585
583
582
582
582
582
582
582
581
580
580
580
580
578
578
578
575
574
574
573
573
573
571
570
567
567
566
566
566
565
564
564
563
563
563
563
561
561
559
559
558
558
558
557
556
556
556
555
554
554
554
552
552
551
549
549
548
548
547
546
545
545
544
544
544
544
544
543
543
542
542
541
541
540
540
540
539
538
538
538
537
536
536
535
535
534
533
533
533
533
532
532
530
530
529
529
528
528
528
527
527
526
526
525
524
524
524
523
522
521
521
519
518
518
517
516
516
516
514
514
514
514
513
513
512
511
511
511
510
510
510
509
509
509
508
507
505
505
505
505
505
505
505
504
503
503
502
501
500
500
499
499
499
499
499
496
496
496
495
493
492
492
492
492
492
491
490
490
489
489
489
489
489
487
486
485
484
484
484
482
481
481
480
480
480
479
479
478
477
473
472
472
472
472
470
469
468
468
467
467
466
466
466
465
465
465
465
465
462
462
462
461
460
460
460
460
459
459
459
459
459
459
457
456
455
453
453
453
452
451
451
451
450
450
450
449
449
449
448
448
448
447
447
446
446
445
445
444
443
441
441
439
439
439
437
437
437
437
436
435
435
435
434
434
434
434
433
431
431
430
429
428
427
427
425
424
424
424
423
423
421
421
421
420
419
417
417
416
415
413
413
412
411
411
411
411
410
410
410
410
409
409
408
408
407
407
405
404
404
403
402
402
401
400
400
399
399
399
398
398
398
397
397
397
396
396
396
396
395
394
393
393
393
392
392
392
391
391
391
391
390
389
388
388
388
387
387
387
385
383
383
383
381
381
380
380
380
378
377
376
376
376
376
375
375
375
372
372
372
371
370
370
369
369
368
367
366
365
365
364
364
362
362
362
362
362
361
360
359
359
359
358
357
356
356
356
354
354
354
352
351
351
350
350
350
349
348
347
347
346
346
346
345
345
344
344
343
342
341
341
338
338
337
337
337
335
334
334
333
333
332
331
330
330
330
328
327
327
326
324
321
321
321
320
319
319
319
318
317
317
317
316
315
315
315
314
314
313
313
313
312
310
309
308
308
308
307
307
307
306
306
306
305
305
305
304
304
304
303
302
302
301
301
301
300
299
298
298
297
297
296
295
295
295
294
293
293
293
293
292
291
291
289
289
289
287
286
285
285
285
285
285
284
284
283
280
280
280
278
278
278
278
278
278
277
277
276
276
276
275
274
271
271
270
269
267
267
267
266
265
264
264
264
263
263
263
262
262
259
259
258
255
254
254
254
251
250
249
249
248
246
246
245
244
242
242
242
242
241
241
241
239
239
238
238
238
236
235
235
234
232
232
232
232
231
230
230
230
229
229
228
227
227
227
227
226
226
226
226
225
224
224
223
222
221
220
218
218
217
216
216
215
215
214
212
212
212
212
211
211
210
210
210
209
208
208
207
207
207
207
207
206
206
206
205
204
204
202
201
200
200
