200
750
600
600
599
592
587
584
584
583
582
581
581
578
577
575
573
573
567
567
566
565
563
554
550
550
549
548
548
545
536
521
519
518
512
512
511
511
510
507
493
493
482
482
481
481
481
481
480
478
478
473
469
468
458
456
453
448
447
447
441
441
441
434
432
431
425
424
414
411
410
410
409
402
402
401
401
399
398
397
397
390
383
383
382
380
376
376
372
372
369
362
357
357
356
355
350
347
342
341
339
336
332
327
324
322
320
318
317
316
316
314
313
311
305
295
294
293
288
287
286
281
280
275
270
269
268
265
263
259
256
250
240
239
237
236
231
229
227
226
223
221
218
216
216
215
212
211
205
203
200
200
199
197
195
187
185
180
177
175
168
166
164
160
153
152
144
143
141
141
141
139
136
135
133
133
132
131
127
120
119
115
115
111
110
108
107
98
98
96
94
93
91
91
90
87
85
81
80
78
78
76
