500
750
600
600
599
599
593
593
592
588
587
587
586
586
586
586
585
584
579
579
578
578
577
577
577
573
572
571
570
569
568
568
567
567
566
566
566
563
563
563
562
561
561
561
561
560
559
557
556
556
555
553
553
553
553
553
552
552
551
551
551
550
550
550
550
549
548
547
546
546
545
545
544
544
543
543
539
539
539
539
538
538
538
537
536
536
536
536
535
535
533
533
532
532
530
530
529
528
525
525
525
523
523
523
523
521
521
517
515
514
514
513
513
512
512
511
509
508
508
508
508
505
505
504
504
504
503
502
502
502
501
500
500
500
499
498
496
495
493
491
490
490
489
489
488
488
487
487
487
485
484
483
481
480
479
479
478
477
476
475
474
474
473
472
472
472
470
470
469
468
467
467
465
464
464
462
461
460
459
459
459
459
456
455
454
453
452
452
451
451
449
449
449
448
447
446
446
444
442
442
442
441
440
439
439
439
439
438
438
437
437
437
434
433
432
431
430
429
428
426
426
426
425
424
424
418
417
416
415
412
411
410
410
410
409
409
409
408
408
407
405
404
404
403
401
401
401
400
400
399
395
393
389
389
389
389
387
387
384
384
382
381
378
378
378
377
376
376
375
375
373
372
371
371
369
369
368
367
367
366
366
366
366
366
365
364
360
358
357
357
356
354
354
354
351
348
347
346
346
345
345
345
345
344
342
342
339
338
338
337
337
337
337
337
337
336
335
333
333
332
330
330
329
329
327
325
324
321
320
319
319
313
311
311
310
306
302
301
300
300
297
297
296
290
289
288
288
287
287
286
285
285
285
284
283
282
281
281
281
279
277
277
277
277
276
276
275
274
272
271
271
271
271
268
267
266
265
263
262
261
261
260
259
259
259
259
258
255
254
254
253
252
252
251
248
248
247
246
246
246
244
243
242
239
238
238
238
238
237
237
236
236
235
235
232
232
231
229
228
228
227
227
227
225
224
223
220
217
216
216
216
215
214
213
213
210
210
209
207
207
207
207
205
204
200
200
200
200
200
199
199
198
196
196
194
194
193
192
191
191
190
190
187
186
185
183
183
181
181
179
176
176
175
175
174
173
172
168
168
167
166
166
164
163
163
162
159
159
158
158
158
156
156
155
155
154
153
153
153
152
151
150
