750
750
600
600
599
599
598
597
597
597
597
596
596
595
594
594
594
593
592
590
590
589
589
589
586
586
585
584
584
583
583
583
581
580
580
579
578
577
575
575
574
574
573
573
572
571
570
570
570
569
569
568
568
567
565
565
565
563
563
562
561
559
558
558
556
555
555
555
554
554
554
551
550
550
549
549
548
548
548
548
548
547
547
546
546
546
544
544
544
544
543
543
543
542
542
542
542
540
540
540
538
538
538
538
537
536
535
535
535
535
534
533
531
530
528
528
528
528
527
527
526
525
525
525
525
524
524
524
523
521
520
520
519
519
519
518
518
518
517
516
516
515
515
515
514
513
513
513
511
511
509
508
508
508
507
505
505
505
504
504
504
503
503
502
500
499
499
498
498
497
497
496
496
495
495
494
494
494
492
491
490
489
488
488
488
487
487
486
485
485
485
485
484
484
483
483
483
481
481
480
480
480
477
477
476
475
473
473
472
472
472
471
470
469
469
468
468
467
466
465
465
465
464
463
463
462
462
462
461
461
461
459
459
459
459
459
459
457
457
457
457
457
456
456
456
456
455
454
454
454
454
453
453
452
451
451
451
449
447
446
446
445
445
445
444
444
444
443
442
441
441
439
439
439
437
436
436
436
436
436
436
436
434
434
434
434
434
433
433
432
432
431
431
430
429
429
428
428
428
427
425
425
424
424
423
423
423
423
423
422
422
422
422
420
420
420
419
418
417
417
417
416
416
416
415
414
413
412
412
412
411
411
409
408
408
407
406
405
405
404
404
403
403
401
401
399
399
399
399
398
398
394
394
392
392
392
392
390
388
388
388
387
387
387
387
387
386
385
383
382
382
382
382
382
381
381
380
379
379
378
378
378
377
377
377
376
373
373
373
373
373
372
371
371
370
370
369
369
368
367
367
367
366
364
364
363
362
360
360
359
359
358
358
358
357
357
356
356
355
355
354
352
351
351
349
349
347
347
346
345
343
343
343
341
341
341
339
339
339
339
339
336
335
335
335
334
333
333
333
332
332
332
331
330
330
328
328
327
327
326
326
325
325
324
323
322
322
322
322
321
320
320
320
319
319
319
317
316
316
315
314
313
313
312
312
312
311
311
310
310
310
309
308
307
307
306
306
304
304
303
301
301
301
300
300
299
299
299
297
296
295
295
294
294
294
293
292
292
291
290
290
290
290
288
288
287
287
287
286
286
286
285
285
285
285
285
284
283
283
283
283
282
281
281
280
278
277
277
277
276
275
274
274
274
273
273
273
273
273
271
270
268
268
267
267
267
266
266
266
265
265
264
264
263
263
261
260
258
256
256
256
256
255
255
255
254
254
254
253
253
253
253
253
252
252
252
251
251
251
250
250
249
248
248
248
247
246
246
245
245
244
243
242
241
241
241
240
240
239
238
238
237
237
237
236
236
235
233
233
232
231
231
231
230
229
228
228
227
226
225
224
222
222
222
219
219
218
218
218
218
217
217
217
216
214
214
214
213
213
211
211
210
210
209
207
206
206
206
205
204
204
204
203
202
202
201
200
200
199
199
199
198
196
196
195
195
194
192
192
191
188
188
188
187
185
185
185
184
182
182
181
180
180
179
179
178
178
177
177
177
176
176
174
174
173
173
173
172
171
170
170
169
168
167
167
167
167
166
166
164
164
164
163
163
161
160
160
159
159
158
157
156
156
156
156
155
154
153
152
152
151
150
