300
400
279
279
278
277
277
277
275
274
273
272
270
269
269
269
268
265
265
264
264
262
261
261
261
261
260
260
260
259
258
257
256
256
256
256
256
256
254
251
251
249
249
249
247
246
244
244
242
242
242
241
241
240
240
240
239
237
237
237
236
235
234
234
232
231
229
228
227
227
226
225
225
225
224
221
221
220
219
218
218
216
216
215
214
214
213
213
212
212
212
209
209
208
206
205
205
204
203
201
201
201
201
201
200
200
200
198
197
196
195
195
195
194
192
190
190
189
189
188
187
187
187
186
184
182
181
181
180
178
177
177
177
175
175
174
169
169
169
168
168
168
168
168
167
167
167
167
166
166
165
164
164
163
163
162
160
160
160
158
157
157
157
157
156
156
155
154
154
153
150
149
149
147
147
146
145
145
145
144
144
143
142
141
141
141
140
139
139
138
137
137
135
135
135
134
134
133
133
132
132
132
132
131
130
130
128
127
125
122
121
120
119
119
118
117
116
115
115
113
110
109
108
107
107
107
106
105
105
104
104
104
103
103
103
103
102
102
101
101
97
95
94
94
93
93
91
90
90
89
89
87
86
84
82
82
80
78
77
77
74
72
71
70
70
69
66
66
66
65
65
65
65
63
62
62
62
62
62
60
60
60
59
58
58
56
56
56
56
55
55
52
51
48
46
45
43
42
41
41
40
40
