500
1000
800
798
797
797
796
795
794
792
792
792
792
790
789
789
786
786
786
784
784
782
782
781
780
779
778
777
777
771
771
768
767
766
765
764
762
761
759
758
757
756
753
751
750
750
744
741
738
737
736
736
736
736
730
729
729
729
729
729
727
725
724
722
721
720
719
719
717
713
713
711
711
711
711
711
710
709
705
705
703
703
701
701
701
700
696
694
694
692
692
691
691
690
689
689
688
688
687
686
685
684
682
682
679
679
677
671
670
669
668
668
668
667
667
666
665
664
661
658
657
655
654
654
654
653
652
652
648
644
643
642
639
637
636
633
632
631
629
629
628
627
625
625
623
623
622
621
621
619
619
618
616
614
613
611
609
608
608
607
605
605
604
604
603
602
601
597
597
597
593
593
592
590
590
590
587
585
585
582
580
577
574
574
571
570
566
566
565
562
560
554
553
553
552
552
550
549
549
547
545
545
540
537
535
532
532
530
527
524
523
522
521
518
517
515
513
511
511
510
510
509
507
507
507
504
503
502
501
500
500
498
498
496
490
490
487
485
482
481
480
476
474
474
474
474
473
473
473
469
469
468
467
467
466
466
460
459
459
458
458
458
458
458
457
457
455
454
453
452
447
446
445
444
443
442
442
441
438
435
434
433
432
431
431
430
430
428
428
426
419
417
415
415
414
413
410
407
406
404
402
400
399
396
392
390
390
390
386
385
385
384
384
383
383
382
375
372
369
368
365
364
364
357
353
350
350
347
347
346
345
344
343
343
339
336
333
333
332
332
328
328
328
326
326
324
323
323
321
320
316
312
310
309
304
303
303
301
300
296
293
292
288
288
288
286
284
282
279
279
278
277
277
274
272
271
271
270
269
269
268
267
266
265
264
256
255
252
251
251
249
248
247
246
246
242
241
241
239
239
239
238
237
236
234
232
232
231
227
225
220
217
217
215
215
212
212
211
208
208
203
202
200
200
199
199
197
196
194
191
189
189
189
187
186
185
184
183
179
178
178
177
177
177
175
174
174
174
173
172
168
168
165
165
164
163
163
162
160
160
159
159
158
157
152
152
149
149
146
146
146
145
145
144
140
139
139
136
135
134
133
132
130
127
127
125
125
124
123
122
119
118
118
117
117
116
110
109
107
105
105
104
