200
400
277
276
276
275
274
274
272
271
270
269
267
265
265
263
263
262
262
262
261
261
260
259
258
257
254
253
249
248
245
245
241
238
236
234
234
234
234
231
229
228
227
226
224
222
222
221
221
219
219
217
217
217
215
214
213
212
212
212
209
203
201
200
199
199
199
198
197
194
194
193
192
191
189
188
187
187
185
185
184
182
182
182
181
181
176
175
175
174
174
173
173
173
172
172
171
171
170
169
168
168
167
164
158
158
157
156
155
155
155
155
155
153
153
152
151
146
145
144
143
141
139
138
138
138
136
136
135
135
135
135
133
132
131
131
128
128
126
123
122
121
121
119
119
118
117
116
115
115
114
109
108
108
108
106
106
105
103
102
102
100
98
97
97
94
92
87
86
82
82
81
80
79
78
78
78
77
72
71
70
69
69
68
67
67
66
60
59
59
55
54
52
48
47
46
46
43
42
42
40
40
