400
1000
698
698
696
691
687
686
680
680
680
678
676
675
674
672
669
661
658
656
654
653
653
651
650
645
644
642
641
640
640
639
639
639
637
637
635
635
633
631
630
629
628
626
624
623
622
621
620
616
614
613
613
613
611
610
609
608
608
607
605
604
603
603
602
601
598
596
594
593
593
592
591
591
591
587
584
584
583
583
577
577
577
570
569
567
566
565
565
564
563
562
562
561
561
558
556
555
555
553
552
550
549
549
547
547
547
545
541
540
540
539
536
535
534
534
533
529
528
527
526
524
523
523
522
520
519
516
516
514
512
505
504
501
501
500
499
499
498
498
498
497
496
495
492
491
490
490
489
487
485
485
483
480
477
477
476
474
473
473
468
468
468
467
458
458
457
454
453
452
451
447
447
446
442
437
428
426
426
425
424
419
419
417
417
417
416
416
416
415
414
414
413
412
410
410
407
406
404
402
400
397
395
394
393
391
390
389
389
384
383
382
382
380
379
378
377
377
375
375
374
371
369
369
365
364
364
363
363
362
360
358
354
354
351
350
349
348
347
345
345
344
343
340
340
338
334
332
325
325
325
325
319
319
313
312
310
310
310
308
308
308
307
306
304
304
304
302
301
301
300
296
295
291
290
288
285
284
282
279
278
278
276
275
274
274
270
270
268
267
265
264
263
263
257
257
254
251
251
250
249
246
245
245
243
238
236
236
235
235
234
234
233
231
231
230
229
229
229
228
228
223
221
219
216
215
215
215
212
211
210
210
210
209
207
202
202
202
200
198
197
195
195
195
193
190
190
190
187
185
183
183
182
181
179
178
178
177
176
175
174
173
173
167
162
160
159
154
149
146
146
143
142
141
136
136
135
135
135
134
133
130
129
128
127
126
125
124
122
121
119
116
115
115
114
111
110
109
107
107
102
100
