500
1000
800
800
799
799
798
797
796
796
795
792
791
791
790
788
787
784
783
781
779
777
775
774
774
773
772
771
766
766
766
765
762
762
760
759
759
756
756
756
756
755
752
752
751
751
751
749
749
748
747
747
747
745
745
744
744
740
739
738
737
729
728
728
727
727
726
725
724
723
721
721
720
720
720
719
714
714
713
713
710
710
707
706
705
705
703
703
702
702
700
698
698
698
697
694
693
692
691
690
690
686
685
685
684
683
683
681
681
679
674
674
673
669
669
669
669
669
667
667
665
664
663
663
662
657
657
656
654
653
651
651
648
647
646
645
645
644
642
639
637
635
634
634
634
633
632
631
630
627
626
623
623
620
620
620
618
617
616
615
613
611
611
610
608
608
606
605
602
602
602
602
602
599
599
598
593
593
591
590
589
582
581
580
579
578
577
577
577
576
575
571
571
569
568
567
566
565
564
564
563
560
560
558
558
558
557
557
556
554
554
554
551
551
551
549
548
544
543
541
541
541
540
536
531
531
530
529
528
527
526
525
522
522
520
519
516
516
516
515
512
510
507
507
507
506
504
500
499
499
498
494
491
490
489
487
486
485
485
484
483
482
482
479
478
478
477
476
475
475
475
473
473
472
470
470
466
466
462
461
459
459
458
456
455
448
448
447
446
445
444
444
442
441
440
440
439
439
436
434
434
434
434
431
430
429
428
427
426
425
424
422
422
422
421
421
420
420
419
419
419
417
416
414
414
413
412
406
406
405
404
400
396
396
395
395
395
394
393
392
392
391
387
385
383
381
380
379
379
376
376
375
374
372
369
369
369
367
365
364
362
362
361
361
360
359
357
357
356
355
355
355
351
350
349
345
344
343
343
342
342
342
340
340
339
339
338
333
332
331
327
326
325
324
323
323
323
321
315
313
313
312
311
309
308
305
305
305
303
302
298
298
296
292
292
291
289
289
289
289
287
287
283
282
281
280
280
279
278
277
274
272
272
272
272
272
271
271
269
268
266
266
264
264
264
262
262
262
261
260
259
259
256
256
255
255
254
252
251
249
249
248
247
246
246
245
242
241
239
238
237
234
233
230
229
228
227
227
226
226
225
223
220
220
219
218
214
213
212
210
210
210
209
208
207
205
204
201
201
201
200
200
