200
500
400
399
397
394
394
392
391
391
390
387
386
386
385
384
380
379
378
372
371
370
366
364
364
359
357
355
355
355
355
354
353
352
351
351
349
347
345
345
343
343
343
337
337
337
335
330
328
327
326
326
322
322
322
321
318
318
317
314
311
309
307
307
304
303
301
301
300
299
298
296
292
289
286
285
282
282
279
275
274
271
271
267
267
265
263
263
262
261
261
257
254
251
250
250
247
245
244
243
242
238
237
234
234
233
233
232
232
232
231
229
225
224
223
223
222
220
219
219
215
215
213
209
209
207
206
204
201
201
198
198
196
195
195
194
192
191
191
189
188
187
187
187
187
185
185
184
183
183
179
178
175
174
172
170
170
169
168
168
168
168
167
165
165
163
163
162
161
156
155
145
145
144
143
143
142
141
140
140
138
135
135
134
132
131
130
129
128
126
125
122
121
117
114
110
109
108
104
104
103
100
