300
750
525
525
525
522
520
518
517
516
515
509
508
506
506
505
503
502
501
497
493
491
490
490
489
488
487
487
486
483
482
481
479
479
478
478
476
475
474
471
469
468
467
466
463
463
463
462
458
458
455
455
453
452
451
450
450
448
446
446
444
442
441
440
439
436
433
433
431
431
430
429
429
424
422
421
421
419
415
414
414
408
408
407
407
405
405
403
402
398
396
395
395
394
393
393
393
392
390
389
386
384
383
383
382
380
379
378
378
376
376
375
375
375
374
374
370
369
360
358
356
355
353
352
350
350
350
346
345
345
342
341
341
341
340
339
339
338
336
335
335
333
332
329
327
325
325
324
324
321
320
318
317
313
311
310
310
308
304
298
297
296
296
290
286
284
284
283
283
282
279
277
275
274
272
268
268
267
266
265
265
264
262
260
259
257
257
252
252
252
250
250
249
248
246
245
242
242
240
238
236
236
235
231
228
226
224
223
223
222
219
216
216
215
214
214
214
213
212
211
211
210
209
209
208
207
204
203
200
200
200
198
197
194
190
189
189
187
185
185
184
183
182
182
178
178
174
169
169
169
164
160
157
155
155
155
152
152
151
150
148
148
135
135
135
134
134
133
129
129
126
124
124
122
121
120
118
117
116
116
116
112
111
111
108
108
107
103
102
100
100
100
98
97
95
92
88
85
85
81
81
79
