400
300
240
239
239
238
238
238
237
237
236
236
236
234
234
234
233
233
232
232
232
232
231
231
231
230
230
229
228
228
228
227
227
226
226
226
225
225
224
224
223
222
221
221
221
220
220
219
217
217
215
214
213
213
213
213
212
212
211
211
211
210
210
210
209
208
208
208
207
207
206
206
206
206
206
205
205
204
204
203
203
203
203
202
202
201
201
200
199
199
199
198
198
198
198
197
197
196
196
195
195
194
194
194
194
192
191
191
191
190
190
190
189
188
188
188
187
187
187
186
186
184
183
183
183
183
181
180
179
178
178
178
174
174
174
173
173
173
173
173
172
171
169
169
169
169
168
168
168
168
168
166
166
165
165
164
164
163
162
161
161
161
161
159
159
159
158
157
155
155
155
154
154
154
153
153
151
149
149
148
148
148
147
147
147
146
145
145
145
144
143
143
142
142
142
141
141
141
141
140
139
139
139
139
138
137
137
135
135
135
135
134
134
133
133
132
132
131
130
130
130
129
128
126
126
126
124
124
124
123
123
123
122
122
122
121
120
119
119
118
118
117
116
116
116
115
115
114
112
112
111
111
110
110
110
110
109
109
108
108
107
106
106
106
104
103
103
102
101
100
100
99
98
97
97
96
96
96
96
94
94
94
93
93
92
92
91
91
91
91
91
90
90
89
89
88
88
86
86
85
84
84
84
83
83
82
81
80
79
79
79
78
78
77
77
76
76
75
75
74
73
72
72
71
70
70
70
69
69
67
67
66
65
64
64
63
62
62
62
61
61
60
60
60
59
58
58
58
58
57
56
56
55
55
53
53
53
52
52
52
51
51
51
50
50
50
50
49
49
49
48
48
47
47
47
47
45
44
43
43
42
41
40
39
38
38
37
37
37
37
37
36
36
36
35
34
34
33
33
32
30
30
