1000
750
525
525
525
525
524
523
523
523
523
522
521
521
520
520
520
519
519
519
519
518
518
517
517
517
516
516
516
516
515
515
515
514
514
514
513
513
513
513
512
512
512
511
510
509
508
508
508
507
507
507
507
507
506
505
505
505
505
505
504
503
501
501
501
500
500
499
499
499
498
497
497
497
497
496
496
496
495
495
495
494
493
493
493
492
492
491
491
491
490
490
489
489
489
488
488
488
487
486
486
486
486
486
486
486
485
484
484
483
481
481
480
480
479
479
479
479
479
478
478
478
478
476
476
475
474
473
472
471
471
470
470
469
469
468
468
468
467
466
466
466
466
466
465
465
464
464
464
464
464
464
463
463
463
463
462
462
461
461
460
460
460
459
459
457
457
457
456
455
455
455
454
454
453
453
452
451
451
451
450
450
450
450
450
450
449
449
449
449
448
447
447
447
446
446
445
445
445
445
444
444
442
441
441
440
440
440
440
438
438
438
438
438
437
437
435
435
435
434
434
434
433
433
432
432
432
431
431
431
431
431
430
430
429
428
428
428
427
427
426
426
425
425
425
424
424
423
423
423
421
421
421
421
419
418
418
418
417
417
417
416
416
416
415
414
413
413
412
411
411
409
409
408
408
408
408
406
406
406
406
406
406
405
404
404
404
404
403
403
403
402
402
402
400
400
400
398
398
397
397
396
396
395
395
394
393
393
393
392
392
392
387
387
387
386
386
385
385
385
384
384
384
384
384
383
383
383
382
381
381
381
380
379
379
378
378
377
377
377
375
375
375
375
374
373
372
371
370
370
370
370
369
369
369
368
368
367
367
367
367
366
365
365
364
363
363
362
362
361
361
360
360
360
359
359
359
358
358
358
357
357
356
355
354
354
354
353
353
353
353
353
351
351
351
350
350
350
349
349
349
349
348
346
346
346
345
345
345
345
344
344
343
342
342
341
341
341
341
339
339
338
338
337
337
335
335
335
333
333
333
332
332
332
332
331
331
331
330
330
330
330
329
329
327
327
327
325
325
324
324
324
324
323
322
322
322
322
322
321
321
320
320
319
319
319
318
318
318
317
317
316
316
316
316
316
315
315
315
315
314
313
313
313
313
313
312
311
311
311
310
309
309
309
309
309
308
308
307
306
306
306
305
304
304
303
303
302
302
302
301
301
301
300
300
300
299
298
298
297
297
296
296
295
294
293
293
293
293
292
291
291
291
291
290
290
290
290
289
289
288
288
288
288
288
287
287
286
286
286
285
284
284
283
283
283
282
282
281
281
281
279
279
279
279
279
278
278
277
277
277
277
277
277
276
276
276
275
275
275
275
275
274
274
273
272
272
272
272
271
270
270
269
269
269
269
268
268
268
267
267
267
267
265
265
265
264
264
263
262
261
261
260
260
259
259
259
259
258
258
258
257
256
256
255
255
255
254
254
254
253
253
253
252
252
252
251
250
250
250
249
249
249
249
249
249
248
248
247
247
247
247
246
246
246
245
245
245
245
245
244
244
244
243
243
242
241
240
240
240
240
239
239
239
238
236
236
236
235
235
235
235
234
234
233
233
233
233
233
233
233
232
231
231
231
229
228
228
228
228
227
227
227
226
225
225
224
224
223
223
223
222
222
222
221
221
220
220
217
217
216
215
215
215
215
214
213
212
212
212
211
211
210
210
210
209
208
207
207
207
207
207
207
206
206
205
205
205
203
202
202
201
200
199
199
198
198
197
197
197
196
196
195
195
195
194
194
194
194
193
192
192
192
192
191
191
190
190
189
189
189
189
188
187
187
187
186
185
185
184
184
184
183
183
183
183
183
182
181
181
180
180
179
178
177
177
177
177
175
175
175
175
174
174
173
173
173
173
173
173
173
172
172
172
172
171
171
171
171
170
170
170
169
169
168
168
168
167
167
167
166
166
165
165
165
164
164
164
163
163
162
162
162
160
159
158
158
156
155
155
155
153
153
152
152
151
151
151
151
151
150
150
149
149
149
148
147
145
145
144
144
143
143
141
141
141
140
140
140
140
140
139
139
138
138
138
137
136
136
136
134
134
134
134
134
132
131
131
131
131
130
130
127
127
127
125
125
122
121
120
119
119
119
119
119
119
118
118
118
115
115
115
114
114
112
111
110
110
109
109
108
107
107
103
103
103
103
103
102
101
100
99
99
98
98
97
97
96
96
95
95
95
94
94
93
93
92
92
91
90
90
90
89
89
89
89
88
88
88
87
87
87
87
86
86
84
83
82
82
82
82
80
80
78
78
77
77
77
76
76
76
75
