200
400
280
279
278
276
274
274
274
273
273
272
272
270
269
267
266
266
264
264
264
262
262
262
259
259
259
258
258
255
255
255
253
251
251
250
249
247
247
245
245
245
245
244
243
242
242
242
241
241
240
240
239
238
238
237
237
237
236
235
234
232
232
229
229
228
227
225
224
222
221
218
217
217
215
215
212
210
209
209
208
208
207
205
204
204
203
203
202
201
199
198
196
194
192
191
187
187
187
186
185
183
182
180
180
178
178
178
177
177
176
176
175
175
174
174
174
168
168
166
165
165
164
164
162
161
159
159
158
158
158
157
156
155
154
154
151
150
149
148
147
147
147
146
145
144
139
137
135
134
134
134
134
133
132
131
131
129
128
127
126
124
124
124
123
122
122
120
119
117
116
116
112
111
109
109
107
107
105
105
103
103
101
100
100
100
100
100
99
92
91
90
89
89
88
88
86
85
85
84
83
80
