300
1000
799
797
796
795
794
794
789
786
786
784
782
779
778
774
773
773
768
766
765
759
756
750
749
748
747
746
745
744
743
740
739
739
739
737
737
735
735
732
732
730
725
720
718
717
717
716
707
706
704
703
701
700
700
698
698
695
694
694
687
682
679
677
672
672
670
665
663
658
655
655
650
649
640
637
634
633
631
630
630
629
629
625
622
620
619
614
611
611
607
606
605
604
603
601
600
599
593
591
591
587
587
586
584
583
583
579
579
579
578
578
577
576
572
570
569
567
566
563
560
559
558
557
554
553
548
547
546
544
541
539
536
532
525
524
521
520
518
517
516
513
510
507
506
505
504
504
499
498
498
497
495
493
493
492
488
488
488
486
485
484
481
480
480
478
478
473
472
469
467
466
465
465
462
462
461
458
457
455
452
451
451
446
446
443
442
442
440
439
439
438
437
437
436
436
434
433
432
430
428
423
423
418
417
417
415
408
406
404
404
404
403
402
400
400
397
395
394
391
389
389
388
383
382
378
377
376
375
374
374
371
368
363
362
359
353
350
349
348
347
347
346
345
343
340
337
336
330
330
329
325
325
321
315
305
302
297
288
288
287
286
285
284
284
281
280
279
269
268
267
264
262
260
258
257
255
255
248
248
247
245
239
239
235
233
233
232
232
231
229
226
222
220
218
216
216
211
211
207
207
205
