300
1000
797
797
795
787
787
787
783
782
782
781
776
773
770
767
766
765
763
763
760
757
756
756
755
751
751
749
748
742
742
741
740
733
730
729
728
723
722
722
718
717
712
712
711
698
694
690
684
679
676
675
675
673
671
670
668
667
667
666
663
656
653
653
649
648
647
645
644
643
643
640
639
638
637
636
635
634
632
628
622
621
618
617
612
606
604
603
601
598
596
596
593
590
589
588
587
586
585
579
577
576
576
576
573
571
570
569
568
568
567
565
560
559
556
552
551
549
547
546
542
542
541
539
537
536
533
530
530
528
527
520
519
519
518
516
514
514
511
511
508
507
507
505
503
502
499
498
497
496
492
492
488
487
476
474
472
472
469
468
467
467
466
466
462
461
456
455
455
454
446
442
437
435
434
433
432
429
428
428
427
423
423
422
416
415
414
413
411
409
401
400
398
394
390
388
382
381
378
375
372
371
370
370
369
369
369
368
367
366
365
364
363
361
359
358
357
354
352
352
349
348
347
347
347
341
341
340
335
332
328
328
327
325
324
323
319
318
317
317
314
313
313
310
310
308
303
302
300
297
296
296
294
293
290
288
288
286
285
280
276
275
272
269
263
262
262
261
257
251
248
248
247
247
245
244
241
237
235
234
233
232
231
231
228
226
225
225
223
223
220
216
213
211
211
210
209
209
205
205
204
202
