200
300
240
238
238
238
237
235
235
234
234
233
231
231
230
228
227
227
226
226
226
226
224
223
222
222
221
221
221
219
219
218
218
218
218
218
218
217
217
217
215
215
214
214
214
212
212
212
211
211
210
210
210
209
208
208
207
207
207
205
205
203
203
203
201
200
200
200
198
198
196
195
194
194
192
189
185
184
183
183
182
182
182
181
181
176
175
174
173
173
172
172
172
170
166
165
164
164
163
163
157
157
156
156
156
156
155
155
154
153
151
150
147
146
144
143
143
143
143
141
140
139
139
135
135
135
134
133
133
132
130
128
127
125
125
123
121
121
119
118
118
118
118
118
117
117
117
117
115
115
115
112
112
111
111
110
108
108
107
106
104
103
102
101
100
99
97
93
93
91
91
91
90
90
89
87
85
85
83
83
82
82
82
81
80
80
78
75
75
74
73
71
71
70
69
69
67
64
64
64
62
61
