500
400
279
279
279
278
277
276
276
276
275
275
275
273
273
272
272
272
272
271
271
270
270
268
268
268
268
265
264
263
262
262
262
262
262
260
260
259
259
258
256
254
254
254
253
253
252
252
250
249
249
248
247
247
246
245
245
245
245
245
244
244
243
243
242
241
241
241
241
241
241
240
240
240
240
239
238
238
237
235
235
234
232
232
231
230
230
230
230
229
229
229
229
229
228
226
226
226
226
225
225
225
225
224
224
224
223
223
222
222
222
220
220
220
220
219
218
216
215
214
214
214
214
213
212
211
209
209
208
207
206
206
204
204
204
203
203
203
202
201
201
200
200
200
199
199
198
198
198
198
197
196
195
195
194
194
193
193
193
193
192
192
191
191
191
191
191
191
189
189
189
188
188
188
188
187
187
186
185
184
184
184
184
183
183
183
182
182
180
179
179
179
179
178
177
177
177
176
176
176
175
175
175
174
174
174
173
173
173
173
172
172
171
171
171
171
171
170
170
169
169
169
167
167
167
166
166
166
166
164
163
162
160
160
159
159
159
159
159
158
157
157
157
157
156
156
156
156
155
155
155
154
153
152
152
152
151
151
151
149
146
146
146
146
146
145
144
143
142
141
140
139
139
138
138
138
136
136
135
135
133
132
132
131
131
131
130
130
130
130
130
128
128
128
127
127
127
126
126
125
125
125
125
125
124
123
123
123
123
122
122
121
121
120
120
119
119
119
119
118
118
118
117
116
116
116
115
115
115
115
114
113
113
112
112
112
111
110
109
109
109
109
108
107
107
107
106
105
103
102
102
102
102
102
102
101
101
101
100
100
99
99
99
99
98
97
96
96
96
95
94
94
94
94
93
92
92
92
91
91
91
91
90
90
89
89
89
88
88
87
87
87
87
86
86
85
85
84
84
83
83
83
82
82
82
82
81
81
80
80
79
79
79
78
78
78
77
77
75
75
74
74
74
74
73
73
72
71
69
69
69
69
68
68
67
66
66
66
66
65
65
64
63
63
63
62
62
61
61
61
61
60
60
60
60
60
60
59
58
57
57
57
56
55
55
54
54
52
51
51
50
50
50
50
49
48
48
48
48
48
47
47
46
46
45
45
45
44
43
43
43
42
42
42
41
41
40
40
40
40
40
40
