500
750
525
525
524
523
523
522
521
521
520
520
519
519
517
517
515
515
514
514
513
512
511
511
510
509
509
507
507
502
502
501
501
498
498
496
494
493
493
493
492
492
491
491
489
489
489
488
487
487
486
485
484
483
483
483
481
481
480
478
478
477
477
477
477
475
475
474
473
472
472
471
471
471
470
468
468
466
466
465
464
464
463
463
461
461
460
460
459
459
459
459
458
458
455
455
455
455
454
454
453
453
453
451
451
451
451
451
448
447
444
444
442
442
441
441
439
438
437
437
437
436
435
434
432
432
432
431
431
430
427
427
425
425
424
424
422
422
421
421
420
418
416
416
413
413
411
411
411
411
410
410
410
407
407
406
406
406
406
404
403
403
402
401
401
401
399
399
398
396
396
396
395
395
394
392
392
390
390
390
389
388
388
387
384
382
382
382
381
380
379
379
378
377
377
376
376
376
375
375
374
374
372
371
371
370
370
369
369
368
368
368
366
366
365
365
365
365
364
364
364
361
360
358
356
356
354
353
353
352
352
351
349
348
348
348
346
346
346
345
344
344
341
341
340
340
339
336
335
335
332
332
331
331
331
329
329
328
328
327
326
324
324
324
323
323
323
323
322
321
321
320
319
319
319
318
317
317
315
315
314
314
313
313
311
311
311
310
309
309
308
307
307
307
306
305
303
303
303
303
302
300
300
298
298
298
296
296
295
295
295
294
293
293
292
292
291
291
291
291
288
287
287
287
285
285
285
285
284
284
284
284
283
282
282
281
280
279
279
279
278
278
278
276
275
275
275
274
272
272
271
270
269
268
268
268
268
267
267
266
264
264
264
262
262
261
261
260
260
258
258
256
256
255
254
253
252
252
250
249
248
248
248
246
246
245
245
245
244
243
242
242
242
241
240
240
239
237
236
233
233
231
231
231
230
228
228
227
226
226
225
225
225
225
225
224
224
223
223
221
219
216
215
215
214
214
213
213
211
211
211
211
208
208
206
204
203
202
200
197
196
196
195
195
194
194
193
193
191
191
191
190
189
188
188
187
186
184
184
183
183
181
181
180
180
179
178
177
174
174
173
171
170
170
170
169
169
167
167
166
165
165
164
164
164
163
163
161
161
161
160
160
160
158
157
155
155
153
153
152
152
151
