300
1000
800
800
800
798
792
789
787
786
784
775
771
769
766
766
765
765
761
760
760
758
755
754
754
753
753
750
747
743
736
730
729
729
724
722
720
719
719
715
715
714
712
710
709
709
705
702
699
692
690
690
690
684
683
683
679
679
674
669
654
653
653
650
650
649
647
646
645
644
643
643
641
640
639
639
637
636
635
632
629
628
609
606
606
606
606
606
604
600
597
596
596
594
594
592
580
577
564
557
557
557
555
552
551
543
542
542
539
536
525
521
520
518
516
513
511
511
507
506
504
502
501
498
496
495
491
488
487
487
486
483
477
476
475
474
474
473
472
471
469
467
463
462
461
460
456
455
454
451
449
446
445
444
442
441
440
439
433
432
430
427
427
423
418
418
415
415
414
410
409
405
404
397
397
396
394
393
392
387
386
386
385
379
378
374
364
361
352
350
350
348
344
340
338
335
333
333
330
325
325
320
318
318
314
314
313
310
310
308
307
307
304
301
289
288
286
284
284
283
281
280
278
274
273
273
270
266
263
259
259
252
251
251
245
243
242
242
242
237
236
236
236
232
231
231
224
219
215
213
206
205
204
203
202
202
201
200
194
191
190
190
186
178
177
176
175
174
164
159
158
153
148
148
147
147
146
146
143
139
138
133
128
126
126
122
121
120
120
120
119
116
113
111
111
110
109
106
106
105
105
104
