300
750
600
597
597
596
595
594
592
589
589
589
588
588
586
585
585
585
584
583
580
577
574
574
571
569
568
566
566
566
565
565
564
563
563
558
556
553
552
552
551
551
550
550
549
549
549
548
548
548
546
546
546
542
537
534
534
534
533
531
530
526
526
522
521
518
517
515
513
511
511
511
507
504
504
503
501
500
499
499
497
497
495
493
491
490
487
484
483
479
479
478
478
476
475
473
471
470
469
467
467
467
466
466
462
460
459
459
458
458
456
456
455
454
453
453
450
449
448
444
442
442
441
438
437
434
432
431
429
428
425
424
423
422
422
420
417
416
415
415
415
414
410
410
405
399
398
396
396
394
391
387
385
384
383
383
379
377
372
372
372
370
368
365
363
362
362
362
360
360
358
355
354
353
350
349
348
348
347
345
345
343
341
341
341
340
339
337
336
330
329
327
326
325
325
323
321
321
320
320
318
315
313
311
311
309
309
308
307
307
306
306
299
299
298
297
294
292
291
291
291
290
289
282
281
279
276
275
274
271
270
266
266
263
260
260
255
255
254
253
253
250
249
248
246
244
242
239
238
237
234
231
230
224
222
220
219
218
218
216
216
213
207
207
205
205
205
196
195
195
194
192
191
191
191
191
190
188
184
183
182
182
182
180
180
178
175
174
169
168
168
167
165
162
162
162
161
161
158
156
154
151
