400
400
320
319
319
319
318
317
316
316
315
314
314
314
312
312
310
309
307
307
306
306
305
303
303
302
301
301
300
300
296
296
296
296
296
295
295
294
294
294
293
292
292
291
291
291
290
290
289
288
287
287
286
285
284
283
283
283
283
283
283
282
281
280
280
279
279
278
278
277
277
277
276
276
274
273
272
271
271
271
270
270
270
269
269
268
266
266
264
264
264
263
263
262
262
261
260
260
259
259
258
257
256
255
255
254
254
253
253
253
250
249
248
247
245
245
244
244
244
241
241
241
240
240
239
239
237
237
236
234
233
232
232
232
232
231
231
231
231
231
229
229
228
226
225
225
224
224
223
222
222
222
221
220
219
218
216
216
215
215
214
212
211
210
210
209
208
207
207
207
206
206
206
205
204
204
204
204
203
203
202
202
202
201
200
199
199
198
197
197
196
196
196
195
195
194
194
193
193
192
191
191
187
185
185
184
184
182
182
181
181
181
180
179
178
177
177
177
177
176
176
173
172
171
171
169
169
169
168
168
168
168
167
167
167
166
166
166
166
166
165
164
163
162
161
160
159
159
158
158
158
157
156
156
154
154
152
152
151
150
149
147
147
147
146
146
145
145
144
144
143
141
140
140
139
137
136
136
136
136
135
135
135
134
133
133
131
131
130
129
127
127
127
126
123
122
121
121
121
120
120
120
119
119
119
118
118
117
116
116
116
115
115
115
113
112
111
108
108
106
105
104
103
102
101
100
100
99
98
97
97
97
96
96
94
94
94
93
92
92
91
90
89
88
88
87
86
86
86
85
85
84
84
84
84
83
79
78
76
76
75
74
74
74
73
72
70
69
68
68
66
64
62
61
61
60
60
58
58
56
56
55
55
54
54
51
51
51
50
49
49
49
48
48
48
47
46
46
45
44
40
40
