400
300
240
238
238
238
238
237
236
236
235
235
234
234
233
233
232
232
230
230
229
229
229
228
228
227
227
227
226
226
226
226
226
226
226
225
225
224
224
224
224
224
223
223
223
223
222
221
219
219
219
219
219
219
218
218
218
217
215
215
215
214
214
214
213
213
213
212
212
212
211
210
209
209
209
209
209
208
208
208
208
207
206
205
205
205
204
203
203
202
202
201
201
200
200
199
199
198
198
198
197
197
197
196
195
195
194
193
192
191
191
191
191
190
189
188
188
187
186
186
185
185
185
185
185
185
185
185
184
184
184
184
183
183
183
183
183
183
182
181
181
180
180
179
179
178
178
178
177
177
176
176
176
176
174
174
174
173
172
172
171
171
171
168
167
167
167
167
167
166
165
165
165
164
164
164
162
162
162
161
161
161
161
158
158
157
156
156
156
155
154
154
154
153
153
152
152
152
152
151
151
150
150
150
149
149
148
148
147
147
147
146
146
146
145
145
144
143
143
143
142
142
141
141
140
140
140
140
139
139
139
139
139
138
138
137
137
137
137
135
135
135
134
134
134
133
133
132
132
131
130
129
129
129
128
127
126
126
126
124
124
124
124
123
121
121
120
120
119
119
118
117
117
116
116
116
116
116
115
115
115
115
114
114
114
113
113
113
112
112
112
111
110
110
109
108
108
108
108
107
107
107
106
105
105
105
104
104
103
103
102
99
99
98
98
98
97
96
96
96
96
95
95
95
95
94
94
93
92
92
92
92
92
91
91
90
89
89
89
88
87
87
87
87
86
86
86
86
85
85
84
84
83
83
83
83
82
82
81
81
80
80
80
79
78
77
77
77
76
75
75
75
73
72
72
72
71
71
70
70
70
70
69
69
66
66
66
65
65
64
64
63
63
63
62
62
62
62
61
61
61
60
