300
750
523
521
521
520
520
520
520
520
519
518
517
517
515
514
514
514
514
513
513
512
512
512
509
505
505
504
502
502
499
498
497
496
496
495
493
492
488
488
488
486
485
482
482
479
479
477
474
473
473
473
472
471
471
471
470
469
468
467
466
466
466
465
465
463
462
461
461
461
461
460
460
458
456
454
454
449
448
448
444
443
443
442
441
440
440
439
436
433
429
429
424
423
421
421
420
420
420
418
416
415
415
412
412
411
409
404
403
402
399
399
399
399
397
395
391
391
391
390
389
389
389
388
387
386
384
382
376
376
375
374
373
371
368
367
366
365
364
363
362
359
352
350
345
344
343
342
342
342
340
339
339
338
337
336
336
335
334
334
332
332
330
330
330
327
325
321
321
320
319
316
316
315
315
314
311
308
307
306
304
303
301
300
299
298
296
296
296
295
293
293
292
291
291
290
285
285
281
281
281
280
280
279
279
279
274
274
274
273
273
272
271
271
271
269
268
268
266
266
266
265
265
263
262
260
259
259
258
254
252
248
247
244
242
241
239
239
239
238
237
236
235
233
231
230
230
227
223
213
213
212
211
211
203
203
203
202
202
202
199
199
198
196
196
196
193
191
191
190
190
188
188
187
186
186
186
183
182
182
181
180
179
175
175
175
172
172
169
167
166
166
160
159
156
154
154
153
153
151
151
151
