200
400
280
278
278
275
273
273
272
272
269
269
269
267
266
265
264
264
262
262
261
261
261
260
259
259
256
255
253
253
253
252
250
249
249
248
248
248
248
247
246
245
243
239
237
237
236
235
233
233
232
232
231
228
228
228
227
227
226
226
225
224
222
221
219
218
214
210
209
209
208
206
206
206
205
205
201
196
196
196
195
194
192
191
189
189
189
188
185
184
184
183
183
180
175
174
172
172
171
171
170
170
168
167
167
166
163
161
161
160
159
158
157
156
156
156
154
153
150
150
149
149
147
144
143
142
142
137
136
134
134
133
132
132
127
125
123
123
121
120
119
119
119
118
118
118
116
115
113
113
111
110
108
105
105
103
101
100
98
96
94
91
89
85
84
83
83
83
82
82
78
76
76
74
74
74
73
71
70
69
68
67
66
61
54
54
54
52
52
51
50
50
49
49
49
46
46
46
44
43
42
41
