200
750
599
599
595
589
588
583
583
582
568
568
568
565
556
552
549
548
548
544
542
542
542
541
537
536
534
527
522
521
520
520
518
512
510
508
505
503
502
501
500
498
495
495
494
493
492
491
491
489
482
481
479
479
477
473
472
470
466
464
463
462
460
449
448
448
447
444
443
442
437
436
436
435
435
434
434
433
433
432
431
430
429
428
422
421
417
416
415
413
411
408
404
397
396
393
392
391
385
377
376
375
372
367
359
358
357
357
355
354
349
344
338
336
336
333
327
326
325
324
321
319
318
315
310
304
303
302
301
299
297
291
290
288
287
286
284
279
278
277
276
276
274
270
264
263
261
257
254
251
248
246
245
238
231
227
227
226
219
217
214
213
210
210
209
200
189
187
180
179
175
174
169
165
165
163
159
154
153
146
138
132
130
128
125
118
117
116
114
111
108
106
105
102
96
94
90
87
80
77
77
75
