200
750
523
523
520
520
519
518
514
512
510
502
500
499
499
499
493
491
489
487
480
475
475
475
473
473
472
467
462
459
458
458
455
455
454
451
451
450
450
447
445
441
437
435
434
433
430
427
427
423
422
422
417
415
410
407
407
403
403
403
398
395
390
387
385
384
383
377
373
372
371
371
369
368
364
351
350
350
348
348
346
346
344
343
336
335
335
335
327
322
317
317
316
314
313
297
295
294
293
292
291
290
285
284
280
270
269
268
267
267
266
265
264
264
263
262
261
261
260
258
257
254
253
251
250
248
247
240
238
237
233
231
229
228
227
223
222
220
216
212
208
207
206
205
199
198
195
193
192
190
184
184
183
182
181
179
171
170
166
155
155
153
151
148
148
147
143
140
136
133
133
132
132
131
130
130
129
122
121
116
115
113
113
112
108
105
103
103
102
100
98
95
95
94
94
90
89
87
83
83
81
75
