200
200
159
159
155
153
151
151
150
150
150
150
150
149
148
147
147
147
146
146
146
145
141
141
140
138
136
136
136
136
136
136
135
131
130
129
128
128
127
127
127
126
126
125
125
125
125
125
124
124
123
122
122
121
120
119
119
118
118
117
116
115
115
115
115
113
113
113
112
112
111
108
108
106
104
104
103
103
103
102
101
101
101
100
100
100
100
99
98
97
97
97
97
96
96
96
95
95
94
93
93
91
90
90
90
88
88
88
88
88
88
87
87
87
87
86
86
84
83
83
83
83
82
82
82
81
80
80
80
79
79
79
79
78
78
78
78
77
77
77
76
75
74
74
73
73
73
72
72
72
71
70
70
69
69
69
69
69
68
68
67
67
66
65
64
63
61
61
59
59
58
58
58
58
57
56
56
55
55
54
54
53
53
51
50
50
49
49
48
48
47
47
44
43
42
41
41
40
40
40
40
40
