500
500
399
399
398
397
396
395
394
393
393
391
389
389
389
389
388
387
386
385
385
384
383
383
383
383
382
381
380
380
380
380
379
379
379
379
378
377
377
376
376
376
376
376
374
371
371
371
370
370
368
368
368
366
366
365
364
363
362
361
360
359
359
358
358
357
357
357
356
355
355
355
354
352
352
352
351
351
348
348
346
345
344
344
343
338
337
336
335
335
335
334
334
334
332
330
330
330
326
326
326
325
324
324
323
323
322
320
320
318
318
317
317
317
316
314
313
311
311
311
310
309
308
307
307
307
307
306
305
304
304
302
302
302
301
301
300
300
300
300
299
299
297
295
295
294
292
291
290
289
289
289
288
287
287
286
285
283
282
282
281
281
281
280
277
277
277
277
274
274
273
273
271
271
270
269
269
269
268
268
268
267
266
264
263
263
261
261
259
259
258
257
257
256
256
256
256
255
255
254
252
252
252
250
249
249
248
248
247
247
246
244
243
243
243
243
243
242
242
241
241
241
240
239
239
238
237
237
237
236
234
234
233
229
229
229
228
228
227
227
227
225
225
224
223
222
222
222
221
221
220
219
218
217
217
216
215
215
215
213
211
211
211
210
210
209
208
208
207
206
206
206
206
205
205
204
203
203
203
202
201
201
200
198
197
197
197
196
195
195
193
193
193
193
193
193
192
192
191
190
190
190
190
189
189
187
185
184
182
181
180
179
178
175
175
173
173
171
171
170
170
170
170
169
168
167
166
166
166
166
165
164
164
164
164
163
163
162
162
161
161
160
160
160
159
159
157
157
155
155
155
154
154
153
152
152
151
150
149
149
149
149
148
147
146
146
145
145
143
143
142
141
140
140
140
139
138
137
137
136
136
134
134
134
134
133
133
132
131
131
130
130
127
127
126
126
125
124
124
123
122
120
119
117
117
117
117
116
116
116
115
115
114
114
114
114
114
113
113
112
112
111
111
110
110
110
109
109
107
106
104
104
104
104
103
103
102
102
101
101
100
96
95
95
95
94
94
93
92
91
91
89
88
87
87
86
86
86
83
83
81
79
79
78
75
75
74
74
73
73
70
70
70
68
68
68
67
66
66
66
65
65
64
61
61
61
61
61
60
59
58
58
58
56
56
56
54
53
53
53
50
50
