300
300
209
208
208
206
205
204
203
202
201
201
200
200
200
198
198
197
197
196
196
194
194
192
191
191
191
190
190
190
188
188
187
186
186
185
185
183
182
182
181
179
178
177
177
174
174
173
172
172
170
170
170
169
169
169
168
167
167
167
165
164
164
164
163
163
162
160
158
155
155
155
154
154
154
154
154
154
153
153
153
151
151
150
150
150
150
149
148
146
145
145
145
144
144
143
143
142
142
142
141
140
140
140
140
140
139
139
139
137
137
137
136
136
135
135
135
134
134
133
133
132
132
132
131
129
129
128
125
124
124
123
122
122
122
121
120
120
119
119
119
118
117
116
115
114
113
113
112
111
111
111
110
110
110
109
107
107
106
105
105
104
104
103
103
103
101
101
101
101
101
100
100
99
99
99
98
98
98
98
97
97
96
96
96
96
95
95
95
95
94
94
93
93
92
92
91
91
91
91
90
90
90
89
89
89
88
87
85
84
82
82
82
81
81
79
79
78
78
78
78
78
77
77
77
75
75
75
74
74
74
74
72
71
70
70
68
68
68
67
67
65
64
63
63
63
63
62
62
62
59
59
59
58
57
57
56
56
55
55
54
54
54
53
52
51
50
49
49
46
46
46
46
46
45
44
44
44
44
42
42
41
41
40
39
39
38
37
37
37
37
36
35
34
34
34
32
32
32
31
30
30
