200
150
120
120
120
120
120
120
120
120
119
119
119
119
119
118
117
117
117
116
116
116
116
116
114
113
113
112
112
111
111
111
111
111
110
110
110
109
109
106
106
105
105
104
102
102
102
102
102
101
101
100
99
98
97
96
95
95
93
92
90
90
90
89
89
85
85
84
83
83
82
82
82
81
81
81
81
81
81
81
79
78
77
77
77
76
76
75
74
74
73
72
72
71
71
71
71
71
69
69
68
65
64
64
64
64
63
62
62
61
61
61
61
60
60
59
58
57
57
56
56
55
55
54
53
53
53
52
52
51
51
51
50
50
49
48
47
47
47
47
46
46
46
45
45
44
44
43
43
43
42
42
41
41
41
41
40
40
40
39
38
38
37
36
36
34
33
32
32
32
31
30
30
29
29
28
27
26
25
25
24
24
22
22
22
22
20
20
20
20
20
20
20
20
19
19
19
18
17
16
16
16
