300
1000
799
798
798
796
796
795
794
787
787
786
785
785
781
775
767
765
763
762
759
754
753
742
742
741
741
738
734
726
724
722
721
721
715
714
710
710
707
705
702
700
695
694
694
693
693
692
689
688
688
681
680
680
679
676
676
675
672
667
667
651
648
648
648
647
645
644
644
638
636
632
628
627
621
619
617
616
616
614
611
608
604
603
597
594
589
584
582
579
577
574
573
568
567
566
565
563
561
561
556
556
555
555
552
548
547
546
543
543
541
541
536
536
535
534
533
531
527
525
519
517
515
514
514
512
511
507
507
504
502
501
499
497
496
496
493
489
484
480
468
468
457
450
446
439
430
429
429
425
424
424
423
423
423
417
413
412
401
400
399
398
396
395
388
387
386
385
381
380
380
374
369
365
358
352
351
345
343
342
342
340
337
336
336
336
335
332
328
326
325
323
321
321
321
321
320
319
319
318
317
315
314
308
306
305
303
301
301
300
297
296
293
291
291
288
286
283
281
281
272
272
271
271
270
265
260
259
259
257
255
252
250
250
246
245
243
243
235
228
228
227
223
222
219
219
218
213
205
204
203
199
199
198
192
192
187
187
183
183
180
179
177
177
175
174
171
171
171
168
166
162
161
158
156
156
155
155
154
152
147
146
144
138
138
130
128
127
122
121
121
121
119
115
114
111
108
107
107
106
105
103
