200
1000
793
785
784
778
774
774
774
764
763
760
759
757
756
746
746
744
742
739
732
731
727
720
720
717
717
693
693
690
686
684
683
679
677
675
674
671
667
667
667
658
656
653
651
649
648
645
645
642
640
639
637
637
637
637
634
632
631
629
625
625
623
619
619
612
612
603
602
599
598
597
593
583
582
575
573
569
567
567
567
566
566
559
550
548
545
538
537
536
533
516
511
509
508
506
506
505
502
499
499
496
496
492
489
489
487
476
476
472
469
467
464
461
451
449
445
443
442
433
424
423
415
410
407
406
405
404
399
398
396
394
393
387
384
380
378
375
362
360
359
350
342
336
327
326
322
316
314
311
311
306
304
303
295
291
282
276
271
263
262
261
257
251
247
246
245
245
237
230
228
226
218
213
213
209
204
199
184
183
179
177
175
172
171
165
161
153
153
151
146
137
130
129
127
127
120
114
113
111
103
101
