200
200
160
159
159
159
159
158
156
156
156
156
155
154
153
153
152
151
151
151
151
150
150
150
150
148
148
147
146
146
145
145
144
144
142
142
142
142
141
139
136
133
133
133
132
131
131
131
130
129
128
127
126
124
124
123
123
122
121
120
120
120
120
118
118
118
117
114
114
113
112
111
110
109
109
107
106
106
105
105
104
104
103
102
102
102
102
100
99
98
97
97
97
96
94
94
94
93
93
92
91
90
89
89
89
89
88
88
88
87
86
86
84
84
84
84
83
83
82
82
80
79
77
77
76
76
75
75
73
71
71
71
70
69
69
69
69
69
68
68
67
67
66
65
65
64
64
64
62
61
61
61
61
60
60
59
58
57
57
57
57
57
55
55
54
54
50
49
48
46
45
44
43
43
42
42
42
38
38
37
37
36
35
34
33
33
32
32
32
31
30
29
29
29
28
27
25
25
25
22
20
20
