300
300
210
209
209
209
208
206
206
205
205
204
204
203
201
201
200
200
200
200
199
198
197
197
197
197
197
196
196
195
195
195
194
194
193
192
192
192
192
192
191
191
191
190
190
189
189
188
188
188
187
187
187
187
186
186
186
185
180
179
179
178
178
177
176
175
175
175
174
174
173
173
173
173
172
172
171
171
170
170
169
169
167
165
163
163
162
161
161
161
161
161
160
160
160
160
159
159
158
158
157
157
157
156
156
155
155
155
155
154
154
154
154
153
152
152
152
152
152
151
150
150
149
148
148
148
148
147
146
146
144
144
144
142
141
141
141
141
140
140
139
139
138
138
138
137
137
137
136
136
135
135
135
134
134
134
133
133
132
132
131
130
129
128
128
127
127
126
125
124
123
122
122
120
120
119
119
119
119
119
119
117
117
116
115
114
114
113
112
110
110
109
108
108
108
108
107
106
106
105
105
103
103
103
103
102
102
102
101
101
101
99
97
97
97
96
96
96
95
95
95
95
95
94
94
94
94
94
94
93
93
93
93
93
92
91
91
91
91
90
90
89
89
89
88
88
87
87
87
86
85
85
85
85
84
83
83
83
82
82
81
81
80
80
80
79
79
78
77
77
76
76
75
74
73
73
73
73
72
71
71
69
69
69
68
68
68
68
67
67
67
67
65
65
63
63
63
62
61
61
61
60
