750
750
598
598
597
597
596
595
595
594
594
594
594
592
592
591
591
591
590
590
589
589
589
589
589
588
588
588
586
585
584
582
581
581
579
578
576
576
576
576
576
575
574
574
573
572
570
570
569
569
568
566
566
565
565
564
563
561
560
560
560
558
557
557
555
553
553
551
551
550
550
547
547
545
544
543
543
542
542
541
541
538
538
536
535
535
535
534
533
533
532
531
531
530
529
529
528
528
527
527
527
527
526
525
525
524
524
523
523
522
521
520
519
518
517
517
513
513
512
511
511
510
509
509
508
508
507
507
505
504
504
504
504
503
502
502
501
501
501
499
497
497
497
496
495
495
494
494
493
493
493
493
492
492
492
491
489
489
489
489
488
488
487
487
487
487
487
487
486
486
485
485
484
483
483
483
482
482
482
481
480
479
479
478
478
475
475
474
474
472
472
472
471
470
470
468
467
467
465
464
464
464
463
462
462
460
458
458
457
456
456
455
453
453
452
450
449
448
447
446
446
445
445
445
445
443
443
442
440
438
437
437
436
436
435
434
432
430
430
429
429
428
427
427
424
424
424
423
420
420
420
420
418
418
417
417
416
416
415
415
414
412
411
411
411
410
409
409
408
407
407
407
406
406
406
406
406
405
405
404
404
403
403
402
401
400
399
399
399
398
398
398
397
396
395
392
392
392
391
391
389
389
389
388
387
387
386
386
386
385
384
384
382
382
380
379
378
378
378
377
374
374
373
373
372
372
372
372
372
371
371
370
369
369
367
367
365
364
362
361
361
361
361
359
358
354
354
354
354
353
353
353
352
351
351
351
351
350
350
350
350
349
348
348
347
347
346
346
345
345
344
344
343
343
342
342
342
341
340
340
339
337
336
333
333
332
329
329
328
327
326
324
323
321
320
320
320
319
319
319
319
319
318
318
317
317
317
317
317
315
315
315
314
313
312
310
309
308
308
305
304
304
304
303
303
303
301
300
300
298
298
297
297
297
296
296
295
295
294
293
292
292
291
289
288
286
286
283
282
282
282
280
279
279
277
276
276
275
274
274
273
272
272
272
271
271
270
269
269
268
268
267
267
266
265
265
264
262
262
260
259
259
258
258
258
257
257
256
256
255
255
254
253
252
251
250
250
250
250
250
248
248
247
246
245
243
243
242
241
238
237
236
235
235
232
232
231
229
229
228
227
227
225
224
224
224
224
224
223
223
223
222
222
221
220
219
216
215
215
214
213
213
211
210
210
210
210
208
207
205
203
202
200
199
199
198
198
198
197
196
194
194
194
193
192
191
191
190
188
188
188
187
186
185
184
183
183
181
180
180
180
179
179
177
176
175
175
175
174
174
174
174
172
172
172
172
171
170
170
170
170
170
169
169
168
168
168
167
167
166
166
166
165
164
162
162
161
159
159
159
159
158
158
157
156
156
155
155
153
153
152
152
151
151
151
150
150
150
148
147
147
146
146
145
145
145
144
144
143
143
142
142
141
141
140
139
139
139
137
137
137
136
135
135
134
134
133
133
132
131
131
130
130
128
128
127
127
127
126
126
125
125
124
124
123
121
121
121
121
120
120
120
119
119
118
118
117
116
115
113
113
112
112
111
111
110
109
108
108
107
107
107
105
105
104
103
103
103
102
102
100
100
99
99
98
96
95
93
93
92
92
91
90
89
88
86
86
84
84
83
83
83
82
81
80
80
80
78
78
77
77
75
