300
1000
796
793
786
783
781
781
780
779
779
777
775
770
769
769
768
763
758
755
754
754
752
748
745
745
743
734
733
730
730
727
724
724
724
722
720
720
718
714
711
700
695
694
693
692
689
688
687
686
683
679
676
676
673
671
666
666
666
662
662
661
659
658
657
656
652
650
649
649
646
645
641
640
636
635
631
629
628
628
627
618
618
617
614
614
613
613
612
608
607
607
606
604
602
601
600
600
596
596
596
595
592
591
590
586
582
580
579
574
573
570
570
570
568
565
565
565
564
563
553
551
550
549
547
546
545
544
542
542
541
540
539
535
535
535
535
533
532
530
528
527
523
523
522
521
518
517
516
514
514
514
513
507
502
496
494
493
492
490
488
488
487
484
479
478
478
474
472
470
468
467
467
467
465
463
462
462
459
457
456
453
450
449
447
446
446
445
442
441
438
437
436
435
435
435
435
426
424
424
421
421
420
414
408
406
403
402
401
400
398
397
395
395
394
387
384
383
382
381
380
380
379
379
376
374
371
370
368
367
366
366
365
365
364
364
363
363
358
356
355
349
339
339
334
334
324
322
319
314
311
311
310
309
304
298
297
293
292
281
271
268
265
263
262
261
258
257
256
254
248
247
245
244
244
244
243
240
239
238
234
229
228
227
226
224
224
223
222
221
218
218
215
215
213
211
210
209
208
207
207
207
