300
400
319
317
316
315
314
314
313
312
310
309
308
306
306
306
304
302
302
302
301
301
301
299
299
298
298
297
297
296
294
291
291
290
289
288
285
284
282
282
281
278
277
277
276
275
275
275
275
274
274
274
273
270
270
270
269
268
268
267
266
265
265
263
263
262
262
261
259
259
257
256
255
253
251
251
251
251
249
248
248
246
246
246
245
245
242
241
241
241
240
240
239
235
234
233
232
230
229
228
226
226
224
218
218
217
216
213
213
212
211
209
209
208
208
208
206
203
203
202
201
200
198
194
194
194
192
190
190
190
189
189
186
185
184
184
183
183
181
180
180
179
177
177
176
176
176
175
175
171
171
171
171
169
166
166
164
163
162
162
160
159
158
156
155
154
154
154
152
152
151
151
149
149
148
148
147
147
145
144
143
143
143
142
142
140
140
139
138
136
133
132
132
131
131
130
130
129
128
128
125
124
123
123
121
121
120
120
119
118
117
116
116
115
115
114
114
112
111
111
110
110
108
106
106
104
103
102
101
100
99
98
97
97
96
96
95
93
93
92
92
89
88
85
84
84
83
82
82
81
81
80
79
78
78
78
77
77
77
76
76
76
75
74
74
73
72
69
67
67
67
66
65
64
64
61
61
61
60
60
58
57
56
56
56
56
56
55
55
54
53
53
52
51
51
50
49
47
46
46
45
42
