1000
750
525
524
524
524
522
521
521
521
521
520
520
520
519
519
519
519
518
517
517
517
516
515
515
515
515
514
513
513
513
512
512
511
510
510
510
510
509
509
508
508
508
507
507
507
506
506
506
506
506
506
506
506
505
505
505
505
505
504
503
503
503
502
502
502
501
500
500
499
499
498
498
498
496
496
496
496
494
494
494
494
493
493
491
490
490
490
489
489
489
488
488
488
487
487
486
486
486
486
486
486
485
485
484
483
483
483
482
481
481
481
480
480
480
479
479
478
478
477
477
477
476
474
473
472
472
472
471
471
470
470
469
468
468
468
468
468
468
467
467
466
466
465
465
465
463
463
463
462
462
461
461
461
460
459
459
459
459
459
458
458
458
458
457
457
456
455
455
454
453
452
452
452
451
450
450
449
449
448
448
448
448
447
447
446
446
446
445
444
444
444
444
443
443
443
442
442
442
441
440
440
440
439
439
439
439
438
438
435
433
433
431
431
430
430
430
429
429
429
428
428
427
427
426
426
425
422
422
422
421
421
421
420
419
419
419
419
418
418
417
417
417
417
416
416
416
416
415
415
415
415
415
414
414
414
412
412
412
412
411
411
411
411
411
410
410
410
410
410
410
410
410
409
409
409
408
408
408
407
407
406
406
406
406
405
405
405
405
404
403
403
402
402
402
401
401
399
398
398
398
398
398
396
396
396
395
395
395
394
394
393
393
393
393
392
392
392
392
391
391
390
390
389
388
387
386
386
386
385
384
384
383
383
383
382
382
382
380
380
380
379
379
378
377
377
377
376
376
375
375
374
374
373
373
372
372
371
370
368
368
368
366
366
365
365
365
365
365
365
364
364
363
363
363
362
361
360
360
359
358
358
358
357
357
357
357
356
355
354
354
354
353
353
352
352
352
352
351
351
350
350
350
349
348
348
348
348
347
347
347
346
346
345
344
344
343
343
343
343
343
342
342
342
341
341
340
339
338
338
338
338
338
337
337
337
337
336
336
335
335
335
335
335
334
333
332
332
332
331
329
329
329
329
327
327
327
327
327
327
327
326
325
325
325
324
324
323
320
320
319
319
318
318
318
317
316
315
315
315
315
314
313
313
313
313
312
312
311
310
310
309
309
308
308
308
308
307
307
307
307
306
306
306
305
305
304
303
303
302
302
301
301
300
300
298
297
297
297
297
297
297
297
297
296
296
295
295
295
294
293
293
293
293
292
292
291
291
291
291
290
290
290
289
288
288
288
288
288
288
287
287
287
286
286
286
286
285
285
285
285
285
285
285
284
283
283
283
283
283
282
282
281
281
281
280
280
280
279
278
278
277
277
277
277
276
276
276
275
274
274
273
273
272
270
270
270
269
268
268
268
267
266
266
266
265
265
265
265
264
264
264
264
264
261
261
261
261
259
259
259
259
257
257
257
256
256
256
255
255
255
254
252
251
251
251
250
249
249
249
248
247
246
245
245
245
245
245
244
244
244
243
243
242
241
241
241
239
238
238
238
238
237
237
237
237
237
236
236
236
236
234
234
234
234
233
232
231
230
229
229
229
228
228
228
228
227
227
226
226
225
225
224
223
222
222
221
221
220
219
218
218
218
217
217
216
216
215
215
214
214
214
214
214
214
213
213
212
211
210
210
210
209
209
208
208
208
206
206
205
205
205
204
203
202
201
201
200
200
200
199
198
197
196
196
195
194
193
193
193
193
193
191
191
190
190
190
189
188
187
186
186
186
185
184
184
184
184
183
183
183
183
181
181
181
181
180
180
179
179
179
179
179
178
178
178
177
177
177
177
177
177
176
176
175
175
175
175
175
174
174
174
174
173
173
172
171
171
171
170
170
169
168
167
167
166
166
166
164
164
163
163
162
162
161
161
161
161
161
160
159
159
158
158
158
158
158
158
157
156
155
155
154
154
153
153
153
153
152
152
152
152
152
152
151
151
151
151
151
149
149
149
148
148
146
145
145
145
144
144
143
142
142
142
142
141
140
140
140
139
139
138
138
137
136
136
134
133
132
132
132
131
131
131
130
130
130
129
129
129
129
128
128
127
127
126
124
124
124
123
122
122
122
121
121
121
121
120
119
119
119
117
116
116
116
115
114
113
111
111
110
109
109
108
108
108
107
106
106
106
106
106
106
106
105
104
104
104
104
103
103
103
102
102
101
98
98
97
97
96
96
96
95
95
94
94
93
92
92
91
90
90
89
89
88
88
88
88
87
87
87
86
86
86
85
85
84
82
82
82
82
82
82
80
80
80
77
77
76
76
75
75
