300
300
210
210
210
209
209
208
208
208
207
207
206
206
206
204
202
201
201
200
200
200
199
198
197
197
196
196
195
195
194
194
194
193
193
193
193
192
191
191
191
191
190
189
188
188
188
185
185
185
184
183
183
182
182
182
181
180
180
180
179
179
179
178
178
177
177
177
177
176
175
174
172
172
171
170
170
169
168
167
166
166
166
166
165
165
164
164
164
163
162
161
161
160
160
159
159
159
158
157
157
157
157
156
156
156
156
155
154
154
153
152
152
152
151
150
149
149
149
148
148
148
148
146
146
146
146
145
145
144
144
144
143
143
143
142
142
141
140
140
139
138
138
138
138
138
137
137
136
136
136
136
135
132
131
130
130
129
129
129
128
127
127
127
127
127
126
126
126
125
125
125
125
125
123
123
122
122
121
120
119
118
117
117
116
116
116
116
116
115
115
114
114
113
113
113
113
113
113
113
112
112
111
111
111
110
110
110
109
109
109
109
108
107
107
107
107
107
106
106
106
102
102
101
100
100
100
99
99
98
98
97
96
96
96
95
95
94
94
94
94
93
92
92
92
91
91
91
90
90
90
88
87
87
87
87
85
85
85
85
84
84
84
83
83
82
82
81
80
79
79
79
78
78
78
77
77
76
75
75
72
72
71
70
70
70
69
67
67
67
66
66
66
66
65
64
64
63
63
62
62
61
