1000
750
600
600
600
600
600
600
599
599
598
598
598
598
595
595
595
594
593
593
592
592
590
590
589
589
588
587
586
586
586
585
584
584
584
583
583
583
583
582
582
579
579
579
579
579
578
578
578
577
576
574
574
573
573
573
573
572
572
571
571
570
570
569
569
568
567
567
567
566
565
565
564
564
564
563
562
559
558
557
556
555
555
555
555
555
554
553
553
552
552
551
550
549
549
549
549
548
548
548
547
546
546
546
545
545
545
544
544
544
544
544
543
542
541
541
539
539
539
538
538
538
537
537
537
535
535
535
534
534
534
534
533
531
531
530
530
530
529
529
529
529
528
527
527
527
526
525
525
525
525
525
524
524
524
524
523
522
521
521
521
519
519
519
517
517
517
517
516
515
515
514
514
514
513
512
511
511
511
511
511
510
510
510
510
509
508
508
508
507
506
506
506
506
505
505
505
504
502
502
501
500
500
499
499
499
499
498
498
498
497
497
496
496
495
495
495
494
494
493
493
493
492
492
492
490
489
487
487
487
487
487
486
486
485
485
484
484
484
483
483
482
481
481
480
480
480
480
480
479
479
479
478
478
477
477
475
475
473
472
472
472
471
470
470
470
469
469
468
467
467
467
466
466
465
465
464
461
461
460
459
459
459
459
458
458
458
458
458
457
457
457
456
456
456
456
455
455
454
454
454
454
454
453
453
452
452
452
452
452
451
451
451
451
450
449
449
448
448
448
446
445
445
445
444
444
442
442
441
440
439
439
438
438
437
435
435
435
433
433
433
432
431
429
429
429
429
428
428
428
428
427
427
426
425
425
424
424
424
424
423
423
423
423
422
422
421
421
420
419
418
418
417
417
415
414
412
412
412
412
412
410
410
409
409
409
407
407
407
407
407
407
407
405
405
404
403
403
402
402
402
401
401
400
398
398
398
397
396
396
396
396
396
396
395
395
395
395
395
394
394
394
392
391
391
391
389
388
386
386
386
386
386
385
384
383
383
383
383
382
381
381
381
380
380
379
378
378
377
376
376
376
375
375
374
374
373
373
372
368
368
368
367
367
366
366
365
365
365
365
364
364
363
362
361
361
360
360
358
358
358
357
357
356
356
355
355
355
354
354
353
353
353
352
352
352
351
351
351
350
350
350
350
350
350
350
349
349
349
349
348
348
347
346
343
343
342
342
342
341
341
340
340
339
338
338
338
337
336
336
335
334
334
334
333
333
329
329
329
329
329
327
326
325
324
324
324
322
322
322
321
321
320
319
319
319
318
318
318
318
318
316
316
316
314
313
313
312
312
311
311
311
310
310
309
309
309
308
308
308
308
308
307
307
306
306
305
304
304
303
303
302
301
300
299
299
298
298
298
297
297
296
295
295
295
294
294
293
293
292
292
292
290
290
290
289
289
288
287
287
287
284
284
284
282
282
282
281
280
280
279
278
278
278
277
277
277
276
276
275
274
273
273
273
272
272
272
272
270
269
269
269
268
268
268
267
267
265
264
264
263
263
263
263
262
261
261
261
260
260
259
259
259
258
257
257
257
256
256
255
255
255
255
255
253
253
252
252
252
252
251
251
250
250
250
249
247
247
246
246
245
245
244
243
243
243
242
242
241
241
241
241
240
239
238
238
238
237
236
236
235
235
235
234
234
234
230
229
229
227
226
225
225
224
224
224
222
221
221
220
220
218
218
215
215
215
214
214
214
213
213
212
212
212
212
211
211
209
208
208
208
206
205
205
205
205
204
204
204
204
201
199
199
198
197
197
196
196
195
195
194
194
193
193
193
192
189
189
189
189
189
189
189
188
187
187
187
186
186
185
185
185
184
184
183
183
182
181
181
181
180
180
180
179
179
179
179
178
176
176
176
175
175
174
174
174
174
174
173
173
173
173
173
173
172
172
171
170
168
168
167
166
166
165
163
162
162
161
161
161
161
161
160
159
159
158
158
156
155
155
154
154
153
153
153
152
152
152
152
150
150
150
148
148
148
147
147
147
147
147
146
146
145
145
144
143
143
143
142
142
142
142
140
140
137
136
135
134
134
134
133
133
132
132
132
131
131
131
131
129
128
128
128
127
127
127
126
125
125
125
124
124
123
122
122
119
119
118
118
117
117
117
117
115
114
114
113
113
112
111
110
110
109
109
107
106
106
105
105
104
104
102
102
102
99
99
98
97
97
96
96
95
95
94
92
92
92
91
90
90
89
88
88
88
88
85
85
85
85
85
83
83
81
81
81
81
81
81
80
80
80
79
78
78
78
78
78
77
76
75
75
75
