400
1000
799
799
799
795
793
793
792
790
790
789
787
786
786
785
781
780
779
778
776
776
775
773
773
772
771
771
771
769
768
768
767
767
767
765
760
760
760
758
757
756
755
755
753
750
749
749
748
746
746
745
742
742
741
740
737
734
733
733
732
727
727
727
726
725
725
724
724
723
723
723
722
720
719
715
713
711
707
706
705
699
697
695
692
692
691
690
687
685
685
685
684
682
681
676
675
675
674
673
665
665
664
663
661
660
659
657
657
657
654
654
649
649
647
643
641
640
640
639
632
631
631
627
624
619
613
611
611
610
609
607
606
606
603
602
602
600
599
598
598
596
594
594
593
593
593
591
587
586
585
584
583
582
581
578
577
575
575
570
569
566
566
565
561
560
559
559
558
556
556
554
554
553
551
547
547
545
544
542
542
541
536
535
535
533
533
527
527
525
523
523
522
519
518
518
518
517
510
507
505
500
496
496
490
489
487
487
485
481
480
480
475
472
469
463
463
461
461
456
453
453
451
450
450
448
448
448
447
446
445
443
443
443
440
439
437
436
436
435
434
433
433
432
431
430
430
429
427
426
425
424
423
423
421
420
420
420
420
420
419
414
414
412
411
410
409
399
399
397
397
396
395
394
394
393
393
391
390
387
378
377
373
372
372
368
368
367
364
364
363
361
359
357
357
356
356
355
353
353
352
350
347
344
344
343
341
339
338
338
337
336
333
333
332
330
326
323
320
319
316
315
314
313
311
311
311
310
310
308
307
305
304
302
297
294
294
294
294
292
291
290
290
288
287
286
283
282
278
278
271
270
263
261
261
260
259
258
258
257
257
256
255
255
254
253
253
252
251
250
247
246
242
237
237
236
233
231
230
230
228
225
225
223
222
222
222
220
215
214
214
214
214
210
208
207
206
204
202
202
201
201
