1000
1000
700
700
699
698
697
696
696
695
695
694
694
694
693
693
692
692
691
690
689
689
688
687
687
687
687
686
685
685
685
684
683
683
682
682
682
681
680
680
679
679
678
678
678
678
677
677
675
673
672
672
671
670
670
669
668
668
668
668
666
666
666
665
665
664
663
663
663
663
662
662
662
662
661
661
661
660
660
660
659
659
659
658
658
658
658
658
657
656
656
656
654
654
654
654
653
653
651
650
650
648
647
647
647
647
646
646
645
644
644
644
644
643
643
643
642
641
640
640
639
639
638
638
638
638
637
637
637
635
634
634
634
634
633
633
633
633
632
632
632
631
631
631
631
630
630
630
629
629
629
628
627
627
627
627
626
625
624
623
621
621
621
620
620
618
617
617
616
616
616
614
614
614
614
613
613
612
612
611
611
611
611
610
608
608
607
607
607
607
607
606
606
606
606
605
604
604
603
602
602
600
600
600
599
599
599
598
598
598
597
597
597
597
594
594
593
593
593
591
591
591
591
591
591
589
589
589
588
587
585
585
585
585
584
584
584
583
581
579
578
576
575
575
575
575
572
572
572
571
571
570
570
570
569
569
568
567
566
566
565
565
564
563
563
563
563
562
560
560
559
559
559
559
558
557
557
556
555
554
554
553
552
552
552
552
552
551
551
551
551
551
551
550
550
550
549
549
548
547
546
546
546
546
546
545
545
544
544
543
543
542
541
540
540
540
538
538
538
538
537
536
535
535
534
534
534
532
532
532
532
531
531
531
530
530
530
529
528
526
526
526
525
522
522
522
521
521
521
521
520
519
519
519
518
518
518
518
517
517
517
516
516
515
514
514
513
513
513
512
512
512
511
511
511
511
511
510
509
509
508
508
507
507
507
506
506
504
503
503
501
501
500
500
499
499
499
497
497
497
496
496
495
495
495
494
494
494
494
494
493
492
492
492
490
490
487
487
486
485
484
484
483
483
483
482
481
481
481
480
480
480
478
478
478
477
477
476
476
475
475
475
474
474
473
472
472
472
471
471
471
470
470
470
469
469
469
468
468
467
467
467
467
466
466
466
466
466
463
462
462
461
461
460
458
458
457
457
457
456
456
456
456
456
455
454
454
454
453
453
452
452
451
451
451
450
449
448
447
447
447
446
446
445
444
444
443
443
443
442
441
441
441
440
440
440
440
439
439
439
438
438
437
437
437
436
436
436
435
435
435
435
434
434
434
433
432
432
432
430
430
430
430
429
429
428
428
428
427
426
424
423
423
422
422
422
422
421
421
420
420
419
418
418
417
417
417
417
416
416
415
415
415
414
414
413
412
412
412
412
411
410
410
410
409
408
408
408
408
407
407
406
404
404
402
402
402
401
401
399
399
399
399
399
398
398
398
398
397
394
394
393
392
391
391
390
390
390
390
390
388
388
388
387
386
386
385
385
384
384
384
384
384
384
384
383
383
383
382
381
380
379
378
377
377
377
374
373
373
372
371
371
371
371
371
370
370
368
368
367
366
366
365
365
365
364
364
363
363
363
362
361
361
361
360
360
360
360
360
359
359
358
358
357
357
357
357
357
356
356
355
355
354
353
353
353
352
352
351
351
350
349
349
348
346
345
345
344
343
343
343
343
342
342
342
342
341
341
340
340
338
338
338
337
336
336
334
334
334
333
332
332
332
331
331
330
329
329
329
329
328
328
328
328
328
327
327
327
326
326
325
325
324
324
324
324
323
323
323
322
322
322
320
319
318
318
317
317
317
316
314
313
313
312
312
312
311
311
311
311
309
308
307
307
307
305
304
304
303
303
301
301
300
300
299
299
299
299
299
298
298
297
296
295
295
295
295
294
293
292
292
291
291
290
290
290
290
288
288
288
288
287
286
286
286
285
285
283
283
281
280
280
280
279
279
279
278
277
277
276
276
275
275
273
271
271
271
270
268
267
267
267
267
266
266
266
266
265
265
265
264
264
263
263
263
262
262
261
261
260
259
259
258
258
258
258
258
257
257
256
256
255
255
254
254
254
254
252
252
251
251
251
248
248
247
247
246
246
246
244
244
244
243
243
242
242
240
240
240
239
239
238
238
238
238
236
236
235
235
235
234
233
233
233
232
232
232
231
231
231
230
229
229
229
228
228
227
227
227
225
225
225
225
225
224
224
224
223
223
222
221
220
220
220
220
219
219
217
217
217
216
216
216
215
215
215
214
214
214
214
213
213
213
212
212
211
211
210
210
209
209
209
208
208
208
207
207
207
207
206
206
205
204
204
203
203
202
201
201
201
201
200
