750
750
525
523
523
522
522
522
522
522
521
521
521
520
520
520
519
518
518
518
517
517
515
513
513
513
512
512
512
512
511
511
511
511
511
511
510
509
509
509
509
508
508
508
506
506
506
505
505
504
504
504
503
503
503
502
501
501
501
500
500
499
498
498
497
497
495
495
495
495
493
493
493
493
491
491
491
490
490
489
488
488
488
487
487
487
486
486
486
486
486
485
485
484
484
482
482
482
482
481
481
481
481
479
479
478
478
477
476
476
475
475
474
473
472
472
470
470
469
468
468
467
467
467
466
466
465
465
464
464
464
463
463
463
463
463
461
461
460
460
459
458
457
457
457
456
455
454
454
453
452
452
450
450
449
448
448
448
448
448
448
447
447
447
447
446
445
445
443
443
442
441
441
441
441
440
440
440
439
439
439
439
439
439
439
439
437
437
436
435
434
434
434
434
433
432
431
430
429
429
429
429
429
428
427
427
427
426
426
426
426
426
426
426
424
424
421
421
421
420
419
417
417
417
416
416
416
415
415
414
414
412
412
412
411
411
411
409
408
407
406
404
403
402
401
401
400
399
399
399
398
398
398
397
397
397
397
397
396
395
395
394
393
393
393
393
392
391
391
391
390
389
389
388
387
387
387
387
387
385
385
385
385
385
384
383
383
383
382
381
381
381
381
380
379
378
378
378
378
378
378
377
377
376
376
375
375
375
374
374
374
374
374
374
374
373
373
373
373
372
371
371
370
370
369
369
369
368
368
367
367
366
366
364
363
361
361
361
359
358
358
357
357
356
356
356
355
355
355
354
354
353
352
351
350
350
349
349
347
347
347
346
346
345
345
344
344
341
341
341
341
341
340
340
339
339
338
337
336
336
336
334
334
333
333
333
333
333
332
332
330
330
330
330
329
328
328
328
328
327
326
326
324
324
323
323
323
322
322
322
322
320
320
320
319
318
318
317
317
316
316
316
316
316
315
314
314
314
314
313
311
311
311
311
310
309
308
308
307
305
305
304
304
304
304
303
303
303
303
301
301
300
300
300
298
298
298
298
298
297
296
296
294
294
293
293
293
293
292
292
291
291
289
289
289
289
288
288
288
287
287
286
285
285
284
283
282
282
282
282
282
282
282
281
281
281
280
279
279
279
278
278
278
278
277
277
277
276
276
275
274
273
273
272
272
272
272
272
270
270
269
269
269
268
268
268
268
267
267
266
266
265
265
265
264
264
263
263
262
262
262
261
260
260
259
258
256
256
255
255
254
254
253
253
251
251
251
251
251
250
250
250
250
249
249
249
249
249
249
249
248
248
248
248
246
246
246
245
245
245
244
244
244
244
243
243
242
241
241
239
239
237
237
237
237
236
236
236
235
235
235
235
232
232
232
231
231
230
229
229
228
228
227
226
226
225
225
225
224
224
223
223
222
222
222
221
219
218
218
217
216
215
214
214
214
213
211
210
209
208
208
208
207
206
205
205
205
205
204
204
203
203
202
201
201
200
199
198
197
197
197
196
196
194
194
193
193
192
191
191
190
189
188
188
187
187
187
186
184
184
184
184
183
183
183
182
182
181
180
180
180
180
179
178
178
176
176
176
176
176
176
176
176
175
174
174
174
173
172
172
172
171
171
171
169
169
169
168
166
166
166
166
165
165
164
163
163
163
163
162
162
161
161
160
160
160
159
159
158
158
157
156
156
155
154
153
153
153
152
151
151
150
