400
750
600
598
597
595
595
593
593
592
592
591
591
589
587
586
585
585
584
584
583
582
581
580
576
575
575
575
570
570
570
569
568
568
567
567
566
564
564
559
558
558
557
557
555
551
551
549
549
547
546
545
543
543
542
537
536
536
534
534
532
530
529
525
522
521
517
516
514
513
512
511
510
508
506
505
505
504
503
502
498
496
496
496
495
494
494
494
492
491
489
489
488
487
484
483
481
478
474
474
471
469
468
467
466
460
458
455
455
454
454
454
454
454
452
449
448
448
447
447
445
445
444
442
441
435
434
433
432
431
431
428
427
427
427
425
425
424
423
422
422
420
419
418
418
416
416
416
415
415
413
412
412
411
411
408
407
406
406
404
403
401
401
400
398
398
398
398
395
393
393
393
392
392
390
389
388
385
381
377
377
375
374
369
369
369
368
367
367
365
365
363
362
361
359
359
358
357
357
354
354
354
351
349
349
349
348
348
346
345
345
344
344
343
343
341
340
338
338
338
335
332
332
331
331
331
331
329
329
329
328
327
327
326
324
324
323
320
319
318
318
317
315
315
312
310
308
308
308
306
306
305
305
304
304
302
301
300
300
296
294
293
291
289
287
284
284
281
281
280
279
278
277
276
276
275
273
273
270
270
268
267
266
265
264
264
263
261
260
259
257
257
256
253
253
253
252
252
251
251
249
249
249
249
248
248
247
247
247
247
246
246
245
245
241
240
238
235
235
234
233
233
232
232
230
230
230
229
227
225
225
224
219
216
216
215
215
215
215
213
213
213
211
210
209
209
209
204
199
197
196
195
195
195
195
194
193
192
192
191
189
189
189
189
189
188
188
187
185
184
183
183
182
182
179
177
176
175
174
174
171
171
169
167
167
166
166
166
163
161
161
160
159
159
158
158
157
156
155
153
151
151
