200
750
525
524
522
521
520
520
518
518
512
510
510
509
508
506
504
503
501
499
497
497
497
497
496
496
495
494
493
484
483
483
482
482
479
479
478
477
477
475
474
471
471
470
468
468
466
464
463
462
460
452
449
447
445
443
443
441
438
437
433
433
432
430
426
426
425
423
417
413
412
412
408
408
407
407
404
400
397
394
391
389
388
388
382
382
382
378
376
375
374
369
366
366
366
362
362
362
359
357
356
354
352
351
351
351
350
349
345
343
342
337
336
335
331
331
326
325
324
320
319
312
312
310
310
307
307
305
304
301
301
300
299
297
297
295
294
291
290
290
290
288
287
283
282
276
276
274
273
268
266
262
259
259
259
256
253
252
250
248
248
243
240
237
235
231
226
224
221
220
220
219
203
202
202
201
198
197
195
194
192
190
189
188
184
183
183
176
174
174
173
172
169
166
163
160
159
159
157
156
155
152
