200
500
349
347
347
343
343
340
340
339
337
333
329
328
327
323
323
323
315
315
313
310
309
308
307
299
298
297
295
290
288
288
287
286
285
285
284
283
281
281
280
278
277
276
275
274
272
272
272
271
269
268
268
265
263
262
260
258
257
255
252
252
251
251
250
250
248
246
245
244
241
241
239
239
238
238
237
234
232
229
228
222
221
221
219
218
218
217
216
214
212
212
211
205
200
197
197
196
194
194
194
194
193
191
190
187
186
186
185
185
185
184
184
183
182
175
175
175
174
174
173
173
170
169
169
168
168
167
165
163
162
162
160
159
159
159
159
157
154
152
148
147
147
145
144
143
142
141
139
138
136
136
134
133
131
129
127
127
125
119
115
111
110
110
101
101
100
97
96
94
94
94
93
92
92
90
87
86
85
84
82
81
76
74
73
71
70
69
65
64
63
60
60
59
58
57
56
56
56
55
55
52
