200
150
105
104
104
103
102
102
101
99
99
99
98
98
98
98
97
97
96
96
96
96
96
96
95
95
95
95
95
94
94
93
93
92
92
92
91
90
90
88
88
88
88
87
87
87
87
86
86
84
84
83
83
83
83
82
82
82
81
81
80
80
80
79
79
79
79
78
78
77
76
76
76
76
75
75
74
73
73
72
72
71
70
70
70
69
68
68
67
67
67
65
65
65
64
64
63
62
62
61
61
61
60
60
59
58
58
57
57
57
57
56
54
54
53
52
52
51
51
51
51
51
50
50
50
50
50
49
48
47
46
46
46
46
45
45
45
45
45
44
44
44
44
43
43
43
43
42
42
41
40
39
38
38
37
37
36
36
35
35
35
35
35
34
34
33
33
32
32
32
32
31
31
30
29
29
29
29
29
28
27
26
26
26
26
25
25
25
24
24
23
23
22
21
21
20
19
18
17
16
15
15
