200
300
240
238
238
236
236
235
234
234
232
231
231
230
228
226
224
222
222
221
220
220
219
218
218
215
215
214
213
210
209
209
207
206
206
204
204
204
204
202
201
201
201
200
199
196
192
191
190
189
189
189
186
186
182
182
182
181
181
180
180
180
179
177
175
175
175
174
174
172
171
170
169
167
167
167
167
167
166
165
165
165
163
163
162
159
154
154
154
153
153
152
152
152
151
148
147
147
146
145
144
143
141
137
136
135
134
134
133
133
131
131
130
130
129
128
127
126
125
125
125
120
120
118
118
117
117
117
111
110
110
109
107
106
106
104
104
103
102
99
97
90
89
89
88
87
84
84
84
84
83
82
81
80
78
78
78
77
74
72
72
72
71
71
70
70
69
68
68
66
65
64
64
60
60
58
56
55
54
53
50
49
46
45
43
42
42
42
40
39
39
39
38
38
35
35
35
34
32
32
31
30
