1000
750
525
524
524
524
523
523
522
522
521
520
519
519
519
519
519
518
517
517
517
517
516
516
516
516
515
514
514
514
513
513
512
512
511
511
511
511
511
510
510
508
508
507
507
507
507
506
506
506
506
506
505
505
505
505
505
505
503
502
502
502
501
501
501
501
500
500
500
499
499
499
499
498
498
498
498
498
497
496
496
496
495
495
495
495
495
495
495
495
494
494
494
493
493
492
492
492
492
492
491
491
489
489
489
488
488
488
488
488
487
487
487
487
486
485
485
484
484
483
483
482
482
482
481
480
479
479
478
478
478
477
477
477
477
476
476
475
475
474
474
473
473
473
473
473
472
472
472
472
471
469
469
469
469
468
468
468
467
467
467
467
467
467
467
466
466
466
465
465
465
464
464
463
462
462
462
461
461
460
460
460
460
460
460
459
459
459
459
458
458
458
458
457
457
457
456
455
454
454
454
454
454
453
453
452
452
451
451
450
450
450
450
450
449
449
448
448
448
448
447
447
447
447
447
447
447
447
447
446
445
445
445
444
444
443
443
443
442
442
442
442
442
442
442
442
441
441
441
441
441
440
440
440
440
439
437
436
436
436
435
435
435
434
434
434
432
432
431
431
430
430
430
429
429
429
429
429
428
428
427
427
426
426
426
426
425
425
424
424
424
423
422
422
421
420
420
420
419
418
418
417
416
416
416
416
415
414
413
413
412
412
412
411
411
411
410
410
410
409
409
408
408
407
407
407
407
407
407
407
407
406
406
405
405
405
404
404
403
403
403
401
401
400
400
399
399
399
398
398
398
398
397
397
397
396
395
394
394
394
393
393
393
393
392
391
391
391
391
390
390
389
389
389
388
388
388
387
387
387
386
385
385
384
384
384
383
383
382
382
381
380
380
380
380
380
380
380
380
380
379
378
378
377
377
377
377
377
377
377
376
376
376
374
374
374
373
373
372
372
372
371
371
371
370
370
369
368
368
368
368
367
367
366
366
364
364
362
362
362
362
362
362
362
362
361
360
360
360
359
358
358
358
357
357
357
357
356
355
355
354
354
354
353
353
352
352
351
351
351
351
351
350
350
349
349
349
349
348
348
347
346
346
346
346
346
345
345
345
345
345
345
345
345
345
344
344
343
343
343
343
342
341
341
341
340
340
339
339
339
339
338
338
338
338
338
337
336
336
335
335
334
333
333
333
333
332
332
332
332
332
330
330
330
329
329
328
328
327
327
326
326
326
325
325
325
325
325
324
324
324
324
323
323
323
323
323
323
322
322
322
322
320
320
320
320
320
319
319
319
319
318
317
317
317
317
316
315
315
314
313
313
312
311
310
310
310
310
309
308
308
308
307
307
307
306
306
306
306
306
306
305
305
305
303
303
303
302
302
301
301
301
300
300
300
300
299
298
298
298
298
297
297
297
297
297
296
295
294
294
294
294
293
292
292
292
291
291
291
290
290
289
289
289
288
288
288
288
287
287
287
286
285
285
284
284
283
283
282
282
281
281
281
280
280
280
279
279
279
279
278
278
278
277
276
276
276
275
275
275
275
274
274
274
273
273
272
272
272
272
271
271
271
271
270
270
268
268
267
266
266
266
266
265
265
265
265
265
265
265
264
264
264
263
263
263
263
262
262
262
262
261
261
261
261
260
260
260
259
258
257
257
257
256
256
256
256
255
255
254
253
253
253
253
252
252
251
251
251
251
250
250
249
249
249
248
248
247
247
247
247
246
246
246
245
245
245
244
243
243
243
242
242
242
241
241
241
240
240
240
240
240
239
238
237
237
237
236
236
236
235
235
233
232
232
231
231
231
231
230
230
229
229
228
228
228
227
227
227
226
225
225
224
224
224
224
223
223
222
222
222
222
222
221
221
221
221
221
220
220
219
219
219
219
218
218
218
217
217
217
217
216
215
215
215
215
214
214
214
213
213
213
213
212
210
210
210
210
209
209
209
208
208
207
207
206
205
205
204
204
204
203
203
202
202
201
201
201
200
200
200
199
199
199
198
198
198
197
194
194
194
193
193
192
192
191
191
190
190
189
189
189
189
188
188
188
188
188
187
187
187
187
186
186
185
184
184
184
183
183
182
181
181
181
180
180
180
178
178
178
177
177
176
176
175
175
175
174
174
174
173
173
173
172
172
172
171
171
170
170
170
169
169
169
169
168
168
168
168
168
168
168
167
167
166
166
165
165
165
164
164
163
163
163
163
163
163
162
162
162
162
161
160
160
160
159
159
158
157
157
155
155
154
154
153
153
153
152
151
151
150
150
