200
750
524
523
522
520
519
516
506
503
500
500
498
495
487
480
473
470
469
469
465
464
459
457
456
455
454
451
450
448
446
446
442
442
441
439
438
437
437
437
433
424
417
416
414
412
411
410
409
408
408
408
406
402
399
399
397
397
397
395
392
392
388
376
376
376
376
374
367
363
359
359
359
359
358
353
352
350
343
343
343
338
335
333
332
331
331
327
325
323
322
320
319
319
316
313
311
309
308
300
297
296
291
285
280
279
278
278
276
266
266
255
252
241
239
238
237
236
234
232
230
230
228
226
226
219
217
217
217
215
211
203
200
199
195
195
194
193
192
191
190
187
185
184
184
183
183
181
178
175
174
171
171
168
163
159
157
157
156
152
146
144
142
141
141
139
139
138
138
136
133
131
130
129
127
124
123
123
123
121
120
120
119
117
116
116
115
114
111
104
102
99
99
99
97
97
89
85
84
84
83
75
