200
1000
800
797
788
786
775
774
762
760
753
752
752
743
743
741
740
733
732
732
729
725
716
714
713
713
712
709
708
699
698
696
686
679
672
663
657
654
647
645
644
642
639
636
633
629
623
617
615
615
614
612
611
611
608
605
601
596
595
594
593
587
585
574
572
565
565
564
561
558
557
553
552
545
534
534
533
530
522
521
520
518
511
510
509
505
505
502
501
501
501
500
493
492
491
489
488
486
484
484
483
477
476
464
455
455
455
451
428
423
420
417
404
386
383
382
362
362
359
350
347
341
335
330
327
322
319
318
316
310
310
309
309
309
308
307
306
301
291
287
280
279
276
276
273
273
272
265
264
259
258
258
254
252
252
249
248
246
242
242
237
234
230
222
221
220
217
211
209
209
204
203
200
196
193
193
192
190
183
181
181
178
177
174
173
169
167
166
161
159
154
153
148
147
145
139
127
120
114
106
105
101
