300
750
600
597
596
591
589
584
582
579
578
577
576
576
575
574
570
567
566
561
557
556
555
553
547
547
545
545
545
542
541
540
538
535
533
531
529
526
525
521
521
520
519
519
517
515
511
511
509
508
507
501
501
501
498
496
496
495
495
493
492
489
488
485
481
480
479
476
475
475
474
473
469
464
463
461
461
461
448
447
446
443
442
442
440
438
437
436
436
436
436
432
432
431
423
423
420
420
420
416
415
412
412
405
404
402
401
401
399
398
397
394
390
390
390
390
389
389
387
385
381
376
376
376
374
371
368
366
365
363
363
362
359
354
350
347
345
341
340
337
336
335
330
326
325
320
319
318
317
313
312
311
311
308
307
306
305
304
297
297
297
296
296
294
291
288
286
282
282
281
280
279
279
272
272
267
267
264
264
262
260
257
257
255
252
250
247
247
241
240
240
239
239
239
239
235
235
233
230
228
226
225
225
224
223
219
218
217
216
212
210
208
208
208
202
201
200
199
199
197
196
195
194
193
193
192
192
192
192
192
187
186
186
185
184
181
181
181
177
176
175
174
173
171
168
164
163
162
162
162
160
157
155
153
151
151
150
147
147
145
144
143
140
139
136
135
134
132
131
130
128
128
125
125
122
119
116
110
109
109
108
107
106
104
104
101
101
100
98
98
95
95
94
94
89
87
83
82
79
78
77
76
