200
200
140
140
139
139
138
138
138
136
135
135
135
135
135
134
134
133
132
132
132
131
130
128
127
126
126
126
125
125
124
124
124
123
123
122
121
121
121
121
120
120
119
119
119
118
118
117
117
117
115
115
114
113
113
113
113
112
111
111
110
110
109
109
109
108
107
106
106
105
105
104
104
103
103
102
101
101
101
100
100
100
100
100
99
98
97
96
96
95
94
94
93
93
93
92
92
92
92
92
92
91
90
90
90
89
89
88
87
87
87
87
86
85
85
84
84
83
82
81
80
80
80
78
78
78
77
77
76
75
75
75
75
74
73
73
72
72
72
71
71
70
70
70
70
69
69
68
67
66
65
65
63
63
62
62
62
61
61
60
59
59
59
58
57
57
57
56
56
55
54
54
53
52
52
51
51
51
50
49
48
48
47
47
47
47
47
45
45
45
44
44
44
44
43
43
43
42
42
41
40
40
