750
1000
700
700
700
699
698
696
695
694
694
694
694
693
692
692
692
692
691
691
690
689
688
687
685
684
682
681
680
680
679
679
678
677
676
676
674
673
673
672
672
670
669
667
665
664
664
664
663
663
662
662
661
661
661
661
659
659
658
658
658
657
657
656
655
653
652
652
650
650
650
650
649
649
649
648
646
644
644
643
643
640
639
638
637
634
633
632
632
631
630
628
626
624
624
623
623
622
621
620
619
618
618
618
615
615
613
613
611
611
611
609
607
607
607
607
605
603
602
602
598
597
597
597
595
595
594
594
592
591
591
591
590
590
590
586
585
585
585
585
585
584
584
582
581
579
579
579
579
578
577
576
575
574
573
572
572
571
571
570
568
568
567
566
565
564
564
563
562
559
559
558
556
555
551
550
548
548
548
547
543
543
542
541
541
540
540
538
538
537
537
536
536
535
533
533
532
531
528
528
527
527
526
526
525
525
523
523
523
522
520
519
518
517
516
515
514
513
512
512
511
510
509
507
505
505
504
504
503
502
502
501
500
500
499
498
497
496
495
491
491
490
489
488
488
487
486
485
485
484
481
481
480
479
479
478
476
476
476
475
475
473
473
473
472
472
472
470
470
469
469
469
468
468
467
466
465
465
464
464
463
463
463
463
463
461
461
461
461
459
459
458
456
456
455
455
455
454
454
454
452
452
451
451
451
450
448
447
445
445
445
445
445
444
444
443
443
443
442
442
441
440
440
440
440
436
434
433
432
431
431
430
430
428
428
427
426
425
424
424
424
423
420
418
417
415
413
413
412
412
411
410
406
404
404
403
403
401
400
398
398
398
398
398
397
397
396
396
394
393
391
391
391
391
390
389
388
386
385
385
384
384
383
382
381
381
379
379
378
377
376
373
373
372
372
372
371
370
369
368
367
365
364
363
363
362
361
360
357
356
356
355
355
355
353
353
353
352
348
347
345
345
345
341
340
340
340
338
337
336
336
336
336
335
335
335
333
333
332
329
328
327
327
326
326
326
325
324
324
323
323
322
320
319
319
319
318
318
317
317
313
313
312
311
311
311
311
310
310
309
308
306
305
304
304
303
303
302
300
300
300
299
298
297
297
296
296
296
294
292
291
291
290
290
289
289
288
288
286
285
284
284
284
283
282
282
280
279
279
279
278
278
278
277
277
277
277
276
275
274
273
273
273
273
272
272
272
272
271
270
270
270
269
266
266
265
265
265
264
263
263
262
262
261
260
259
259
258
258
256
256
255
255
254
252
252
251
251
251
250
250
249
249
248
248
248
245
245
245
244
244
244
243
243
243
242
242
242
241
238
238
237
235
234
234
234
232
232
230
230
229
228
228
226
226
226
225
225
225
224
222
220
219
218
218
217
216
215
215
214
214
211
209
209
209
207
206
205
204
203
202
202
201
201
201
200
199
198
198
197
196
195
194
193
192
192
192
192
192
190
190
187
186
185
181
180
179
179
178
177
177
176
176
176
173
172
171
169
169
168
166
166
165
164
164
162
162
161
161
161
160
160
159
159
158
156
156
155
153
152
150
149
148
148
148
144
144
144
143
143
142
142
141
140
140
139
139
139
138
138
138
137
137
137
136
135
133
132
131
131
130
130
130
130
129
128
128
128
127
127
127
126
126
126
125
122
121
121
121
121
120
119
119
118
116
115
114
114
114
113
113
112
110
109
108
106
105
104
103
103
101
100
