300
400
319
319
319
318
318
318
318
317
315
315
314
314
314
312
312
312
311
310
310
310
309
309
307
306
305
304
302
301
301
301
301
300
298
297
297
296
292
292
292
292
292
290
290
290
290
289
289
288
288
286
286
286
285
285
284
284
284
283
282
281
279
279
278
276
275
270
270
267
266
265
262
261
260
260
259
257
256
255
254
254
252
252
252
252
252
251
250
250
249
249
248
247
247
246
245
245
243
241
241
237
236
236
234
232
229
228
228
226
226
226
223
220
218
217
217
216
215
214
213
211
210
208
204
202
201
201
194
194
194
193
193
192
190
190
190
190
189
189
189
189
186
186
184
183
183
183
182
182
180
178
175
174
174
174
173
172
171
171
171
170
170
170
169
169
168
165
165
165
164
164
163
163
163
161
161
158
157
157
157
155
154
154
153
151
151
150
150
150
149
149
149
148
148
147
146
144
144
144
144
141
141
140
139
137
137
136
134
134
134
131
130
125
124
119
118
116
113
112
112
110
109
108
108
108
108
106
106
106
105
104
101
99
99
98
98
98
97
96
96
95
94
91
91
90
89
89
89
89
89
88
88
87
87
87
86
85
84
84
81
81
80
77
77
77
77
76
71
71
70
67
66
64
64
62
61
61
60
59
59
56
56
54
54
54
51
51
51
51
48
47
47
46
46
45
45
44
44
42
42
42
