500
400
280
280
280
278
278
277
277
277
277
276
276
275
275
275
274
274
274
273
273
272
272
272
272
270
270
270
268
267
266
265
265
265
265
265
263
263
263
262
262
261
261
260
260
259
259
258
257
257
257
257
257
256
256
255
255
255
254
253
253
253
253
252
252
252
252
251
251
250
249
249
249
248
247
247
247
246
246
246
246
246
246
246
245
244
244
243
243
241
241
241
240
240
240
240
239
238
238
237
237
237
236
236
235
235
235
235
234
234
234
233
233
233
231
231
231
231
230
230
230
229
229
229
228
228
227
227
227
226
226
226
226
225
225
224
224
224
223
222
222
222
221
221
220
220
219
219
219
219
218
218
217
217
217
216
216
216
215
215
215
215
215
214
214
213
213
212
212
211
211
209
209
209
208
208
208
208
207
207
207
207
207
206
204
203
203
203
202
202
201
201
201
200
199
199
198
197
197
196
196
196
196
195
194
194
194
194
193
193
193
192
192
192
192
192
192
191
191
191
191
190
190
189
189
189
188
188
188
187
187
187
187
186
186
186
186
185
185
184
184
183
183
183
183
183
182
182
182
181
181
181
181
181
180
179
179
179
178
178
178
177
177
177
176
176
176
176
175
173
173
173
172
172
172
171
171
171
171
170
169
169
169
169
168
167
167
166
166
165
165
164
164
164
163
163
162
162
162
161
160
159
159
159
159
158
158
157
157
157
156
156
156
156
155
154
154
154
154
154
153
153
153
152
151
151
150
149
148
148
148
148
147
147
146
145
145
145
144
144
143
143
143
143
142
142
142
141
141
141
141
140
140
140
140
140
139
139
139
138
138
137
137
136
135
135
135
134
134
134
134
133
133
133
132
132
132
132
131
131
130
130
130
129
129
129
128
127
126
126
125
125
125
124
124
123
123
123
123
122
122
122
122
121
120
120
120
120
120
119
118
118
117
117
117
116
116
116
115
115
114
114
113
113
111
110
110
110
110
110
109
108
107
107
107
107
106
106
106
105
105
104
104
104
103
102
101
100
100
100
100
99
99
99
99
99
99
97
97
97
96
96
96
96
95
95
95
95
94
94
93
93
93
93
92
91
90
90
90
90
90
89
89
88
86
86
86
83
83
83
83
83
83
83
83
82
82
82
81
81
81
81
