500
750
599
599
598
597
596
595
595
593
593
592
592
592
592
591
590
590
590
589
588
585
585
583
582
582
580
577
576
575
574
574
573
573
571
570
568
567
566
565
564
563
562
560
560
560
559
559
559
558
557
557
556
556
555
555
554
551
550
550
548
548
548
547
545
542
542
540
539
539
539
538
534
534
533
533
533
532
532
530
529
527
527
526
524
521
517
514
513
510
508
508
507
507
507
505
504
504
504
503
501
500
499
498
498
497
496
496
492
490
488
487
487
485
483
481
481
480
479
476
475
475
473
473
472
471
471
470
469
466
464
464
463
462
460
460
459
458
457
455
455
455
454
454
454
454
453
453
452
452
452
450
448
447
447
445
445
443
443
437
436
435
435
433
432
432
432
432
430
430
429
426
426
424
423
423
422
422
421
420
416
414
413
413
413
410
410
405
404
404
398
397
395
394
388
388
388
387
387
385
383
383
383
382
382
382
381
381
379
377
376
373
373
372
372
370
369
369
368
367
367
365
364
363
362
362
361
360
360
358
357
356
355
352
352
351
351
349
345
340
338
338
337
336
335
332
329
327
327
325
325
323
322
321
320
318
316
315
314
314
312
311
311
308
306
304
304
303
303
302
301
301
301
300
298
298
298
296
296
294
292
291
290
290
288
287
285
285
283
283
282
282
281
280
279
279
279
278
278
277
277
277
276
272
271
271
271
270
270
268
267
267
266
266
265
264
263
263
263
261
260
260
259
259
257
256
255
255
254
254
254
252
252
252
252
251
250
249
248
248
247
245
240
239
239
237
237
237
237
236
236
235
234
234
234
233
232
231
230
229
228
226
226
224
224
224
221
219
219
219
218
217
215
213
212
211
211
210
210
210
209
209
207
204
204
204
201
200
200
200
199
198
197
194
193
191
191
191
189
186
185
183
183
181
181
181
172
171
171
170
170
169
166
166
165
164
162
162
160
155
155
154
153
152
152
150
148
147
144
143
141
140
135
135
134
133
133
132
129
129
128
128
127
126
123
121
121
119
118
118
116
113
112
111
111
111
110
109
109
108
107
106
106
104
103
102
101
101
100
99
98
96
96
94
94
92
91
91
89
89
89
88
88
87
87
86
86
86
85
84
84
84
81
81
80
79
79
78
78
77
76
75
