500
500
350
350
349
348
348
347
346
346
346
346
346
345
345
344
344
344
341
340
339
339
338
338
336
336
336
336
335
335
335
334
334
334
334
333
333
333
332
332
332
332
331
331
330
330
329
329
328
328
328
328
328
327
327
327
327
327
327
326
326
326
325
324
323
323
323
323
323
322
322
322
321
321
320
320
319
317
317
317
317
317
316
315
315
314
314
313
313
311
311
309
307
307
306
306
306
304
304
303
303
303
302
302
302
302
302
301
301
301
300
300
300
299
298
298
297
296
296
295
295
295
295
294
294
292
292
291
291
291
290
289
289
288
288
287
286
286
284
284
284
283
283
283
282
281
281
280
280
280
280
280
279
279
278
278
277
277
277
276
276
275
274
274
273
273
272
272
272
272
271
270
270
269
269
269
268
268
267
266
265
264
263
263
263
263
263
262
262
261
261
260
260
259
259
259
258
257
257
256
256
255
255
255
255
255
253
252
252
250
250
249
249
249
249
248
247
247
247
247
247
247
247
247
246
246
246
245
245
244
244
244
243
243
243
242
242
241
241
240
239
239
239
238
238
238
237
236
236
234
234
234
233
232
231
231
231
230
230
229
229
228
228
228
227
227
227
226
226
226
224
224
224
224
222
221
221
221
221
220
219
219
219
219
219
219
218
218
218
217
217
217
216
216
213
212
212
211
211
209
209
207
207
207
206
205
205
204
204
203
203
202
202
202
202
201
200
200
199
199
198
198
198
197
197
195
195
194
193
193
192
192
192
191
191
189
189
188
188
187
187
187
186
185
185
183
183
183
183
182
182
182
182
181
181
180
179
179
179
179
178
178
178
176
175
174
174
174
174
174
174
173
172
172
171
171
171
170
169
168
168
168
166
166
165
165
165
165
165
164
164
164
164
164
163
163
163
162
162
161
161
160
158
158
158
157
157
156
156
156
156
156
155
154
154
154
154
153
153
153
153
152
152
152
151
151
151
151
150
150
149
149
148
148
148
146
145
145
143
142
142
140
139
139
138
137
137
136
136
135
135
135
134
134
133
133
133
132
131
131
131
130
129
128
127
126
124
123
123
122
122
121
121
121
121
120
119
118
117
116
114
114
112
111
111
111
111
111
111
111
109
109
109
108
107
104
103
103
102
101
100
100
