500
500
400
400
397
397
396
395
395
393
393
392
392
391
391
391
390
388
388
387
387
387
387
387
386
386
386
386
385
385
385
385
382
381
380
379
378
378
375
375
375
375
375
374
374
373
373
372
371
369
368
368
367
366
366
365
364
363
362
362
359
359
358
356
356
355
355
355
355
355
354
353
352
352
351
350
349
348
347
346
345
344
344
343
342
342
341
341
340
340
339
338
337
337
332
328
327
327
327
326
326
326
326
325
324
324
322
322
321
321
319
318
318
318
317
316
316
313
313
312
312
312
311
311
310
310
307
306
303
303
302
302
301
301
300
299
297
296
296
295
294
293
292
292
289
288
287
286
284
284
284
283
282
282
282
280
279
279
279
279
277
277
276
276
273
272
272
272
271
271
270
268
268
266
266
265
265
265
265
264
264
264
264
263
263
262
261
261
260
260
260
260
259
258
257
257
256
256
255
255
255
254
253
253
251
251
250
250
250
250
249
249
249
248
248
247
247
244
244
243
242
242
241
240
238
238
238
238
237
237
235
235
234
234
234
234
234
233
233
232
232
232
231
231
229
227
226
225
225
224
222
222
220
219
219
219
218
218
217
217
217
216
215
215
215
215
212
212
212
211
211
210
209
209
208
206
204
202
201
200
197
197
196
195
194
194
192
192
192
192
192
191
190
189
189
188
188
188
187
187
185
184
183
183
182
180
180
180
180
179
177
177
177
176
175
174
174
173
173
171
171
171
170
170
169
168
168
167
167
165
165
165
164
164
163
163
162
161
160
160
160
160
159
159
159
158
158
158
158
157
156
156
156
156
154
154
152
152
152
151
150
149
148
148
148
148
147
146
145
145
144
143
142
141
141
140
139
139
139
138
138
137
135
133
132
132
132
131
131
129
129
129
127
127
126
125
124
124
123
123
121
121
121
120
119
119
119
118
117
114
114
113
113
113
112
112
111
111
110
110
109
109
109
108
106
105
104
104
104
102
102
101
98
98
98
98
98
97
97
97
96
96
96
94
88
88
88
87
86
85
85
83
83
83
82
81
80
80
79
78
78
77
77
77
76
75
75
75
75
75
74
74
73
71
68
67
67
66
65
64
64
64
63
62
62
59
58
57
57
55
55
55
54
53
53
52
51
51
51
51
50
50
