200
120
96
96
96
96
96
96
95
95
95
94
93
92
92
91
91
90
89
89
88
88
87
87
87
87
86
85
84
84
84
84
83
83
83
83
82
82
82
82
82
81
81
80
80
80
79
78
78
77
76
76
76
76
76
76
76
75
75
75
74
74
72
72
71
71
71
71
69
68
68
68
67
67
67
66
66
66
65
65
65
65
65
65
64
64
64
64
63
62
62
61
61
60
59
59
58
58
57
57
56
56
55
54
53
53
52
52
52
52
51
51
50
50
49
49
49
49
49
49
48
48
47
46
46
45
43
43
43
43
43
42
42
42
41
41
41
40
40
39
37
36
36
35
34
34
34
33
33
33
32
32
31
31
30
29
29
29
29
28
28
28
28
27
27
26
26
26
26
25
24
24
23
23
22
22
21
21
21
21
21
20
20
19
19
19
19
18
18
18
16
15
15
14
14
14
14
13
13
13
13
12
