200
750
598
591
590
590
586
581
579
576
574
569
566
566
565
564
563
556
553
553
551
551
549
547
543
532
532
530
522
516
515
513
512
511
509
508
503
501
499
495
494
488
480
479
477
475
474
473
472
469
468
465
461
459
455
455
452
449
440
438
436
433
427
427
423
422
418
413
413
406
400
398
391
388
386
384
382
380
378
372
371
370
369
369
367
362
360
359
356
356
353
351
350
349
342
341
335
334
334
333
333
332
329
327
325
324
324
323
318
316
304
300
299
289
289
283
281
280
279
275
268
268
267
266
263
262
258
258
258
250
250
249
245
245
244
242
238
236
236
233
232
231
227
227
217
216
216
211
211
209
207
202
200
189
188
185
185
184
182
179
173
172
171
168
168
163
150
149
145
144
142
141
140
135
132
131
129
128
127
127
123
121
120
118
117
116
115
110
108
107
106
106
97
95
94
93
88
88
87
77
76
76
