300
750
600
599
599
598
594
594
593
587
586
584
584
582
577
577
576
575
574
574
573
572
571
571
570
570
570
567
563
563
559
558
556
555
554
552
549
549
547
545
543
539
539
538
536
536
534
534
531
527
525
525
524
524
523
518
518
517
515
513
512
510
510
508
508
507
507
507
500
498
497
497
495
493
493
491
488
486
485
479
478
474
472
465
464
461
460
459
457
457
455
455
453
450
449
449
447
447
446
445
445
444
442
439
438
436
434
433
432
428
427
427
427
423
421
421
419
418
416
416
415
414
410
407
406
402
400
398
393
389
379
379
378
377
377
376
376
374
372
369
364
364
364
360
358
358
357
357
355
353
352
351
350
348
347
344
343
341
339
334
326
324
323
322
321
321
321
319
319
316
314
312
307
306
305
305
300
297
294
293
291
290
288
287
286
285
284
284
278
271
269
265
264
262
261
259
258
258
258
255
254
250
247
246
244
242
241
240
237
236
235
231
226
226
225
225
224
222
222
220
220
216
216
215
215
215
214
211
205
202
198
197
197
196
194
194
188
185
184
184
182
181
180
177
177
171
171
170
170
170
169
168
165
164
161
160
160
158
158
157
153
151
151
150
148
144
139
138
138
136
134
134
133
131
131
123
117
110
110
107
105
104
102
102
101
98
98
98
97
90
89
88
87
83
82
82
82
81
76
76
75
75
