300
1000
696
695
694
694
690
690
689
689
687
686
681
680
680
679
678
675
673
672
671
670
669
663
659
659
658
654
653
651
650
648
646
646
645
645
645
644
644
641
640
639
633
630
628
628
628
627
627
627
625
623
623
621
620
620
619
614
614
613
611
611
609
608
607
606
604
602
600
597
597
595
592
591
588
587
587
587
586
585
582
575
573
572
571
570
567
564
564
563
562
561
557
557
554
554
553
552
550
550
550
549
545
544
539
537
537
531
530
528
527
524
518
517
514
513
511
509
507
506
506
506
505
504
503
502
500
499
499
498
498
498
493
490
485
484
483
480
479
478
478
477
473
472
470
470
468
467
467
467
465
464
459
459
457
456
455
449
444
441
440
438
438
435
435
434
434
433
430
428
426
426
420
417
415
414
411
408
407
406
406
405
403
401
398
396
393
392
391
390
390
390
389
389
389
389
389
387
386
385
384
380
380
379
375
375
374
372
368
367
366
364
360
360
359
357
352
352
349
343
343
342
341
340
340
334
326
325
325
324
323
321
318
318
317
316
315
313
313
312
310
309
305
304
301
301
299
296
292
290
287
286
284
284
283
282
282
281
278
276
274
273
270
266
265
265
264
260
260
259
257
256
254
251
249
247
244
244
242
239
238
238
238
231
229
227
226
226
226
225
223
223
222
221
210
210
209
209
209
207
206
202
