300
200
140
139
139
139
139
139
139
139
136
135
135
135
135
134
133
133
132
132
132
132
131
131
130
130
130
129
128
128
127
126
126
126
125
125
125
125
124
124
123
123
123
122
122
122
121
121
121
120
120
119
119
119
118
117
117
116
116
116
115
115
114
114
114
112
111
109
109
109
109
109
108
108
108
107
107
107
107
106
105
105
105
105
104
104
103
103
102
102
101
101
100
100
100
100
99
99
99
99
98
98
98
98
97
95
95
94
94
94
94
93
93
92
92
92
92
91
91
91
91
90
89
89
89
89
88
88
88
87
86
86
86
85
85
84
83
83
83
81
81
80
80
79
79
78
78
77
77
77
76
76
76
75
75
75
74
73
73
71
71
70
70
69
69
69
69
69
69
69
69
68
68
68
67
67
67
66
66
66
65
65
65
65
65
64
64
64
63
63
63
62
62
61
61
60
59
57
56
56
55
55
55
55
55
54
54
53
53
53
53
53
53
52
52
52
52
52
51
51
50
50
50
48
48
47
47
47
47
46
46
45
45
44
43
42
42
41
41
41
40
39
39
39
39
38
37
36
36
36
35
35
34
33
33
33
32
32
32
31
31
30
30
29
29
29
28
28
27
27
27
27
27
27
27
26
26
26
26
25
25
25
25
25
25
25
25
24
23
23
22
22
22
22
22
21
20
20
20
20
20
20
