400
750
525
523
521
521
521
520
519
519
519
517
513
513
512
509
508
508
507
507
506
506
506
506
505
504
503
502
502
502
501
501
501
500
497
496
496
496
495
494
493
491
491
491
491
490
486
486
483
482
480
480
479
479
478
478
478
476
476
472
469
468
468
467
466
466
466
466
466
465
465
464
463
462
460
458
458
457
456
456
455
455
454
452
452
450
450
449
448
446
446
445
445
444
443
443
440
440
438
436
436
436
435
434
433
432
431
430
430
429
429
426
425
424
423
421
421
421
420
420
419
419
417
414
409
409
406
405
404
403
402
401
401
401
401
400
399
398
397
397
396
395
394
393
391
391
390
389
389
389
388
386
385
385
385
385
384
384
383
381
381
380
379
379
379
378
378
378
377
377
377
377
376
375
373
371
371
369
368
367
367
366
364
362
360
359
359
358
357
357
356
356
355
355
353
350
349
348
348
345
344
343
340
340
340
336
334
333
333
332
332
332
332
330
329
327
325
325
324
323
320
317
316
313
313
312
311
308
306
306
303
303
303
303
301
299
299
297
296
294
293
292
290
290
290
289
289
288
288
287
287
287
287
286
285
283
281
280
280
278
278
278
276
276
276
275
275
274
273
273
273
271
271
270
269
269
267
266
265
264
263
261
259
258
258
256
255
254
254
253
252
251
250
248
246
246
245
244
244
243
239
238
238
237
236
236
235
235
235
235
230
229
228
225
225
225
225
223
223
223
222
221
221
221
220
220
220
220
220
219
217
215
215
215
214
211
211
211
210
208
207
207
206
202
201
201
200
198
197
196
195
194
194
193
190
190
189
189
189
189
188
185
185
183
183
183
183
182
182
182
178
178
174
174
174
173
173
172
169
169
167
167
167
165
163
163
162
162
162
161
161
159
157
157
156
156
155
155
153
152
152
151
