500
500
400
400
400
397
397
397
397
396
395
395
393
391
391
390
389
389
386
385
384
382
381
381
380
380
380
380
379
379
378
378
378
378
377
377
376
375
375
374
374
373
372
372
371
371
371
371
370
369
368
367
367
367
366
365
365
364
364
364
363
362
362
362
362
362
360
360
359
357
357
357
357
357
357
356
356
355
355
354
354
354
353
352
352
350
348
347
347
347
347
345
345
345
343
342
342
341
340
339
338
338
338
338
337
336
336
335
335
335
335
335
334
333
333
332
332
332
332
331
328
328
328
327
327
326
326
325
324
324
324
323
323
322
322
322
320
320
319
319
319
318
318
318
316
316
316
315
315
314
314
314
313
312
312
312
311
311
311
310
309
309
309
308
307
307
307
306
305
305
304
304
304
303
302
302
301
300
300
300
300
299
299
298
297
296
295
295
295
294
293
293
292
289
288
288
288
287
287
286
286
286
285
283
282
282
282
281
281
279
279
279
277
277
276
276
276
276
273
273
272
272
272
270
270
269
268
267
267
267
266
266
266
265
264
260
260
260
259
259
259
258
258
257
255
255
254
254
254
254
254
253
253
253
252
251
250
250
249
249
249
249
248
248
248
247
247
247
246
245
245
244
244
244
242
240
240
240
240
240
239
236
235
235
234
234
233
233
231
230
229
228
228
227
226
225
225
224
224
224
224
224
223
222
221
221
221
220
220
220
217
217
217
214
213
212
212
212
212
212
212
210
209
209
208
207
206
206
204
202
201
201
201
201
200
200
199
199
197
196
195
195
194
194
194
193
192
191
190
190
189
187
187
187
187
186
183
183
182
181
181
181
181
181
180
180
179
178
177
176
176
175
175
175
174
173
172
169
169
169
167
167
167
166
166
166
164
163
161
161
160
160
159
158
157
155
155
155
154
154
154
153
153
153
152
152
152
151
149
149
149
147
147
145
145
144
144
143
143
143
143
143
143
142
142
141
141
141
141
140
139
139
138
137
136
136
136
135
135
134
133
132
132
132
130
130
130
129
129
128
127
127
126
125
125
124
124
123
123
123
123
122
122
122
121
120
120
120
120
119
119
117
117
116
116
115
115
114
114
112
112
112
112
111
110
108
108
108
107
107
106
104
103
103
102
102
101
101
100
100
100
100
