160
1000
800
800
798
788
758
755
754
752
747
742
734
731
726
722
717
716
704
699
698
695
682
671
670
669
668
667
650
645
644
643
634
630
630
621
617
610
588
585
574
569
548
544
541
537
519
516
506
501
498
498
496
495
489
483
473
469
464
460
458
449
443
440
437
436
430
427
424
424
423
423
419
411
410
410
408
408
402
401
388
378
374
373
372
370
367
365
358
358
355
345
341
339
338
338
324
320
316
316
305
302
291
291
283
275
268
266
262
249
249
247
245
236
234
232
231
230
228
228
220
216
205
201
197
194
193
190
190
187
175
166
164
141
138
135
123
121
116
111
101
99
99
87
86
77
75
73
70
66
66
62
62
54
53
51
47
43
40
27
17
12
