180
1000
799
791
786
786
781
776
771
768
767
764
755
750
749
748
747
747
743
738
735
734
724
721
720
705
704
703
701
698
697
692
689
685
677
672
670
670
667
665
650
645
637
631
627
625
623
615
606
605
601
592
586
584
582
581
578
578
577
573
566
555
553
546
545
544
540
533
529
523
518
517
505
500
500
491
486
486
465
461
461
458
458
447
440
439
438
436
433
431
428
415
415
411
411
406
392
390
389
389
386
385
384
382
381
376
375
372
368
355
350
349
349
348
335
329
328
326
325
321
313
295
293
292
292
278
278
275
272
258
257
256
252
251
250
243
222
220
218
217
216
199
193
192
164
154
153
146
142
132
131
131
127
125
125
120
119
106
104
104
104
90
79
74
67
66
63
55
50
49
49
47
29
29
22
21
21
15
13
9
6
6
