160
1000
793
791
771
755
752
750
748
748
746
723
720
709
695
694
682
680
680
678
659
650
649
637
637
630
616
608
600
599
598
597
592
591
591
578
577
571
567
556
540
536
532
527
525
515
512
512
511
504
501
501
500
498
494
469
466
460
456
455
452
449
439
429
423
423
416
414
407
406
405
403
400
398
398
394
384
383
381
376
374
374
370
370
368
367
362
362
361
360
349
325
320
320
316
309
308
303
299
291
288
288
284
282
276
275
255
246
242
235
224
214
210
198
189
189
175
175
174
173
151
145
143
137
136
136
135
129
129
125
116
113
110
105
105
102
96
92
87
82
78
74
74
61
60
54
53
49
47
40
39
34
31
27
22
19
13
11
9
6
5
3
