180
1000
783
783
782
780
774
774
768
764
757
753
751
750
748
743
743
718
713
712
706
705
695
688
686
685
684
675
674
674
673
671
666
666
665
647
641
638
638
637
634
629
613
613
604
600
599
593
588
584
570
569
569
567
565
556
552
549
548
545
544
538
525
524
524
523
505
504
501
496
493
490
487
486
485
481
476
471
470
468
463
460
457
454
444
443
443
443
439
438
436
434
431
426
422
419
412
395
380
366
354
340
334
324
324
323
320
317
316
309
301
299
290
288
286
272
271
264
253
253
239
239
231
231
231
226
226
214
214
204
189
184
177
174
172
169
169
168
163
160
152
149
144
142
137
135
123
122
121
120
120
113
109
108
106
105
103
100
98
97
94
92
90
90
86
84
74
66
64
59
56
54
51
46
43
40
38
36
16
14
14
3
