200
1000
798
798
793
790
787
787
772
756
750
749
743
742
737
734
731
726
725
725
723
717
704
703
696
695
693
689
688
685
682
681
675
673
671
671
667
647
647
640
638
637
636
630
629
628
622
620
614
606
605
604
592
591
590
587
582
581
580
579
573
573
570
568
565
563
561
558
556
551
547
546
540
535
525
522
518
504
501
501
499
497
495
493
487
482
480
479
476
475
474
473
472
472
466
465
462
457
453
437
436
435
434
432
431
430
428
423
417
417
416
408
405
366
365
364
363
362
362
356
355
352
351
351
349
346
339
329
314
312
311
310
305
303
292
288
288
282
281
280
279
275
271
268
256
250
247
243
239
228
222
217
212
208
206
203
202
200
195
194
187
185
178
177
177
177
171
165
155
153
152
141
137
135
133
131
130
124
122
117
109
93
76
75
72
67
60
57
53
53
49
44
41
40
39
27
25
21
19
18
17
5
