200
1000
798
795
786
782
774
774
773
770
765
757
753
752
750
740
737
737
736
729
726
722
718
715
714
711
710
708
707
688
687
681
664
651
650
630
630
623
622
621
621
620
619
619
616
612
608
607
607
606
605
603
600
593
589
586
585
580
575
567
565
564
563
560
556
555
553
553
550
550
550
542
536
536
535
527
524
523
515
509
506
504
499
498
498
497
493
490
489
481
479
466
464
463
462
462
461
454
452
434
424
423
422
421
420
419
416
415
413
410
405
399
392
391
387
384
382
377
377
377
371
371
364
354
354
347
346
346
341
335
333
331
324
317
317
311
309
308
299
295
293
283
274
270
264
256
254
251
247
244
243
230
227
227
215
213
209
207
204
204
200
198
175
144
142
141
138
129
126
124
122
121
121
112
110
104
92
91
83
81
81
79
76
76
75
69
69
68
64
53
52
50
47
37
24
24
23
18
14
10
9
7
