2727
1500000
999120
999120
999120
999120
999120
999120
999120
999120
999120
998075
998075
998075
998075
998075
998075
998075
998075
998075
998075
996719
994040
994040
994040
994040
994040
994040
994040
994040
994040
994040
994040
994040
991083
991083
991083
991083
991083
991083
991083
991083
991083
991083
991083
991083
991083
991083
991083
991083
986781
986781
986781
986781
986781
986781
986781
986781
986781
986781
986781
986781
986781
986781
970544
970544
970544
970544
970544
970544
970544
970544
970544
970145
970145
970145
970145
970145
970145
970145
970145
970145
970145
970145
970145
970145
970145
970145
970145
970145
970145
970145
970145
964640
964640
964640
964640
964640
964640
964640
964640
964640
964640
964640
964640
964640
964640
964640
964640
964640
964640
964640
964640
959402
959402
959402
959402
959402
959402
959402
959402
959402
959402
959402
959402
959402
959402
959402
959402
955791
955791
955791
955791
955791
955791
955791
955791
955791
955791
955791
955791
955791
955791
955791
955791
955791
955791
955791
955791
950559
950559
950559
950559
950559
950559
950559
950559
950559
950559
950559
945624
945624
945624
945624
945624
945624
925433
925433
925433
925433
925433
925433
925433
925433
925433
925433
925433
919936
919936
911725
911725
911725
911725
911725
911725
911725
911725
911725
911725
911725
911725
911725
911725
911725
911725
911725
911725
911725
909486
909486
909486
909486
909486
909486
909486
909486
909486
909486
909486
909486
909486
909486
909486
909486
909486
909486
909486
909486
908375
908375
908375
908375
908375
908375
908375
908375
908375
908375
908375
908375
908375
908375
908375
908375
908375
908375
906094
906094
906094
906094
906094
906094
906094
906094
906094
906094
906094
906094
906094
906094
904120
904120
904120
904120
904120
904120
904120
904120
904120
896550
896550
896550
896550
896550
896550
896550
896550
896550
896550
896550
896550
896550
896550
893471
893471
893471
893471
893471
893471
893471
893471
893471
893471
893471
893471
893471
893471
893471
883753
883753
883753
883753
883753
883753
883753
883753
883753
883753
883753
883753
883753
883753
883753
883753
883753
883753
883753
883753
883602
883602
883602
883602
883602
883602
883602
883602
883602
883602
883602
883602
883602
872570
872570
872570
872570
872570
872570
872570
872570
872570
872570
872570
872570
872570
872570
872570
872570
870078
870078
870078
870078
870078
870078
870078
870078
870078
870078
870078
870078
870078
870078
870078
870078
867118
867118
867118
867118
867118
867118
866662
866662
866662
866662
866662
866662
866662
866662
866662
866662
866662
866662
866662
866662
866662
866662
866662
866662
866662
866662
860665
860665
860665
860665
860665
860665
860665
860665
860665
860665
860665
860665
860454
860454
860454
860454
860454
860454
860454
860454
860454
860454
860454
860454
855508
855508
855508
855508
855508
855508
855508
855508
855508
855508
855508
855508
855508
855508
855508
855508
855508
855508
851807
851807
851807
851807
851807
851807
851807
851807
851807
851807
851807
851807
851807
851807
851807
851807
851807
851505
851505
850899
850899
845956
845956
845956
845956
845956
845956
845956
845956
842805
842805
842805
842805
842805
842805
842805
842805
842805
841075
841075
841075
841075
841075
841075
841075
841075
841075
841075
841075
841075
841075
838876
838876
838876
838876
838876
836287
836287
836287
836287
836287
836287
836287
827386
827386
827386
827386
826268
826268
826268
821855
821855
821855
821855
821855
821855
821855
821855
821855
821855
821855
821855
821855
821855
821855
821040
821040
821040
821040
821040
821040
821040
821040
821040
821040
821040
821040
821040
821040
821040
821040
821040
821040
821040
815939
815939
815939
815939
815939
815939
815939
815939
815939
815939
815939
815939
814586
814586
814586
814586
814586
814586
814586
814586
811695
811695
811695
811695
811695
811695
811448
811448
811448
811448
811448
811448
811448
811448
811448
811448
811448
811448
811448
811448
811448
811448
811448
811448
811448
811245
811245
811245
811245
811245
811245
799124
799124
797725
795371
795371
795371
795371
795371
795371
795371
795371
795371
795371
795371
795371
795371
794512
794512
791433
791433
791433
791433
791433
791433
791433
791433
789476
789476
789476
789476
789476
789476
789476
789476
789476
789476
789476
789476
789476
789476
789476
789476
789476
789476
789476
789476
787878
787878
787878
787878
787878
787878
787878
787878
787878
787878
787878
787878
787878
787878
787878
787878
787878
787415
787415
787415
787415
787415
787415
787415
787415
787415
787415
787415
782528
782528
782528
782528
782528
782528
782528
782528
782528
782528
782528
782528
782528
780570
780570
780570
780570
780570
780570
773811
773811
773811
773811
773811
773811
773811
768825
768825
768825
768825
768825
768825
768825
768825
768825
768825
767096
767096
767096
767096
767096
767096
767096
767096
767096
765025
765025
765025
765025
765025
765025
765025
765025
765025
765025
765025
765025
765025
765025
765025
765025
765025
765025
747962
747962
747962
747962
747962
746122
746122
746122
746122
746122
746122
746122
745454
745454
745454
745454
745454
745454
745454
745454
745454
745454
745454
745454
745454
745454
745454
745454
745454
741526
741526
741526
741526
741526
741526
741526
741526
741526
741526
741526
741526
741526
741526
741526
741526
741526
741526
741526
740269
740269
740269
740269
740269
740269
740269
740269
740269
740269
740269
740269
740269
740269
740269
740269
740269
740269
740269
739463
739463
739463
739463
739463
739463
739463
737796
737796
737796
737796
737796
737796
737796
737796
737796
737796
737796
733700
733700
733700
733700
733700
733700
733700
728800
728800
728800
728800
728800
728800
728800
728800
728800
728800
728800
728800
728800
728800
728800
728800
728800
726834
726834
726834
726834
726834
726834
726834
726834
720684
720684
720684
720684
720684
720684
720684
720684
720684
720684
720684
720684
720684
720684
720684
720684
720684
720684
720684
720367
720367
720367
720367
720367
720367
720367
720367
720367
720367
720367
720367
720367
720367
720367
720367
719073
719073
719073
719073
719073
719073
718074
718074
718074
718074
715823
715823
715823
715823
715823
715823
712759
712759
712759
712759
712759
712759
712759
712759
712759
712759
712759
712759
712759
712759
712759
712759
709752
709752
709752
709752
709752
705403
705403
705403
705403
705403
705403
705403
705403
705403
705403
705403
705403
705403
705403
705403
705403
704148
704148
704148
704148
704148
704148
704148
704148
704148
704148
704148
701564
701564
701564
701564
701564
701564
701564
701564
701564
701564
701564
689044
689044
689044
689044
689044
689044
689044
689044
689044
689044
689044
689044
689044
689044
689044
689044
689044
689044
689044
689044
684333
684333
684333
684333
684333
684333
684333
684333
684333
684333
684333
684333
684333
684333
684333
683462
683462
683462
683462
683462
683462
683462
683462
683462
683462
683462
683462
683462
679908
679908
679908
679908
679908
679908
679908
679908
679908
679908
679908
679908
679908
679908
679908
668357
668357
664622
664622
664622
664622
664622
664622
664622
664622
664622
663990
663990
663990
663990
663990
663990
663990
663990
663990
663990
663990
663990
659960
653218
653218
653218
653218
653218
653218
653218
653218
653218
653218
653218
653218
653218
653218
653218
653218
646235
646235
646235
646235
646235
646235
646235
646235
646235
646235
646235
646235
646235
646235
646235
646235
646235
646235
646235
646235
640166
640166
640166
640166
640166
640166
640166
640166
640166
640166
640166
640166
640166
640166
640166
640166
640166
640166
639618
639618
639618
639618
639618
639618
639618
639618
639618
635964
635964
635964
635964
635964
635964
635964
635964
635964
635964
635964
635964
635964
635964
635964
635964
635964
634744
634744
634744
634744
634744
634744
634744
634744
634744
634744
634744
634744
634744
634744
634744
634744
634744
634185
634185
634185
634185
634185
634179
634179
634179
634179
634179
634179
634179
634179
634179
632746
632746
632746
632746
632746
632746
632746
632746
632746
632746
632746
632746
632746
632746
632746
632746
632746
620943
620943
620943
615436
615436
615436
615436
615436
615436
615436
615436
615436
615436
615436
615436
615436
611906
611906
611906
611906
611906
611906
611906
611906
611906
611906
611906
611906
611304
611304
611304
611304
611304
611304
611304
611304
607380
607380
607380
607380
607380
607380
607380
607380
607380
607380
607380
596455
596455
595574
595574
595574
595574
595574
595574
590205
590205
590205
590205
590205
583386
583386
583386
580974
580974
580974
580974
580974
580974
580974
580974
580974
580974
580974
580974
580974
580974
580974
580974
580974
565803
556655
556655
556655
556655
556655
556655
556655
556655
556655
556655
556655
556655
556655
556655
556655
556655
556655
556655
551001
551001
551001
542122
542122
542122
542122
542122
542122
542122
542122
542122
534360
534360
534360
534360
534360
525289
525289
525289
525289
521706
521706
521112
521112
521112
521112
516956
516956
516956
516956
516956
516956
516956
516956
516956
516956
516956
516956
516956
516956
516956
516956
516956
516956
513403
513403
513403
513403
513403
513403
513403
513403
513403
513403
513403
513403
513403
513403
513403
511551
511551
511551
511551
511551
511551
511551
511551
511551
511551
511551
511551
511551
511551
511551
511551
511551
511551
511551
509772
509772
509772
509772
509772
509772
509772
509772
509772
509772
509772
509772
509772
509772
509772
509772
497063
497063
497063
497063
497063
497063
497063
497063
497063
497063
497063
497063
497063
497063
484938
484938
484938
484938
484938
484938
484938
484938
484938
484938
484938
484938
484938
484938
484938
484938
484938
484938
484938
476973
476973
476973
476973
474251
474251
474251
474251
474251
474251
474251
474251
474251
474251
474251
474251
474251
474251
474251
474251
474251
474251
474251
474251
473172
473172
473172
473172
473172
473172
473172
473172
473172
473172
473172
473172
473172
473172
473172
467616
467616
467616
467616
467616
467616
467616
467616
467616
462132
462132
462132
462132
462132
462132
462132
462132
459515
459515
459515
459515
459515
459515
459515
459515
459515
459515
459515
459515
459515
459515
458799
458799
458799
458799
458799
458799
458799
458799
458799
458799
458799
458799
458799
458799
458799
458799
458799
455624
455624
455624
455624
455624
455624
455624
455624
455624
455624
455624
455624
455624
455624
455624
455624
455624
455624
455624
454422
454422
454422
454422
454422
454422
454422
454422
454422
454422
454422
454422
454422
452016
452016
452016
452016
452016
452016
452016
452016
452016
452016
452016
452016
452016
449178
449178
449178
449178
449178
449178
449178
449178
449178
449178
449178
449178
449178
449178
444551
444551
444551
444551
444551
444551
444551
444551
444551
444551
444551
444551
443392
443392
443392
443392
443392
443392
440795
440795
440795
440795
440795
440795
440795
440795
431485
431485
431485
431485
431485
431485
431485
431485
431485
431485
431485
431485
431485
431485
431485
431485
431485
431485
431485
431485
427090
427090
427090
421115
421115
421115
421115
421115
421115
421115
421115
421115
421115
421115
421115
421115
421115
421115
421115
421115
421115
421115
421115
416068
416068
416068
416068
415597
415597
415597
415597
415597
415597
415597
415597
415597
415597
415597
415597
415597
415597
415597
415597
415597
415597
414022
414022
414022
414022
414022
414022
414022
414022
414022
414022
414022
414022
414022
414022
414022
414022
414022
414022
414022
414022
410325
410325
410325
410325
410325
410325
410325
410325
410325
410325
410325
409733
409733
409733
409733
409733
409733
409733
409274
409274
409274
409274
409274
409274
409274
409274
409274
409274
409274
409274
409274
409274
409274
409274
409274
409200
409200
409200
409200
409200
409200
409200
409200
409200
409200
409200
409200
395470
395470
395470
395470
395470
395470
395470
395470
395470
395470
395470
395470
395470
395470
395470
395470
395470
395470
395470
393047
393047
393047
393047
393047
393047
393047
393047
393047
393047
391384
391384
391384
391384
391384
391384
391384
391384
391384
388069
388069
388069
388069
388069
388069
388069
388069
388069
388069
388069
388069
388069
384341
384341
384341
375755
375755
375755
375755
375755
375755
375755
375641
373130
373130
373130
373130
373130
373130
373130
373130
373130
373130
373130
370104
370104
370104
370104
370104
370104
370104
370104
370104
370104
370104
367392
367392
367392
367392
367392
367392
367392
367392
367392
367392
367392
367020
367020
367020
367020
367020
367020
359735
359735
359735
359440
359440
356016
356016
356016
356016
356016
356016
356016
356016
356016
356016
356016
356016
356016
356016
356016
356016
355727
352857
352857
352857
352857
352857
352857
352857
352857
352857
352857
352857
352857
352857
352857
352857
352857
352857
352857
352857
352661
352661
352661
352661
352661
352661
352661
352661
352661
352661
352661
352661
352661
352661
351314
336506
336506
336506
336506
336506
336506
336506
336506
336506
336506
336506
336506
336506
336506
336506
336506
336248
336248
336248
336248
336248
336248
336248
336248
336248
336248
336248
336248
336248
336248
336248
336248
334196
334196
334196
334196
334196
334196
334196
334196
334196
334196
334196
334196
334196
334196
334196
334064
334064
334064
334064
334064
334064
334064
334064
334064
334064
334064
334064
334064
326163
322658
322658
322658
322658
318179
315126
315126
315126
313763
313763
313763
313763
313763
313763
313763
313763
313763
313763
313763
313763
313763
313763
313763
313763
313763
313763
313763
310043
310043
309237
309237
309237
309237
309237
309237
309237
309237
309237
309237
309237
309237
309237
309237
309237
309237
309237
309237
309237
308888
308888
308888
308888
308888
308888
308888
308888
308888
299050
299050
299050
299050
299050
299050
299050
299050
299050
299050
298293
298293
298293
293629
292691
292691
292691
292691
292691
292691
292691
292691
292016
292016
292016
292016
292016
292016
292016
292016
292016
292016
292016
292016
292016
292016
292016
292016
292016
289759
289759
289759
289759
289759
289759
289759
289759
289759
289759
289759
289759
289759
289759
289759
285548
285548
284583
284583
279851
279851
279851
279851
279851
279851
276816
276816
276816
276816
276816
273603
273603
273603
273603
273603
273603
273603
273603
273603
273603
273603
273603
273603
273603
262804
262804
262804
262804
262804
262804
262804
262804
262804
262804
262804
262804
262804
262804
262804
262804
262804
262804
262804
262804
260595
260595
260595
260595
260595
260595
260595
260595
260595
260595
260595
258914
258914
258914
258914
258914
258914
258914
258914
258914
258914
258914
258914
258914
258914
258914
258914
258914
258914
258477
258477
258477
257965
257965
257965
257965
257965
257965
257965
257965
257965
257965
257965
257965
257965
257965
257965
257965
257965
257965
257965
257965
253607
253607
253607
253607
253607
253607
253607
253607
253607
253607
253607
253607
249316
249316
249316
249316
249316
249316
249316
249316
249316
249316
249316
249316
249316
249316
249316
249316
249316
249316
244097
244097
244097
244097
244097
244097
244097
244097
244097
244097
244097
244097
244097
244097
239916
239916
239916
239916
239916
239916
239916
239916
239916
239916
239916
239916
239916
239916
239916
239916
239916
239916
239916
239845
239845
239845
239845
239845
239845
239845
221485
221485
221485
221485
221485
221485
221485
221485
221485
221485
221485
221485
221485
221485
221485
221485
221485
221485
221485
221485
220442
219051
219051
219051
219051
219051
219051
219051
219051
219051
219051
219051
219051
219051
218077
218077
218077
218077
218077
218077
218077
218077
218077
218077
218077
218077
216141
216141
216141
216141
216141
216141
216141
216141
216141
216141
216141
216141
216141
216141
216141
216141
216141
207681
207681
207681
207681
207681
207681
200557
200557
196543
196543
196543
196543
196543
196543
196543
196543
196543
196543
196543
196543
196543
196291
196291
196291
196291
184034
184034
184034
184034
184034
184034
184034
184034
184034
184034
184034
184034
184034
184034
184034
184034
184034
184034
184034
179816
179816
179816
179816
179816
179816
179816
179816
177292
177292
177292
177292
177292
177292
177292
177292
177292
177292
177292
177292
177292
177292
177292
177292
176395
176395
176395
176395
176395
176395
176395
176395
176395
176395
176395
176395
176395
176395
176395
173180
173180
173180
173180
167530
167530
167530
167530
167530
167530
167530
167530
167530
167530
167530
167530
167530
167530
167530
167185
167185
167185
167185
167185
167185
167185
165759
165759
165759
165759
165759
165759
165759
165759
165759
165759
165759
165759
165759
165759
160343
160343
160343
160343
160343
160343
160343
160343
160343
160343
160343
160343
160343
145882
145882
143396
143396
143396
143396
143396
143396
143396
143396
143396
143396
143396
143396
143396
143396
143396
143396
143396
143396
143396
132858
132858
132858
132858
132858
132858
132858
132858
132858
132858
132858
130028
130028
130028
130028
130028
130028
130028
130028
130028
130028
130028
130028
130028
130028
127920
127920
127920
127920
127920
127920
127920
127920
127920
127920
127920
127920
127920
127920
127920
127920
127920
127920
127920
127916
127916
127916
127916
127916
127916
127916
127916
127916
127916
127916
127916
127916
127916
127916
127916
127916
127082
127082
127082
118585
118585
118585
118585
118585
118585
118585
118585
118585
118585
105295
105295
105295
105295
105295
105295
105295
105295
105295
105295
105295
105295
105295
105295
105295
105295
105295
104251
104251
104251
104251
104251
104251
103758
103758
103758
103758
103758
103689
103689
103689
100569
100569
100569
100569
100569
100569
100569
100569
100569
100569
100569
100569
100569
100569
100569
100569
97706
97706
97706
97706
97706
97706
97706
97706
97706
97706
97706
97706
97706
97706
97706
97706
97706
97706
97706
97706
91476
91476
91476
91476
91476
91476
91476
91476
91476
91476
91476
90883
90085
90085
90085
90085
90085
90085
90085
90085
90085
90085
90085
90085
90085
90085
90085
90085
87727
87727
87727
87727
87727
87727
87727
87727
87727
87727
87727
87727
87727
87727
87727
87727
87727
87727
87727
87727
85498
85498
85498
85498
85498
85498
85498
85498
85498
85498
85498
85498
85498
85498
85498
80444
77855
77855
77855
77855
77855
77855
77855
77855
77855
77855
77855
77855
77855
75448
75448
75448
75448
75448
75448
75448
75448
75448
75448
75448
75448
75448
74929
74929
74929
74929
74929
72073
72073
72073
72073
72073
67145
67145
67145
67145
67145
67145
67145
67145
67145
67145
67145
67145
67145
67145
67145
67145
67145
67145
67145
49611
44885
44885
44878
44878
44878
44878
44878
44878
44878
44878
44878
43492
43492
43492
43492
43492
43492
39849
39849
39849
39849
39849
39849
39849
39849
39849
39849
39849
39849
39849
39849
39849
39849
39849
39849
39849
35242
35242
35242
35242
35242
30930
30930
30930
30930
20249
20249
20249
20249
20249
20249
20249
20249
20249
20249
20249
10582
10582
10582
10582
10582
10582
