501
1000
499
499
498
496
496
494
492
492
491
487
483
481
481
480
480
480
478
478
477
476
475
475
475
474
473
473
472
472
471
471
468
468
467
466
466
466
465
464
463
462
461
461
460
459
459
458
457
456
456
455
455
454
454
453
452
451
451
449
448
448
447
445
444
444
442
441
440
440
440
440
438
438
437
437
434
432
432
431
427
427
427
426
425
425
424
422
422
418
418
413
410
410
408
407
407
407
407
406
405
404
403
400
399
397
397
396
396
395
395
394
393
393
392
392
392
391
389
389
388
388
388
387
387
387
386
385
385
385
383
382
381
381
380
379
379
378
378
378
377
376
376
376
376
376
375
374
374
373
372
372
372
371
370
370
369
369
369
369
369
368
368
367
365
365
364
364
364
364
364
363
362
361
360
359
358
358
358
357
357
357
357
356
356
355
351
351
351
350
349
349
349
348
348
347
347
347
346
346
344
343
342
340
340
340
339
337
337
336
335
332
332
331
330
330
330
329
329
329
327
326
325
325
325
325
324
324
323
323
323
322
321
321
320
319
319
318
318
318
318
316
315
315
314
313
312
312
310
310
309
309
309
309
309
309
308
307
306
306
305
303
303
302
302
301
301
300
300
298
298
298
297
296
296
296
296
296
295
295
294
294
294
294
294
293
293
293
292
292
291
291
291
291
290
290
290
290
290
289
289
289
289
289
289
288
288
287
287
287
287
287
287
286
286
286
286
286
286
285
284
284
283
283
282
282
281
280
280
280
279
279
279
279
279
279
278
278
278
278
278
278
278
277
277
276
276
276
276
275
275
275
275
275
275
274
274
274
274
274
273
273
273
273
272
272
272
272
272
271
271
271
271
271
271
271
271
271
270
270
270
270
270
269
269
269
269
269
269
269
269
268
268
268
268
268
267
267
267
267
266
266
266
265
265
265
265
264
264
264
263
263
263
263
263
263
263
263
262
262
261
261
261
261
260
260
259
259
259
259
259
259
258
258
258
258
258
257
257
257
257
257
257
257
257
257
256
256
256
256
256
255
255
255
255
255
255
254
254
254
254
254
254
254
253
253
253
253
253
253
253
252
252
252
252
252
252
252
252
252
252
252
252
251
251
251
251
251
251
251
251
250
250
250
250
250
250
250
250
250
250
250
250
