160
1000
789
787
786
781
777
774
773
770
763
763
757
753
748
727
726
716
707
703
700
695
681
676
676
675
675
664
661
654
654
649
645
639
626
620
613
612
605
605
601
589
586
577
562
561
548
536
523
511
500
498
498
493
488
484
484
483
482
478
464
461
461
458
438
436
434
431
420
419
416
415
414
413
410
400
393
385
373
373
372
369
351
351
342
321
320
320
317
313
307
301
300
299
288
275
270
267
260
257
256
253
253
248
237
234
227
216
214
208
202
192
191
188
173
169
164
160
155
151
145
140
131
130
127
124
117
116
108
108
107
106
97
94
92
86
80
77
76
75
73
73
70
67
62
59
54
53
50
50
49
48
46
41
40
40
32
29
28
27
24
19
