1002
52160
46892
46880
46877
46846
46831
46828
46816
46756
46750
46744
46702
46693
46672
46663
46660
46654
46585
46549
46536
46501
46500
46480
46450
46448
46432
46380
46379
46366
46364
46363
46344
46328
46318
46294
46230
46213
46188
46173
46166
46124
46121
46090
46041
46025
46010
45968
45962
45932
45920
45881
45874
45872
45848
45826
45823
45820
45807
45784
45772
45766
45756
45740
45702
45653
45644
45600
45574
45548
45545
45528
45522
45488
45408
45394
45385
45353
45336
45296
45292
45243
45238
45222
45204
45174
45160
45079
45040
45030
45019
45012
44998
44953
44936
44884
44844
44822
44811
44768
44750
44712
44694
44688
44686
44564
44560
44558
44523
44516
44514
44487
44439
44435
44424
44328
44295
44263
44256
44240
44226
44180
44132
44130
44104
44018
43954
43944
43903
43876
43872
43867
43828
43816
43742
43707
43696
43695
43691
43679
43600
43596
43563
43552
43550
43534
43503
43448
43360
43292
43222
43158
43148
43142
43094
42991
42967
42951
42941
42904
42892
42832
42808
42786
42784
42712
42640
42516
42456
42444
42402
42370
42291
42280
42262
42192
42095
42091
42059
41953
41792
41780
41776
41760
41716
41694
41674
41512
41448
41332
41256
41140
41136
41133
41121
41105
41073
41066
41056
41014
40948
40864
40816
40412
40408
40338
40274
40248
40077
40065
40049
40040
40017
39920
39916
39758
39664
39548
39520
39386
39216
39008
38996
38832
38824
38809
38797
38793
38792
38745
38600
38575
38428
38322
38306
38242
37932
37840
37772
37600
37096
37079
37075
37064
37047
37043
37030
37000
36960
36957
36950
36840
36808
36784
36616
36300
36252
36236
36076
36064
35920
35826
35762
35664
35398
35240
35144
35137
35053
35041
34981
34952
34912
34760
34564
34268
33760
33706
33504
33296
33266
33245
33229
33197
33171
33040
33024
32880
32718
32488
32456
32452
32288
32264
32092
31840
30978
30944
30625
30593
30322
30160
29984
29968
29656
29484
29480
29445
29436
29420
29413
29260
28768
28582
27552
27446
26800
26288
26224
26160
26152
26144
26120
26100
26096
26088
26087
26086
26084
26083
26082
26081
25728
24592
24334
23991
22912
22064
21744
21736
21734
21732
21731
21729
21728
21724
21704
21688
21680
21136
20598
20551
20512
19650
19552
19520
19084
18957
18956
18940
18904
18900
18760
18720
18528
18512
18352
18202
17984
17973
17947
17696
17654
16992
16724
16584
16537
16472
16428
16424
16408
16202
16163
16080
16064
15952
15825
15777
15746
15728
15584
15440
15392
15382
14916
14668
14552
14504
14432
14370
14317
14309
14257
14187
14184
13970
13614
13600
13552
13500
13404
13276
13260
13220
12968
12816
12808
12776
12704
12678
12671
12648
12610
12599
12595
12584
12571
12569
12568
12192
11996
11952
11728
11602
11546
11534
11444
11321
11304
11300
11181
11144
11141
11137
11128
11127
11120
10976
10972
10646
10616
10592
10576
10416
10338
10235
10204
10121
10104
10093
10081
10071
9952
9906
9854
9800
9796
9456
9440
9348
9309
9290
9246
9241
9200
9191
9188
9096
9028
9009
8936
8888
8792
8742
8722
8708
8672
8656
8652
8507
8419
8391
8336
8329
8250
8248
8225
8162
8160
8134
8100
8088
8044
7967
7952
7942
7840
7814
7800
7792
7756
7724
7720
7683
7675
7641
7584
7558
7518
7516
7450
7433
7396
7299
7272
7215
7190
7178
7168
7152
7140
7110
7059
7056
7055
7048
7018
6992
6948
6944
6911
6881
6856
6842
6830
6786
6728
6694
6692
6688
6652
6635
6624
6608
6555
6536
6470
6456
6439
6435
6395
6372
6365
6352
6336
6332
6232
6230
6222
6216
6178
6125
6118
6100
6068
6024
6007
5970
5964
5951
5942
5936
5901
5849
5848
5822
5804
5792
5790
5782
5776
5770
5765
5744
5724
5688
5673
5647
5642
5534
5516
5513
5490
5472
5436
5423
5382
5356
5340
5330
5324
5320
5295
5284
5282
5281
5272
5264
5242
5233
5216
5196
5168
5166
5126
5101
5062
5036
5033
4998
4998
4991
4980
4957
4942
4890
4880
4872
4870
4856
4836
4832
4831
4820
4819
4762
4752
4724
4717
4696
4677
4647
4592
4588
4581
4557
4550
4520
4512
4510
4508
4448
4444
4441
4430
4403
4396
4346
4344
4344
4344
4336
4336
4336
4320
4320
4320
4288
4288
4224
4116
4096
3928
3872
3840
3816
3790
3784
3784
3776
3776
3744
3680
3648
3648
3636
3594
3588
3528
3520
3344
3328
3328
3312
3280
3280
3264
3240
3200
3168
3164
3154
3148
3136
3072
3072
3072
3008
2976
2944
2928
2896
2862
2850
2836
2832
2816
2810
2792
2752
2720
2688
2680
2648
2648
2640
2576
2560
2544
2544
2532
2532
2520
2518
2518
2514
2512
2512
2512
2496
2496
2496
2426
2392
2368
2368
2368
2368
2316
2308
2304
2288
2264
2256
2234
2226
2226
2224
2224
2208
2208
2192
2176
2164
2128
2088
2080
2064
2048
2040
2028
2022
2018
2016
2014
2012
1980
1968
1952
1952
1888
1864
1856
1856
1848
1846
1836
1832
1824
1808
1800
1776
1760
1746
1744
1744
1740
1736
1728
1728
1728
1700
1682
1678
1664
1648
1644
1632
1632
1628
1624
1616
1616
1600
1568
1560
1552
1544
1536
1536
1536
1536
1534
1528
1508
1500
1496
1488
1472
1442
1440
1436
1432
1424
1410
1410
1408
1408
1400
1384
1382
1376
1364
1360
1356
1344
1336
1336
1328
1328
1312
1312
1310
1296
1296
1296
1286
1286
1280
1280
1280
1278
1272
1272
1264
1262
1248
1244
1244
1232
1232
1224
1220
1216
1216
1208
1200
1200
1192
1190
1188
1184
1184
1182
1180
1176
1164
1156
1152
1152
1152
1152
1152
1152
1144
1136
1134
1128
1124
1120
1104
1104
1102
1096
1096
1088
1084
1080
1076
1064
1064
1064
1064
1060
1058
1056
1056
1056
1056
1056
1052
1046
1044
1040
1032
1032
1024
1024
1024
1024
1024
1020
1018
1008
1006
1000
996
996
992
990
988
976
972
966
962
960
960
960
960
960
948
942
936
934
928
928
928
916
912
910
908
900
896
896
896
896
896
896
888
888
884
880
872
864
832
832
832
804
736
728
704
656
640
640
630
528
508
492
480
400
384
286
192
4
