1002
60864
54740
54736
54728
54712
54678
54660
54644
54640
54590
54564
54534
54518
54508
54438
54392
54379
54315
54312
54304
54300
54278
54256
54254
54252
54217
54176
54166
54102
54056
54048
54045
54014
54011
54000
53980
53978
53856
53844
53840
53832
53828
53806
53805
53716
53673
53660
53658
53593
53588
53576
53488
53384
53376
53374
53344
53342
53337
53296
53265
53260
53258
53256
53252
53192
53145
53104
53004
53002
52977
52938
52920
52789
52788
52768
52684
52661
52600
52592
52562
52412
52410
52378
52368
52359
52328
52320
52207
52192
52122
52112
52092
52044
51992
51980
51882
51852
51807
51772
51754
51659
51616
51562
51536
51515
51483
51480
51466
51444
51324
51288
51280
51226
51218
51195
51122
51024
50930
50851
50803
50784
50780
50764
50690
50680
50664
50650
50620
50528
50508
50480
50464
50428
50410
50276
50274
50271
50263
50224
50191
50074
49952
49912
49752
49672
49534
49531
49524
49523
49499
49476
49451
49376
49374
49355
49312
49308
49264
49118
49008
48768
48712
48643
48635
48611
48584
48563
48544
48467
48376
48364
48278
48246
48214
48140
48108
48080
47968
47958
47939
47891
47852
47824
47795
47729
47712
47532
47400
47316
47264
47236
47160
46886
46846
46771
46691
46586
46576
46384
46309
46096
45876
45832
45828
45812
45728
45716
45704
45700
45620
45600
45242
45130
45082
45074
44989
44981
44957
44938
44909
44813
44304
44120
44048
43944
43940
43828
43824
43812
43744
43716
43700
43620
43488
43356
43295
43282
43218
43202
43193
43154
42208
42040
41872
41812
41688
41584
41400
41262
41255
41249
41198
41112
40932
40916
40820
40804
40724
40672
39520
39106
38923
38896
38850
38774
38640
38551
38536
38511
38384
38068
38056
38052
37956
37940
37867
37860
37859
37835
37787
37704
37691
37448
37408
37128
36832
36744
36136
35942
35936
35878
35862
35814
35560
35056
34800
34696
34647
34643
34638
34632
34630
34628
34580
34568
34564
34544
34468
34440
34372
34202
34189
33184
31776
30508
30496
30480
30460
30458
30456
30450
30448
30445
30444
30442
30441
30440
30437
30436
30434
30433
30208
28908
26752
26220
25368
25362
25361
25360
25357
25356
25354
25353
25352
25351
25346
25342
25328
25312
25300
24288
23730
23592
23072
22528
22231
22222
22084
22024
22004
21936
21928
21924
21908
21868
21864
21862
21851
21849
21744
21520
21096
20878
20838
20832
20822
20770
20736
20671
20616
20104
20064
19784
19635
19552
19528
19311
19304
19231
19191
19172
19171
19108
19092
19016
19012
19004
18736
18616
18595
18544
18410
18346
18320
18285
18134
17916
17824
17496
17062
16864
16788
16724
16708
16628
16472
16390
16347
16341
16338
16244
16108
16080
15992
15856
15688
15584
15182
14918
14762
14727
14722
14654
14641
14496
14372
14356
14308
14304
14292
14224
14212
14108
14104
14032
13960
13808
13377
13300
13297
13257
13237
13231
13162
13154
13022
12768
12708
12648
12644
12640
12628
12548
12536
12492
12468
12336
12131
12080
11920
11902
11870
11811
11745
11650
11432
11360
11360
11292
11224
11116
11073
10947
10896
10891
10844
10830
10811
10784
10758
10672
10636
10604
10542
10518
10490
10420
10408
10331
10291
10272
10251
10248
10211
10191
10185
10136
10016
9904
9848
9790
9680
9668
9636
9632
9632
9591
9511
9492
9471
9452
9451
9445
9442
9413
9336
9272
9128
9120
8994
8967
8895
8880
8835
8828
8826
8800
8714
8700
8668
8656
8636
8540
8514
8504
8482
8416
8404
8345
8320
8282
8208
8142
8122
8059
8042
8034
8016
7992
7956
7874
7834
7832
7819
7792
7712
7698
7671
7594
7580
7549
7516
7486
7424
7404
7400
7356
7316
7312
7264
7215
7136
7128
7120
7089
7088
7046
7044
6922
6920
6896
6888
6837
6820
6752
6732
6731
6636
6606
6573
6572
6556
6554
6433
6408
6368
6348
6344
6342
6340
6336
6333
6320
6304
6273
6270
6248
6242
6160
6088
6068
6061
6006
6004
5993
5978
5883
5882
5872
5864
5856
5852
5834
5822
5744
5742
5740
5728
5711
5710
5688
5683
5600
5582
5567
5520
5516
5510
5490
5476
5464
5459
5405
5400
5358
5300
5286
5252
5200
5188
5172
5158
5136
5128
5128
5108
5070
5070
5070
5068
5068
5068
5068
5064
5064
5056
5056
5056
5056
5056
5056
4864
4800
4608
4444
4440
4408
4400
4392
4384
4376
4376
4372
4370
4368
4368
4368
4368
4320
4288
4208
4184
4172
4164
4164
4152
4112
4096
4016
3968
3952
3904
3888
3862
3856
3846
3838
3834
3832
3816
3816
3800
3792
3792
3744
3718
3712
3712
3680
3680
3668
3656
3648
3624
3520
3352
3336
3336
3328
3328
3320
3280
3276
3268
3268
3264
3200
3184
3136
3136
3072
2948
2944
2944
2944
2940
2928
2928
2880
2872
2856
2856
2840
2816
2816
2816
2816
2784
2784
2752
2718
2680
2674
2658
2650
2646
2644
2628
2628
2600
2576
2536
2520
2520
2512
2504
2496
2496
2496
2496
2496
2432
2424
2400
2376
2368
2362
2348
2328
2326
2272
2256
2240
2240
2216
2188
2178
2168
2162
2148
2148
2144
2120
2120
2112
2112
2108
2100
2096
2080
2080
2066
2050
2048
2042
2038
2036
2032
2016
2016
1968
1956
1952
1920
1920
1920
1918
1902
1896
1894
1890
1888
1888
1888
1856
1856
1852
1840
1824
1796
1792
1792
1778
1766
1764
1760
1760
1740
1736
1736
1728
1720
1704
1700
1696
1692
1680
1668
1664
1652
1632
1620
1610
1604
1604
1600
1584
1584
1568
1564
1562
1552
1536
1536
1534
1520
1516
1512
1508
1496
1496
1480
1472
1464
1456
1442
1440
1416
1408
1408
1408
1408
1408
1408
1380
1376
1376
1366
1360
1344
1344
1344
1320
1314
1308
1304
1286
1266
1264
1264
1264
1264
1264
1264
1254
1252
1248
1248
1232
1216
1216
1210
1208
1200
1200
1200
1198
1176
1176
1168
1168
1160
1160
1152
1152
1152
1144
1144
1142
1140
1136
1120
1120
1116
1100
1096
1096
1090
1088
1088
1088
1088
1088
1088
1080
1080
1072
1068
1056
1048
1044
1044
1032
1032
1028
1024
1024
1024
1024
1016
1008
1008
992
940
752
660
648
640
612
584
576
576
552
440
432
400
382
368
336
320
320
302
192
