1002
48896
43950
43932
43882
43864
43860
43836
43824
43822
43800
43772
43758
43754
43744
43732
43696
43644
43630
43564
43562
43552
43522
43464
43461
43457
43452
43436
43424
43408
43390
43362
43361
43347
43329
43298
43284
43281
43272
43252
43242
43232
43208
43203
43200
43167
43144
43126
43102
43100
43073
43068
43057
43046
43040
43004
42999
42996
42992
42952
42888
42886
42881
42876
42848
42806
42787
42724
42694
42670
42662
42660
42640
42632
42614
42611
42540
42534
42531
42519
42504
42495
42476
42440
42423
42420
42400
42366
42296
42267
42246
42235
42228
42203
42184
42165
42104
42100
42084
42079
42015
42014
42006
41997
41988
41968
41960
41958
41952
41924
41850
41813
41796
41777
41720
41712
41647
41636
41582
41574
41468
41446
41440
41438
41423
41400
41375
41374
41363
41347
41258
41244
41109
41104
41054
41052
41030
41016
40952
40928
40921
40888
40881
40838
40812
40751
40696
40684
40670
40656
40646
40588
40567
40503
40454
40432
40396
40326
40318
40288
40271
40263
40230
40215
40184
40140
40120
40038
40012
39989
39928
39888
39851
39724
39710
39686
39494
39487
39456
39423
39332
39322
39256
39232
39216
39192
39136
39128
39054
38988
38975
38971
38939
38936
38931
38923
38875
38860
38746
38682
38576
38526
38521
38516
38324
38184
38112
38072
38045
37933
37920
37894
37879
37822
37726
37622
37540
37534
37508
37452
37360
37341
37275
37160
37032
36880
36704
36702
36604
36574
36568
36560
36551
36495
36486
36332
36240
36237
36140
35600
35484
35446
35305
35292
35286
35224
35196
35193
35168
35160
35044
35023
34998
34976
34968
34954
34832
34053
33941
33900
33847
33840
33662
33350
33304
33240
33184
33048
32974
32956
32936
32908
32876
32780
32720
32646
32588
32564
32549
32437
32254
31968
31782
31376
31000
30872
30745
30740
30660
30633
30602
30555
30514
29980
29802
29776
29714
29472
29152
28712
28581
28576
28487
27984
27912
27856
27848
27792
27784
27760
27644
27612
27592
27516
27420
27326
27324
27322
26117
26005
25568
24528
24480
24472
24468
24464
24456
24454
24453
24452
24450
24449
24128
21559
21504
20384
20376
20374
20373
20372
20370
20368
20364
20360
20336
20112
19616
19256
19077
18983
18240
17982
17980
17978
17914
17900
17820
17768
17740
17716
17616
17616
17608
17552
17544
17009
16992
16931
16832
16824
16818
16480
16224
15952
15914
15764
15285
15246
15221
15204
15132
15127
15032
14920
14608
14262
14112
13887
13870
13796
13717
13623
13612
13596
13542
13488
13436
13356
13324
13304
13270
13208
13152
13048
13000
12958
12698
12560
12541
12500
12380
12371
12208
11728
11622
11616
11608
11582
11561
11556
11548
11488
11448
11421
11400
11342
11340
11327
11210
11152
10960
10636
10551
10476
10342
10335
10289
10280
10270
10244
10208
10162
10090
10032
9940
9896
9784
9685
9631
9616
9598
9540
9492
9470
9468
9398
9257
9230
9184
9181
9170
9137
9043
9032
9016
8992
8922
8652
8647
8642
8624
8462
8364
8351
8312
8311
8299
8271
8269
8260
8202
8160
8152
8088
8080
8040
7982
7972
7904
7895
7869
7856
7841
7678
7677
7658
7644
7536
7480
7423
7404
7382
7320
7306
7300
7272
7242
7222
7200
7195
7189
7150
7084
7082
7056
7038
7010
6995
6941
6924
6878
6858
6844
6840
6789
6784
6740
6718
6688
6681
6680
6648
6647
6568
6540
6538
6536
6512
6491
6380
6366
6334
6291
6279
6270
6269
6251
6248
6240
6229
6196
6176
6126
6099
6098
6092
6052
6041
6000
5933
5924
5903
5864
5824
5812
5792
5784
5782
5776
5764
5751
5742
5738
5735
5684
5681
5672
5668
5579
5564
5551
5542
5525
5512
5442
5395
5384
5356
5336
5335
5315
5305
5302
5300
5294
5250
5238
5232
5224
5204
5198
5190
5170
5148
5091
5088
5020
5016
5013
5010
5010
4968
4944
4924
4916
4915
4896
4878
4867
4860
4853
4836
4810
4808
4800
4775
4768
4745
4744
4714
4708
4704
4696
4684
4681
4666
4641
4625
4614
4613
4612
4592
4590
4576
4556
4540
4536
4533
4531
4520
4482
4446
4444
4380
4336
4320
4308
4286
4282
4276
4248
4240
4230
4204
4182
4140
4122
4096
4074
4072
4072
4072
4064
4064
4064
4064
4032
4032
3814
3796
3712
3592
3592
3592
3576
3560
3544
3536
3536
3520
3504
3504
3488
3488
3400
3384
3360
3328
3264
3200
3180
3168
3152
3072
3056
3048
3042
3032
3024
3024
2992
2976
2912
2884
2852
2816
2816
2772
2742
2724
2720
2712
2708
2688
2680
2664
2664
2656
2652
2640
2608
2592
2588
2560
2536
2508
2496
2496
2472
2336
2320
2320
2316
2312
2304
2304
2288
2282
2272
2268
2264
2264
2240
2240
2176
2144
2144
2120
2108
2088
2068
2066
2056
2052
2048
2048
2032
1984
1984
1968
1952
1936
1924
1920
1904
1896
1892
1888
1876
1856
1844
1836
1832
1826
1808
1792
1792
1792
1728
1728
1728
1728
1696
1696
1688
1672
1670
1662
1658
1654
1652
1648
1648
1640
1616
1616
1600
1600
1600
1592
1592
1578
1568
1564
1536
1532
1528
1528
1488
1484
1480
1476
1472
1456
1456
1444
1440
1438
1436
1428
1416
1408
1408
1404
1398
1388
1384
1376
1372
1368
1368
1368
1360
1356
1344
1340
1334
1328
1328
1328
1320
1312
1304
1304
1296
1296
1280
1280
1272
1272
1268
1258
1254
1252
1252
1248
1244
1232
1216
1216
1208
1208
1196
1186
1184
1180
1176
1160
1156
1152
1152
1152
1148
1148
1146
1144
1144
1136
1128
1128
1120
1114
1110
1108
1104
1104
1088
1088
1080
1078
1072
1068
1066
1064
1062
1060
1060
1056
1056
1044
1040
1036
1036
1032
1032
1024
1024
1018
1002
1000
1000
992
982
976
976
976
972
972
970
968
960
960
960
960
960
954
948
944
944
940
936
934
932
928
928
926
924
922
920
916
906
904
904
904
896
896
896
896
896
892
888
888
872
864
856
856
856
848
848
848
844
832
832
832
832
832
824
824
812
800
796
712
708
640
640
640
632
632
616
560
544
512
480
448
448
448
384
384
368
320
320
256
192
34
