1002
56512
50844
50840
50818
50792
50772
50760
50738
50704
50694
50680
50656
50642
50620
50616
50552
50540
50538
50512
50508
50504
50476
50426
50406
50384
50328
50316
50310
50280
50250
50220
50192
50174
50152
50144
50132
50130
50128
50108
50102
50064
50008
49956
49928
49924
49920
49914
49906
49893
49888
49868
49840
49815
49810
49762
49751
49736
49716
49672
49666
49634
49611
49608
49567
49522
49520
49512
49488
49484
49452
49416
49391
49348
49336
49312
49302
49290
49287
49243
49222
49189
49184
49172
49150
49140
49136
49128
49120
49104
49035
49032
48972
48942
48926
48916
48895
48806
48792
48791
48742
48694
48688
48672
48664
48624
48613
48600
48567
48536
48524
48496
48492
48442
48416
48389
48299
48280
48258
48168
48140
48082
48016
48012
48011
47992
47982
47912
47888
47840
47774
47760
47739
47715
47659
47656
47640
47635
47564
47558
47532
47498
47456
47443
47381
47324
47320
47240
47216
47194
47060
47055
47024
47018
46988
46984
46981
46944
46904
46896
46888
46820
46662
46560
46501
46488
46485
46475
46388
46368
46186
46180
46088
46000
45914
45895
45872
45835
45832
45620
45566
45550
45512
45488
45476
45408
45341
45188
45152
45150
45128
45127
45120
44980
44974
44880
44872
44808
44752
44600
44588
44533
44473
44438
44348
44336
44192
44180
44006
43976
43758
43720
43552
43551
43491
43420
43376
43326
43248
43224
43212
43120
42998
42982
42968
42950
42784
42736
42518
42424
42373
42358
42313
42260
42176
42168
42052
42016
41962
41456
41342
41328
41200
41120
41112
41016
40903
40901
40870
40841
40816
40668
40660
40550
40440
40342
40032
39718
39592
39152
39133
39117
39094
39057
39032
39024
39004
38996
38993
38688
38640
38304
38266
38000
37640
37584
37426
37352
37004
36996
36995
36993
36808
36640
36552
36418
35768
35280
35210
35152
35072
35024
34976
34640
34604
34596
34595
34593
34464
34376
34144
34120
33762
33146
31792
31760
31724
31716
31715
31713
31682
31618
31506
31480
31464
31458
31454
30880
30496
29856
29088
28336
28320
28280
28272
28268
28266
28264
28260
28259
28258
28257
27968
24832
23548
23547
23546
23545
23544
23542
23540
23536
23528
23520
23504
23226
22880
22378
22240
21728
21408
20928
20888
20882
20882
20872
20842
20746
20668
20667
20665
20660
20656
20624
20576
19328
19240
18962
18656
18456
18400
18268
18267
18265
18260
18256
18056
17984
17936
17808
17800
17754
17712
17327
17312
16746
16656
16648
16608
16268
16267
16265
16260
15976
15906
15792
15736
15590
14896
14880
14818
14711
14673
14604
14596
14576
14568
14518
14497
14483
14480
14104
14094
13792
13400
13302
13280
13212
13204
13104
13038
13011
13009
12920
12840
12822
12784
12656
12642
12560
12438
12262
12128
12126
12052
12040
12032
11960
11884
11833
11783
11662
11504
11488
11388
11288
11278
11262
11184
11084
11080
11056
10960
10916
10851
10848
10842
10801
10768
10664
10630
10456
10422
10284
10272
10257
10062
10014
9983
9940
9928
9924
9808
9808
9768
9712
9704
9504
9496
9489
9470
9444
9312
9311
9204
9176
9122
9084
8904
8899
8880
8849
8834
8784
8696
8660
8612
8606
8515
8480
8444
8416
8370
8365
8360
8357
8352
8343
8210
8176
8024
8008
7984
7944
7943
7940
7920
7914
7884
7881
7832
7801
7768
7766
7760
7736
7680
7672
7660
7611
7584
7484
7462
7460
7456
7400
7399
7379
7312
7311
7282
7264
7242
7163
7112
7088
7085
7084
7026
6980
6976
6968
6898
6882
6872
6845
6771
6752
6726
6704
6688
6684
6660
6648
6621
6600
6583
6576
6564
6552
6544
6518
6496
6478
6440
6422
6349
6332
6324
6322
6310
6302
6280
6249
6248
6231
6192
6168
6160
6148
6124
6103
6059
6048
6038
6022
6021
6010
5992
5980
5935
5928
5884
5872
5860
5840
5826
5789
5768
5751
5737
5734
5706
5704
5656
5626
5586
5584
5581
5572
5568
5540
5536
5512
5502
5496
5492
5468
5432
5392
5344
5342
5340
5328
5324
5322
5304
5296
5282
5244
5222
5208
5170
5160
5136
5090
5074
5036
5016
5008
5004
4982
4980
4968
4920
4916
4896
4894
4872
4850
4848
4814
4808
4788
4746
4728
4724
4708
4708
4708
4704
4704
4704
4704
4704
4704
4672
4672
4544
4480
4416
4288
4224
4176
4172
4164
4160
4160
4148
4132
4132
4128
4128
4096
4096
3788
3712
3680
3652
3652
3648
3648
3648
3616
3552
3552
3548
3520
3456
3456
3348
3312
3264
3264
3252
3252
3248
3248
3184
3180
3152
3136
3136
2976
2944
2944
2912
2912
2912
2912
2900
2898
2896
2880
2816
2782
2688
2688
2672
2660
2656
2640
2640
2604
2600
2600
2592
2576
2560
2528
2528
2528
2496
2424
2408
2384
2368
2368
2366
2356
2332
2304
2272
2256
2252
2252
2240
2216
2208
2208
2208
2176
2176
2170
2160
2128
2124
2112
2112
2084
2080
2076
2048
2048
2048
2012
1996
1984
1984
1976
1952
1936
1936
1920
1896
1892
1892
1888
1880
1860
1856
1856
1832
1824
1824
1808
1792
1782
1778
1776
1768
1764
1760
1728
1728
1720
1720
1680
1672
1670
1668
1664
1664
1648
1640
1608
1604
1600
1600
1600
1588
1584
1584
1580
1576
1568
1568
1552
1536
1536
1528
1520
1520
1496
1492
1488
1478
1474
1472
1472
1462
1456
1440
1440
1416
1416
1408
1408
1408
1408
1404
1392
1376
1372
1368
1360
1352
1344
1344
1336
1328
1328
1324
1316
1312
1312
1312
1300
1296
1292
1288
1284
1280
1280
1268
1268
1264
1264
1260
1246
1232
1224
1220
1216
1216
1216
1216
1216
1216
1210
1204
1200
1200
1186
1184
1176
1168
1168
1164
1156
1152
1152
1152
1152
1150
1144
1140
1136
1136
1124
1124
1120
1116
1116
1104
1096
1096
1088
1088
1088
1088
1088
1072
1068
1064
1060
1056
1056
1056
1056
1056
1048
1040
1032
1032
1024
1024
1024
1024
1024
1016
1012
1000
1000
992
992
992
992
992
992
988
988
976
976
976
968
960
960
960
960
960
960
952
948
948
944
944
944
896
896
896
882
816
776
768
768
768
720
696
644
640
640
624
600
568
558
512
464
384
384
364
282
208
192
