1002
66432
59788
59736
59682
59644
59636
59632
59582
59476
59464
59394
59368
59366
59360
59344
59342
59260
59256
59224
59122
59120
59112
59104
59028
58984
58976
58960
58954
58898
58824
58792
58740
58672
58656
58642
58578
58452
58416
58336
58320
58312
58308
58258
58248
58240
58206
58184
58144
58120
58060
58056
57992
57968
57892
57872
57864
57770
57734
57672
57608
57520
57476
57432
57392
57372
57352
57328
57288
57246
57244
57224
57182
57160
57142
57059
56992
56980
56968
56948
56928
56919
56915
56911
56880
56792
56778
56771
56763
56752
56739
56715
56700
56674
56652
56645
56611
56584
56560
56520
56456
56428
56308
56291
56288
56211
56200
56150
56112
56072
56035
55979
55956
55952
55878
55864
55824
55736
55716
55700
55648
55638
55588
55509
55456
55432
55350
55216
55193
55156
55153
55108
55068
55065
55062
55057
55008
54865
54824
54792
54768
54728
54714
54704
54600
54580
54576
54560
54551
54532
54320
54112
54043
53987
53982
53979
53968
53960
53939
53932
53920
53891
53884
53720
53565
53526
53518
53510
53472
53344
53336
53264
53156
53108
53072
53056
52920
52888
52861
52829
52826
52704
52675
52632
52624
52440
52284
52172
52118
52056
51881
51791
51769
51744
51664
51384
51360
51312
51298
51052
51036
50936
50812
50786
50731
50705
50548
50512
50336
50064
50040
49784
49778
49592
49459
49427
49304
49244
49056
49008
48972
48644
48608
48566
48560
48520
48405
48160
47799
47340
47144
47110
47080
46888
46768
46764
46760
46696
46640
46576
46432
46312
46287
46227
46139
46128
46124
45987
45792
45699
45536
45366
45318
44896
44820
44752
44704
44488
44448
44424
44413
44304
44125
44040
43796
43616
42858
42564
42346
42183
42143
42002
41768
41730
41704
41680
41616
41426
41397
41320
41168
41120
41092
41058
40905
40825
40618
40480
40090
39458
39324
38698
38560
38504
38440
38056
37904
37794
37786
37778
37776
37730
37712
37573
37493
37452
37440
37416
37264
37204
37195
37088
37032
34464
33573
33352
33288
33268
33264
33256
33252
33248
33242
33236
33234
33232
33226
33224
33221
33220
33218
33217
32832
31303
29120
29096
28680
28352
27788
27696
27684
27682
27681
27680
27676
27674
27668
27666
27664
27662
27652
27624
27576
27383
26656
26552
25770
25544
24746
24640
24480
24365
24364
24336
24117
24051
24031
23952
23922
23888
23874
23792
23656
23336
23297
23288
23264
23114
22720
22596
22482
21970
21954
21664
21514
21152
21146
21124
21072
20936
20863
20842
20831
20688
20656
20616
20586
20568
20390
20209
20074
19892
19646
19177
19040
19032
18868
18832
18664
18351
18344
18336
18296
18144
18096
18012
17952
17558
17440
17279
17248
17077
17039
16944
16924
16911
16839
16816
16776
16672
16496
16456
16400
16396
16296
16148
16136
16102
16088
15529
15491
15400
15264
15032
14936
14896
14890
14880
14828
14556
14544
14496
14324
14171
14145
14040
13882
13740
13672
13648
13472
13370
13363
13296
13244
13107
13085
13020
12920
12820
12624
12614
12576
12552
12336
12256
12201
12184
12127
11992
11982
11930
11884
11854
11796
11672
11536
11512
11488
11465
11342
11337
11311
11288
11272
11152
11108
11068
10992
10912
10848
10758
10723
10600
10464
10460
10451
10420
10416
10411
10408
10379
10378
10371
10325
10272
10096
10016
9952
9924
9904
9901
9884
9864
9776
9768
9766
9744
9704
9688
9681
9641
9568
9481
9478
9476
9473
9444
9404
9401
9367
9360
9300
9238
9196
9184
9177
9176
9103
9096
9088
9067
9044
9002
8998
8948
8932
8920
8874
8848
8798
8752
8732
8711
8665
8648
8624
8570
8536
8519
8480
8444
8340
8328
8264
8256
8240
8216
8156
8116
8116
8099
8080
8079
8059
8051
8046
8040
7984
7968
7935
7931
7929
7904
7896
7811
7768
7710
7688
7660
7658
7624
7600
7576
7556
7536
7512
7468
7440
7440
7368
7304
7250
7240
7222
7152
7144
7124
7080
7056
6980
6944
6936
6912
6888
6858
6824
6814
6776
6768
6752
6652
6546
6496
6494
6480
6412
6376
6368
6344
6282
6256
6234
6216
6172
6158
6112
6104
6096
6094
6008
5992
5990
5980
5936
5920
5896
5890
5816
5804
5796
5710
5680
5660
5626
5592
5540
5534
5532
5532
5532
5528
5528
5528
5528
5520
5504
5504
5504
5504
5476
5376
5312
5248
4872
4864
4864
4832
4822
4808
4780
4772
4768
4768
4736
4720
4656
4640
4620
4608
4528
4512
4492
4388
4300
4288
4228
4216
4192
4176
4172
4164
4160
4128
4116
4112
4096
4096
4096
4080
4040
4012
3976
3928
3908
3856
3776
3776
3768
3728
3668
3664
3648
3648
3600
3584
3584
3584
3508
3458
3456
3454
3406
3392
3384
3382
3366
3360
3344
3328
3296
3296
3280
3272
3264
3248
3220
3216
3200
3136
3130
3104
3068
3040
3008
2976
2976
2976
2960
2944
2944
2904
2880
2880
2868
2864
2834
2828
2800
2772
2720
2720
2640
2624
2624
2620
2616
2600
2576
2560
2536
2520
2496
2496
2496
2464
2460
2440
2432
2432
2424
2384
2384
2376
2352
2320
2310
2292
2288
2276
2272
2266
2264
2260
2256
2240
2240
2216
2208
2208
2176
2176
2148
2144
2112
2112
2090
2088
2082
2080
2074
2074
2072
2064
2064
2048
2048
2048
2016
1980
1976
1968
1968
1952
1952
1952
1936
1936
1926
1920
1920
1920
1908
1894
1894
1892
1888
1880
1878
1872
1872
1856
1856
1844
1824
1820
1800
1796
1792
1784
1784
1776
1760
1756
1744
1742
1732
1728
1728
1712
1712
1702
1696
1696
1680
1664
1664
1656
1648
1648
1632
1632
1624
1618
1616
1616
1614
1610
1610
1608
1600
1600
1586
1586
1584
1568
1568
1562
1540
1536
1536
1528
1528
1520
1520
1504
1504
1504
1504
1504
1496
1488
1488
1472
1472
1456
1456
1448
1440
1424
1416
1408
1408
1392
1376
1368
1360
1360
1360
1360
1344
1344
1344
1344
1328
1308
1304
1300
1296
1280
1280
1280
1280
1264
1264
1252
1244
1232
1232
1216
1216
1216
1216
1216
1200
1192
1184
1176
1168
1152
1152
1152
1152
1140
1136
1128
1124
1120
1104
1104
1088
1088
1060
1048
1000
940
932
912
896
896
884
768
754
724
640
640
610
576
460
448
288
288
152
8
