1002
66816
60134
60100
60072
60070
60036
60018
60008
60000
59944
59918
59872
59854
59804
59792
59784
59780
59766
59752
59676
59664
59644
59638
59602
59588
59528
59512
59488
59398
59388
59360
59340
59280
59216
59190
59142
59138
59116
59096
59084
59052
59032
58982
58944
58912
58890
58840
58776
58736
58720
58716
58700
58626
58612
58598
58504
58376
58374
58364
58288
58278
58260
58160
58144
58096
58093
58089
58053
58032
58009
57992
57964
57945
57944
57880
57872
57830
57772
57760
57642
57626
57621
57577
57513
57484
57436
57420
57368
57312
57228
57178
57174
57167
57144
57103
57072
57048
57046
57045
57012
56984
56914
56880
56864
56828
56764
56728
56720
56541
56481
56361
56340
56294
56281
56230
56134
56070
56028
56006
55992
55974
55956
55928
55910
55904
55895
55879
55846
55771
55600
55582
55580
55544
55530
55515
55472
55467
55308
55272
55090
55088
55073
55072
55024
55013
54964
54952
54866
54864
54772
54624
54622
54542
54524
54471
54411
54330
54248
54184
54176
54124
54060
54024
53960
53687
53671
53652
53623
53558
53376
53264
53176
53136
53126
53110
53076
53072
53024
53008
52950
52912
52865
52804
52801
52760
52726
52662
52440
52284
52168
52128
51826
51813
51763
51762
51650
51436
51292
51224
51168
51116
51104
51024
50928
50904
50796
50682
50629
50610
50567
50306
50140
50034
49970
49888
49814
49704
49384
49220
49149
49133
48868
48746
48634
48592
48580
48570
48528
48506
48480
48303
47900
47560
47536
47496
47463
47355
47304
47066
47050
46996
46920
46893
46752
46514
46338
46274
46020
45984
45828
45648
45584
45388
45279
44920
44723
44600
44386
44322
44258
44002
43986
43970
43938
43874
43808
43634
43336
43164
43148
42732
42669
42480
42444
42128
42121
41920
41816
41616
41345
41333
41218
41184
40943
40866
40818
40596
40370
40306
40296
40242
39628
38384
38152
38088
38048
38024
37968
37910
37704
37583
37539
37523
37475
37412
37146
36252
34272
33632
33616
33588
33552
33544
33512
33488
33480
33448
33440
33434
33428
33426
33424
33423
33419
33418
33416
33415
33412
33411
33410
33409
33240
33024
32032
30944
30452
30411
29312
28852
27856
27848
27842
27839
27835
27834
27831
27829
27826
27822
27816
27792
27784
27736
27728
27696
27692
27168
25476
25144
24768
24726
24508
24496
24451
24411
24399
24361
24264
24090
24048
24032
24008
24000
23944
23696
23610
23417
22976
22660
22302
22146
22104
22042
21852
21666
21626
21561
21408
21334
21237
21030
20840
20592
20581
20316
20304
20123
20076
19724
19716
19576
19424
19322
19232
19122
19066
19042
18802
18746
18694
18640
18606
18520
18411
18248
18108
17949
17860
17648
17492
17160
17122
17066
17001
16868
16842
16736
16603
16584
16524
16474
16462
16394
16219
16104
16080
16056
15764
15429
15328
15248
15216
15154
15062
14964
14816
14737
14723
14668
14536
14264
14170
14112
14042
13986
13900
13762
13541
13506
13491
13446
13356
13272
13264
13168
13088
13084
13000
12940
12820
12712
12642
12546
12545
12503
12494
12256
12216
12116
11992
11798
11742
11684
11681
11627
11600
11558
11552
11536
11472
11468
11452
11422
11410
11408
11368
11312
11283
11240
11157
11052
11050
10972
10955
10941
10728
10608
10592
10580
10536
10518
10488
10406
10339
10289
10244
10230
10208
10162
9968
9962
9906
9896
9884
9866
9840
9837
9824
9787
9774
9624
9596
9523
9459
9456
9406
9400
9391
9364
9362
9360
9279
9226
9142
9120
9101
9088
9080
9052
9038
9032
8996
8958
8902
8822
8781
8732
8713
8613
8563
8527
8504
8432
8408
8380
8352
8324
8304
8254
8192
8172
8152
8144
8142
8110
8095
8072
8041
7996
7968
7880
7844
7836
7820
7780
7753
7701
7663
7662
7646
7584
7504
7490
7472
7448
7400
7393
7380
7368
7344
7341
7280
7273
7271
7264
7216
7142
7132
7118
7048
7044
6936
6850
6844
6826
6764
6756
6752
6736
6712
6648
6624
6606
6592
6530
6488
6476
6444
6440
6420
6402
6398
6358
6352
6288
6248
6240
6236
6196
6182
6112
6112
6088
6028
6014
5982
5980
5968
5956
5896
5878
5872
5868
5864
5844
5802
5750
5736
5728
5688
5666
5652
5624
5622
5604
5570
5566
5566
5566
5564
5564
5564
5564
5560
5552
5552
5552
5536
5536
5536
5536
5536
5504
5376
5312
5088
4944
4896
4890
4882
4878
4872
4848
4816
4800
4784
4784
4736
4736
4536
4528
4428
4416
4404
4368
4332
4324
4312
4264
4246
4224
4160
4160
4114
4096
4056
4032
4024
4008
3944
3936
3904
3860
3840
3820
3812
3804
3776
3756
3748
3736
3696
3682
3648
3588
3568
3520
3520
3496
3420
3412
3328
3320
3312
3296
3292
3288
3242
3216
3200
3200
3200
3152
3084
3040
3028
3008
3008
3008
2996
2984
2952
2946
2944
2928
2900
2896
2848
2832
2816
2804
2796
2776
2748
2708
2700
2696
2688
2688
2664
2640
2624
2624
2616
2592
2592
2584
2560
2560
2524
2508
2508
2500
2496
2432
2432
2416
2384
2356
2352
2352
2348
2334
2328
2324
2308
2304
2288
2284
2280
2272
2272
2272
2272
2240
2240
2240
2208
2192
2190
2188
2128
2112
2096
2080
2080
2066
2056
2054
2048
2048
2044
2032
1988
1984
1984
1968
1968
1966
1956
1952
1952
1920
1920
1912
1910
1890
1888
1880
1872
1872
1872
1856
1852
1828
1820
1808
1808
1804
1800
1792
1792
1792
1788
1780
1764
1754
1744
1742
1722
1712
1704
1696
1680
1672
1664
1664
1648
1632
1632
1628
1618
1616
1608
1600
1600
1600
1592
1568
1560
1560
1552
1552
1550
1546
1538
1536
1532
1532
1528
1528
1522
1496
1488
1478
1472
1472
1472
1472
1468
1466
1456
1454
1452
1440
1440
1440
1424
1420
1408
1408
1408
1392
1376
1368
1368
1364
1360
1352
1344
1344
1344
1344
1344
1328
1328
1328
1320
1304
1300
1296
1288
1288
1280
1280
1280
1280
1276
1276
1268
1248
1248
1240
1236
1232
1216
1216
1216
1200
1200
1200
1196
1192
1184
1184
1172
1168
1168
1168
1168
1160
1152
1148
1136
1132
1128
1124
1120
1120
1120
1112
1112
1088
1040
1040
1024
1024
960
904
896
896
832
768
704
576
512
492
448
412
236
144
64
4
