201
2356
2119
2118
2103
2102
2099
2086
2083
2080
2079
2075
2071
2070
2047
2042
2031
2017
2010
2001
1997
1978
1957
1947
1938
1899
1890
1880
1878
1873
1843
1827
1814
1811
1807
1803
1782
1763
1742
1701
1694
1681
1679
1658
1594
1579
1567
1543
1527
1518
1470
1413
1397
1377
1366
1330
1317
1281
1242
1237
1189
1185
1182
1181
1179
1164
1053
1032
982
981
981
977
951
933
930
897
876
858
826
817
808
801
787
742
702
691
679
667
666
649
638
613
565
554
547
514
499
495
482
475
474
459
455
454
429
403
390
381
350
341
333
320
318
301
297
292
290
283
271
262
259
255
242
241
236
235
231
229
226
215
214
202
199
196
194
194
192
188
186
184
178
168
164
162
158
156
144
144
138
136
136
134
128
124
122
114
112
112
108
108
100
98
92
90
90
88
88
84
80
78
76
76
68
68
66
62
60
58
58
56
56
54
52
50
46
46
44
44
44
42
40
40
38
36
36
32
32
32
30
30
16
12
4
