201
2456
2204
2192
2190
2188
2172
2148
2146
2145
2139
2116
2100
2090
2089
2082
2081
2078
2028
2015
2012
2011
2003
2002
1997
1994
1940
1926
1919
1911
1910
1908
1897
1894
1852
1810
1807
1799
1794
1782
1780
1764
1716
1707
1699
1696
1674
1658
1644
1603
1595
1556
1536
1526
1510
1468
1437
1429
1426
1364
1334
1236
1234
1231
1230
1229
1114
1023
1022
1021
1020
976
938
916
862
857
851
840
828
790
778
756
753
719
684
666
654
653
631
620
620
610
568
564
555
554
542
541
538
512
508
470
467
460
455
449
442
436
386
384
383
382
379
372
371
370
369
364
362
324
313
307
306
300
280
272
265
262
261
260
244
244
232
222
212
204
204
200
200
184
176
170
168
168
160
156
152
144
142
132
128
128
126
120
112
112
108
108
104
102
100
96
96
92
92
90
88
88
88
88
88
80
76
76
74
74
72
72
72
72
64
64
62
60
60
56
52
50
48
48
48
48
44
40
40
32
24
16
16
16
12
8
8
