201
2036
1826
1818
1815
1814
1813
1810
1802
1787
1785
1767
1765
1762
1750
1742
1741
1734
1729
1726
1719
1698
1697
1690
1685
1682
1664
1662
1651
1646
1645
1620
1617
1609
1605
1602
1571
1566
1549
1514
1507
1506
1481
1475
1450
1408
1401
1394
1393
1389
1366
1355
1291
1290
1289
1276
1238
1178
1171
1167
1165
1066
1023
1022
1021
1019
989
890
847
845
820
810
743
727
721
718
692
666
657
623
622
569
562
541
538
537
531
525
490
468
463
442
441
438
424
407
407
394
389
367
362
361
348
327
326
321
316
316
314
298
293
290
283
282
265
262
257
254
247
246
242
230
227
225
224
224
211
209
198
190
190
187
185
182
178
168
168
160
144
144
140
132
126
124
124
124
112
108
106
106
104
104
96
92
88
88
88
84
80
76
76
76
76
72
70
68
64
64
64
60
58
56
56
56
56
56
52
52
52
50
48
48
48
48
44
44
44
44
40
40
36
36
36
36
36
36
36
32
32
28
20
8
8
