201
2456
2210
2202
2180
2172
2170
2164
2156
2146
2138
2130
2122
2102
2100
2062
2060
2046
2030
2020
1998
1980
1970
1961
1938
1932
1919
1898
1890
1876
1869
1842
1841
1834
1821
1812
1774
1750
1732
1725
1721
1713
1693
1688
1686
1655
1646
1644
1598
1591
1571
1536
1532
1490
1445
1442
1425
1410
1402
1396
1249
1238
1236
1233
1230
1229
1045
1022
1021
1020
1018
1007
984
954
884
882
874
861
843
840
806
777
772
739
718
684
678
669
654
637
621
613
611
604
590
585
576
570
540
526
522
514
513
504
491
484
474
449
444
434
413
406
404
384
382
364
358
342
332
330
308
298
282
274
272
272
266
262
252
244
244
242
236
234
226
204
202
200
200
200
182
176
172
172
170
168
160
152
146
140
132
132
128
126
122
122
120
120
116
116
112
104
102
100
100
96
96
96
92
88
88
88
84
82
80
80
76
72
72
68
68
64
64
64
60
56
52
52
52
50
48
48
48
48
48
44
40
40
32
28
12
8
8
