201
2464
2215
2210
2201
2194
2193
2183
2169
2166
2153
2150
2143
2138
2135
2122
2121
2106
2103
2098
2087
2067
2062
2055
2050
2045
2034
2024
2018
2005
1994
1972
1969
1966
1961
1955
1934
1905
1894
1887
1866
1837
1818
1815
1774
1757
1721
1718
1674
1663
1607
1602
1554
1543
1541
1494
1422
1403
1401
1354
1338
1250
1235
1234
1233
1220
1102
1080
1062
1027
1025
1014
942
912
887
885
871
870
840
810
771
762
722
715
669
662
622
621
591
578
542
541
523
502
481
478
467
442
425
421
418
413
394
387
383
374
368
362
351
346
340
338
331
315
306
304
302
301
287
286
275
274
273
269
267
262
261
250
235
226
221
214
209
204
204
200
196
184
176
176
172
160
152
148
148
142
140
140
132
128
128
124
122
116
116
112
108
104
104
96
96
92
92
88
84
82
82
80
76
76
72
72
68
68
68
66
64
62
60
60
56
56
56
54
52
52
52
50
50
48
48
46
44
44
42
40
40
32
32
22
22
16
4
