201
2456
2206
2204
2202
2192
2188
2172
2166
2162
2132
2118
2114
2108
2098
2062
2058
2052
2028
2010
1994
1978
1966
1956
1932
1914
1898
1882
1844
1814
1812
1798
1793
1758
1740
1731
1725
1710
1696
1694
1682
1668
1659
1651
1580
1574
1563
1558
1555
1547
1536
1531
1492
1465
1452
1449
1426
1410
1364
1351
1349
1238
1236
1231
1230
1229
1023
1022
1021
1020
1018
980
976
924
923
921
874
862
841
841
840
827
804
771
751
750
745
738
732
674
671
665
660
646
638
634
611
605
604
568
553
550
540
538
516
512
482
466
454
444
420
410
402
386
384
374
364
340
334
334
330
300
286
282
280
276
272
246
244
242
232
228
214
212
210
204
204
204
200
200
184
184
172
168
166
164
160
154
150
148
148
144
144
134
132
128
128
124
120
120
112
112
110
108
104
104
96
92
92
88
88
88
80
80
80
80
76
76
72
72
68
64
64
64
64
64
56
56
48
48
48
48
48
48
40
40
40
40
40
32
24
16
16
