201
2456
2202
2192
2188
2186
2166
2153
2148
2146
2118
2111
2106
2100
2062
2061
2050
2044
2028
2005
2002
2001
1994
1991
1978
1940
1925
1924
1913
1910
1909
1908
1894
1892
1852
1827
1815
1811
1810
1794
1764
1718
1716
1701
1697
1696
1693
1674
1644
1583
1582
1557
1556
1536
1530
1468
1442
1426
1423
1421
1364
1238
1236
1231
1230
1229
1023
1022
1021
1020
1018
976
918
916
887
866
861
840
828
774
756
751
730
729
684
654
637
633
631
620
618
580
568
554
542
539
535
525
524
512
476
470
460
458
457
453
449
444
443
436
404
402
398
389
386
384
381
348
342
331
330
330
300
289
282
280
272
262
260
253
242
232
228
226
226
204
204
204
200
200
176
172
164
160
152
148
148
144
144
144
128
128
126
126
124
120
120
112
108
106
106
104
104
96
92
90
90
88
88
88
88
88
88
88
80
80
76
76
76
74
64
64
64
64
56
56
56
56
50
48
48
48
48
48
44
40
32
28
24
20
16
16
2
