201
2068
1858
1853
1845
1837
1829
1817
1814
1810
1809
1803
1776
1773
1765
1758
1757
1750
1749
1742
1741
1734
1733
1730
1719
1675
1673
1662
1654
1649
1646
1641
1638
1622
1612
1609
1606
1605
1590
1569
1563
1550
1517
1486
1461
1453
1446
1445
1428
1425
1378
1373
1339
1314
1300
1289
1238
1237
1185
1177
1146
1053
1045
1038
1037
1035
889
862
861
853
847
841
832
770
737
696
694
693
651
630
609
581
578
537
522
521
513
507
486
480
461
439
438
434
428
421
417
402
400
386
383
362
357
354
351
346
342
331
329
320
291
282
282
281
274
273
267
266
262
261
261
247
244
232
232
221
218
217
214
211
201
193
187
181
178
172
170
168
168
152
146
142
138
136
128
124
120
114
112
106
102
102
100
100
96
90
84
84
82
76
76
76
76
70
68
68
68
68
68
64
64
64
58
56
56
54
54
52
52
52
52
50
50
48
48
48
48
44
42
42
40
40
40
40
38
38
36
34
32
24
16
8
8
