201
2000
1794
1786
1783
1778
1777
1765
1758
1750
1749
1745
1742
1741
1726
1725
1724
1717
1713
1707
1706
1686
1685
1683
1666
1655
1651
1647
1642
1629
1611
1606
1592
1589
1570
1567
1541
1526
1515
1485
1479
1470
1417
1409
1406
1405
1401
1399
1384
1326
1317
1313
1309
1303
1256
1230
1205
1199
1134
1081
1073
1069
1065
1005
1002
1001
907
834
833
808
781
777
773
767
738
676
669
663
642
581
577
573
571
562
501
501
498
497
493
487
460
457
442
431
416
405
398
383
362
361
344
343
330
325
311
308
302
295
291
289
282
265
263
262
246
245
241
237
236
231
230
225
220
220
218
213
211
210
202
197
187
186
182
181
174
166
164
154
154
154
152
132
132
128
128
116
114
114
112
112
100
98
98
98
96
96
88
88
84
80
76
76
76
72
72
68
68
64
64
64
64
60
58
58
56
56
52
52
52
52
52
48
48
46
46
44
44
42
40
40
40
40
40
38
36
36
36
36
34
32
32
8
8
