201
1996
1786
1778
1774
1771
1770
1762
1761
1751
1743
1722
1714
1711
1706
1695
1682
1681
1659
1654
1646
1633
1618
1617
1610
1607
1602
1588
1575
1574
1558
1533
1530
1525
1522
1521
1517
1486
1462
1459
1457
1426
1390
1387
1383
1380
1379
1346
1338
1291
1287
1266
1259
1255
1252
1201
1198
1162
1145
1141
1137
1118
1066
1003
1002
999
831
830
829
804
778
767
734
717
713
698
676
666
663
619
615
610
591
589
550
542
515
511
509
506
478
460
451
449
446
426
416
410
401
397
393
390
387
369
366
354
351
340
330
325
322
318
308
303
294
286
281
263
262
251
246
242
239
230
220
220
211
205
198
197
190
189
186
182
178
166
164
164
152
144
142
142
136
132
132
122
122
120
118
116
108
108
102
102
100
100
92
88
88
88
84
84
78
78
78
76
76
76
72
72
70
68
68
64
64
64
64
60
60
56
56
56
52
52
52
50
48
46
44
42
40
38
36
36
36
36
36
36
36
32
10
8
8
