201
1860
1674
1673
1658
1655
1654
1637
1635
1634
1613
1609
1605
1604
1602
1600
1586
1577
1573
1570
1567
1563
1550
1543
1539
1535
1531
1530
1511
1510
1478
1473
1461
1457
1453
1438
1435
1398
1393
1371
1350
1322
1321
1311
1284
1262
1246
1233
1221
1217
1213
1211
1186
1168
1118
1105
1101
1097
1093
1077
1073
1034
939
935
934
931
775
774
771
769
748
690
657
653
641
637
633
631
628
622
566
562
541
541
537
533
523
502
474
473
451
432
426
409
391
388
386
369
354
341
337
333
323
322
294
291
288
281
278
275
271
271
271
265
262
245
242
237
230
220
218
216
213
213
208
208
207
195
190
189
178
174
171
158
157
154
154
152
152
136
130
130
126
126
126
124
120
112
108
106
106
106
104
96
88
84
80
76
76
76
68
68
66
66
66
64
64
60
58
56
56
56
54
54
52
50
48
48
48
48
46
44
42
40
40
40
40
40
40
38
36
36
36
34
32
30
28
28
26
24
22
20
4
