201
2464
2194
2188
2182
2180
2172
2170
2167
2164
2151
2123
2118
2115
2107
2100
2090
2068
2063
2054
2045
2027
2020
2014
2001
1988
1970
1969
1940
1937
1918
1897
1884
1862
1849
1820
1798
1793
1740
1725
1718
1710
1696
1674
1657
1644
1643
1598
1559
1558
1544
1541
1532
1487
1450
1418
1410
1406
1401
1396
1335
1242
1236
1235
1234
1233
1093
1028
1027
1026
1022
992
941
892
887
882
882
874
869
846
840
789
785
780
771
758
734
722
685
684
662
630
617
604
576
561
558
540
513
504
502
484
473
458
452
441
414
413
404
387
384
378
372
365
351
342
335
332
315
314
308
299
291
290
272
272
261
252
249
246
244
244
238
236
226
204
204
200
200
188
176
176
176
172
172
168
152
152
148
144
136
136
136
128
124
122
120
120
110
108
108
104
102
100
96
96
94
88
88
86
82
80
76
72
72
72
72
72
68
68
66
64
64
60
58
58
56
56
52
48
48
48
48
48
44
44
40
40
26
18
12
8
8
