201
2064
1846
1842
1839
1831
1826
1822
1818
1811
1797
1794
1781
1780
1777
1776
1773
1758
1751
1741
1738
1718
1717
1713
1703
1694
1690
1669
1655
1634
1627
1615
1614
1611
1594
1570
1549
1546
1537
1517
1513
1510
1470
1459
1427
1426
1424
1419
1407
1350
1341
1326
1315
1296
1254
1237
1217
1193
1181
1166
1106
1045
1041
1037
1034
1033
862
861
857
853
851
832
802
793
750
737
717
696
691
678
625
625
618
606
603
539
534
531
505
498
476
462
461
457
441
434
431
428
414
394
389
379
378
375
362
341
331
324
314
310
303
301
293
290
274
271
261
258
257
244
244
241
237
232
228
226
223
219
211
206
202
202
195
186
182
170
170
170
168
168
156
148
146
136
132
130
124
120
120
108
106
106
104
100
96
92
90
90
86
84
84
80
78
76
76
74
74
72
68
68
64
64
60
60
60
58
56
52
52
52
48
48
46
46
44
44
44
44
44
44
42
40
40
40
38
36
36
36
34
32
24
6
4
