201
2472
2218
2212
2204
2182
2158
2148
2138
2116
2102
2077
2076
2062
2036
2033
2025
2018
2017
2011
1996
1982
1974
1961
1953
1948
1922
1892
1885
1882
1877
1871
1858
1850
1828
1818
1793
1785
1777
1748
1734
1710
1704
1673
1665
1657
1652
1651
1638
1554
1552
1540
1529
1521
1466
1458
1417
1415
1404
1254
1246
1244
1241
1239
1238
1237
1227
1030
1029
1028
1027
1022
1018
1000
930
923
892
881
842
840
793
787
780
770
766
685
684
681
673
667
662
618
604
581
576
573
567
546
546
540
538
514
504
501
497
491
484
462
462
444
434
433
427
404
385
384
382
381
373
367
364
342
332
331
322
302
300
276
272
272
262
242
236
228
214
204
204
204
204
200
200
176
176
164
158
156
152
152
136
136
134
134
132
132
120
120
114
114
112
108
104
100
100
100
98
96
96
96
88
88
86
84
84
84
80
76
74
74
72
72
72
72
68
64
64
64
64
56
56
52
48
48
48
48
44
40
40
36
32
24
8
8
8
