201
2032
1826
1818
1810
1807
1803
1802
1794
1790
1787
1782
1780
1779
1774
1771
1757
1753
1738
1733
1725
1722
1714
1706
1705
1701
1698
1695
1669
1666
1663
1646
1631
1626
1593
1586
1585
1581
1578
1577
1542
1523
1522
1521
1474
1455
1453
1418
1408
1375
1371
1350
1342
1277
1273
1272
1258
1186
1159
1157
1142
1102
1042
1019
1018
1017
886
858
847
845
826
824
742
731
729
710
692
646
633
631
578
570
551
549
514
483
481
468
466
427
426
425
420
410
382
381
377
374
373
367
342
335
322
312
309
306
303
289
282
281
277
274
266
262
257
251
246
233
231
224
220
219
218
212
211
210
205
203
202
202
194
191
186
182
174
168
168
164
148
144
144
136
128
128
126
124
112
112
110
108
100
96
96
92
84
84
84
80
76
74
74
74
72
72
72
72
72
66
64
64
60
60
60
56
54
52
52
52
52
50
48
48
48
46
44
42
42
40
40
40
40
40
40
38
38
36
36
36
32
32
22
8
8
