402
8136
7321
7315
7310
7294
7292
7283
7280
7278
7271
7254
7252
7249
7243
7231
7218
7211
7197
7196
7182
7171
7166
7156
7155
7140
7139
7131
7107
7106
7098
7091
7090
7068
7057
7041
7030
7010
7001
6980
6953
6937
6934
6924
6914
6892
6877
6865
6845
6841
6838
6818
6817
6791
6764
6733
6726
6702
6692
6673
6669
6668
6645
6629
6600
6578
6562
6556
6547
6544
6507
6500
6473
6407
6398
6394
6367
6348
6316
6281
6244
6241
6198
6190
6174
6146
6100
6089
6073
6033
5932
5926
5894
5847
5839
5804
5708
5674
5637
5613
5602
5590
5481
5460
5447
5396
5324
5242
5226
5177
5137
5130
5114
5044
4997
4915
4868
4692
4662
4654
4638
4597
4557
4452
4368
4116
4086
4078
4076
4071
4070
4069
4008
3528
3391
3390
3389
3388
3382
3378
3356
3224
3076
3064
3033
2951
2918
2902
2898
2876
2811
2790
2776
2724
2685
2580
2522
2501
2467
2426
2414
2375
2348
2314
2284
2268
2241
2236
2165
2122
2083
2054
1948
1915
1909
1870
1844
1842
1753
1740
1721
1707
1700
1662
1638
1622
1618
1581
1572
1547
1492
1475
1454
1450
1441
1401
1395
1387
1364
1359
1325
1324
1314
1302
1288
1257
1252
1228
1221
1198
1178
1171
1168
1148
1121
1108
1102
1101
1082
1081
1077
1061
1051
1022
1012
1002
1001
1000
987
964
947
946
942
922
913
903
892
874
871
866
862
859
839
836
831
820
819
805
798
793
788
785
783
771
766
755
745
740
738
728
721
718
711
708
702
696
690
681
676
676
676
676
672
672
664
608
588
580
580
576
568
546
544
544
536
512
500
498
492
488
484
480
464
456
448
440
440
424
416
408
384
382
380
372
368
360
358
350
342
340
336
336
328
328
324
324
320
314
308
296
294
288
288
288
280
276
272
270
264
260
256
256
250
248
248
242
240
236
232
232
224
224
220
218
216
216
216
214
214
210
208
200
200
200
198
196
192
192
188
184
184
182
176
176
174
172
172
170
168
166
166
162
160
160
160
160
156
156
154
152
152
152
150
148
144
144
144
142
140
140
136
136
136
136
134
128
112
102
90
72
72
40
28
24
