402
8080
7268
7260
7242
7234
7226
7220
7204
7178
7166
7102
7094
7084
7046
7044
7038
7013
6996
6988
6954
6946
6940
6938
6923
6917
6893
6890
6882
6876
6851
6823
6820
6815
6797
6766
6758
6729
6724
6721
6713
6679
6676
6620
6618
6610
6602
6600
6587
6579
6564
6555
6531
6526
6485
6464
6439
6436
6426
6380
6379
6364
6355
6334
6276
6262
6227
6219
6214
6202
6195
6188
6171
6132
6007
5999
5980
5975
5972
5951
5946
5938
5930
5909
5890
5874
5836
5780
5743
5693
5690
5668
5582
5572
5468
5433
5425
5420
5417
5393
5369
5330
5284
5246
5045
5044
5037
5013
5004
4996
4989
4890
4802
4798
4788
4684
4589
4581
4557
4533
4484
4266
4258
4250
4244
4242
4156
4046
4044
4043
4042
4041
4008
3742
3528
3367
3365
3364
3362
3276
3204
3202
3194
3186
3182
3008
3004
2957
2937
2922
2917
2911
2900
2748
2744
2738
2662
2577
2572
2564
2557
2537
2532
2531
2402
2332
2294
2261
2241
2221
2220
2213
2207
2180
2110
2092
2082
2012
1991
1949
1924
1876
1842
1826
1811
1794
1786
1782
1775
1764
1756
1755
1735
1729
1650
1628
1591
1580
1580
1571
1566
1558
1551
1545
1533
1508
1458
1439
1436
1420
1382
1369
1331
1298
1291
1271
1268
1251
1245
1240
1234
1226
1222
1220
1172
1169
1141
1133
1132
1127
1118
1112
1102
1098
1071
1055
1052
1049
1044
1032
1031
1025
1004
1002
971
965
956
954
946
942
908
891
870
868
862
836
822
818
762
754
732
724
714
706
702
684
684
672
672
672
672
648
636
636
636
632
632
632
592
590
586
582
580
544
544
528
514
512
512
510
506
504
504
496
496
464
456
450
446
442
442
440
440
432
432
424
416
416
400
396
388
376
376
368
364
364
360
356
356
356
354
352
350
346
344
344
344
320
318
314
312
312
310
308
308
296
296
288
286
280
280
280
272
272
264
258
256
254
250
248
248
244
244
240
240
240
232
232
226
226
224
224
220
216
212
210
208
208
204
200
196
192
192
188
188
184
184
176
176
172
172
168
168
168
164
160
160
156
152
148
144
144
140
140
136
136
136
128
112
104
72
64
56
48
