402
8224
7400
7384
7380
7342
7338
7304
7300
7254
7250
7207
7204
7193
7188
7176
7168
7150
7143
7142
7135
7134
7127
7126
7115
7112
7108
7107
7092
7076
7032
7027
7002
6994
6993
6986
6985
6978
6977
6972
6952
6932
6875
6872
6867
6860
6818
6817
6812
6803
6802
6786
6776
6738
6725
6717
6706
6668
6636
6632
6631
6623
6582
6540
6511
6503
6490
6489
6472
6428
6392
6349
6342
6334
6312
6299
6292
6181
6173
6165
6132
6106
6072
6046
5996
5967
5961
5912
5780
5770
5736
5723
5715
5706
5698
5690
5680
5650
5516
5512
5429
5421
5400
5274
5266
5260
5258
5250
5210
5168
5112
5075
5067
5059
4948
4760
4746
4738
4730
4690
4654
4641
4633
4625
4572
4568
4124
4122
4120
4116
4115
4114
4113
3988
3458
3432
3427
3425
3422
3420
3312
3240
3044
3001
2993
2987
2978
2946
2914
2906
2902
2888
2768
2732
2639
2631
2625
2600
2568
2514
2482
2476
2474
2466
2462
2406
2337
2331
2264
2260
2146
2114
2106
2091
2088
2085
2046
2044
1928
1927
1904
1887
1881
1860
1818
1800
1774
1753
1748
1712
1703
1662
1612
1608
1605
1570
1563
1528
1500
1464
1447
1446
1435
1429
1416
1404
1370
1335
1329
1324
1300
1280
1266
1257
1251
1242
1208
1202
1186
1185
1180
1175
1174
1140
1131
1128
1125
1084
1064
1044
1042
1041
1034
1033
1027
1026
1022
1012
1000
999
964
948
936
932
931
928
925
918
915
912
910
909
902
901
898
888
880
868
861
849
814
810
776
772
742
738
712
708
696
684
684
680
680
672
652
608
598
598
596
592
588
580
580
576
576
544
526
526
524
512
500
492
492
492
488
488
466
464
448
448
428
420
420
418
416
416
408
400
400
384
376
376
368
360
352
344
344
340
320
320
312
312
306
304
304
304
296
288
288
288
286
284
280
272
266
264
264
256
256
256
252
250
248
244
240
236
236
236
232
232
232
228
226
224
224
224
208
208
208
206
206
204
204
204
204
200
198
192
192
186
184
184
184
184
182
180
180
180
180
180
176
176
176
176
170
168
168
160
160
160
160
152
144
144
144
136
128
128
124
120
112
80
16
8
