402
8136
7322
7292
7290
7270
7268
7258
7218
7204
7194
7174
7172
7156
7142
7116
7114
7090
7089
7082
7081
7079
7068
7060
7042
7034
7022
7021
7017
7004
6962
6956
6954
6952
6951
6943
6937
6886
6877
6868
6866
6855
6828
6820
6805
6782
6777
6772
6758
6756
6750
6721
6685
6673
6660
6657
6626
6618
6580
6551
6520
6502
6501
6479
6462
6454
6444
6421
6404
6364
6346
6325
6308
6282
6274
6269
6266
6201
6148
6121
6116
6050
6034
6026
5994
5991
5932
5930
5898
5890
5867
5850
5845
5842
5834
5796
5782
5659
5548
5537
5530
5497
5474
5466
5462
5412
5275
5236
5090
5082
5077
5036
4839
4796
4779
4700
4630
4626
4500
4436
4387
4379
4355
4352
4299
4092
4086
4078
4076
4071
4070
4069
4016
3643
3633
3560
3428
3391
3390
3388
3382
3378
3372
3235
3212
3160
3151
3149
3131
3036
3024
2926
2922
2788
2776
2749
2636
2551
2546
2542
2420
2410
2395
2385
2276
2274
2226
2174
2167
2164
2127
2065
1962
1956
1922
1914
1906
1891
1874
1866
1844
1842
1789
1786
1762
1754
1742
1684
1681
1660
1642
1613
1562
1557
1554
1554
1524
1511
1494
1484
1444
1431
1412
1398
1381
1363
1362
1321
1300
1266
1262
1244
1236
1233
1221
1211
1181
1158
1150
1144
1140
1133
1130
1111
1107
1100
1092
1069
1062
1060
1051
1042
1026
1016
1000
997
995
989
988
982
948
933
931
930
922
914
900
892
882
881
881
874
854
852
830
820
804
802
786
780
766
734
724
722
708
706
682
676
676
676
672
672
672
648
630
626
624
602
600
584
584
552
548
512
508
508
504
480
476
464
448
448
444
432
432
432
424
412
400
392
384
380
380
380
378
372
372
364
360
356
356
352
348
348
344
336
334
328
322
310
308
308
304
300
296
288
288
284
280
276
276
272
272
272
264
256
252
252
248
246
244
242
240
240
234
228
228
226
224
224
224
220
216
216
212
212
208
208
208
208
208
198
196
192
192
186
184
184
184
184
180
180
176
176
176
174
172
172
168
168
164
164
160
160
160
156
156
152
152
144
144
144
140
136
136
136
132
128
106
104
96
92
56
50
