402
8016
7206
7190
7188
7166
7156
7141
7118
7113
7098
7093
7089
7081
7076
7062
7057
7056
7047
7020
7018
7010
6999
6995
6972
6962
6935
6919
6915
6908
6898
6885
6854
6839
6812
6805
6803
6772
6766
6762
6709
6705
6676
6658
6652
6626
6620
6594
6591
6587
6556
6546
6524
6478
6447
6446
6415
6411
6408
6405
6398
6396
6342
6316
6310
6274
6254
6235
6231
6227
6220
6185
6138
6108
6030
6012
5974
5965
5961
5937
5910
5905
5897
5892
5889
5885
5855
5852
5794
5700
5614
5605
5567
5524
5478
5412
5398
5223
5215
5211
5196
5170
5140
5123
5119
5115
5092
5075
5071
5068
5029
5023
4978
4962
4906
4652
4612
4577
4569
4565
4556
4502
4498
4472
4108
4021
4017
4014
4013
4012
4010
4009
3968
3512
3342
3341
3340
3338
3337
3333
3331
3260
2976
2968
2934
2930
2884
2877
2873
2867
2858
2844
2825
2804
2744
2685
2594
2546
2491
2468
2460
2455
2451
2419
2415
2404
2374
2356
2339
2335
2329
2182
2172
2118
2084
2041
2011
2002
1932
1854
1853
1804
1801
1777
1773
1772
1765
1761
1758
1713
1711
1702
1676
1658
1658
1596
1567
1566
1527
1522
1500
1498
1491
1485
1454
1420
1398
1356
1356
1350
1343
1339
1335
1309
1294
1282
1226
1220
1212
1191
1189
1186
1164
1140
1134
1124
1096
1093
1091
1057
1046
1042
1011
1004
992
981
970
943
934
924
919
915
914
901
882
876
865
851
849
836
834
809
801
800
798
788
781
773
766
753
750
731
724
710
692
690
678
666
666
666
664
664
664
664
648
640
584
584
576
576
574
574
572
560
560
516
508
496
496
490
490
488
482
482
472
472
466
466
464
464
456
448
436
432
420
408
408
400
400
384
376
368
360
360
354
354
352
350
348
342
340
340
328
328
314
312
312
304
298
296
296
288
280
276
268
268
266
266
266
264
260
256
244
240
238
236
236
232
224
224
218
218
216
216
208
208
208
208
200
200
196
192
188
184
184
182
182
180
180
172
170
168
168
168
164
160
160
160
158
156
156
154
154
152
152
150
148
144
140
136
136
136
136
132
128
112
104
96
96
92
58
56
48
32
