402
7568
6810
6788
6786
6773
6770
6764
6762
6761
6757
6754
6743
6725
6722
6703
6700
6697
6686
6671
6668
6663
6652
6638
6623
6622
6621
6596
6582
6575
6574
6573
6572
6563
6561
6526
6506
6503
6501
6500
6482
6474
6460
6458
6431
6427
6426
6372
6362
6341
6340
6338
6329
6325
6324
6301
6274
6270
6192
6191
6188
6187
6179
6174
6172
6145
6142
6114
6049
6041
6040
6022
6004
5996
5990
5879
5875
5867
5838
5806
5798
5796
5780
5758
5726
5667
5659
5643
5637
5628
5586
5538
5524
5522
5458
5426
5399
5391
5381
5340
5220
5180
5162
5138
5095
5091
5090
5083
4852
4804
4788
4782
4758
4729
4727
4722
4696
4380
4332
4330
4322
4306
4301
4299
4274
3908
3796
3794
3789
3788
3786
3785
3736
3676
3304
3158
3156
3154
3153
3151
3052
2816
2746
2725
2723
2722
2710
2706
2700
2660
2592
2408
2374
2369
2367
2357
2342
2324
2322
2308
2268
2148
2071
2066
2061
2026
2006
1964
1942
1860
1823
1815
1809
1794
1793
1786
1786
1708
1706
1654
1620
1611
1591
1585
1510
1502
1492
1484
1478
1442
1419
1411
1409
1318
1316
1308
1307
1290
1273
1214
1190
1187
1164
1162
1159
1156
1152
1151
1149
1126
1082
1057
1046
1044
1037
1033
1032
1028
1026
1023
1022
1006
1004
988
962
957
954
951
949
944
907
892
891
889
886
870
836
831
830
829
828
822
812
791
790
789
778
764
755
749
738
727
724
721
706
703
689
682
677
676
674
673
666
663
654
652
634
630
628
628
624
616
608
600
548
544
544
540
540
536
528
528
472
472
472
468
464
464
464
456
456
448
424
414
412
412
404
400
384
368
368
364
362
360
356
340
336
328
320
320
318
316
300
296
292
288
288
282
282
280
260
260
256
256
256
254
244
240
240
236
236
232
232
230
230
228
224
224
216
212
210
206
206
204
204
200
200
200
192
190
188
188
176
176
176
176
172
168
168
164
164
164
164
160
160
156
156
156
152
152
150
148
148
144
144
144
144
140
140
136
134
134
132
132
132
132
132
128
128
128
128
124
120
120
112
100
96
96
72
64
48
48
48
48
