402
6528
5854
5852
5850
5843
5839
5815
5814
5798
5791
5787
5777
5764
5757
5740
5730
5712
5694
5692
5683
5670
5659
5650
5628
5626
5615
5604
5599
5579
5575
5555
5550
5531
5526
5500
5489
5458
5454
5413
5409
5405
5404
5401
5396
5381
5366
5342
5322
5299
5284
5276
5232
5230
5206
5183
5171
5167
5163
5156
5148
5147
5143
5139
5123
5119
5099
5095
5070
5046
5027
5026
5003
4999
4995
4988
4971
4967
4929
4878
4868
4854
4748
4741
4737
4671
4660
4646
4636
4622
4582
4548
4509
4500
4455
4412
4346
4340
4322
4250
4237
4226
4204
4171
4060
3966
3894
3860
3831
3827
3823
3819
3799
3795
3775
3771
3751
3747
3738
3722
3709
3676
3460
3290
3282
3277
3274
3273
3269
3268
3266
3265
3224
2856
2724
2722
2721
2717
2714
2713
2711
2706
2702
2564
2530
2432
2380
2351
2326
2319
2315
2299
2295
2279
2275
2259
2255
2251
2249
2232
2228
2214
2212
2198
2138
2060
1965
1954
1911
1842
1828
1822
1764
1749
1692
1683
1652
1622
1590
1580
1570
1564
1549
1517
1493
1491
1484
1437
1407
1398
1388
1378
1325
1299
1284
1279
1275
1254
1238
1220
1218
1195
1191
1175
1171
1159
1156
1155
1151
1148
1139
1135
1131
1121
1102
1082
1044
1025
1006
990
970
957
948
941
940
937
933
931
904
898
894
873
867
860
838
831
818
811
800
795
794
791
775
772
761
756
754
734
718
705
700
698
680
660
649
644
643
627
619
618
615
610
575
571
566
564
562
542
542
542
540
540
540
540
536
536
528
504
472
468
464
462
462
458
458
454
454
450
450
450
448
440
436
424
408
408
392
380
364
360
360
352
352
336
336
328
324
324
324
316
312
312
312
308
304
298
296
296
276
276
272
272
258
256
254
254
248
244
240
238
238
234
234
230
230
230
226
226
226
224
224
224
220
216
208
204
200
196
192
192
190
186
186
186
184
184
184
176
176
176
172
168
166
164
162
160
158
154
152
152
148
144
144
140
140
136
136
136
128
128
124
122
122
120
120
120
114
114
112
112
112
112
112
96
88
88
78
76
64
48
44
24
24
4
