402
7552
6790
6772
6770
6754
6740
6718
6714
6695
6693
6692
6666
6658
6653
6650
6645
6625
6604
6602
6601
6594
6592
6588
6572
6567
6541
6539
6526
6518
6510
6507
6500
6467
6465
6444
6443
6434
6419
6411
6396
6386
6379
6355
6354
6345
6342
6340
6334
6321
6301
6268
6237
6230
6213
6198
6189
6180
6173
6161
6152
6146
6137
6116
6107
6060
6056
6046
6030
6015
6004
5995
5974
5951
5940
5932
5927
5879
5858
5850
5799
5789
5778
5772
5732
5690
5675
5660
5586
5577
5572
5555
5554
5492
5422
5420
5411
5299
5262
5251
5196
5163
5148
5062
5059
5036
4972
4970
4963
4847
4828
4798
4686
4621
4550
4524
4486
4437
4364
4318
4310
4262
4217
4214
4193
4164
3932
3786
3780
3779
3778
3777
3736
3312
3237
3148
3147
3146
3145
3142
3020
2966
2828
2808
2782
2781
2742
2702
2660
2654
2597
2592
2524
2502
2458
2443
2390
2298
2276
2255
2159
2156
2100
2079
2078
2004
1991
1964
1919
1910
1879
1812
1785
1778
1746
1724
1665
1652
1647
1642
1598
1580
1565
1555
1554
1524
1484
1482
1461
1414
1399
1395
1356
1348
1335
1318
1314
1299
1292
1281
1258
1244
1205
1204
1181
1176
1174
1161
1151
1148
1137
1130
1117
1102
1097
1081
1076
1067
1048
1043
1043
1020
1018
1012
1010
1007
1002
999
999
979
974
945
934
928
924
905
885
884
871
870
862
858
843
821
820
804
802
800
796
794
793
773
757
754
751
746
742
724
717
715
702
698
684
666
654
652
638
628
628
628
624
624
608
600
560
556
554
548
540
528
518
504
500
488
480
476
456
450
448
430
424
416
416
414
412
412
400
398
392
382
380
374
356
352
336
336
332
328
328
324
320
312
312
308
296
296
292
292
280
278
268
266
264
264
260
258
256
256
252
248
248
240
234
232
232
230
228
226
226
224
224
224
222
220
218
208
208
208
208
200
200
200
200
198
196
194
192
188
184
184
180
174
172
172
168
168
168
164
160
160
160
158
156
156
154
152
150
150
148
148
148
144
142
142
136
136
136
136
132
128
128
128
128
124
124
122
112
110
104
104
74
72
48
44
