402
7824
7036
6990
6988
6984
6978
6968
6956
6952
6950
6948
6934
6918
6908
6901
6898
6872
6868
6865
6862
6822
6812
6786
6756
6750
6744
6736
6720
6713
6706
6698
6692
6680
6677
6671
6662
6652
6618
6600
6588
6574
6524
6522
6520
6517
6508
6481
6477
6462
6440
6437
6433
6428
6412
6410
6396
6385
6348
6334
6312
6274
6260
6247
6188
6182
6152
6141
6110
6101
6084
6081
6072
6070
6054
6034
6009
5992
5988
5940
5919
5912
5900
5846
5814
5797
5782
5707
5700
5672
5652
5594
5561
5522
5518
5512
5453
5404
5392
5367
5356
5224
5210
5202
5149
5017
5004
4984
4956
4928
4916
4878
4822
4775
4696
4567
4524
4498
4476
4450
4442
4344
4237
3948
3932
3929
3928
3921
3918
3917
3916
3914
3913
3899
3701
3262
3261
3260
3258
3256
3253
3244
3236
3152
3058
2991
2904
2882
2796
2774
2756
2715
2624
2616
2541
2502
2458
2428
2396
2376
2356
2341
2231
2186
2182
2168
2114
2085
2060
2020
1977
1928
1922
1887
1862
1824
1812
1800
1772
1765
1751
1702
1691
1678
1676
1650
1616
1608
1604
1589
1573
1572
1542
1528
1494
1464
1462
1453
1452
1437
1430
1403
1400
1370
1364
1311
1308
1308
1294
1272
1242
1216
1201
1196
1182
1180
1164
1161
1160
1157
1138
1121
1115
1100
1096
1086
1086
1084
1060
1042
1032
1006
980
970
968
961
957
948
944
942
934
927
920
912
898
892
880
880
844
838
808
804
802
801
774
771
764
758
742
732
730
728
728
724
712
710
700
698
660
650
650
648
648
648
648
640
640
596
576
552
552
544
542
512
508
500
492
488
480
472
466
464
464
444
436
432
432
408
400
394
384
384
376
372
368
360
352
352
352
340
336
332
328
324
320
316
312
304
304
296
292
290
288
288
288
286
284
280
272
272
272
256
256
248
240
240
238
232
232
232
232
230
230
228
224
224
222
216
216
216
208
208
200
194
192
192
192
192
192
190
188
184
184
184
176
176
176
176
176
176
168
168
164
160
160
160
160
160
158
152
152
152
152
148
148
144
144
144
144
144
136
136
136
128
128
128
96
80
64
40
36
16
8
4
