402
7928
7126
7118
7100
7090
7058
7046
7028
7014
7007
7005
6996
6991
6989
6982
6973
6951
6946
6933
6919
6917
6908
6898
6896
6890
6887
6885
6882
6847
6845
6842
6804
6799
6797
6796
6770
6749
6746
6743
6738
6710
6675
6668
6663
6659
6643
6636
6614
6598
6558
6555
6539
6533
6496
6476
6460
6431
6430
6423
6414
6406
6404
6399
6398
6383
6375
6358
6320
6276
6243
6235
6234
6231
6211
6203
6190
6180
6045
6044
6042
6037
6006
5955
5884
5837
5831
5780
5766
5742
5734
5726
5686
5620
5591
5587
5569
5524
5468
5426
5396
5386
5277
5269
5263
5188
5148
5026
5018
5010
4970
4917
4909
4903
4812
4756
4700
4652
4636
4566
4526
4485
4477
4148
4092
4036
3990
3974
3972
3967
3966
3965
3904
3472
3366
3303
3302
3301
3300
3282
3244
3204
3156
3052
2936
2877
2871
2838
2802
2748
2728
2692
2644
2604
2545
2517
2511
2466
2434
2426
2422
2364
2364
2324
2284
2221
2217
2211
2122
2086
2068
2004
1967
1951
1949
1870
1862
1838
1833
1822
1802
1796
1743
1708
1645
1618
1577
1574
1572
1571
1460
1450
1439
1436
1431
1429
1425
1415
1414
1411
1405
1380
1310
1310
1295
1278
1276
1262
1255
1250
1249
1212
1208
1163
1159
1145
1142
1110
1098
1084
1080
1071
1059
1055
1052
1045
1023
1018
994
989
986
984
966
948
943
941
940
906
903
901
874
872
871
869
866
862
857
855
852
831
822
815
797
790
783
781
780
771
769
762
758
756
738
702
692
678
670
660
660
660
656
656
648
632
624
616
588
574
572
564
560
544
536
528
512
504
502
500
492
484
484
480
480
456
456
456
444
442
440
420
416
400
392
390
388
384
372
364
364
360
352
348
336
332
328
314
312
312
312
304
288
288
286
286
282
282
280
280
272
264
260
258
252
252
250
248
248
248
240
240
232
230
228
228
224
224
220
216
214
212
210
210
208
208
208
200
196
196
196
192
188
188
184
184
180
180
180
172
172
172
172
168
168
168
164
162
160
160
158
156
156
156
156
156
152
152
152
152
152
144
144
136
136
132
132
128
116
112
112
104
104
96
56
32
