402
7880
7092
7086
7077
7069
7068
7059
7058
7054
7037
7036
7022
7021
7012
6992
6990
6983
6979
6972
6954
6938
6937
6925
6922
6910
6900
6871
6860
6858
6845
6842
6822
6812
6791
6774
6765
6762
6756
6724
6703
6692
6687
6678
6667
6666
6655
6612
6601
6580
6566
6550
6548
6535
6527
6516
6453
6418
6410
6407
6394
6372
6371
6340
6312
6307
6246
6228
6222
6220
6213
6119
6095
6084
6050
6018
6006
6005
5996
5887
5884
5852
5820
5812
5758
5755
5750
5734
5714
5676
5615
5607
5556
5430
5420
5406
5390
5374
5364
5309
5303
5132
5026
5002
4994
4988
4956
4945
4937
4929
4923
4848
4812
4740
4558
4526
4514
4489
4481
4473
4436
4380
4188
4076
3970
3962
3954
3948
3946
3943
3942
3941
3896
3472
3284
3283
3282
3282
3281
3274
3266
3262
3180
3172
3084
2928
2925
2876
2841
2833
2827
2806
2798
2770
2704
2620
2564
2536
2482
2461
2453
2447
2444
2436
2412
2402
2382
2159
2158
2149
2143
2100
2078
2062
2052
2042
1940
1895
1844
1806
1790
1782
1771
1770
1724
1724
1711
1692
1668
1661
1578
1572
1563
1554
1526
1500
1469
1391
1388
1382
1380
1362
1357
1311
1287
1284
1260
1242
1229
1226
1222
1191
1167
1148
1140
1121
1116
1110
1098
1084
1080
1077
1067
1014
1011
1002
996
981
964
960
954
940
934
931
909
892
882
866
863
854
852
841
836
820
810
802
797
787
786
774
764
751
749
744
742
718
717
708
703
690
686
685
684
677
671
662
660
656
656
656
652
652
652
648
648
632
632
608
568
566
566
564
560
556
552
520
504
504
496
490
490
488
480
480
476
472
440
428
428
416
412
412
408
408
404
384
378
368
360
360
356
354
352
348
348
344
336
336
332
328
320
312
312
312
308
304
296
296
292
276
276
272
272
272
262
256
248
244
244
244
240
236
224
224
220
216
216
216
212
202
200
200
196
192
192
184
184
184
180
176
176
172
172
168
168
168
160
160
158
156
156
156
152
152
152
150
148
148
144
144
142
140
140
136
136
136
136
136
134
132
132
128
128
120
116
112
106
74
66
64
58
32
32
32
