402
8136
7316
7302
7286
7270
7264
7260
7246
7244
7232
7220
7198
7190
7180
7162
7148
7140
7122
7090
7082
7042
7030
7028
7020
7011
6969
6962
6945
6926
6916
6887
6886
6876
6867
6846
6836
6806
6799
6796
6766
6764
6759
6719
6695
6694
6670
6654
6652
6633
6612
6606
6579
6574
6542
6520
6516
6513
6510
6471
6470
6460
6435
6411
6380
6342
6326
6286
6283
6268
6267
6251
6227
6148
6118
6113
6108
6097
6086
6073
6071
6046
5903
5887
5830
5822
5820
5806
5790
5780
5750
5683
5668
5667
5643
5627
5478
5462
5446
5428
5406
5388
5371
5367
5355
5289
5244
5220
5118
5078
5072
5058
5028
4965
4949
4935
4916
4686
4660
4646
4557
4541
4476
4292
4150
4126
4086
4078
4076
4071
4070
4069
4024
3576
3518
3391
3390
3389
3388
3382
3342
3322
3204
3052
3040
2997
2983
2910
2900
2890
2792
2684
2669
2657
2643
2596
2568
2566
2562
2550
2503
2436
2412
2347
2319
2305
2292
2278
2278
2260
2230
2218
2091
2079
2060
2059
2045
2022
1990
1964
1958
1942
1932
1922
1875
1861
1811
1809
1742
1721
1721
1710
1692
1687
1682
1660
1638
1591
1571
1564
1559
1510
1499
1498
1495
1478
1468
1419
1412
1390
1358
1357
1356
1353
1302
1299
1278
1276
1274
1253
1247
1244
1238
1203
1202
1149
1148
1142
1124
1120
1115
1110
1084
1078
1059
1052
1047
1042
1041
1020
1010
1008
993
982
932
924
922
914
882
874
860
846
828
814
804
790
782
774
764
760
748
732
728
722
710
698
684
676
676
676
676
672
668
664
656
640
608
598
596
580
576
560
536
532
532
530
528
520
512
512
508
496
480
480
462
460
456
456
452
448
448
444
440
422
418
414
412
410
408
408
396
392
388
388
384
384
374
372
360
348
344
344
342
340
336
336
336
328
318
314
310
304
300
296
292
288
282
276
270
268
264
264
260
258
252
250
248
244
240
240
230
230
228
224
222
220
216
216
214
212
212
210
208
208
208
200
200
198
194
192
192
184
184
184
180
172
172
168
166
160
160
156
156
152
152
144
144
144
144
144
140
136
136
136
120
116
116
104
80
78
42
40
20
18
