600
19648
17680
17668
17654
17638
17632
17592
17582
17552
17550
17536
17524
17514
17480
17424
17422
17418
17396
17386
17354
17328
17312
17304
17268
17244
17226
17202
17176
17120
17104
17094
17084
17045
17042
17016
16984
16958
16956
16921
16910
16908
16864
16848
16823
16792
16751
16740
16720
16712
16706
16674
16608
16585
16570
16538
16530
16503
16488
16484
16432
16400
16387
16348
16344
16288
16278
16246
16245
16180
16094
16057
16022
16020
16016
15960
15904
15898
15871
15832
15828
15776
15728
15710
15704
15678
15602
15560
15536
15529
15520
15484
15414
15392
15344
15322
15264
15237
15216
15208
15192
15180
15147
15136
15119
14942
14910
14878
14864
14860
14820
14816
14803
14584
14576
14491
14456
14454
14430
14422
14390
14352
14342
14328
14296
14236
14216
14114
14112
14108
14049
13820
13808
13728
13641
13585
13572
13568
13552
13538
13506
13496
13474
13424
13416
13370
13254
13152
12988
12971
12887
12784
12684
12592
12579
12570
12536
12506
12474
12464
12448
12440
12408
12350
12332
12324
12288
12127
12099
12043
11744
11720
11570
11408
11280
11272
11240
11196
11188
11122
11093
11090
11058
11037
11026
11006
10912
10695
9904
9888
9848
9840
9836
9834
9832
9829
9828
9826
9825
8525
8202
8188
8184
8183
8182
8180
8176
8168
8160
8144
7808
7704
7638
7461
7328
7202
7186
7177
7162
7146
7131
7052
7044
7016
6992
6896
6734
6732
6720
6641
6624
6616
6384
6339
6333
6322
6291
6108
6082
6048
6040
6032
6008
6000
5954
5928
5902
5889
5804
5635
5565
5556
5472
5360
5330
5234
5210
5208
5160
5128
5122
5104
5094
5068
5053
4968
4960
4880
4860
4667
4640
4620
4620
4614
4592
4544
4536
4516
4472
4433
4422
4399
4382
4358
4350
4330
4299
4240
4232
4192
4110
4096
4039
4028
4016
4016
3950
3922
3864
3808
3760
3724
3720
3680
3680
3677
3606
3552
3552
3530
3512
3476
3440
3433
3416
3374
3310
3288
3282
3280
3188
3168
3149
3126
3080
3072
3056
3028
3022
2993
2968
2962
2937
2892
2848
2838
2810
2760
2756
2736
2719
2704
2656
2644
2621
2618
2602
2594
2592
2566
2553
2456
2455
2454
2448
2428
2415
2392
2355
2352
2292
2284
2282
2273
2242
2240
2232
2200
2176
2174
2144
2140
2130
2128
2072
2064
2042
2022
2004
2000
1988
1960
1952
1914
1886
1884
1872
1862
1858
1856
1846
1816
1782
1780
1772
1750
1720
1696
1678
1662
1648
1636
1632
1632
1632
1632
1632
1632
1620
1600
1600
1492
1440
1436
1434
1428
1424
1412
1408
1408
1408
1392
1376
1344
1344
1312
1298
1280
1266
1258
1216
1216
1200
1200
1188
1184
1184
1176
1160
1152
1126
1112
1104
1064
1044
1024
1024
1024
1020
1016
1010
1008
992
968
964
960
960
932
920
920
896
896
896
888
884
880
880
876
868
868
864
864
858
852
832
832
832
806
800
788
784
768
744
736
736
734
720
704
704
704
704
704
704
704
688
686
672
672
672
672
672
672
660
660
656
656
640
640
632
628
624
608
604
600
598
592
584
576
576
576
576
564
560
544
544
542
524
520
516
516
512
512
512
512
510
488
482
480
480
480
470
466
464
456
456
454
448
448
448
448
432
432
432
424
424
416
404
400
400
400
400
392
384
384
384
384
384
380
376
368
368
368
356
352
352
352
352
352
348
336
332
332
320
320
320
320
304
288
256
220
200
192
168
148
128
128
128
118
102
96
32
32
