600
16336
14692
14684
14680
14674
14642
14626
14600
14590
14588
14580
14569
14562
14561
14546
14520
14514
14511
14482
14476
14469
14444
14439
14416
14410
14406
14404
14391
14378
14355
14344
14326
14322
14320
14319
14284
14280
14252
14239
14235
14227
14202
14200
14186
14159
14138
14120
14115
14110
14100
14083
14062
14058
14052
14039
14024
14012
13991
13977
13962
13897
13896
13882
13850
13845
13839
13828
13824
13816
13782
13780
13759
13750
13736
13727
13656
13639
13630
13607
13566
13559
13508
13492
13480
13479
13459
13447
13442
13419
13396
13389
13350
13336
13334
13316
13284
13277
13268
13258
13256
13229
13176
13160
13104
13085
13081
13054
13049
13038
13033
13001
12972
12953
12892
12872
12858
12855
12808
12753
12718
12606
12558
12513
12481
12468
12456
12436
12433
12422
12420
12374
12129
12097
12090
12049
12040
11978
11960
11884
11868
11844
11800
11669
11662
11637
11589
11544
11462
11315
11212
11180
11164
11128
11117
11090
11084
11028
10808
10787
10728
10718
10703
10549
10364
10328
10300
10274
10056
9895
9867
9720
9698
9682
9675
9666
9634
9471
9420
9356
9300
9234
9202
9181
9016
8680
8479
8264
8228
8212
8196
8184
8180
8174
8172
8171
8170
8169
8080
7540
7511
7152
6808
6807
6806
6804
6802
6788
6772
6764
6728
6549
6392
6374
6354
6265
6104
6064
5963
5946
5868
5832
5820
5764
5586
5562
5552
5551
5546
5391
5369
5240
5204
5153
5054
5036
5016
4980
4823
4682
4680
4625
4616
4428
4374
4351
4344
4316
4300
4276
4185
4062
4008
4008
3964
3957
3917
3898
3891
3784
3724
3716
3634
3592
3573
3542
3533
3507
3442
3302
3268
3262
3253
3252
3240
3228
3213
3187
3150
3018
2987
2952
2902
2901
2888
2876
2821
2815
2810
2804
2781
2753
2750
2741
2738
2713
2711
2689
2673
2660
2648
2648
2568
2566
2564
2551
2548
2504
2490
2452
2431
2414
2399
2392
2381
2372
2364
2329
2315
2310
2296
2288
2275
2261
2258
2248
2175
2168
2158
2149
2132
2130
2096
2092
2081
2077
2074
2046
2040
2000
1982
1967
1955
1940
1928
1915
1908
1905
1902
1898
1879
1868
1858
1851
1848
1834
1815
1794
1784
1782
1759
1751
1749
1740
1720
1716
1696
1682
1681
1678
1672
1651
1634
1612
1610
1606
1600
1581
1580
1562
1557
1556
1546
1528
1521
1494
1482
1481
1473
1468
1460
1458
1448
1426
1416
1414
1386
1380
1372
1360
1360
1360
1352
1352
1352
1344
1344
1344
1328
1308
1264
1216
1192
1188
1168
1160
1152
1116
1110
1108
1108
1078
1072
1040
1008
1000
992
992
992
964
936
928
924
912
896
880
872
868
864
856
856
848
836
812
790
784
784
782
776
776
752
752
744
736
728
724
714
706
704
704
700
660
654
652
650
648
648
642
640
640
636
628
624
600
600
596
580
576
576
576
568
562
560
554
550
548
546
544
542
540
528
528
512
512
512
508
504
504
496
496
488
486
480
480
478
476
472
464
464
462
460
454
448
436
434
434
432
432
428
428
424
424
416
416
416
414
412
408
400
392
392
390
384
384
382
376
376
376
374
370
368
368
368
368
364
362
360
356
352
352
350
350
348
344
336
336
336
332
332
330
324
320
320
320
320
320
320
316
312
310
308
304
304
304
296
294
294
292
288
288
288
288
288
288
284
284
280
276
272
272
260
256
240
224
200
192
160
132
110
80
48
40
