600
13392
12052
12050
12044
12038
12022
12006
12005
12004
11992
11988
11973
11959
11958
11956
11948
11935
11928
11914
11897
11889
11884
11873
11864
11854
11845
11841
11833
11830
11817
11812
11808
11802
11796
11784
11769
11764
11758
11749
11745
11740
11737
11736
11726
11721
11707
11694
11670
11657
11652
11643
11633
11628
11625
11624
11594
11570
11544
11524
11517
11493
11492
11477
11473
11462
11457
11453
11450
11448
11429
11425
11391
11382
11361
11352
11340
11332
11318
11306
11277
11237
11226
11224
11177
11165
11146
11140
11128
11124
11103
11092
11034
11016
11015
11010
10975
10933
10930
10876
10852
10843
10824
10813
10778
10770
10754
10728
10688
10674
10669
10664
10637
10588
10579
10556
10550
10536
10524
10470
10457
10424
10367
10306
10226
10216
10193
10180
10164
10132
10124
10113
10097
10014
9992
9930
9911
9809
9720
9716
9684
9652
9578
9554
9530
9522
9519
9506
9464
9463
9426
9358
9133
9132
9116
9084
9016
9001
8970
8968
8890
8841
8760
8552
8519
8468
8436
8330
8322
8306
8279
8263
8226
8204
7992
7976
7736
7692
7669
7660
7617
7614
7609
7534
7530
7513
7128
6936
6732
6716
6712
6709
6705
6702
6701
6700
6698
6697
6608
5856
5690
5599
5582
5581
5580
5578
5577
5576
5573
5571
5564
5556
5512
5431
5384
5012
4976
4886
4823
4821
4818
4780
4771
4728
4608
4520
4504
4324
4312
4306
4275
4242
4226
4222
4132
4108
4061
4040
3992
3793
3754
3686
3661
3656
3596
3564
3556
3551
3402
3362
3306
3288
3275
3242
3229
3226
3202
3182
3124
3092
3084
3081
3064
2987
2901
2886
2840
2824
2818
2733
2724
2724
2692
2684
2667
2642
2584
2574
2521
2447
2438
2424
2396
2392
2370
2364
2345
2340
2297
2271
2266
2232
2202
2186
2182
2152
2151
2125
2124
2100
2082
2051
2015
1992
1986
1981
1972
1966
1924
1909
1896
1884
1882
1874
1857
1847
1824
1816
1806
1797
1763
1742
1730
1724
1716
1704
1693
1669
1648
1641
1637
1624
1622
1617
1613
1610
1601
1597
1588
1583
1573
1564
1563
1544
1522
1502
1482
1480
1476
1473
1467
1459
1452
1446
1441
1438
1431
1405
1393
1384
1381
1380
1373
1371
1364
1362
1353
1352
1351
1332
1328
1326
1324
1319
1313
1302
1293
1288
1282
1260
1253
1247
1234
1224
1215
1204
1204
1198
1183
1176
1172
1164
1158
1157
1142
1130
1124
1124
1122
1114
1114
1114
1112
1112
1112
1112
1112
1104
1104
1072
1072
976
962
960
952
952
928
896
896
864
860
854
844
844
840
832
824
816
812
800
768
758
752
748
736
730
720
712
712
708
704
688
672
660
654
644
644
644
640
640
636
632
616
616
608
596
592
580
576
560
560
546
544
536
536
532
528
524
512
504
488
484
472
472
472
468
464
464
460
458
452
452
436
436
432
432
432
428
424
416
416
416
408
402
396
396
392
384
384
380
380
376
372
370
368
368
368
360
358
352
352
352
344
344
344
338
336
336
336
332
326
326
322
322
320
320
320
320
318
318
316
312
312
304
304
304
300
296
296
294
292
290
290
288
288
288
284
280
280
278
274
274
272
272
272
272
270
264
264
264
262
260
258
256
256
256
256
250
248
248
244
242
240
240
240
236
236
232
232
230
228
228
224
224
224
224
220
220
216
216
214
208
200
192
168
162
160
128
118
116
96
82
