600
16416
14764
14737
14716
14704
14700
14676
14666
14648
14640
14638
14612
14609
14597
14584
14573
14569
14548
14545
14537
14522
14521
14520
14500
14476
14473
14458
14440
14394
14352
14314
14312
14293
14292
14289
14268
14265
14264
14261
14257
14241
14224
14194
14193
14176
14164
14142
14132
14024
14012
13986
13960
13957
13953
13936
13929
13925
13921
13905
13892
13890
13864
13857
13828
13800
13778
13750
13744
13672
13632
13628
13608
13606
13604
13583
13553
13550
13488
13464
13416
13398
13366
13332
13302
13284
13252
13223
13200
13199
13189
13188
13150
13144
13096
13042
12978
12848
12842
12836
12818
12804
12791
12786
12781
12772
12760
12740
12722
12712
12708
12676
12626
12612
12592
12464
12418
12354
12312
12303
12291
12272
12260
12248
12228
12196
12190
12164
12132
12100
12080
12036
11912
11900
11894
11891
11879
11830
11824
11802
11688
11572
11504
11462
11430
11404
11360
11224
11221
11209
11170
11012
10960
10936
10916
10812
10734
10680
10670
10455
10448
10405
10360
10304
10296
10228
10170
10164
10100
9954
9840
9810
9663
9594
9483
9455
9439
9416
9378
9352
9314
9308
9244
9236
9104
8504
8442
8393
8265
8248
8240
8226
8220
8218
8216
8213
8212
8210
8209
7688
7306
7161
6909
6844
6840
6837
6836
6834
6832
6826
6793
6687
6646
6624
6602
6600
6557
6444
6096
5980
5924
5896
5866
5852
5848
5815
5765
5714
5656
5536
5506
5488
5436
5386
5268
5206
5164
5048
5011
4976
4969
4792
4790
4738
4676
4568
4560
4508
4374
4341
4331
4328
4208
4180
4158
4130
4112
4044
3944
3929
3911
3856
3846
3822
3776
3770
3768
3764
3652
3604
3572
3572
3536
3524
3522
3492
3480
3472
3468
3468
3439
3432
3429
3424
3386
3344
3334
3286
3213
3172
3162
3124
3100
3096
3092
3082
3048
3044
3031
3026
3021
3012
3002
2992
2990
2988
2982
2814
2776
2728
2722
2704
2692
2691
2661
2612
2598
2584
2584
2582
2572
2542
2528
2520
2472
2448
2390
2387
2361
2360
2348
2342
2336
2324
2256
2202
2184
2164
2133
2108
2106
2096
2093
2081
2077
2073
2056
2053
2051
2040
2026
2008
2004
1920
1908
1898
1884
1858
1854
1853
1840
1824
1824
1813
1801
1800
1797
1796
1793
1773
1772
1771
1754
1744
1656
1644
1634
1621
1620
1604
1592
1585
1582
1581
1564
1561
1541
1537
1528
1517
1507
1488
1482
1480
1462
1456
1452
1436
1420
1401
1380
1366
1364
1364
1360
1360
1360
1358
1344
1336
1328
1312
1216
1192
1184
1172
1168
1162
1152
1108
1100
1088
1076
1048
1046
1040
1024
1008
1000
992
992
988
956
944
944
928
912
900
896
896
872
866
864
864
832
828
824
800
800
784
768
764
752
752
736
736
736
728
712
712
704
696
696
688
688
686
684
680
676
672
672
664
632
628
626
616
616
612
608
608
608
608
604
604
604
600
600
596
596
592
592
576
560
544
544
544
544
536
536
532
520
516
512
512
508
500
480
480
480
476
476
472
468
464
464
464
448
436
432
426
424
420
418
416
416
416
414
414
414
410
408
404
400
400
400
384
384
384
376
376
376
370
368
368
362
358
358
358
354
352
352
352
352
352
348
324
322
320
320
320
320
320
314
312
312
310
306
306
304
304
304
302
300
296
294
288
288
288
288
288
288
280
280
278
272
256
208
192
164
160
160
152
128
128
84
64
64
64
64
52
28
4
