600
15328
13766
13764
13754
13736
13734
13720
13702
13700
13672
13670
13668
13642
13636
13620
13604
13598
13560
13550
13546
13540
13512
13504
13490
13484
13476
13474
13406
13404
13398
13382
13368
13366
13324
13298
13288
13270
13234
13212
13192
13186
13148
13118
13064
13054
13048
13045
13033
13023
13004
13002
12972
12956
12954
12949
12937
12936
12900
12898
12873
12865
12802
12791
12775
12770
12760
12733
12708
12676
12674
12664
12663
12658
12644
12627
12594
12580
12568
12565
12562
12545
12524
12479
12426
12418
12410
12402
12389
12386
12370
12367
12354
12344
12324
12293
12274
12256
12252
12230
12181
12152
12149
12137
12102
12073
12069
12056
12038
11932
11916
11915
11913
11900
11870
11858
11848
11820
11721
11689
11658
11624
11594
11560
11511
11476
11457
11412
11390
11352
11338
11243
11179
11094
11083
11034
11032
11030
10988
10968
10924
10760
10757
10729
10725
10703
10666
10662
10504
10500
10498
10340
10312
10301
10273
10269
10148
10026
10018
10008
9954
9922
9858
9851
9753
9720
9660
9512
9416
9324
9262
9258
9251
9212
9133
9016
8920
8860
8844
8824
8788
8732
8542
8538
8531
8529
8248
7752
7708
7692
7678
7676
7672
7670
7668
7667
7666
7665
7584
6956
6862
6768
6392
6387
6385
6382
6380
6378
6364
6356
6328
6308
6152
5876
5783
5692
5665
5664
5662
5658
5452
5432
5404
5352
5272
5248
5163
5065
5062
5058
5004
4936
4856
4724
4680
4647
4565
4562
4506
4482
4446
4440
4426
4422
4324
4217
4213
4191
4184
4164
4145
4058
4028
4024
3890
3886
3837
3833
3816
3811
3676
3640
3620
3592
3582
3539
3530
3459
3405
3326
3320
3282
3268
3227
3212
3181
3144
3114
3096
3062
3033
3007
2925
2924
2906
2904
2894
2882
2860
2847
2845
2844
2836
2742
2728
2717
2713
2690
2661
2648
2623
2577
2564
2546
2546
2531
2508
2488
2486
2482
2469
2466
2451
2442
2434
2426
2422
2394
2340
2323
2321
2312
2303
2292
2282
2251
2244
2232
2226
2221
2214
2212
2188
2163
2152
2129
2106
2096
2053
2047
2028
2026
2008
2008
1993
1983
1982
1980
1964
1942
1940
1921
1920
1913
1903
1898
1896
1846
1842
1820
1784
1764
1746
1718
1704
1694
1676
1640
1638
1622
1610
1604
1602
1548
1546
1540
1534
1528
1520
1496
1492
1486
1482
1480
1464
1444
1442
1428
1412
1406
1390
1388
1364
1358
1352
1330
1314
1308
1302
1276
1276
1276
1272
1272
1272
1264
1264
1248
1168
1132
1128
1128
1088
1080
1072
1056
1040
1032
1016
1012
1008
1008
1008
1000
976
960
944
928
928
928
912
908
900
892
884
880
880
856
848
842
842
836
832
824
800
800
800
776
776
766
766
760
752
728
720
720
712
706
704
704
704
704
690
680
664
656
656
648
644
640
636
624
620
608
608
606
600
592
584
576
576
576
568
568
568
568
560
548
544
542
542
536
530
528
524
512
508
504
496
496
492
492
492
488
484
484
484
480
480
464
462
460
456
452
450
448
444
444
440
440
440
432
432
432
424
424
420
416
410
408
404
400
398
396
396
392
392
392
384
384
384
384
384
382
380
376
368
368
360
352
352
348
340
336
336
328
324
324
320
320
320
320
308
304
304
304
304
296
296
296
296
288
288
288
288
280
280
280
280
280
272
272
272
268
268
264
264
260
260
256
256
254
240
224
214
208
192
192
192
164
96
96
