600
14688
13212
13198
13194
13180
13176
13140
13139
13130
13114
13109
13106
13096
13095
13092
13087
13074
13069
13068
13061
13058
13026
13021
13012
13010
13003
12980
12976
12973
12968
12964
12962
12956
12951
12923
12885
12872
12854
12852
12844
12840
12838
12835
12782
12779
12776
12774
12755
12742
12724
12708
12685
12666
12661
12652
12644
12633
12616
12614
12609
12553
12552
12537
12529
12494
12474
12468
12456
12430
12420
12409
12404
12392
12380
12379
12376
12363
12329
12294
12289
12218
12209
12201
12194
12193
12156
12153
12152
12130
12124
12113
12108
12104
12073
12053
12025
11998
11943
11901
11900
11892
11878
11800
11774
11753
11745
11744
11670
11646
11640
11615
11582
11580
11575
11572
11560
11542
11494
11480
11419
11379
11258
11225
11188
11185
11176
11172
11132
11118
11050
10991
10951
10920
10824
10782
10708
10696
10671
10660
10643
10639
10611
10596
10582
10543
10523
10467
10333
10314
10232
10165
10152
10138
10089
10044
10012
9996
9992
9956
9906
9896
9810
9734
9711
9635
9545
9292
9272
9244
9210
9118
9091
9076
9032
8936
8935
8739
8712
8490
8420
8388
8382
8372
8285
8017
7896
7729
7626
7560
7362
7356
7354
7352
7349
7348
7346
7345
7280
6889
6750
6448
6124
6122
6120
6117
6116
6114
5944
5886
5829
5672
5561
5475
5440
5428
5420
5258
5252
5166
5024
4984
4959
4808
4795
4728
4684
4665
4642
4566
4540
4520
4514
4500
4287
4211
4149
4130
4066
4008
3967
3948
3928
3916
3900
3876
3833
3794
3784
3720
3646
3631
3519
3471
3455
3422
3412
3399
3375
3371
3364
3349
3336
3324
3258
3224
3144
3118
3115
3081
2978
2964
2936
2932
2924
2921
2902
2887
2862
2766
2759
2725
2680
2662
2622
2616
2604
2600
2596
2595
2561
2518
2498
2453
2447
2415
2408
2388
2342
2332
2323
2289
2278
2242
2221
2197
2191
2181
2168
2156
2147
2140
2120
2116
2082
2081
2073
2067
2062
2009
2000
1998
1967
1960
1939
1928
1925
1924
1908
1901
1892
1882
1864
1852
1846
1835
1830
1801
1793
1792
1788
1784
1764
1736
1730
1713
1704
1691
1686
1671
1652
1644
1622
1611
1598
1591
1590
1545
1544
1542
1540
1532
1530
1528
1503
1471
1456
1449
1448
1444
1444
1443
1442
1431
1431
1428
1420
1405
1404
1402
1386
1362
1357
1351
1346
1336
1335
1332
1329
1322
1314
1302
1292
1291
1272
1260
1246
1244
1242
1222
1220
1220
1216
1216
1216
1184
1184
1176
1130
1120
1110
1048
1048
1032
992
990
958
944
932
928
928
928
928
912
904
896
896
896
888
856
848
842
832
828
824
812
784
784
776
776
768
768
766
756
752
736
728
724
704
702
694
690
684
680
678
674
674
668
664
656
656
648
640
624
622
616
592
592
584
582
576
576
576
576
568
556
550
544
532
528
524
520
518
512
512
512
512
500
490
488
480
468
464
464
456
454
448
448
442
438
434
428
424
424
416
416
416
416
414
414
412
412
408
400
396
392
386
384
384
384
378
376
376
376
368
368
368
364
358
358
352
344
342
336
336
336
336
332
328
324
322
320
318
316
316
308
308
304
304
304
304
300
300
294
288
288
288
284
284
280
280
280
280
276
276
276
272
272
272
270
268
268
268
268
266
264
264
260
260
258
256
256
256
256
256
248
248
248
240
240
232
224
224
208
208
204
200
160
148
120
96
70
