600
15616
14040
14028
14022
14010
13990
13988
13960
13958
13950
13948
13932
13926
13916
13912
13910
13880
13870
13857
13846
13845
13836
13801
13800
13790
13787
13780
13778
13777
13756
13728
13720
13719
13710
13693
13684
13682
13674
13660
13639
13611
13608
13607
13598
13572
13566
13559
13524
13517
13508
13487
13480
13474
13454
13451
13444
13442
13428
13398
13377
13348
13336
13334
13325
13297
13272
13270
13203
13196
13192
13191
13190
13178
13148
13132
13112
13102
13095
13079
13068
13052
13032
13017
12990
12980
12967
12862
12846
12827
12811
12810
12796
12792
12757
12744
12724
12686
12657
12645
12641
12574
12508
12502
12488
12480
12441
12440
12429
12425
12420
12414
12343
12289
12282
12159
12150
12140
12088
12044
12028
11994
11964
11948
11939
11927
11923
11859
11834
11800
11784
11614
11579
11572
11567
11563
11512
11499
11492
11432
11396
11380
11378
11352
11300
11260
11147
11135
11131
11094
11080
11067
10792
10754
10708
10693
10660
10644
10629
10628
10584
10564
10548
10346
10312
10167
10103
10088
10006
9820
9804
9788
9576
9537
9496
9473
9450
9250
9208
9140
9128
8980
8892
8884
8782
8719
8718
8717
8400
8104
7912
7820
7818
7816
7812
7811
7810
7809
7728
6880
6622
6520
6508
6507
6506
6505
6504
6502
6500
6412
6268
6264
6146
6032
5751
5749
5744
5698
5604
5416
5404
5352
5328
5142
5121
5112
5067
5048
4860
4844
4836
4802
4616
4595
4541
4424
4394
4228
4212
4200
4164
4157
4148
4132
4103
4092
4054
4040
3940
3913
3791
3784
3780
3770
3739
3735
3725
3688
3636
3608
3534
3524
3496
3444
3431
3412
3375
3372
3365
3338
3208
3192
3180
3154
3131
3079
3075
3068
3065
3052
3022
2952
2900
2890
2881
2863
2782
2729
2670
2668
2661
2657
2648
2647
2616
2598
2596
2538
2491
2481
2477
2467
2442
2412
2408
2383
2360
2356
2342
2339
2325
2310
2298
2209
2204
2190
2168
2167
2140
2128
2124
2101
2098
2090
2088
2076
2065
2060
2034
2024
2022
2021
2020
1960
1958
1933
1912
1911
1904
1893
1892
1867
1850
1828
1814
1812
1806
1805
1802
1784
1775
1764
1751
1748
1715
1710
1708
1688
1682
1671
1649
1636
1622
1621
1614
1612
1603
1592
1590
1584
1581
1561
1556
1550
1534
1532
1528
1528
1525
1522
1513
1484
1478
1467
1458
1448
1422
1420
1404
1396
1390
1384
1382
1364
1358
1342
1330
1324
1320
1300
1300
1300
1296
1296
1296
1296
1248
1216
1184
1184
1148
1148
1136
1120
1072
1072
1056
1024
1022
1012
1008
992
976
968
968
960
918
912
908
880
880
876
840
840
832
830
824
824
824
820
816
808
808
784
784
758
752
752
746
746
744
720
704
696
688
686
680
674
672
672
664
628
626
624
624
614
614
612
600
600
576
576
576
576
576
552
544
536
532
530
530
528
528
528
516
512
512
504
496
494
494
492
488
480
476
472
466
464
464
464
464
464
464
460
456
456
440
436
432
432
424
424
420
416
416
416
408
408
404
404
404
400
400
388
386
384
380
376
376
372
368
368
368
360
360
360
360
360
354
352
348
348
344
344
342
340
336
336
336
334
328
320
320
320
320
320
320
320
316
316
304
304
304
304
304
304
304
302
296
292
292
288
288
288
288
284
280
280
276
276
276
272
272
272
268
264
264
264
264
256
220
218
210
192
176
160
160
140
140
116
80
46
