600
16752
15048
15032
15026
15012
15002
14990
14988
14974
14972
14958
14952
14898
14878
14860
14856
14854
14846
14796
14782
14744
14722
14716
14710
14700
14698
14684
14671
14664
14652
14626
14591
14588
14575
14571
14562
14552
14532
14523
14522
14514
14503
14498
14479
14468
14450
14424
14415
14403
14386
14379
14370
14331
14324
14322
14293
14285
14260
14248
14234
14226
14210
14207
14200
14198
14187
14163
14072
14060
14042
14035
14032
14026
14007
14002
13996
13995
13971
13951
13947
13940
13930
13919
13896
13870
13817
13800
13762
13756
13745
13723
13692
13640
13633
13562
13560
13554
13538
13525
13490
13464
13424
13421
13388
13384
13327
13326
13324
13308
13269
13234
13224
13212
13157
13038
12953
12952
12945
12888
12839
12812
12798
12790
12774
12764
12726
12668
12664
12636
12572
12571
12568
12563
12516
12459
12440
12318
12302
12280
12254
12117
12115
12044
12040
11980
11750
11734
11720
11705
11703
11686
11599
11480
11428
11340
11304
11218
11083
11075
11070
10971
10968
10872
10632
10572
10556
10524
10506
10460
10433
10378
10330
10329
10136
9880
9576
9575
9559
9524
9516
9480
9446
9442
9353
8984
8800
8504
8456
8392
8389
8388
8385
8382
8381
8380
8378
8377
8256
7328
7144
6982
6981
6980
6978
6977
6973
6972
6971
6968
6888
6640
6488
6256
6167
6094
6090
6072
6036
6028
5995
5992
5981
5810
5760
5736
5528
5354
5353
5267
5244
5206
5196
5164
5160
5156
4981
4904
4824
4819
4738
4731
4725
4614
4552
4520
4516
4444
4408
4222
4209
4207
4182
4170
3980
3928
3924
3865
3863
3750
3736
3710
3698
3660
3608
3579
3532
3496
3491
3485
3484
3436
3416
3386
3358
3324
3318
3302
3284
3261
3224
3208
3201
3176
3173
3167
3098
2997
2956
2934
2903
2876
2860
2858
2808
2804
2777
2744
2722
2691
2682
2666
2664
2662
2601
2600
2556
2555
2525
2510
2507
2500
2494
2472
2447
2402
2399
2392
2354
2348
2339
2336
2335
2319
2300
2299
2289
2288
2274
2265
2262
2248
2244
2203
2159
2149
2136
2130
2122
2121
2120
2106
2102
2084
2051
2032
2028
2026
2019
1986
1979
1978
1974
1965
1959
1949
1944
1922
1908
1895
1882
1880
1862
1859
1852
1826
1819
1804
1804
1801
1774
1756
1752
1735
1724
1714
1702
1700
1694
1688
1670
1662
1642
1636
1594
1592
1592
1580
1562
1512
1498
1484
1482
1476
1470
1462
1452
1448
1442
1394
1394
1394
1392
1392
1392
1392
1392
1392
1392
1360
1312
1280
1232
1216
1216
1200
1200
1200
1198
1196
1184
1152
1136
1088
1070
1068
1052
1048
1040
1032
1032
1024
1024
976
976
962
960
960
946
944
944
920
896
896
880
864
844
840
840
836
832
792
784
784
772
772
748
740
736
736
736
714
704
704
698
696
696
688
680
672
668
664
660
660
656
652
640
634
632
624
616
598
584
584
580
568
568
568
568
564
560
560
554
544
540
536
532
532
528
528
518
512
512
504
504
500
496
496
488
480
480
468
466
466
464
464
462
458
456
456
452
452
448
448
432
432
430
424
424
424
420
420
416
416
408
408
404
402
400
396
394
392
390
388
384
384
380
378
376
372
370
368
368
364
362
362
360
360
352
346
344
344
340
340
336
336
336
328
320
320
320
320
312
312
304
296
296
296
292
288
288
288
288
284
284
278
272
260
260
248
240
240
236
236
224
224
176
172
112
96
68
28
