600
14912
13370
13362
13354
13348
13330
13324
13288
13266
13260
13253
13234
13232
13224
13214
13201
13200
13188
13176
13160
13150
13133
13124
13121
13112
13098
13086
13083
13060
13057
13034
13010
12997
12988
12985
12977
12946
12936
12930
12921
12908
12894
12872
12867
12848
12834
12832
12808
12803
12784
12780
12770
12751
12744
12716
12706
12680
12663
12660
12642
12627
12616
12599
12580
12568
12562
12553
12504
12492
12481
12457
12434
12388
12370
12368
12365
12352
12329
12324
12314
12305
12304
12260
12243
12240
12203
12200
12188
12158
12155
12152
12108
12086
12080
12008
12003
11980
11970
11960
11943
11909
11874
11852
11810
11784
11757
11746
11721
11720
11692
11664
11633
11628
11618
11466
11440
11428
11425
11416
11368
11341
11330
11297
11164
11161
11145
11121
11118
11097
11064
11057
11023
11016
10960
10906
10868
10738
10733
10704
10693
10648
10602
10584
10558
10516
10452
10304
10297
10281
10257
10233
10224
10194
10193
10142
10072
10012
10008
9948
9944
9896
9808
9706
9697
9657
9655
9642
9492
9376
9360
9304
9240
9236
9053
9051
9046
9042
8844
8784
8520
8468
8456
8329
8327
8326
8322
8272
7996
7528
7496
7476
7472
7464
7462
7461
7460
7458
7457
6980
6224
6216
6214
6213
6211
6210
6204
6184
6168
6016
5764
5712
5540
5494
5490
5489
5487
5384
5372
5336
5168
5136
5060
5024
4894
4890
4885
4883
4728
4680
4524
4524
4453
4394
4381
4347
4342
4272
4184
4152
4098
4092
4088
4084
4040
3978
3934
3933
3920
3901
3881
3861
3847
3754
3668
3608
3560
3536
3525
3517
3483
3482
3456
3372
3342
3312
3256
3241
3213
3208
3181
3162
3161
3141
3124
3072
3013
2986
2977
2968
2940
2920
2918
2908
2907
2896
2850
2746
2736
2733
2684
2664
2661
2642
2631
2616
2586
2556
2503
2475
2472
2454
2444
2436
2425
2424
2384
2358
2348
2345
2337
2312
2304
2299
2298
2276
2264
2256
2240
2225
2217
2212
2192
2173
2166
2160
2153
2123
2122
2108
2067
2066
2027
2020
2008
1967
1962
1960
1948
1928
1894
1888
1884
1875
1864
1842
1836
1816
1801
1786
1780
1776
1769
1768
1759
1757
1744
1734
1705
1704
1682
1676
1664
1664
1661
1656
1654
1642
1607
1604
1597
1586
1566
1548
1547
1525
1522
1514
1512
1493
1492
1470
1464
1456
1448
1444
1427
1424
1418
1416
1402
1383
1380
1374
1368
1324
1322
1308
1302
1294
1286
1242
1240
1240
1240
1232
1232
1232
1216
1216
1152
1096
1096
1096
1096
1072
1072
1056
1008
992
976
976
976
976
944
928
928
896
876
876
868
864
832
832
816
816
816
802
800
792
786
784
778
774
770
768
768
728
720
704
702
696
692
672
672
664
648
642
640
640
640
634
632
630
626
624
602
600
596
594
580
576
576
576
576
548
546
544
536
530
528
528
524
524
516
512
512
504
500
494
488
488
484
480
480
480
472
468
458
456
456
448
448
448
448
444
440
440
434
432
430
424
420
416
416
416
412
404
400
400
392
388
384
384
384
384
376
374
372
368
368
368
368
364
360
360
356
352
352
352
350
344
344
340
336
336
336
330
328
328
324
320
320
320
320
320
320
320
318
316
312
308
304
304
304
300
298
296
292
288
288
288
284
280
280
276
276
272
272
272
264
260
256
256
256
256
256
256
256
246
226
212
192
188
178
152
136
128
110
68
64
10
