600
15872
14282
14280
14276
14260
14220
14218
14202
14200
14196
14180
14159
14155
14154
14140
14127
14126
14123
14120
14100
14090
14079
14078
14075
14069
14050
14044
14008
13998
13996
13995
13993
13984
13938
13931
13923
13916
13902
13900
13897
13896
13850
13828
13825
13809
13806
13777
13769
13764
13759
13758
13752
13745
13704
13698
13659
13658
13644
13633
13618
13612
13580
13576
13565
13539
13528
13516
13500
13466
13465
13426
13375
13352
13332
13318
13295
13284
13279
13276
13263
13256
13249
13238
13190
13159
13143
13085
13074
13064
13061
13060
13015
12996
12984
12954
12916
12904
12888
12863
12851
12836
12819
12811
12790
12779
12724
12720
12712
12699
12670
12645
12644
12616
12559
12508
12506
12495
12476
12376
12344
12330
12315
12299
12283
12245
12232
12178
12092
12060
11983
11980
11938
11919
11900
11896
11868
11828
11768
11741
11677
11650
11623
11558
11496
11394
11368
11356
11333
11316
11269
11016
10994
10899
10872
10845
10748
10700
10514
10399
10335
10248
10104
10040
9972
9960
9956
9954
9938
9924
9918
9916
9872
9723
9688
9659
9605
9544
9272
9050
9032
9028
9026
9020
9010
8911
8847
8504
8456
8216
8024
7956
7944
7942
7941
7940
7938
7937
7888
7208
6976
6904
6680
6614
6613
6612
6611
6610
6604
6392
6152
5872
5855
5801
5754
5722
5716
5708
5706
5704
5686
5512
5392
5348
5288
5223
5179
5160
5125
5008
4964
4962
4946
4936
4932
4924
4872
4808
4696
4615
4561
4466
4316
4276
4191
4168
4145
4066
4056
4022
3850
3837
3804
3799
3783
3768
3764
3656
3652
3541
3532
3522
3443
3432
3372
3320
3295
3294
3282
3244
3241
3180
3180
3156
3112
3048
3023
2991
2979
2965
2954
2952
2920
2815
2813
2806
2804
2761
2761
2692
2691
2670
2648
2632
2628
2619
2579
2570
2551
2545
2532
2519
2509
2488
2488
2468
2434
2408
2404
2381
2348
2334
2323
2276
2275
2261
2238
2198
2187
2184
2176
2175
2164
2164
2149
2130
2124
2116
2104
2102
2081
2042
2007
2006
1980
1960
1945
1936
1928
1923
1916
1914
1882
1867
1860
1853
1845
1816
1814
1768
1764
1761
1753
1747
1722
1721
1708
1707
1686
1656
1647
1646
1644
1642
1636
1625
1619
1614
1600
1567
1565
1564
1562
1560
1524
1503
1499
1498
1495
1492
1486
1484
1464
1459
1458
1455
1444
1434
1431
1429
1412
1404
1400
1394
1382
1348
1336
1332
1326
1322
1320
1320
1320
1320
1312
1280
1264
1248
1216
1170
1160
1140
1140
1136
1136
1136
1136
1088
1044
1040
1034
1024
1024
992
992
988
984
984
976
976
960
960
960
928
922
912
892
864
856
848
836
832
828
812
800
768
766
756
752
752
736
720
708
700
688
672
672
658
656
652
648
648
640
632
624
608
604
598
594
592
592
588
576
576
562
560
560
552
536
536
532
520
514
512
512
512
510
504
502
500
496
488
484
480
480
476
472
472
464
464
464
464
456
454
452
444
436
436
434
432
432
428
424
424
416
416
416
412
404
400
400
400
396
392
388
384
384
376
372
372
368
368
368
360
352
352
352
350
348
344
344
342
340
336
336
328
328
328
324
322
320
320
320
320
312
312
312
312
304
304
300
298
298
296
296
290
290
288
288
288
288
288
288
286
284
284
280
276
274
272
272
272
272
264
264
264
256
240
216
200
192
176
176
164
160
144
144
144
112
80
80
48
