600
15632
14060
14052
14040
14034
14020
14014
13992
13980
13950
13916
13903
13896
13894
13878
13876
13870
13845
13832
13813
13808
13804
13790
13764
13759
13726
13720
13708
13706
13702
13639
13627
13622
13619
13608
13596
13590
13589
13564
13548
13544
13542
13526
13512
13500
13495
13494
13459
13452
13446
13430
13411
13403
13368
13366
13360
13339
13316
13304
13294
13292
13271
13243
13219
13211
13198
13190
13160
13150
13147
13125
13118
13102
13094
13092
13064
13060
13039
12979
12952
12938
12895
12883
12879
12858
12821
12820
12808
12788
12778
12772
12722
12703
12658
12649
12612
12580
12578
12560
12520
12507
12443
12442
12418
12370
12285
12280
12274
12252
12244
12216
12201
12181
12085
12074
12037
11994
11973
11928
11911
11878
11852
11844
11784
11738
11689
11640
11615
11598
11400
11364
11349
11332
11262
11259
11238
11190
11174
11112
11094
11092
11064
11060
10941
10831
10818
10808
10658
10508
10440
10420
10319
10307
10259
10258
10136
10114
10056
9958
9756
9631
9619
9612
9596
9571
9532
9516
9482
9420
9336
9324
9308
9298
9244
9096
8914
8900
8898
8882
8834
8818
8808
8807
8795
8747
8738
8204
8172
8072
7834
7832
7828
7826
7821
7820
7818
7817
7728
7236
6832
6652
6648
6514
6513
6511
6508
6506
6504
6502
6242
6196
5808
5770
5746
5739
5699
5689
5688
5682
5666
5626
5612
5448
5344
5324
5282
5276
5260
5256
5180
5126
5100
5084
5051
5036
5020
5011
5001
4900
4730
4648
4602
4584
4582
4479
4439
4429
4348
4328
4328
4276
4146
4076
4024
4014
4001
3912
3911
3812
3782
3768
3718
3702
3662
3645
3642
3588
3571
3564
3528
3417
3362
3349
3287
3246
3208
3164
3156
3130
3101
3096
3034
3005
2997
2966
2957
2936
2877
2856
2828
2820
2802
2794
2791
2722
2682
2668
2662
2659
2605
2600
2548
2546
2487
2441
2426
2402
2388
2382
2372
2360
2348
2343
2314
2295
2291
2281
2248
2246
2211
2192
2181
2161
2152
2148
2124
2118
2110
2091
2072
2071
2070
2038
2030
2019
2011
1991
1982
1969
1956
1944
1932
1920
1911
1896
1890
1880
1872
1859
1852
1838
1822
1820
1811
1782
1781
1768
1758
1742
1740
1724
1703
1702
1700
1688
1679
1678
1671
1661
1630
1610
1608
1606
1604
1590
1564
1561
1560
1538
1524
1520
1517
1491
1470
1468
1450
1448
1441
1436
1402
1380
1368
1350
1348
1336
1334
1324
1316
1302
1300
1300
1300
1296
1296
1296
1296
1232
1148
1146
1138
1136
1136
1132
1132
1124
1120
1088
1064
1052
1048
1048
1040
1032
1024
1016
1016
1010
1002
1000
1000
1000
976
964
944
944
928
916
912
912
894
886
884
864
864
864
848
828
808
800
800
800
792
780
760
756
740
740
736
732
728
728
712
712
704
672
668
656
648
640
624
624
624
620
608
608
604
598
592
590
576
574
560
560
560
556
556
540
532
530
528
520
512
508
504
496
488
484
476
472
472
472
468
464
464
464
464
464
460
458
458
456
448
442
432
432
426
424
420
420
416
416
416
416
414
412
404
404
402
402
400
398
392
384
384
384
382
376
370
368
364
364
362
360
356
356
356
352
352
352
348
348
344
344
340
340
336
336
334
334
332
332
320
320
320
316
312
304
304
304
304
304
302
296
292
288
288
288
288
288
280
280
280
272
272
272
268
264
264
256
256
256
242
240
240
208
180
124
112
96
64
40
