600
15792
14202
14192
14158
14146
14140
14122
14116
14084
14072
14052
14040
14020
14014
13974
13964
13940
13918
13908
13902
13896
13878
13873
13868
13864
13844
13829
13806
13785
13782
13767
13756
13732
13720
13697
13695
13694
13660
13658
13656
13636
13607
13587
13582
13566
13563
13548
13544
13539
13516
13510
13503
13495
13475
13451
13439
13427
13399
13386
13372
13368
13340
13336
13326
13318
13308
13284
13272
13254
13245
13229
13224
13214
13160
13084
13082
13052
13049
13033
13020
13017
13010
13009
13001
12993
12965
12961
12952
12945
12913
12868
12846
12824
12780
12758
12726
12709
12677
12638
12616
12614
12608
12495
12492
12476
12460
12444
12440
12425
12408
12380
12348
12330
12296
12220
12210
12207
12188
12159
12156
12120
12085
12058
12018
11912
11838
11820
11812
11803
11747
11715
11706
11704
11653
11560
11528
11462
11340
11324
11302
11272
11271
11252
11197
11056
11000
10970
10882
10824
10660
10649
10648
10641
10628
10610
10604
10585
10561
10545
10537
10497
10481
10472
10449
10296
10178
10008
9908
9876
9844
9836
9783
9762
9751
9674
9592
9320
9288
9160
8964
8956
8945
8913
8870
8866
8520
8312
8072
7912
7909
7908
7905
7902
7901
7900
7898
7897
7808
6944
6664
6582
6581
6580
6578
6577
6573
6572
6571
6568
6440
6072
6056
5874
5872
5774
5770
5733
5707
5700
5692
5528
5440
5432
5256
5176
5087
5035
5026
5009
4964
4964
4932
4908
4824
4682
4681
4514
4488
4453
4440
4381
4373
4361
4341
4324
4322
4308
4296
4293
4287
4284
4152
4022
3952
3831
3788
3769
3768
3742
3724
3716
3681
3610
3560
3528
3518
3451
3416
3399
3380
3349
3325
3324
3298
3240
3188
3146
3114
3091
3064
3036
3004
2989
2986
2920
2886
2876
2844
2824
2808
2807
2796
2780
2764
2756
2750
2750
2749
2648
2630
2597
2595
2571
2558
2516
2488
2458
2444
2401
2382
2376
2373
2361
2357
2333
2322
2321
2316
2313
2301
2287
2284
2262
2260
2200
2168
2150
2137
2128
2123
2104
2092
2091
2087
2076
2062
2058
2056
2044
2024
2020
2006
1995
1971
1952
1951
1931
1915
1902
1902
1900
1880
1879
1876
1859
1842
1839
1821
1804
1784
1782
1780
1754
1750
1749
1749
1747
1736
1724
1700
1689
1678
1673
1658
1628
1628
1608
1604
1601
1598
1592
1574
1572
1564
1562
1548
1524
1518
1484
1482
1464
1448
1428
1404
1374
1362
1360
1326
1314
1314
1314
1312
1312
1312
1312
1312
1312
1280
1248
1200
1152
1152
1146
1140
1136
1136
1104
1072
1024
1008
1006
1004
1000
992
984
984
976
960
932
896
890
880
874
874
870
866
864
860
858
856
856
848
848
816
816
800
784
764
752
752
752
752
748
744
736
720
704
704
688
678
672
664
656
656
640
630
628
620
616
608
600
600
596
596
592
576
576
568
568
568
560
560
552
552
552
548
544
544
528
524
518
512
508
496
488
480
480
478
474
470
470
466
464
462
462
460
458
456
456
456
448
448
432
428
428
426
424
416
416
416
412
408
408
408
400
400
400
400
400
398
396
394
390
386
384
382
380
376
374
370
368
368
368
366
364
364
352
352
352
352
348
348
348
336
336
336
336
334
332
328
324
320
320
320
318
316
312
312
304
304
304
304
300
296
288
288
284
284
280
272
272
272
272
266
264
244
240
240
240
214
208
208
198
196
176
156
136
112
96
96
88
