801
31040
27928
27914
27912
27888
27844
27772
27736
27726
27720
27696
27692
27660
27618
27557
27540
27513
27512
27508
27488
27480
27476
27472
27453
27441
27426
27417
27416
27412
27408
27350
27284
27245
27236
27233
27216
27205
27204
27180
27174
27144
27128
27088
27084
27052
26997
26993
26989
26966
26965
26956
26892
26860
26832
26760
26744
26742
26741
26736
26673
26649
26640
26612
26558
26548
26516
26452
26445
26428
26417
26402
26365
26344
26321
26312
26292
26288
26232
26222
26192
26173
26166
26129
26100
26096
26020
26006
25988
25974
25895
25892
25855
25800
25796
25791
25744
25704
25700
25698
25692
25672
25671
25646
25599
25596
25552
25551
25544
25532
25500
25479
25452
25352
25328
25314
25250
25157
25113
25089
25060
24990
24978
24888
24884
24856
24820
24816
24800
24764
24728
24604
24573
24569
24568
24565
24560
24536
24497
24473
24462
24450
24412
24408
24376
24344
24312
24296
24252
24016
23996
23964
23959
23833
23830
23814
23696
23690
23524
23464
23460
23400
23352
23065
23053
23049
23044
22981
22980
22960
22906
22898
22881
22878
22844
22785
22672
22493
22477
22468
22425
22396
22377
22376
22332
22328
22320
22285
22257
22113
22089
21954
21947
21930
21814
21692
21660
21328
21160
21140
21096
21016
20973
20944
20777
20773
20721
20654
20630
20622
20619
20618
20464
20260
20228
20196
20100
20004
19972
19940
19908
19888
19812
19748
19624
19592
19528
19456
19222
19218
19216
19207
19163
19139
18652
18588
18224
17840
17784
17736
17542
17538
17431
17419
17395
17391
17387
17363
17319
17295
17204
17200
17196
16528
16048
15592
15560
15540
15536
15528
15526
15525
15524
15522
15521
15392
13632
13185
12944
12936
12934
12932
12931
12930
12924
12904
12888
12496
12272
12112
11540
11536
11532
11520
11455
11435
11399
11379
11375
11371
11351
11341
11254
11250
11096
11048
11024
10624
10380
10324
9919
9899
9896
9872
9861
9854
9850
9664
9608
9556
9528
9412
9364
9296
9289
9284
9252
9204
9124
9044
9012
8988
8816
8734
8686
8685
8678
8658
8601
8557
8432
8391
8360
8296
8252
8248
8112
8020
7820
7801
7796
7695
7690
7594
7574
7461
7441
7321
7297
7284
7280
7272
7224
7221
7181
7148
7137
6992
6881
6836
6802
6801
6786
6782
6736
6724
6717
6668
6661
6657
6647
6408
6376
6328
6324
6268
6168
6128
6126
6022
6010
6007
5912
5901
5900
5876
5872
5736
5660
5592
5560
5528
5524
5494
5482
5473
5453
5432
5424
5400
5397
5393
5391
5389
5364
5272
5236
5222
5200
5188
5169
5132
5128
5080
5042
4988
4950
4903
4901
4836
4826
4812
4784
4774
4750
4744
4695
4684
4635
4620
4596
4592
4575
4570
4528
4498
4488
4475
4456
4454
4452
4376
4375
4372
4292
4289
4212
4198
4192
4188
4144
4124
4093
4057
4048
4018
4008
3984
3964
3944
3933
3928
3897
3853
3844
3840
3831
3828
3772
3748
3738
3732
3696
3692
3661
3641
3600
3592
3583
3582
3576
3536
3484
3460
3404
3398
3397
3377
3373
3371
3312
3308
3300
3272
3256
3222
3220
3216
3204
3197
3173
3172
3163
3132
3078
3056
3032
3028
3021
3014
3001
2992
2991
2976
2972
2968
2952
2948
2941
2924
2903
2854
2840
2800
2796
2776
2762
2760
2724
2668
2640
2606
2600
2584
2584
2584
2584
2576
2576
2576
2560
2560
2496
2464
2400
2334
2304
2304
2304
2290
2286
2278
2274
2274
2274
2270
2268
2248
2248
2208
2208
2176
2072
2064
1982
1978
1972
1968
1968
1952
1920
1904
1888
1888
1880
1864
1856
1848
1848
1832
1816
1800
1800
1792
1760
1760
1736
1736
1732
1728
1718
1710
1684
1676
1664
1664
1648
1648
1632
1600
1560
1552
1552
1536
1516
1512
1512
1504
1490
1486
1462
1458
1442
1440
1440
1440
1434
1426
1424
1376
1374
1360
1360
1360
1358
1356
1352
1344
1342
1336
1330
1330
1328
1328
1292
1280
1264
1256
1248
1248
1224
1216
1204
1200
1200
1180
1176
1168
1152
1128
1104
1104
1104
1104
1096
1096
1094
1090
1078
1078
1076
1072
1072
1072
1056
1040
1040
1032
1024
1024
1024
1008
992
980
974
964
952
944
928
926
920
914
912
904
896
896
894
888
888
880
880
874
872
864
856
856
852
840
840
836
832
818
816
816
810
800
800
800
800
786
784
784
778
770
768
768
768
768
764
760
758
752
744
744
736
730
726
716
716
704
704
704
704
696
688
688
680
678
676
674
674
672
672
656
644
640
640
640
640
638
634
632
632
632
632
624
612
608
602
600
600
598
596
592
592
592
586
584
580
576
576
576
576
576
576
568
562
552
552
544
544
544
544
544
540
528
520
512
512
512
490
480
448
448
416
384
288
256
192
124
116
72
68
