801
33024
29714
29628
29626
29616
29596
29586
29570
29560
29552
29550
29540
29480
29470
29438
29436
29390
29382
29368
29350
29348
29332
29297
29274
29264
29261
29256
29244
29226
29204
29146
29139
29128
29074
29064
29053
29052
29050
29040
29002
28974
28972
28967
28962
28960
28942
28940
28924
28921
28912
28830
28828
28814
28795
28792
28766
28748
28713
28704
28698
28694
28676
28664
28634
28624
28604
28549
28538
28524
28474
28472
28471
28404
28400
28350
28343
28342
28328
28244
28213
28210
28144
28055
28030
28022
28008
28004
27950
27881
27880
27862
27860
27823
27814
27792
27780
27721
27720
27702
27625
27550
27470
27445
27444
27416
27408
27396
27389
27298
27293
27160
27158
27090
27074
27052
27045
27029
26978
26974
26973
26968
26940
26928
26901
26892
26885
26812
26800
26796
26789
26776
26716
26682
26660
26546
26520
26441
26401
26400
26382
26289
26256
26200
26172
26100
26046
25862
25841
25816
25798
25761
25749
25709
25702
25681
25593
25592
25578
25577
25552
25521
25516
25428
25425
25368
25176
25168
25150
25082
24984
24805
24732
24688
24657
24633
24628
24566
24537
24486
24417
24409
24406
24296
24262
24112
24102
24008
23912
23788
23711
23661
23564
23508
23440
23310
23032
23014
22966
22950
22823
22765
22759
22712
22328
22324
22292
22276
22196
22192
21926
21910
21814
21766
21750
21689
21681
21552
21448
20828
20808
20748
20628
20486
20470
20389
20381
20374
20368
20327
20326
20310
20120
20058
19888
19004
18984
18928
18860
18763
18758
18731
18708
18683
18458
17864
17648
17008
16937
16784
16564
16552
16548
16538
16532
16530
16528
16525
16522
16521
16520
16517
16516
16514
16513
16288
15592
15275
14464
13776
13768
13764
13762
13761
13757
13754
13753
13748
13746
13742
13732
13724
13552
13407
13360
12816
12784
12648
12288
12142
11951
11932
11911
11890
11885
11804
11760
11704
11684
11400
11360
10806
10598
10582
10581
10576
10542
10537
10531
10462
10450
10332
10236
10184
10164
9953
9936
9656
9453
9447
9398
9382
9342
9262
9250
9206
9040
9028
8964
8948
8924
8920
8760
8600
8551
8501
8398
8342
8328
8323
8098
8026
8016
7954
7932
7885
7884
7803
7761
7700
7528
7440
7438
7320
7288
7181
7128
7118
7050
7004
6993
6973
6960
6916
6851
6758
6731
6712
6705
6622
6576
6562
6392
6333
6332
6260
6256
6253
6206
6193
6121
6102
6097
6053
6022
6008
5987
5844
5818
5772
5716
5692
5688
5680
5613
5572
5538
5521
5496
5487
5487
5468
5455
5432
5402
5310
5308
5286
5260
5217
5200
5197
5117
5104
5048
5042
5042
5042
4997
4983
4980
4890
4888
4887
4777
4774
4697
4692
4688
4680
4652
4651
4630
4562
4549
4544
4438
4424
4372
4368
4349
4342
4308
4302
4296
4287
4230
4188
4184
4170
4162
4141
4080
4040
4032
4014
4011
3988
3936
3902
3901
3898
3856
3852
3800
3794
3756
3742
3731
3696
3684
3662
3662
3640
3628
3624
3610
3606
3593
3564
3550
3528
3525
3510
3509
3500
3498
3440
3424
3421
3420
3404
3402
3386
3380
3378
3354
3344
3316
3314
3311
3294
3256
3239
3190
3188
3166
3156
3152
3144
3137
3126
3107
3102
3084
3068
3066
3048
3038
3030
2996
2988
2968
2962
2954
2898
2896
2888
2882
2864
2860
2836
2762
2750
2750
2750
2748
2748
2748
2744
2744
2744
2744
2736
2736
2720
2688
2688
2680
2656
2560
2512
2424
2390
2384
2382
2376
2376
2360
2336
2336
2336
2160
2116
2116
2116
2108
2106
2104
2092
2088
2080
2064
2048
2040
2032
2032
1920
1920
1890
1888
1876
1876
1868
1852
1848
1800
1792
1784
1784
1776
1776
1712
1708
1700
1676
1668
1664
1616
1584
1576
1568
1560
1552
1536
1536
1504
1504
1488
1484
1472
1440
1434
1420
1408
1398
1394
1392
1376
1376
1368
1328
1320
1312
1280
1264
1264
1250
1248
1240
1238
1224
1222
1220
1218
1216
1210
1204
1200
1196
1160
1152
1136
1136
1122
1114
1104
1102
1096
1088
1076
1072
1056
1056
1048
1038
1024
1022
1008
1008
1004
998
996
992
992
976
976
954
952
938
936
928
928
928
928
924
912
908
894
884
880
880
872
868
864
860
856
856
852
850
848
844
832
832
832
832
828
808
800
800
800
792
780
780
776
768
768
756
752
752
744
744
744
744
736
728
722
720
720
720
720
718
712
708
704
704
704
700
696
696
682
680
680
680
676
672
672
672
668
668
660
660
656
656
656
646
640
640
640
632
632
626
624
624
624
624
620
608
608
608
608
604
604
592
592
592
576
576
576
576
572
568
564
560
560
548
548
544
544
528
520
496
484
484
480
448
404
392
384
384
384
352
352
336
314
312
304
296
224
216
204
164
86
