801
31872
28660
28628
28606
28586
28568
28532
28512
28500
28498
28482
28466
28460
28448
28440
28354
28340
28322
28312
28290
28280
28272
28258
28242
28226
28204
28136
28108
28098
28076
28066
28044
28034
28022
27984
27974
27916
27894
27884
27816
27778
27776
27756
27744
27716
27688
27682
27650
27618
27616
27611
27587
27570
27555
27535
27524
27507
27504
27492
27460
27456
27454
27448
27429
27376
27342
27325
27306
27288
27244
27229
27212
27197
27183
27158
27134
27120
27085
27077
27057
26984
26948
26916
26914
26912
26882
26855
26815
26786
26738
26656
26648
26587
26564
26532
26490
26483
26458
26448
26395
26363
26362
26355
26280
26227
26208
26195
26187
26100
26067
26064
26052
26040
26014
25982
25968
25961
25924
25873
25833
25720
25616
25601
25593
25592
25582
25550
25504
25488
25404
25372
25360
25338
25313
25310
25305
25244
25177
25176
24992
24904
24883
24813
24810
24792
24784
24778
24720
24644
24516
24496
24451
24404
24352
24329
24292
24276
24188
24138
24106
23944
23816
23797
23789
23728
23584
23544
23485
23477
23366
23334
23306
23292
23280
23216
23180
23152
23088
22988
22959
22892
22860
22773
22632
22624
22480
22406
22384
22374
22312
22184
22016
21929
21897
21769
21764
21732
21700
21536
21402
21370
21328
21254
21200
21152
20755
20723
20715
20680
20552
20424
20308
20292
20180
20164
20032
19910
19894
19888
19878
19798
19782
19760
19750
19744
19728
19459
19451
19363
19331
19323
18568
18508
18440
18380
18312
18252
18138
18106
18100
18032
18016
18010
18000
17950
17797
17789
16040
16008
15988
15984
15976
15972
15968
15962
15956
15952
15949
15946
15945
15944
15941
15940
15938
15937
13914
13296
13288
13284
13281
13280
13277
13274
13273
13271
13268
13264
13262
13256
13252
13244
13224
13208
12864
11737
11731
11650
11602
11568
11552
11536
11484
11474
11446
11356
11340
11304
11208
11140
11096
10752
10736
10671
10464
10459
10451
10351
10345
10144
10102
10096
10078
10062
10000
9998
9982
9970
9764
9748
9652
9644
9544
9448
9336
9314
9299
9291
9265
8916
8912
8850
8848
8816
8726
8672
8484
8428
8421
8392
8313
8287
8230
7976
7918
7890
7856
7772
7712
7704
7583
7568
7516
7484
7429
7399
7360
7344
7280
7244
7216
7156
7144
7118
7090
7004
6997
6944
6800
6792
6737
6731
6728
6616
6592
6516
6474
6446
6404
6304
6287
6228
6185
6160
6132
6028
5968
5936
5928
5914
5886
5883
5872
5825
5816
5792
5674
5596
5581
5528
5473
5467
5456
5446
5420
5396
5344
5328
5270
5242
5240
5233
5232
5227
5033
5027
5001
4964
4928
4927
4910
4882
4872
4863
4852
4848
4812
4768
4739
4731
4718
4705
4664
4599
4594
4592
4591
4528
4514
4491
4486
4452
4428
4405
4384
4360
4342
4282
4215
4192
4181
4134
4132
4117
4108
4088
4016
4013
3991
3986
3950
3930
3909
3897
3892
3884
3871
3832
3830
3791
3776
3703
3688
3687
3684
3682
3671
3664
3652
3628
3615
3599
3586
3571
3552
3546
3534
3522
3520
3520
3496
3494
3488
3468
3456
3436
3414
3384
3324
3318
3300
3276
3250
3248
3210
3208
3202
3196
3174
3164
3140
3128
3110
3060
3042
3026
3024
2986
2968
2962
2948
2934
2912
2872
2848
2842
2826
2814
2812
2788
2760
2742
2722
2708
2684
2654
2654
2654
2652
2652
2648
2648
2648
2648
2640
2640
2640
2640
2624
2624
2624
2624
2346
2344
2320
2304
2304
2304
2292
2288
2288
2264
2256
2224
2224
2212
2208
2152
2090
2090
2070
2068
2020
2020
2016
2012
2012
1996
1996
1992
1984
1984
1944
1944
1928
1920
1904
1872
1858
1858
1856
1852
1838
1768
1760
1744
1728
1688
1682
1680
1664
1662
1656
1584
1580
1576
1536
1536
1536
1516
1496
1496
1484
1448
1440
1440
1440
1424
1420
1416
1408
1398
1346
1344
1344
1344
1328
1312
1296
1292
1288
1280
1256
1240
1236
1224
1224
1216
1216
1216
1200
1188
1184
1184
1180
1176
1176
1164
1152
1152
1114
1112
1094
1092
1088
1088
1080
1080
1072
1056
1056
1052
1048
1046
1044
1040
1032
1024
1024
1024
1024
1006
998
988
984
984
980
976
968
960
960
960
946
946
942
940
928
918
918
916
900
898
896
896
896
888
888
880
880
864
852
842
836
832
824
824
816
802
800
796
788
784
780
778
776
772
768
768
756
752
740
736
736
736
736
728
728
722
720
718
716
714
708
704
704
704
704
700
696
688
688
680
678
678
672
664
660
656
648
648
640
640
640
640
640
640
636
632
632
632
624
624
608
608
604
604
596
592
590
588
584
576
576
564
564
560
560
560
560
552
544
544
544
544
536
528
512
512
504
480
464
450
384
368
360
336
288
256
256
256
160
128
32
