801
33600
30238
30220
30206
30192
30184
30152
30094
30060
30038
30032
30022
30004
29992
29958
29936
29934
29926
29908
29860
29838
29803
29802
29800
29797
29764
29756
29733
29702
29687
29668
29649
29648
29606
29574
29573
29544
29543
29542
29541
29524
29514
29508
29468
29448
29440
29419
29413
29392
29382
29378
29349
29332
29284
29256
29245
29233
29227
29218
29200
29197
29186
29185
29178
29146
29124
29106
29064
29050
29035
29028
29008
28983
28982
28895
28883
28860
28831
28822
28816
28776
28755
28748
28742
28639
28624
28623
28616
28595
28546
28500
28488
28485
28427
28420
28410
28386
28378
28338
28335
28323
28304
28283
28282
28242
28207
28152
28110
28077
28028
27955
27920
27886
27868
27854
27811
27803
27795
27788
27786
27752
27700
27659
27613
27582
27498
27440
27432
27422
27401
27336
27293
27244
27200
27184
27164
27154
27153
27044
27022
26976
26948
26896
26855
26808
26715
26712
26707
26582
26550
26547
26544
26492
26388
26352
26338
26331
26056
26050
26018
25960
25891
25872
25691
25588
25572
25556
25520
25507
25481
25476
25460
25430
25378
25328
25324
25144
25048
24903
24895
24871
24670
24656
24610
24468
24308
24139
24131
24107
23984
23976
23960
23880
23804
23758
23690
23280
23223
23215
23191
23052
22972
22956
22932
22648
22640
22586
22568
22426
22406
22374
22123
22115
22019
22011
21987
21872
21468
21420
21324
21248
21080
21066
20984
20976
20882
20850
20774
20679
20671
20647
20614
20496
19824
19572
19492
19196
19178
19176
19108
19088
19080
19071
19067
18894
18765
18192
17136
16852
16836
16830
16824
16822
16820
16816
16814
16813
16809
16808
16806
16805
16804
16802
16801
16544
14592
14008
14006
14004
14001
14000
13998
13997
13993
13992
13991
13990
13988
13982
13978
13972
13964
13744
13596
13008
12848
12512
12410
12363
12258
12112
12111
12109
12104
12024
12022
12004
11764
11696
11692
11424
11410
10930
10795
10775
10769
10690
10626
10544
10520
10446
10440
10304
10236
10156
10116
9776
9679
9659
9651
9571
9565
9560
9330
9314
9268
9208
9182
9136
9128
8892
8876
8860
8675
8655
8649
8624
8262
8202
8164
8107
8040
8024
8016
7911
7885
7795
7748
7612
7568
7494
7472
7467
7442
7275
7249
7128
7048
6960
6900
6854
6810
6788
6772
6767
6736
6708
6692
6684
6591
6534
6448
6435
6425
6376
6322
6296
6124
6100
6059
6054
5924
5904
5879
5878
5864
5850
5752
5739
5692
5672
5621
5616
5602
5482
5468
5374
5373
5360
5344
5300
5257
5224
5167
5136
5086
5018
4991
4951
4924
4888
4846
4844
4839
4831
4825
4800
4790
4780
4762
4752
4749
4644
4603
4578
4552
4496
4495
4479
4477
4466
4449
4434
4432
4431
4399
4392
4386
4354
4346
4326
4324
4264
4263
4252
4214
4176
4171
4149
4135
4128
4050
4044
4024
3996
3982
3975
3956
3931
3921
3856
3853
3850
3849
3812
3805
3794
3784
3746
3714
3696
3686
3682
3681
3671
3654
3645
3641
3631
3624
3604
3572
3564
3544
3543
3536
3522
3518
3491
3488
3485
3444
3420
3412
3406
3384
3383
3382
3381
3358
3330
3312
3293
3268
3261
3250
3223
3204
3176
3171
3166
3165
3138
3124
3084
3078
3062
3056
3038
3016
3004
2992
2982
2970
2956
2922
2888
2864
2856
2830
2820
2802
2798
2798
2798
2796
2796
2796
2796
2792
2792
2792
2792
2792
2784
2784
2784
2784
2752
2720
2560
2472
2448
2422
2420
2416
2400
2400
2400
2400
2344
2336
2158
2154
2152
2136
2124
2096
2088
2080
2080
2048
2040
2024
2016
1984
1952
1934
1930
1930
1914
1912
1864
1860
1856
1832
1824
1824
1824
1776
1768
1768
1734
1730
1728
1696
1648
1640
1632
1600
1600
1600
1582
1576
1544
1520
1504
1496
1488
1472
1454
1448
1424
1408
1408
1376
1368
1362
1360
1352
1352
1352
1344
1336
1336
1328
1318
1308
1284
1280
1280
1264
1260
1248
1238
1210
1208
1184
1174
1172
1168
1152
1146
1136
1124
1120
1096
1088
1088
1088
1074
1072
1056
1056
1056
1050
1040
1032
1024
1016
1016
1000
996
990
976
968
968
966
966
964
960
956
952
952
928
928
920
912
898
896
896
896
892
886
884
878
876
868
868
864
864
856
852
848
848
840
834
828
826
808
808
800
800
796
794
788
786
784
784
768
768
768
760
760
756
752
748
744
740
736
736
734
732
732
728
728
726
724
724
720
712
708
704
704
704
704
700
700
696
696
688
680
680
676
676
676
672
672
672
668
664
658
656
652
648
644
640
632
632
632
632
624
624
616
612
608
608
608
604
596
592
592
592
592
588
584
584
576
576
576
576
564
560
560
560
560
552
544
480
458
448
384
366
360
304
298
296
288
288
192
174
160
