801
32480
29224
29218
29204
29168
29162
29130
29110
29092
29084
29040
29016
28968
28964
28954
28932
28930
28921
28913
28890
28889
28848
28824
28818
28804
28788
28781
28776
28775
28772
28711
28690
28685
28676
28653
28645
28636
28624
28620
28615
28600
28578
28552
28546
28525
28519
28514
28471
28450
28436
28431
28418
28416
28367
28308
28290
28263
28260
28258
28240
28236
28229
28216
28183
28168
28143
28098
28066
28061
27963
27920
27866
27861
27836
27834
27816
27805
27804
27789
27786
27780
27748
27730
27720
27708
27706
27701
27640
27634
27620
27602
27597
27593
27556
27538
27536
27506
27442
27430
27428
27415
27410
27356
27324
27272
27259
27187
27176
27102
27092
27082
27056
27047
27032
26919
26880
26811
26710
26692
26686
26675
26660
26659
26646
26632
26603
26587
26564
26531
26480
26459
26458
26456
26404
26372
26276
26259
26204
26155
26126
26108
26099
26083
26016
25938
25906
25864
25852
25808
25778
25768
25748
25655
25651
25619
25428
25422
25396
25321
25314
25112
24985
24976
24936
24929
24886
24884
24857
24848
24804
24758
24508
24343
24337
24218
24090
24024
23932
23928
23900
23868
23856
23772
23719
23713
23497
23312
23310
23290
23052
23020
23016
22988
22892
22888
22705
22649
22640
22577
22568
22350
22330
22306
22184
22180
22084
22000
21840
21736
21601
21569
21561
21529
21513
21497
21441
21425
21369
21297
21200
21198
21192
21178
21028
20964
20900
20868
20772
20536
20440
20065
20033
20029
19997
19996
19952
19846
19822
19775
19572
19568
18632
18536
18448
18410
18239
18218
18194
18183
18132
18111
18100
18004
17264
16368
16280
16272
16252
16248
16246
16245
16244
16242
16241
16064
15152
14304
13534
13533
13532
13531
13530
13528
13524
13512
13456
13446
12688
12160
12068
11988
11979
11975
11964
11915
11906
11869
11726
11696
11624
11544
11200
11128
10768
10764
10700
10589
10550
10530
10512
10448
10404
10377
10373
10347
10064
9960
9764
9684
9652
9550
9548
9422
9416
9402
9337
9321
9261
9213
9201
9153
9141
9101
9093
9067
8968
8752
8740
8588
8584
8462
8442
8423
8264
8253
8232
8228
8208
8193
8147
7996
7916
7896
7884
7860
7664
7662
7642
7307
7301
7260
7216
7184
7180
7128
7124
7048
6994
6886
6787
6781
6644
6502
6438
6404
6353
6332
6330
6323
6296
6293
6256
6212
6152
5974
5967
5908
5884
5882
5858
5719
5691
5689
5612
5608
5584
5528
5524
5513
5454
5415
5331
5319
5298
5236
5185
5172
5092
5068
5032
5022
5019
5008
4959
4932
4911
4899
4888
4862
4852
4851
4830
4828
4810
4776
4725
4704
4635
4554
4529
4528
4502
4492
4482
4424
4416
4411
4351
4344
4322
4300
4276
4221
4212
4210
4146
4144
4122
4108
4073
4071
4066
4052
4042
4040
3994
3983
3980
3976
3968
3962
3948
3924
3914
3911
3900
3897
3896
3876
3874
3851
3846
3824
3765
3683
3682
3654
3615
3608
3581
3560
3543
3540
3536
3524
3522
3515
3494
3484
3444
3429
3424
3402
3375
3372
3362
3341
3306
3301
3297
3288
3282
3254
3240
3221
3220
3216
3204
3197
3191
3172
3163
3162
3152
3141
3096
3092
3089
3084
3083
3054
3048
2994
2993
2973
2967
2964
2962
2956
2942
2936
2932
2896
2888
2836
2810
2794
2768
2766
2732
2728
2722
2706
2704
2704
2704
2704
2704
2704
2688
2656
2656
2528
2408
2394
2392
2384
2382
2380
2372
2344
2336
2320
2304
2144
2144
2116
2108
2104
2080
2080
2080
2074
2074
2068
1984
1944
1928
1928
1904
1880
1880
1872
1862
1850
1842
1838
1830
1826
1824
1818
1818
1812
1776
1728
1712
1712
1688
1688
1656
1650
1648
1638
1632
1628
1614
1592
1576
1576
1568
1568
1528
1528
1504
1472
1460
1460
1448
1432
1424
1424
1408
1408
1396
1376
1360
1356
1356
1328
1284
1272
1270
1264
1264
1258
1248
1248
1216
1216
1192
1192
1176
1176
1172
1168
1142
1138
1136
1120
1104
1104
1088
1088
1088
1066
1062
1056
1056
1040
1036
1032
1016
1008
1002
1000
992
992
990
984
982
978
972
970
968
964
960
960
960
944
926
912
904
896
896
896
896
896
882
880
870
864
856
848
844
844
840
840
828
820
816
816
816
814
812
812
812
808
804
800
800
796
792
788
784
784
780
780
780
778
776
776
772
768
768
768
768
752
736
736
732
728
722
716
716
708
704
704
704
704
702
700
696
696
688
684
674
672
672
668
668
660
660
660
658
652
648
644
640
640
640
640
640
640
638
636
632
632
628
628
624
616
616
616
608
608
608
608
598
596
594
592
588
584
584
584
576
576
560
560
560
556
552
544
544
544
544
540
528
516
504
480
448
432
390
352
352
256
232
160
128
128
72
