801
33024
29713
29712
29688
29646
29638
29636
29600
29577
29562
29536
29488
29468
29461
29454
29453
29444
29432
29395
29392
29354
29301
29277
29244
29208
29152
29144
29140
29127
29119
29114
29109
29098
29058
29030
29023
28959
28936
28892
28890
28872
28848
28832
28772
28746
28745
28729
28722
28689
28640
28626
28624
28562
28560
28552
28481
28480
28416
28406
28404
28385
28377
28369
28356
28345
28344
28321
28272
28225
28192
28184
28169
28166
28161
28150
28124
28102
28001
27976
27969
27961
27920
27818
27804
27802
27761
27753
27745
27740
27720
27705
27626
27616
27610
27580
27552
27504
27400
27376
27372
27336
27301
27269
27215
27154
27138
27090
26958
26932
26921
26912
26857
26832
26814
26792
26750
26681
26668
26657
26586
26569
26536
26504
26336
26256
26254
26225
26209
26192
26184
26177
26145
26137
26076
26073
26016
25991
25960
25854
25800
25790
25644
25632
25616
25584
25531
25530
25523
25316
25294
25251
25163
25112
25092
24792
24702
24652
24608
24547
24528
24496
24472
24459
24326
24310
24262
24166
24102
24032
23968
23932
23781
23720
23693
23328
23272
23270
23260
23248
23206
23184
23110
23014
22950
22826
22792
22784
22773
22728
22685
22679
22560
22392
22364
22204
22068
21886
21776
21726
21662
21648
21600
21565
21557
21469
21256
21216
20856
20736
20716
20556
20342
20326
20278
20208
20182
20118
20105
20073
20065
20064
20049
20041
19977
19969
19953
19939
19760
19336
19188
19016
18900
18740
18656
18554
18490
18472
18320
18285
18269
17832
17696
17680
17616
17360
16976
16720
16656
16616
16592
16584
16564
16552
16548
16544
16538
16532
16530
16528
16522
16520
16517
16516
16514
16513
14888
14224
14072
13967
13792
13776
13768
13764
13762
13761
13754
13748
13746
13742
13736
13732
13724
13712
13704
13648
13520
13392
13312
13276
13072
12944
12832
12592
12297
12283
12136
12114
12062
12000
11908
11688
11532
11416
11136
11056
10999
10905
10893
10881
10873
10848
10821
10813
10801
10793
10767
10758
10704
10702
10622
10582
10570
10396
10268
10260
10152
9888
9816
9774
9568
9557
9551
9544
9520
9488
9470
9282
9132
9020
8872
8736
8621
8617
8584
8543
8502
8480
8398
8342
8262
8208
8182
8176
8140
8136
8130
8096
7777
7768
7754
7703
7616
7580
7520
7438
7382
7356
7302
7262
7139
7128
7120
7093
7088
7073
7072
6980
6938
6872
6848
6608
6600
6551
6512
6442
6428
6327
6251
6246
6245
6224
6176
6156
6030
6024
5978
5898
5896
5861
5856
5797
5796
5793
5767
5741
5733
5712
5704
5681
5667
5642
5600
5562
5448
5424
5416
5416
5381
5366
5348
5300
5208
5184
5168
5152
5141
5087
5084
5058
4946
4906
4894
4841
4797
4771
4744
4716
4702
4636
4631
4624
4576
4514
4512
4500
4433
4424
4419
4401
4393
4387
4354
4342
4304
4272
4221
4216
4213
4187
4102
4084
4064
4062
4056
4053
4050
3984
3921
3918
3912
3904
3904
3901
3892
3881
3873
3867
3852
3850
3818
3787
3736
3712
3696
3680
3666
3648
3624
3613
3586
3581
3567
3566
3552
3548
3504
3464
3444
3435
3416
3399
3389
3387
3369
3335
3330
3306
3274
3263
3262
3255
3249
3244
3232
3192
3156
3062
3056
3025
3020
3000
2988
2978
2977
2964
2960
2912
2912
2886
2862
2818
2792
2768
2761
2750
2748
2748
2748
2744
2744
2744
2744
2736
2736
2736
2736
2720
2720
2720
2688
2656
2592
2540
2496
2464
2458
2456
2420
2416
2408
2376
2368
2320
2304
2272
2208
2180
2178
2174
2174
2162
2162
2158
2158
2152
2148
2140
2124
2116
2112
2112
2112
2112
2080
2072
2048
2016
1952
1920
1910
1908
1892
1888
1856
1856
1824
1824
1800
1760
1728
1728
1724
1722
1712
1708
1696
1676
1668
1652
1636
1632
1624
1624
1616
1600
1600
1554
1540
1536
1524
1520
1512
1484
1476
1472
1460
1452
1426
1424
1408
1408
1404
1392
1384
1360
1344
1312
1310
1288
1280
1250
1248
1248
1224
1216
1216
1216
1204
1200
1192
1172
1168
1158
1152
1152
1146
1146
1136
1134
1132
1128
1120
1120
1088
1074
1072
1072
1072
1056
1050
1026
1024
1024
1024
1016
1008
1008
988
980
976
968
960
958
952
944
944
936
900
896
896
896
896
886
880
878
878
876
868
864
848
842
842
836
832
832
820
816
812
810
808
784
782
778
776
774
774
772
768
768
768
768
768
756
736
732
722
720
716
714
712
712
704
704
704
704
704
704
696
688
688
688
680
676
672
672
666
664
660
652
652
650
648
648
648
648
644
640
640
640
640
624
624
608
604
594
592
592
592
592
576
576
576
576
576
576
576
560
556
550
544
544
524
512
436
392
384
376
368
360
324
256
224
216
208
194
168
160
160
96
64
40
12
