801
33216
29844
29826
29816
29796
29776
29730
29700
29672
29622
29604
29590
29584
29576
29552
29508
29450
29441
29429
29405
29394
29382
29368
29332
29309
29288
29264
29258
29204
29202
29193
29188
29165
29106
29069
29038
29017
28996
28976
28936
28921
28910
28900
28874
28840
28821
28808
28804
28784
28772
28757
28718
28648
28607
28594
28592
28588
28560
28533
28484
28450
28445
28420
28376
28370
28368
28356
28349
28274
28260
28242
28191
28178
28168
28130
28080
28035
28034
28020
27972
27939
27920
27888
27876
27844
27827
27774
27758
27748
27731
27662
27600
27592
27527
27511
27496
27464
27456
27446
27431
27430
27415
27412
27400
27380
27374
27312
27304
27284
27278
27237
27184
27141
27098
26960
26852
26821
26820
26817
26770
26724
26721
26698
26648
26602
26552
26544
26496
26472
26448
26398
26317
26289
26268
26193
26180
26097
26042
26025
26021
25936
25925
25776
25662
25656
25628
25566
25560
25524
25520
25386
25361
25349
25345
25296
25288
25249
24964
24944
24868
24714
24586
24549
24528
24520
24489
24456
24344
24307
24306
24210
24162
24104
24048
23956
23950
23924
23856
23828
23419
23407
23403
23384
23307
23096
23056
22990
22928
22902
22806
22710
22708
22676
22614
22580
22546
22219
22207
22203
22184
22107
21896
21840
21712
21306
21274
21258
21204
21140
21124
21062
21044
20908
20779
20767
20763
20728
20667
20440
20400
20288
20176
19984
19526
19510
19414
19196
19132
19051
19036
19030
19022
19015
19011
18987
18984
18923
18919
18915
18891
18864
18827
18788
18696
18650
18641
18384
17520
17040
16660
16644
16634
16632
16628
16626
16624
16621
16618
16617
16616
16613
16612
16610
16609
16384
14528
13968
13848
13844
13842
13841
13837
13834
13833
13832
13831
13828
13826
13822
13812
13804
13488
13104
13058
12368
12352
12179
12147
12142
12104
12028
11991
11984
11939
11919
11915
11911
11864
11839
11835
11830
11820
11805
11740
11684
11502
11424
11422
11410
11248
11056
10784
10704
10648
10459
10408
10379
10375
10365
10322
10260
10148
10114
10084
10068
10012
9954
9926
9616
9488
9448
9302
9259
9208
9206
9179
9175
9165
8894
8868
8788
8764
8758
8598
8592
8522
8496
8440
8376
8259
8250
8200
8179
8175
8165
7832
7828
7824
7748
7724
7722
7664
7546
7528
7506
7425
7304
7273
7256
7248
7223
7196
7194
7086
6964
6902
6896
6833
6653
6641
6608
6561
6547
6526
6520
6416
6412
6392
6324
6312
6298
6224
6096
5997
5993
5982
5933
5868
5853
5796
5773
5751
5682
5648
5584
5560
5514
5480
5434
5413
5412
5405
5392
5374
5333
5332
5331
5308
5282
5232
5231
5160
5153
5102
5040
4988
4983
4950
4948
4944
4936
4870
4868
4844
4835
4810
4808
4800
4776
4755
4741
4731
4696
4668
4630
4580
4571
4564
4550
4538
4528
4512
4464
4452
4372
4368
4332
4322
4319
4304
4278
4242
4236
4216
4214
4202
4189
4146
4096
4057
4048
4042
4040
4004
3977
3974
3948
3903
3860
3856
3854
3841
3816
3717
3696
3688
3684
3663
3656
3622
3604
3600
3590
3581
3576
3526
3524
3501
3482
3457
3426
3377
3367
3364
3353
3348
3346
3312
3302
3288
3257
3244
3208
3186
3177
3157
3142
3100
3092
3056
3056
3048
3022
3012
2998
2968
2932
2906
2896
2840
2826
2812
2766
2766
2766
2764
2764
2764
2764
2760
2760
2760
2760
2752
2752
2752
2688
2656
2624
2592
2464
2428
2424
2416
2400
2398
2386
2382
2382
2382
2368
2368
2366
2366
2364
2360
2360
2344
2336
2300
2284
2280
2176
2144
2128
2112
2090
2080
2074
2074
2072
2050
2048
2048
2024
2008
2008
2000
1988
1984
1920
1888
1888
1872
1850
1844
1834
1834
1832
1832
1824
1792
1776
1768
1752
1748
1744
1716
1704
1696
1680
1664
1650
1634
1634
1632
1632
1600
1560
1544
1544
1536
1536
1508
1504
1500
1484
1456
1454
1444
1440
1440
1436
1416
1384
1376
1344
1326
1312
1310
1308
1304
1300
1280
1280
1264
1264
1256
1248
1216
1204
1198
1198
1192
1186
1184
1170
1168
1154
1152
1148
1136
1128
1120
1104
1100
1088
1088
1084
1082
1080
1072
1066
1064
1064
1056
1056
1034
1024
1016
996
992
988
984
976
972
968
966
960
960
960
960
950
948
944
944
928
924
922
914
908
904
904
888
872
864
864
862
860
844
836
836
832
832
828
810
804
800
800
794
792
792
784
780
768
768
768
768
768
752
748
742
736
736
732
728
728
720
720
720
716
714
712
704
698
696
696
690
684
674
670
668
664
664
660
656
656
650
640
640
640
640
640
638
636
634
630
624
616
608
604
600
596
592
584
580
576
576
564
560
560
546
544
512
504
480
416
408
384
380
376
320
308
288
224
224
224
220
208
192
158
96
