801
30624
27546
27542
27536
27512
27508
27504
27498
27462
27452
27448
27412
27408
27386
27376
27350
27340
27304
27288
27286
27276
27246
27238
27194
27156
27152
27144
27128
27112
27078
27070
27056
27030
27028
27018
27000
26982
26972
26920
26908
26902
26866
26864
26862
26856
26828
26744
26740
26678
26668
26614
26576
26566
26556
26552
26534
26512
26488
26444
26428
26422
26412
26402
26344
26292
26288
26262
26206
26160
26136
26100
26086
26078
26072
26067
26036
26032
25982
25978
25939
25928
25879
25866
25831
25796
25768
25732
25678
25652
25648
25640
25627
25603
25598
25584
25572
25568
25556
25515
25509
25502
25480
25444
25380
25360
25324
25294
25269
25249
25237
25226
25224
25104
25072
25016
24979
24950
24940
24932
24920
24857
24850
24785
24728
24720
24592
24514
24512
24498
24496
24468
24424
24404
24401
24393
24386
24345
24321
24312
24306
24048
23998
23964
23900
23845
23841
23836
23833
23832
23792
23785
23761
23688
23562
23504
23432
23318
23240
23220
23216
23173
23169
23161
23156
23120
23113
23089
23004
22970
22938
22936
22874
22728
22551
22365
22358
22340
22320
22280
22258
22156
22064
22056
21976
21904
21616
21598
21497
21489
21482
21469
21465
21457
21409
21385
21364
21338
21300
21140
21128
21072
21040
20928
20840
20686
20528
20495
20378
20321
20220
20116
20056
20008
19888
19632
19226
19218
19210
19202
19045
19041
19033
19016
18985
18961
18902
18884
18832
18820
18728
18720
18672
18660
18328
18128
17520
17480
17454
17446
17439
17438
17411
17221
17148
17140
17138
16984
16976
16336
15792
15384
15352
15344
15338
15330
15325
15324
15322
15321
15320
15317
15316
15314
15313
15168
13440
12764
12762
12761
12760
12757
12756
12754
12753
12752
12751
12746
12742
12728
12712
12368
11920
11910
11376
11368
11328
11244
11236
11171
11011
10990
10989
10982
10978
10968
10928
10464
10416
10248
9972
9968
9928
9920
9844
9840
9788
9770
9721
9701
9688
9661
9653
9651
9522
9514
9506
9502
9168
9148
8976
8856
8808
8764
8715
8710
8676
8656
8624
8587
8542
8441
8282
8168
8096
7984
7969
7928
7908
7724
7701
7641
7633
7622
7613
7607
7574
7536
7522
7426
7368
7304
7280
7208
7152
7060
7006
6968
6928
6908
6890
6883
6729
6728
6408
6382
6356
6281
6261
6256
6228
6221
6213
6211
6192
6172
6108
6090
6008
5936
5886
5784
5776
5721
5712
5701
5672
5661
5660
5653
5651
5556
5522
5433
5272
5266
5253
5233
5202
5193
5188
5187
5176
5136
5136
5132
5106
5094
4944
4920
4814
4807
4760
4748
4740
4730
4705
4680
4656
4624
4601
4589
4504
4502
4481
4463
4442
4420
4400
4372
4324
4324
4311
4296
4272
4270
4263
4259
4256
4228
4208
4192
4190
4168
4165
4148
4122
4084
4056
4028
3995
3966
3928
3910
3905
3870
3856
3828
3803
3800
3790
3782
3772
3752
3744
3728
3682
3638
3632
3612
3576
3522
3516
3502
3500
3484
3448
3440
3410
3400
3396
3388
3382
3376
3342
3300
3290
3244
3240
3224
3164
3156
3152
3144
3144
3138
3134
3102
3096
3094
3044
3038
3006
2998
2992
2962
2958
2920
2904
2896
2892
2822
2818
2796
2792
2782
2776
2740
2736
2730
2704
2702
2684
2654
2648
2644
2638
2608
2604
2600
2576
2570
2566
2550
2550
2550
2548
2548
2548
2548
2544
2544
2544
2544
2544
2528
2528
2464
2432
2368
2272
2272
2240
2240
2232
2202
2196
2196
2196
2192
2176
2176
2080
2048
1992
1984
1984
1968
1960
1952
1952
1952
1942
1938
1930
1930
1928
1920
1900
1900
1900
1896
1888
1824
1760
1760
1760
1744
1728
1716
1704
1696
1688
1656
1616
1600
1576
1576
1568
1568
1538
1536
1526
1526
1522
1520
1520
1504
1504
1472
1440
1440
1440
1408
1408
1376
1376
1376
1376
1376
1360
1344
1280
1272
1264
1254
1250
1248
1242
1242
1240
1240
1232
1216
1216
1200
1186
1184
1184
1176
1152
1142
1138
1130
1130
1128
1128
1120
1120
1104
1104
1052
1050
1046
1040
1038
1036
1036
1032
1024
1024
1020
1016
992
976
960
960
960
960
944
944
944
944
940
928
896
896
896
896
896
894
892
888
880
872
864
856
852
852
850
848
840
836
832
832
824
824
816
808
800
800
800
800
798
798
792
780
772
768
760
756
756
754
752
752
736
736
736
736
736
728
724
720
710
704
704
704
700
700
696
696
696
688
680
676
672
672
672
672
668
656
656
656
640
640
632
624
624
624
620
616
608
608
608
604
600
596
592
592
588
576
576
576
576
576
576
564
560
560
556
552
544
544
544
544
544
536
528
528
528
524
512
512
512
512
512
512
512
512
512
500
480
472
406
336
324
288
288
208
176
160
144
112
