801
29824
26830
26808
26798
26794
26768
26754
26751
26748
26728
26701
26697
26674
26671
26665
26652
26601
26590
26589
26576
26572
26570
26535
26526
26494
26488
26478
26477
26476
26464
26439
26430
26397
26392
26380
26337
26324
26320
26318
26317
26314
26260
26241
26219
26218
26215
26186
26172
26145
26104
26076
26072
26068
26049
26032
26027
26026
26023
26008
25896
25890
25887
25876
25867
25840
25827
25826
25823
25794
25730
25727
25716
25714
25698
25693
25666
25649
25620
25595
25570
25552
25535
25512
25468
25455
25442
25439
25424
25416
25410
25378
25370
25349
25340
25322
25317
25279
25226
25183
25151
25144
25084
25055
25052
25050
25026
24997
24976
24958
24956
24936
24890
24852
24845
24837
24805
24789
24741
24626
24620
24610
24600
24592
24537
24530
24514
24497
24491
24476
24432
24430
24388
24344
24326
24272
24194
24179
24167
24119
24048
23968
23940
23810
23794
23791
23731
23715
23640
23620
23605
23492
23408
23352
23332
23330
23314
23306
23298
23266
23250
23192
23173
23170
23154
23137
23133
23068
23041
22897
22832
22808
22676
22562
22546
22538
22530
22498
22482
22402
22386
22374
22351
22323
22288
22276
22251
22227
22088
22069
22021
21936
21876
21800
21776
21642
21626
21448
21276
21273
21265
21264
21233
21137
21099
20880
20742
20726
20676
20536
20272
20167
20135
20087
20016
19956
19928
19866
19646
19632
19376
19208
19205
19156
19120
19092
18951
18932
18618
18608
18548
18492
18350
18338
18232
17893
17589
17552
17225
17176
17080
16944
16932
16868
16864
16817
16798
16782
16781
16769
16762
16721
16514
16432
15696
15536
14952
14928
14924
14922
14920
14916
14915
14914
14913
14752
13680
13056
12694
12462
12432
12428
12427
12426
12425
12424
12420
12408
12024
11901
11792
11529
11184
11104
10921
10886
10881
10870
10858
10848
10804
10748
10736
10606
10552
10501
10364
10276
10256
10208
10204
10197
9943
9672
9562
9444
9360
9360
9342
9061
8976
8948
8856
8851
8720
8656
8482
8302
8248
8228
8115
8075
8049
7984
7817
7752
7628
7582
7570
7472
7248
7241
7161
7152
7133
7127
7124
7056
7001
6984
6834
6822
6696
6628
6576
6463
6456
6331
6311
6292
6251
6229
6210
6202
6186
6122
6106
6082
6074
6066
6054
5981
5964
5848
5840
5773
5653
5636
5577
5562
5546
5543
5528
5482
5466
5442
5434
5426
5414
5412
5400
5360
5284
5183
5172
5160
5091
5079
5029
5026
5014
4908
4816
4778
4755
4748
4715
4705
4694
4656
4642
4585
4572
4568
4498
4496
4445
4441
4436
4426
4407
4368
4360
4346
4346
4340
4334
4304
4237
4197
4172
4160
4157
4151
4093
4088
4081
4058
4048
4023
4002
3982
3980
3975
3956
3912
3898
3895
3869
3834
3826
3826
3789
3757
3754
3740
3731
3728
3706
3688
3682
3655
3654
3636
3608
3584
3574
3568
3546
3525
3508
3481
3466
3451
3443
3428
3415
3362
3335
3334
3299
3292
3288
3282
3281
3257
3192
3184
3169
3166
3165
3147
3132
3128
3124
3112
3067
3044
3034
3023
3009
3006
3005
2987
2972
2928
2926
2924
2922
2907
2876
2872
2848
2830
2821
2796
2792
2791
2790
2778
2750
2741
2736
2716
2714
2698
2697
2687
2644
2633
2629
2626
2607
2603
2584
2576
2564
2562
2561
2526
2522
2520
2498
2484
2484
2484
2480
2480
2480
2464
2464
2464
2336
2208
2208
2182
2176
2174
2172
2168
2152
2144
2144
2112
2098
2096
2038
2016
1988
1920
1912
1888
1864
1856
1824
1812
1784
1768
1760
1728
1696
1656
1648
1640
1632
1622
1614
1608
1568
1536
1520
1516
1514
1512
1472
1446
1430
1426
1424
1424
1408
1408
1392
1364
1360
1344
1328
1320
1312
1292
1280
1266
1262
1256
1250
1244
1240
1236
1236
1220
1220
1216
1212
1212
1212
1208
1184
1168
1154
1152
1152
1130
1120
1114
1108
1108
1108
1106
1104
1092
1092
1084
1084
1084
1080
1080
1072
1056
1048
1036
1032
1024
1018
1014
1004
1004
1000
992
976
960
950
942
940
936
912
912
908
896
896
896
888
886
884
880
880
868
864
864
864
864
848
846
838
830
828
808
804
802
800
800
796
794
792
792
784
778
776
772
768
764
756
750
748
744
744
740
732
730
728
720
720
720
720
708
706
704
704
704
696
696
694
692
688
688
688
682
680
668
666
664
658
656
656
652
652
640
632
632
632
628
624
624
624
624
612
608
608
608
608
604
600
600
600
596
592
588
584
584
580
576
576
568
564
564
560
556
556
556
552
552
548
548
546
544
544
540
538
536
536
536
536
536
528
526
524
524
520
520
512
512
512
512
512
512
508
504
504
496
496
480
434
404
392
300
288
288
268
256
250
196
160
96
96
