801
32832
29537
29526
29516
29456
29448
29431
29419
29408
29356
29336
29331
29318
29286
29272
29267
29254
29208
29203
29200
29196
29171
29164
29147
29116
29094
29008
29003
28968
28934
28904
28902
28893
28877
28876
28848
28828
28799
28760
28742
28735
28726
28704
28696
28678
28671
28662
28656
28632
28630
28608
28601
28598
28580
28532
28512
28507
28458
28432
28405
28392
28291
28256
28240
28227
28224
28220
28210
28172
28152
28146
28088
28064
28051
28034
27994
27971
27954
27843
27838
27796
27784
27748
27728
27720
27656
27613
27552
27549
27542
27536
27526
27485
27478
27430
27411
27400
27336
27236
27207
27204
27172
27152
27108
27060
27054
27038
26990
26976
26931
26912
26878
26868
26867
26824
26804
26748
26715
26696
26632
26608
26568
26526
26510
26504
26488
26462
26423
26416
26359
26270
26180
26116
26016
25943
25906
25879
25832
25808
25794
25736
25702
25696
25692
25640
25576
25500
25481
25433
25416
25384
25376
25369
25356
25352
25351
25226
25192
25160
25114
25072
25000
24992
24968
24816
24808
24757
24609
24601
24536
24480
24478
24455
24444
24410
24316
24300
23892
23888
23840
23832
23784
23659
23646
23595
23562
23387
23376
23264
23235
23200
23036
22972
22768
22684
22656
22616
22576
22552
22546
22496
22434
22214
22195
21939
21875
21847
21748
21555
21536
21491
21272
21220
21208
21200
21194
21152
21144
20926
20912
20608
20580
20532
20340
20157
20103
20000
19512
19448
19382
19366
19318
19280
19206
18928
18822
18708
18660
18592
18501
18474
18468
18437
17632
17416
17352
16560
16496
16480
16468
16452
16442
16440
16437
16436
16434
16432
16429
16426
16425
16424
16421
16420
16418
16417
15855
15000
13864
13684
13682
13681
13680
13677
13674
13673
13668
13666
13664
13663
13662
13652
13644
13616
13584
13184
12930
12904
12856
12704
11997
11972
11966
11943
11872
11812
11772
11600
11380
11358
11312
11262
11222
11210
11208
11160
11108
11072
10720
10609
10563
10212
10159
9936
9922
9800
9760
9752
9712
9702
9688
9684
9652
9520
9440
9399
9244
9155
9131
9079
8865
8850
8672
8666
8574
8568
8520
8505
8460
8400
8164
8032
8032
7999
7888
7816
7726
7712
7699
7658
7645
7616
7559
7544
7520
7512
7472
7452
7129
7116
7100
7022
6996
6981
6962
6920
6872
6861
6848
6731
6704
6660
6645
6568
6560
6536
6480
6434
6408
6376
6376
6342
6240
6236
6221
6216
6184
6146
6127
6083
6056
5984
5956
5928
5872
5866
5848
5795
5774
5741
5728
5676
5604
5548
5472
5470
5395
5360
5310
5288
5288
5270
5258
5256
5224
5200
5128
5120
5118
5099
5076
5028
5016
4971
4969
4960
4919
4870
4836
4830
4818
4783
4772
4752
4724
4696
4692
4689
4668
4646
4584
4502
4462
4457
4448
4432
4422
4410
4384
4351
4328
4272
4264
4244
4216
4204
4183
4162
4159
4066
4051
4034
4000
3985
3960
3912
3906
3904
3884
3867
3856
3854
3844
3785
3712
3704
3696
3691
3688
3674
3648
3646
3616
3605
3588
3574
3548
3527
3520
3512
3504
3502
3488
3478
3462
3448
3422
3415
3410
3400
3361
3344
3340
3308
3300
3297
3283
3278
3259
3250
3224
3216
3191
3100
3071
3056
3051
3036
3032
3025
2982
2971
2968
2958
2950
2930
2920
2919
2912
2900
2845
2835
2832
2824
2764
2734
2734
2734
2732
2732
2732
2732
2728
2728
2728
2728
2720
2720
2720
2688
2688
2576
2560
2528
2496
2398
2392
2392
2388
2368
2360
2352
2304
2268
2252
2244
2240
2240
2224
2120
2112
2112
2112
2040
1984
1984
1936
1936
1936
1928
1920
1920
1878
1856
1840
1830
1826
1814
1772
1768
1760
1732
1712
1712
1696
1688
1664
1664
1632
1600
1598
1568
1544
1538
1536
1528
1528
1504
1488
1472
1472
1416
1416
1408
1400
1396
1392
1392
1384
1376
1370
1344
1312
1296
1296
1284
1280
1280
1264
1264
1264
1242
1240
1232
1232
1224
1216
1216
1200
1184
1184
1182
1172
1168
1158
1152
1152
1152
1152
1148
1112
1104
1104
1092
1088
1080
1078
1060
1056
1056
1052
1048
1040
1040
1024
1024
1018
1008
1008
1000
994
992
984
982
972
964
960
960
952
944
940
936
936
936
936
928
928
920
912
900
892
890
884
880
868
864
848
848
840
836
832
832
832
832
832
830
812
810
804
796
784
780
776
768
768
768
768
756
754
736
736
736
736
736
728
720
712
704
704
704
704
704
704
704
700
692
692
688
688
684
682
680
672
672
672
672
664
664
660
658
656
656
652
648
640
640
640
640
640
638
616
614
610
608
604
600
596
594
592
592
588
584
582
576
576
576
568
566
560
552
548
544
512
512
500
452
422
384
384
360
356
352
326
320
294
288
240
208
192
152
64
64
36
