400
133 482
382 270
913 236 723
857 908 95
225 735 900
911 540 768 882
954 693 218
539 75
209 425
297 885 701
348 639 889
389 263
490 726 657
765 827 273
201 434
465 163
571 42
812 838 204
102 550
54 564
275 384
307 334
210 419
570 46
853 238 767
151 741 976
846 605 845 808
683 650 978 799
199 761 888
80 530
473 915 485
178 458
448 294
577 48
310 338
511 989 363
315 336
789 283 783
535 774 798 986
392 957 956 874
404 217
27 586
57 560
393 264
462 162
707 510 665
91 519
276 374
51 578
346 308
753 722 939 694
286 904 699
223 836 797
92 517
927 660 293
97 928 832
481 824 968 814
594 416 858
937 804 708 668
107 878 867
282 656 948
160 470
179 788 895
776 267 815
280 914 688
328 323
609 566 706
631 938 331
370 547 952
72 546
438 191
251 674 940
99 507
711 947 229
879 257 742
591 38
130 998 743
303 849 725
202 435
116 825 903
534 74
649 629 598
281 941 647
144 472
17 612
626 613 644
492 123
139 740 982
211 412
396 233
901 228 739
719 603 568
787 755 770 766
794 105 949
869 563 690 1000
55 553
953 732 174
713 829 332
771 749 352
394 234
724 894 600 892
125 773 943
843 809 203
977 581 344
196 431
538 86
557 746 554
58 561
50 580
558 837 912 792
654 523 704
111 506
606 414 864
780 916 589 810
424 206
56 562
304 340
68 987 786
475 148
274 381
881 651 354
77 526
480 137
489 127
426 641 791
358 295
313 343
782 924 145
8 643
110 555
265 373
254 758 855
444 186
311 347
980 729 157
516 88
109 509
576 41
85 532
377 278
669 35
173 779 891
219 410
696 671 518
94 522
417 214
709 918 250
104 543
39 585
744 972 146
248 653 963
227 763 875
686 737 454
171 500
309 345
81 524
52 839 965
324 951 597
514 87
268 833 762
164 468
16 620
298 552
659 847 383
100 503
430 750 710
285 369
306 341
14 610
716 252 909
621 11
395 246
611 22
6 624
320 321
242 411
135 487
851 880 129
491 136
754 967 138
26 595
200 433
502 784 572
769 622 910 790
98 505
548 63
551 64
89 513
662 28
785 929 126
730 715 441
103 537
118 496
79 854 922
67 549
593 18
793 420 652
197 432
166 476
452 170
215 802 850
121 996 748
971 159 736
120 775 958
515 677 675
632 2
239 398
974 685 231
65 921 877
12 615
158 467
106 567
175 455
24 599
745 140 970
486 128
752 926 183
388 260
60 925 868
453 616 803
409 483 983
807 995 49
83 806 961
339 684 871
371 277
942 811 90
705 936 235
679 955 241
628 4
272 380
692 205 973
544 70
43 569
405 222
319 322
959 907 9
508 108
291 367
350 296
181 439
818 375 687
15 865 990
634 5
477 149
33 883 950
474 142
596 759 501
30 592
960 757 143
418 212
456 587 819
45 575
185 994 700
488 531 844
385 255
122 495
96 520
590 34
459 150
1 637
207 712 946
446 180
528 78
852 365 673
681 870 342
945 697 243
646 556 658
176 964 727
778 822 262
817 714 351
469 161
966 372 527
245 401
899 728 237
823 841 192
461 154
898 193 756
751 399 734
101 504
457 168
442 188
224 670 985
917 764 177
240 402
463 155
805 826 208
992 661 213
512 428 920
182 443
10 617
635 256 993
53 579
932 862 66
497 529 830
691 249 934
703 831 355
7 625
667 266 944
147 933 772
391 253
440 189
682 312 897
478 931 464
376 269
872 113 866
521 93
720 167 979
19 607
860 360 676
386 261
114 493
314 333
619 13
828 702 366
169 451
271 378
429 645 800
279 379
59 893 896
733 975 614 781
326 330
195 427
640 3
37 583
31 582
325 318
525 73
721 284 873
801 884 165
689 627 565
886 887 61
407 220
777 152 919
813 47 988
859 413 608
84 533
840 421 618
287 364
602 876 672 984
301 357
848 190 820
680 997 678 760
969 76 796
71 935 856
317 329
25 601
356 302
221 408
300 359
999 821 29
816 642 423
349 905 633
141 471
638 36
198 436
226 403
353 299
117 499
861 981 23
666 40
172 450
664 422 842
923 134 795
44 574
962 292 636
400 232
445 184
216 415
718 584 573
542 69
32 588
82 536
466 153
655 21
604 20
316 327
494 112
156 460
335 930 623
131 479
247 447
124 484
305 337
387 259
834 902 119
194 437
390 258
187 559
132 835 890
368 288
230 406
289 361
747 991 115
362 290
498 663 717
695 738 449
630 397 863
648 541 698
62 545
244 906 731
