168
268 203 153
193 303 152
10 441 445
27 362 476
2 3
306 49 454
7 444 467
206 110 412
43 385 357
223 233 160
395 98 224
292 195 154
212 101 430
62 320 365
301 79 331
93 226 449
114 463 194
109 270 266
351 464 32
228 128 432
64 285 417
477 14 396
392 29 403
209 99 460
78 276 437
415 149 157
140 173 469
118 210 356
57 374 329
439 280 116
174 273 287
328 33 488
148 338 188
6 418 500
45 321 416
421 35 404
103 383 219
129 175 438
313 75 322
468 354 30
48 388 342
12 485 411
260 124 247
244 192 202
241 277 120
167 263 199
11 487 402
319 60 379
208 144 283
106 232 335
127 229 272
94 442 227
300 176 312
77 305 330
42 302 489
315 253 102
409 15 473
58 281 453
97 248 358
38 433 339
245 84 406
367 55 347
130 214 353
4 254
83 264 370
316 50 420
211 165 242
384 220 105
169 197 257
168 262 348
8 456 443
495 178 475
376 484 36
17 457 401
132 497 155
479 1 491
71 278 386
207 311 134
235 82 480
271 138 249
68 398 499
40 427 336
53 294 448
51 290 470
39 372 387
63 318 446
265 72 405
170 159 340
236 86 492
378 436 31
482 13 408
345 46 393
180 158 324
125 177 465
100 352 240
119 323 243
131 172 423
314 65 363
123 183 462
19 391 452
88 332 282
297 164 186
52 286 486
472 28 359
419 435 18
59 431 289
256 181 295
70 307 350
151 291 198
171 133 414
274 61 450
334 66 325
309 56 410
54 368 355
304 91 298
201 137 310
187 117 478
284 349 87
434 96 230
440 9 461
382 26 428
371 483 21
250 139 234
69 326 333
251 115 279
293 107 255
337 225 111
141 163 426
222 92 455
394 422 23
80 344 288
25 375 451
185 166 299
221 89 496
108 390 213
126 190 399
182 481 121
317 67 343
47 346 389
267 218 135
275 81 364
474 308 41
37 369 413
424 20 407
459 24 377
145 147 493
146 498 156
73 296 360
142 150 494
22 380 471
490 327 34
261 76 400
44 381 366
231 425 90
238 85 466
217 269 136
200 112 429
216 215 189
246 458 74
104 16
122 252 258
95 259 341
162 161 373
237 179 204
143 184 361
5 501 447
113 397 205
196 191 239
