84
125 39 201
23 178 170
50 141 144
115 45 200
60 224 94
164 53 122
214 186 205
51 107 216
15 215 183
72 104 150
63 86 247
31 177 160
3 227 235
1 249 238
109 65 155
185 43 158
105 49 239
68 140 112
4 6
100 54 234
24 143 243
8 208 236
96 145 85
92 82 156
191 142 152
5 221 240
29 233 132
136 37 182
113 41 223
67 117 133
75 195 81
198 19 171
146 27 212
20 229 161
193 204 12
36 175 148
56 97 237
124 123 71
90 62 217
231 14 180
119 38 218
32 154 174
16 197 188
2 228 246
57 129 139
108 93 128
33 135 207
42 153 162
52 173 114
17 165 225
169 87 79
127 35 232
219 184 13
84 181 77
25 159 192
9
40 118 206
66 121 134
26 213 147
21 149 241
18 202 172
168 44 130
99 61 189
126 47 166
176 11 245
34 138 196
22 194 167
69 88 190
102 64 179
137 91 95
131 30 248
163 89 116
111 157 59
28 199 151
10 187 222
76 74 220
106 230 46
7 210 242
83 70 209
73 211 78
101 55 226
120 80 110
58 203 98
103 48 244
