202
257 203 477
111 189
350 133 464
422 46 473
36 450 452
280 47
312 9
306 197 448
245 70
143 162
97 206
48 353
308 11
58 253
138 439 378
38 261
51 462 427
202 103
243 317 399
228 91
266 229 455
246 59
37 258
175 122
340 461 329 467
200 107
481 63 394
438 291 298
149 456 349
217 495 226
16 304
307 12
10 309
276 453 225
320 4
251 56
262 345 347
268 27
459 434 45
170 132
196 403 355
282 346 326
29 264
68 289
95 212
77 235
214 491 240
242 283 424
285 23
364 363 231
54 410 472
71 458 420
292 20
147 447 357
401 336 213
325 2
428 457 348 373
417 160 376
73 395 475
179 404 366
153 150
333 260 361
151 146
303 18
185 117
223 94
188 330 430
368 281 463 480
80 232
96 210
239 79
219 88
426 248 273
174 120
351 139 460
57 483 393
324 3
211 371 377
142 163
238 75
148 412 389
53 390 482
287 369 493 443
413 465 66
39 256
224 89
204 102
164 135
118 183
22 295
384 250 331
100 321
17 301
218 86
220 93
82 435 440
76 234
65 498 374
271 42
299 469 177
187 109
5 323
311 209 423
338 279 344
26 406 486
499 74 370
145 159
284 24
332 126 478
171 131
408 169 492 484
397 32 497
400 191 360
62 296
110 193
181 116
274 28
414 418 244 496
433
201 106
194 446 315
290 451 415 441
168 130
85 227
249 60
215 385 362
35 359
92 222
157 141
205 98
247 55
161 144
339 470 207
419 407 318
334 8
33 269
186 119
121 178
90 392 466
293 21
388 192 381
319 1
25 277
294 297 367
436 113 398
379 354 241
474 158 310
6 313
337 176 442
208 101
402 140 396
494 328 115
254 67
335 233 387
454 437 52
31 265
81 237
327 352 275
50 488 383
322 365 267
479 356 127
44 391 485
49 272
449 372 129
252 61
84 230
411 99 429
184 114
468 375 108
190 444 342
152 154
199 105
156 155
166 136
64 300
173 125
172 123
286 40
259 41
69 471 405
195 112
165 134
305 13
278 72
288 182 476
137 167
302 14
314 221 421
343 489 104
34 263
255 43
341 409 198
431 500 15
124 180
270 30
128 380 445
382 78 487
316 7
416 425 358 386
19 490 432
236 83
87 216
