501
323 649
1
305 697
311 661
2
3 1000
299 679
4 998
625 343
5 999
397 580
631 348
6 997
7
329 647
566 405
8
315 655
180
722 675 911
335 632
10 995
11 996
349 618
240 768
12
676 304
13 993
425 552
331 636
14 992
15 991
626 340
437 537
16 990
574 403
17 989
409 561
466 506
18 994
19 978
741 856 733
982 47
743 487
979 27
603 377
977 24
38 958
673 312
494 483
974 22
326 667
25 972
375 600
26 973
975 21
751 897 672
581 392
976 23
367 606
29 967
480 496
371 599
30 966
31 964
533 444
986 48
590 383
33 961
171 828
396 578
34 968
41 954
386 584
36 957
593 391
951 43
415 575
457 782
28 980
39 962
295 682
40 956
250 744
51 987
427 553
303 677
42 955
969 45
395 696
266 721
44 952
635 400
981 20
558 411
37 959
965 32
426 548
69 983
692 325
49 971
441 542
434 543
50 950
960 35
607 369
193 802
187 812
53 988
445 545
462 512
984 61
55 944
446 530
591 390
948 54
586 382
57 946
458 516
58 940
923 111
443 780
60 939
943 56
754 234
450 526
62 938
63 936
433 544
67 949
482 497
65 935
514 467
66 947
941 59
502 468
491 571
909 86
490 492
970 46
529 481
570 402
934 68
121 882
484 546
511 463
932 70
486 505
73 926
985 669 656
567 404
74 924
75 921
420 573
478 513
76 922
568 416
82 914
503 471
429 664
130 870
79 917
319 652
479 495
72 931
418 554
100 928
501 470
408 560
77 918
83 907
524 461
509 464
84 908
531 447
85 912
477 517
916 80
221 774
91 920
88 906
207 796
122 900
90 904
224 770
87 925
499 473
435 540
92 905
93 903
184 816
915 81
52 953
686 431
89 910
95 930
316 653
489 493
98 899
296 680
507 474
189 813
913 94
101 898
196 805
102 896
902 97
192 808
894 103
105 890
188 811
106 891
107 892
324 658
108 889
201 800
109 895
110 888
197 804
113 885
112 887
858 732 740
893 104
114 886
115 883
116 878
320 648
117 877
844 149
125 874
592 379
120 880
71 927
186 815
155 853
96 929
212 792
841 153
876 118
208 794
879 123
681 302
818 185
126 872
127 933
627 346
128 873
211 791
217 784
129 867
78 919
164 855
700 779 863
131 866
209 793
869 138
654 321
216 786
133 865
875 119
358 646
249 775
135 868
439 535
136 862
258 727
328 641
137 860
134 884
278 705
268 715
139 861
248 745
132 864
262 716
289 690
141 854
142 851
253 776
256 735
143 850
356 612
144 848
729 283
233 759
145 847
849 156
229 762
276 708
451 527
773 226
148 845
270 710
763 230
151 859
159 837
728 260
857 140
945 730 645
152 840
274 709
280 702
843 147
154 839
237 758
707 282
64 937
764 228
150 842
273 724
231 760
204
158 836
412 565
717 264
833 163
200 799
160 834
161 835
520 459
162 852
292 688
663 674 963
846 146
838 157
596 374
165
166 832
752 246
167 829
168 830
693 301
290 683
169 824
597 372
170 826
300 691
360 609
124 881
176
438 539
294 689
173 831
734 275
174 827
288 694
257 725
175 823
825 172
241 769
298 678
177
265 714
178 822
308 665
285 699
179 821
9
602 376
352 736
181 819
261 719
182 820
183 817
306 671
205 797
310 668
190 809
191 807
378 594
810 198
806 194
587 380
803 195
322 650
202 798
203 814
660 314
206 795
801 199
330 643
210
334 640
214 788
215 787
338 629
790 219
789 213
342 623
222 778
223 772
704 281
771 225
227 765
286 698
232 761
242 756
354 613
239 753
235 755
633 336
238 767
662 430
362 610
777 252
781 220
601 393
243 748
366 604
245 746
750 251
749 244
370 598
236 766
247 747
634 357
254 739
255 731
259 726
263 720
267 713
271 712
711 272
279 703
723 269
287 695
291 684
293 687
297 685
589 389
701 368
742 385
309 666
313 659
317 657
651 318
398 576
642 327
333 638
337 630
341 624
344 620
345 621
347 622
350 616
351 617
628 339
615 355
359 611
361 614
363 608
365 644
421 563
373 595
277 706
381 585
384 588
718 757 871
388 582
583 387
394 579
541 432
399 577
407 564
406 562
410 559
414 555
417 569
737 942 639
422 549
424 551
428 547
485 783
436 536
440 534
442 538
525 452
448 528
454 522
460 515
518 456
504 469
472 500
476 498
508 475
353 619
519 455
523 453
449 532
550 423
521 488
572 401
419 557
605 364
465 510
332 637
307 670
413 556
284 738
785 218
99 901
