201
430 319 471 370
26 268
283 69
490 381 75
176 124
129 169
215 409 326
60 272
408 464 66
175 478 291
246 57
299 19
392 451 460 292
300 74
419 45 468
130 339 479
122 362 465
115 192
249 391 309
340 350 439 473
394 209 348
330 224 403
222 94
290 23
166 137
20 485 429
114 346 481
62 245
102 214
46 281
360 226 377
40 442 458
58 250
364 85 494
225 89
134 361 452
11 306
341 295 331
108 200
258 38
82 239
316 8
41 262
425 297 229
253 52
380 67
456 423 293 416
53 275
312 9
139 333 476
411 353 186
457 443 44
389 447 109
160 141
328 12
448 72 433
159 499 277
399 378 172
135 167
39 257
255 47
199 107
14 308
193 112
154 151
393 126 415
197 405 345
120 435 387
2 327
187 111
201 106
32 270
68 243
121 428 390
363 165 426
351 95 492
48 254
347 284 329
163 493 288
164 133
24 289
31 266
365 355 244
127 315 491
206 401 343
242 70
263 35
241 321 400
313 7
113 189
79 238
264 375 311
131 194
332 404 211
183 116
233 83
205 99
91 217
210 489 240
153 149
179 296 472
220 93
152 475 325
104 196
278 51
150 147
15 304
213 461 280
203 100
418 372 155
267 27
36 256
185 119
184 117
177 402 368
247 56
248 61
92 223
178 397 379
6 314
148 146
271 37
349 385 227
273 30
303 395 252
173 123
98 487 352
432 462 49
78 231
413 28 484
301 17
4 318
80 236
161 366 424
63 374 500
294 22
382 54 496
237 208 498
414 466 55
285 59
235 286 434
298 73
406 259 274
143 158
421 335 202
287 219 449
437 87 427
5 323
228 495 216
445 170 337
221 90
81 396 467
420 86 441
105 482 356
265 25
307 16
454 412 84
302 188 453
182 480 279
42 260
386 320 251
33 269
207 344 398
324 3
157 144
371 232 357
138 190
317 10
204 101
384 142 422
342 65
1 336
64 282
261 34
156 438 359
118 181
358 96 486
71 450 431
43 276
76 234
212 230 497
103 198
18 305
145 162
29 474 436
132 310 488
77 410 459
168 128
174 322 455
369 218 376
373 88 483
13 367
50 407 469
136 195
110 191
125 470 354
383 463 97
440 334 180
417 140 388
446 338 171
444 21 477
