76
189 90 63
73 70
57 146 141
125 177 28
200 199 112 10
87 45
190 118 49 185
82 61
41 183 116
117 53 166
62 99 188 195
54 147 143
77 75
25 103
7 115
24 126 182
113 18 193
93 39
145 187 2
86 44
98 59
27 164 140
11 150 173
43 91 197
128 89 122
111 12
105 22 196
15 180 139
168 136 32
138 17 179
172 8 149
110
6 119
66 192 120 167
137 178 20
47 135 158
72 69
5 131
36 175 121
109 13
92 40
48 161 129
94 191 50
153 148 38
21 104
81 64
106 14
55 123 159
171 67 108
95 34
9 157 163
68 76
19 174 142
96 35
154 23 156
37 130 170
97 31
80 79
42 88
162 165 1
114 176 51
102 29 194
169 33 134
4 124
78 144 132
84 52
155 151 30
101 186 65
107 16
184 152 58 160
3 133
26 127 181
71 74
83 198 56
100 60
46 85
