81
42 106
49 148 160
90 76 194
24 190 135
70 195 89
136 12
132 9
75 178 176 129
118 33
187 127 34
60 88
166 172 19
138 13
91 92 173
123 29
151 37 168
83 67
27 170 164
137 20 192
175 85 97
71 80
115 171 68
122 28 200
165 48 146
185 143 18
10 134
38 112
95 59
125 22
162 50 145
14 130
144 5
108 43
62 84
121 31
153 1
174 155 25
55 196 103
161 15 179
23 154 177
119 32
100 183 64
77 74
109 45 197
66 81
87 113 159
82 63
3 152
139 189 21
94 186 73 198
126 57 169 199
128 16
86 69
52 104
51 150 157
47 105
4 147
117 46
72 79
61 141 142
114 36
40 110
58 93
131 8
120 35
53 102
149
107 44
17 182 158
116 41
78 99 180
167 191 2
140 6
56 96
163 26 181 193
11 133
39 111
156 188 7
30 124
184 98 65
54 101
