0.5,0.5
0.990099,0.00990099
0.990099,0.00990099
0.990099,0.00990099
0.990099,0.00990099
0.990099,0.00990099
0.990099,0.00990099
0.990099,0.00990099
0.990099,0.00990099
0.990099,0.00990099
0.990099,0.00990099
0.990099,0.00990099
0.990099,0.00990099
0.990099,0.00990099
0.990099,0.00990099
0.990099,0.00990099
0.990099,0.00990099
0.990099,0.00990099
0.990099,0.00990099
0.990099,0.00990099
0.990099,0.00990099
0.990099,0.00990099
0.990099,0.00990099
0.990099,0.00990099
0.990099,0.00990099
0.990099,0.00990099
0.990099,0.00990099
0.514851,0.485149
0.514286,0.485714
0.437838,0.562162
0.409091,0.590909
0.509091,0.490909
0.529412,0.470588
0.578947,0.421053
0.578947,0.421053
0.578947,0.421053
0.565217,0.434783
0.538462,0.461538
0.517241,0.482759
0.552284,0.447716
0.539007,0.460993
0.542857,0.457143
0.634492,0.365508
0.622563,0.377437
0.626082,0.373918
0.629442,0.370558
0.636902,0.363098
0.64,0.36
0.656761,0.343239
0.669456,0.330544
0.651982,0.348018
0.669388,0.330612
0.680031,0.319969
0.704918,0.295082
0.6866,0.3134
0.689189,0.310811
0.687126,0.312874
0.67202,0.32798
0.678284,0.321716
0.664603,0.335397
0.667174,0.332826
0.677372,0.322628
0.679742,0.320258
0.679194,0.320806
0.681514,0.318486
0.683761,0.316239
0.665268,0.334732
0.669246,0.330754
0.681099,0.318901
0.676271,0.323729
0.678481,0.321519
0.678933,0.321067
0.687204,0.312796
0.689252,0.310748
0.692683,0.307317
0.697586,0.302414
0.684043,0.315957
0.686005,0.313995
0.686396,0.313604
0.675289,0.324711
0.681416,0.318584
0.683276,0.316724
0.68509,0.31491
0.686728,0.313272
0.684211,0.315789
0.683168,0.316832
0.684897,0.315103
0.674472,0.325528
0.67343,0.32657
0.673774,0.326226
0.6639,0.3361
0.665603,0.334397
0.6674,0.3326
0.66906,0.33094
0.658382,0.341618
0.646817,0.353183
0.642351,0.357649
0.644068,0.355932
0.645749,0.354251
0.65,0.35
0.660206,0.339794
0.661797,0.338203
0.663356,0.336644
0.664884,0.335116
0.653195,0.346805
0.657027,0.342973
0.657403,0.342597
0.658915,0.341085
0.664914,0.335086
0.664122,0.335878
0.656383,0.343617
0.657823,0.342177
0.659259,0.340741
0.650742,0.349258
0.649979,0.350021
0.65253,0.34747
0.651822,0.348178
0.652174,0.347826
0.651485,0.348515
0.652963,0.347037
0.644783,0.355217
0.637901,0.362099
0.631287,0.368713
0.624925,0.375075
0.614618,0.385382
0.621324,0.378676
0.62274,0.37726
0.619859,0.380141
0.620253,0.379747
0.62064,0.37936
0.62302,0.37698
0.616293,0.383707
0.617658,0.382342
0.61705,0.38295
0.619433,0.380567
0.626506,0.373494
0.620925,0.379075
0.622237,0.377763
0.628077,0.371923
0.629355,0.370645
0.629682,0.370318
0.630942,0.369058
0.632184,0.367816
0.633408,0.366592
0.634615,0.365385
0.63494,0.36506
0.636118,0.363882
0.632468,0.367532
0.627242,0.372758
0.628415,0.371585
0.623356,0.376644
0.62452,0.37548
0.630764,0.369236
0.636844,0.363156
0.641173,0.358827
0.641288,0.358712
0.642377,0.357623
0.638542,0.361458
0.642673,0.357327
0.642966,0.357034
0.64554,0.35446
0.646606,0.353394
0.648386,0.351614
0.650862,0.349138
0.651141,0.348859
0.653597,0.346403
0.65389,0.34611
0.654893,0.345107
0.655172,0.344828
0.657559,0.342441
0.662601,0.337399
0.668782,0.331218
0.669071,0.330929
0.673115,0.326885
0.675294,0.324706
0.678406,0.321594
0.682088,0.317912
0.683007,0.316993
0.683242,0.316758
0.684146,0.315854
0.685579,0.314421
0.68587,0.31413
0.687875,0.312125
0.688154,0.311846
0.68843,0.31157
0.688702,0.311298
0.688911,0.311089
0.690294,0.309706
0.683642,0.316358
0.68447,0.31553
0.686914,0.313086
0.686612,0.313388
0.688516,0.311484
0.687163,0.312837
0.688518,0.311482
0.687277,0.312723
0.687593,0.312407
0.689451,0.310549
0.688235,0.311765
0.68133,0.31867
0.681149,0.318851
0.678447,0.321553
0.673279,0.326721
0.673102,0.326898
0.66959,0.33041
0.669925,0.330075
0.670757,0.329243
0.666309,0.333691
0.666636,0.333364
0.66651,0.33349
0.667334,0.332666
0.662534,0.337466
0.664365,0.335635
0.663755,0.336245
0.665621,0.334379
0.661891,0.338109
0.662714,0.337286
0.66353,0.33647
0.664339,0.335661
0.662086,0.337914
0.663428,0.336572
0.664233,0.335767
0.66503,0.33497
0.665386,0.334614
0.666173,0.333827
0.666953,0.333047
0.667727,0.332273
0.668493,0.331507
0.669253,0.330747
0.669118,0.330882
0.660666,0.339334
0.661435,0.338565
0.657425,0.342575
0.651732,0.348268
0.654446,0.345554
0.654402,0.345598
0.656214,0.343786
0.65787,0.34213
0.65821,0.34179
0.658129,0.341871
0.661556,0.338444
0.657698,0.342302
0.661149,0.338851
0.663664,0.336336
0.664407,0.335593
0.665565,0.334435
0.667132,0.332868
0.670307,0.329693
0.667008,0.332992
0.668514,0.331486
0.668905,0.331095
0.669297,0.330703
0.671622,0.328378
0.673112,0.326888
0.675676,0.324324
0.67711,0.32289
0.67616,0.32384
0.677971,0.322029
0.67867,0.32133
0.683278,0.316722
0.682349,0.317651
0.683713,0.316287
0.684399,0.315601
0.68709,0.31291
0.682977,0.317023
0.68367,0.31633
0.684023,0.315977
0.680303,0.319697
0.681971,0.318029
0.680928,0.319072
0.681606,0.318394
0.678019,0.321981
0.678694,0.321306
0.679364,0.320636
0.679098,0.320902
0.68072,0.31928
0.679847,0.320153
0.676312,0.323688
0.675762,0.324238
0.676744,0.323256
0.676194,0.323806
0.680243,0.319757
0.6821,0.3179
0.68306,0.31694
0.684002,0.315998
0.685229,0.314771
0.685582,0.314418
0.685936,0.314064
0.685712,0.314288
0.681965,0.318035
0.682314,0.317686
0.682955,0.317045
0.683898,0.316102
0.685655,0.314345
0.687389,0.312611
0.688562,0.311438
0.690273,0.309727
0.690887,0.309113
0.691498,0.308502
0.691312,0.308688
0.693001,0.306999
0.696462,0.303538
0.696288,0.303712
0.69714,0.30286
0.697988,0.302012
0.69883,0.30117
0.699417,0.300583
0.70124,0.29876
0.701326,0.298674
0.699702,0.300298
0.700289,0.299711
0.700867,0.299133
0.697499,0.302501
0.698093,0.301907
0.698429,0.301571
0.695111,0.304889
0.696176,0.303824
0.692909,0.307091
0.693486,0.306514
0.693576,0.306424
0.692504,0.307496
0.69357,0.30643
0.690346,0.309654
0.69168,0.30832
0.694148,0.305852
0.694716,0.305284
0.695281,0.304719
0.695842,0.304158
0.696411,0.303589
0.696967,0.303033
0.698901,0.301099
0.69945,0.30055
0.699996,0.300004
0.700543,0.299457
0.70042,0.29958
0.70123,0.29877
0.701333,0.298667
0.702752,0.297248
0.703298,0.296702
0.703399,0.296601
0.703928,0.296072
0.704454,0.295546
0.704772,0.295228
0.705303,0.294697
0.706254,0.293746
0.706769,0.293231
0.707502,0.292498
0.705042,0.294958
0.701966,0.298034
0.701847,0.298153
0.70216,0.29784
0.699342,0.300658
0.69592,0.30408
0.696439,0.303561
0.696322,0.303678
0.696836,0.303164
0.697359,0.302641
0.698724,0.301276
0.698627,0.301373
0.699557,0.300443
0.700059,0.299941
0.700775,0.299225
0.701917,0.298083
0.702625,0.297375
0.704175,0.295825
0.704471,0.295529
0.704428,0.295572
0.705536,0.294464
0.706022,0.293978
0.705138,0.294862
0.701813,0.298187
0.702105,0.297895
0.702603,0.297397
0.704299,0.295701
0.705198,0.294802
0.705483,0.294517
0.705804,0.294196
0.706717,0.293283
0.706265,0.293735
0.70655,0.29345
0.703664,0.296336
0.703964,0.296036
0.704436,0.295564
0.705677,0.294323
0.706567,0.293433
0.707031,0.292969
0.70731,0.29269
0.704473,0.295527
0.705133,0.294867
0.705478,0.294522
0.706355,0.293645
0.706452,0.293548
0.705115,0.294885
0.705394,0.294606
0.702606,0.297394
0.703065,0.296935
0.701464,0.298536
0.700873,0.299127
0.700271,0.299729
0.700377,0.299623
0.700174,0.299826
0.701216,0.298784
0.697295,0.302705
0.697604,0.302396
0.698432,0.301568
0.698889,0.301111
0.697678,0.302322
0.698134,0.301866
0.697777,0.302223
0.697591,0.302409
0.694698,0.305302
0.695875,0.304125
0.696931,0.303069
0.697382,0.302618
0.697831,0.302169
0.698849,0.301151
0.699483,0.300517
0.700278,0.299722
0.700718,0.299282
0.70137,0.29863
0.700487,0.299513
0.701112,0.298888
0.701549,0.298451
0.701347,0.298653
0.70178,0.29822
0.702399,0.297601
0.702828,0.297172
0.703128,0.296872
0.704083,0.295917
0.704507,0.295493
0.701689,0.298311
0.702327,0.297673
0.702935,0.297065
0.703356,0.296644
0.70362,0.29638
0.704037,0.295963
0.70485,0.29515
0.704676,0.295324
0.704966,0.295034
0.70492,0.29508
0.705178,0.294822
0.705588,0.294412
0.706545,0.293455
0.707466,0.292534
0.705426,0.294574
0.703203,0.296797
0.704553,0.295447
0.703939,0.296061
0.704672,0.295328
0.704363,0.295637
0.704177,0.295823
0.70583,0.29417
0.706576,0.293424
0.706409,0.293591
0.706128,0.293872
0.703428,0.296572
0.703862,0.296138
0.703641,0.296359
0.704046,0.295954
0.704619,0.295381
0.704599,0.295401
0.701506,0.298494
0.702224,0.297776
0.702604,0.297396
0.700099,0.299901
0.701799,0.298201
0.701819,0.298181
0.701675,0.298325
0.699197,0.300803
0.6996,0.3004
0.700602,0.299398
0.701029,0.298971
0.701508,0.298492
0.70298,0.29702
0.703426,0.296574
0.704296,0.295704
0.704713,0.295287
0.704889,0.295111
0.705537,0.294463
0.706369,0.293631
0.703807,0.296193
0.703539,0.296461
0.700884,0.299116
0.701435,0.298565
0.701339,0.298661
0.701621,0.298379
0.703031,0.296969
0.703378,0.296622
0.702764,0.297236
0.703151,0.296849
0.703567,0.296433
0.702803,0.297197
0.703313,0.296687
0.703697,0.296303
0.704233,0.295767
0.703752,0.296248
0.704135,0.295865
0.701592,0.298408
0.701734,0.298266
0.701546,0.298454
0.699178,0.300822
0.6992,0.3008
0.699889,0.300111
0.700695,0.299305
0.701497,0.298503
0.701882,0.298118
0.701889,0.298111
0.702267,0.297733
0.70277,0.29723
0.703145,0.296855
0.703403,0.296597
0.703691,0.296309
0.701211,0.298789
0.701468,0.298532
0.702316,0.297684
0.700186,0.299814
0.700327,0.299673
0.697871,0.302129
0.698308,0.301692
0.696565,0.303435
0.69694,0.30306
0.69631,0.30369
0.696341,0.303659
0.696373,0.303627
0.696575,0.303425
0.696612,0.303388
0.696983,0.303017
0.698256,0.301744
0.69949,0.30051
0.700185,0.299815
0.700768,0.299232
0.701269,0.298731
0.701821,0.298179
0.702184,0.297816
0.703836,0.296164
0.704343,0.295657
0.705228,0.294772
0.705764,0.294236
0.706144,0.293856
0.705994,0.294006
0.706137,0.293863
0.706491,0.293509
0.707508,0.292492
0.707235,0.292765
0.708051,0.291949
0.708321,0.291679
0.707944,0.292056
0.705232,0.294768
0.705198,0.294802
0.706851,0.293149
0.70611,0.29389
0.706334,0.293666
0.706307,0.293693
0.705914,0.294086
0.707602,0.292398
0.707656,0.292344
0.707832,0.292168
0.70713,0.29287
0.708716,0.291284
0.709039,0.290961
0.710126,0.289874
0.710684,0.289316
0.711028,0.288972
0.711557,0.288443
0.712016,0.287984
0.712473,0.287527
0.712624,0.287376
0.713079,0.286921
0.713368,0.286632
0.713259,0.286741
0.713314,0.286686
0.713649,0.286351
0.713711,0.286289
0.714093,0.285907
0.714058,0.285942
0.714506,0.285494
0.715367,0.284633
0.714717,0.285283
0.715162,0.284838
0.714755,0.285245
0.71512,0.28488
0.715181,0.284819
0.715535,0.284465
0.715444,0.284556
0.715771,0.284229
0.7163,0.2837
0.717253,0.282747
0.717489,0.282511
0.717849,0.282151
0.717811,0.282189
0.717558,0.282442
0.717795,0.282205
0.718228,0.281772
0.718369,0.281631
0.71869,0.28131
0.71923,0.28077
0.717058,0.282942
0.717198,0.282802
0.717094,0.282906
0.714683,0.285317
0.715004,0.284996
0.715095,0.284905
0.71496,0.28504
0.714884,0.285116
0.714474,0.285526
0.714792,0.285208
0.71279,0.28721
0.713109,0.286891
0.713926,0.286074
0.714186,0.285814
0.714665,0.285335
0.714703,0.285297
0.712667,0.287333
0.713311,0.286689
0.713652,0.286348
0.713964,0.286036
0.711838,0.288162
0.711907,0.288093
0.711729,0.288271
0.712097,0.287903
0.711491,0.288509
0.711498,0.288502
0.711867,0.288133
0.712796,0.287204
0.713294,0.286706
0.713738,0.286262
0.711661,0.288339
0.711972,0.288028
0.712124,0.287876
0.712514,0.287486
0.712823,0.287177
0.71329,0.28671
0.713913,0.286087
0.714714,0.285286
0.715045,0.284955
0.715376,0.284624
0.713819,0.286181
0.714588,0.285412
0.715121,0.284879
0.715191,0.284809
0.714412,0.285588
0.712253,0.287747
0.712557,0.287443
0.71304,0.28696
0.713904,0.286096
0.712427,0.287573
0.712294,0.287706
0.71234,0.28766
0.712336,0.287664
0.712412,0.287588
0.712664,0.287336
0.713161,0.286839
0.711166,0.288834
0.711417,0.288583
0.711907,0.288093
0.711986,0.288014
0.712212,0.287788
0.712168,0.287832
0.712321,0.287679
0.71135,0.28865
0.709147,0.290853
0.710038,0.289962
0.710291,0.289709
0.710573,0.289427
0.71097,0.28903
0.711126,0.288874
0.709161,0.290839
0.709366,0.290634
0.710324,0.289676
0.710324,0.289676
0.710741,0.289259
0.71083,0.28917
0.711035,0.288965
0.710494,0.289506
0.709807,0.290193
0.710036,0.289964
0.71029,0.28971
0.710612,0.289388
0.711002,0.288998
0.711022,0.288978
0.711579,0.288421
0.711545,0.288455
0.712699,0.287301
0.713084,0.286916
0.713337,0.286663
0.714216,0.285784
0.714669,0.285331
0.715555,0.284445
0.716044,0.283956
0.714951,0.285049
0.715174,0.284826
0.715295,0.284705
0.714656,0.285344
0.714978,0.285022
0.715625,0.284375
0.716341,0.283659
0.716654,0.283346
0.717261,0.282739
0.717509,0.282491
0.717676,0.282324
0.717964,0.282036
0.718276,0.281724
0.718382,0.281618
0.718592,0.281408
0.718717,0.281283
0.718115,0.281885
0.717979,0.282021
0.718391,0.281609
0.718398,0.281602
0.718211,0.281789
0.718481,0.281519
0.718616,0.281384
0.718782,0.281218
0.719207,0.280793
0.719395,0.280605
0.719017,0.280983
0.719007,0.280993
0.718833,0.281167
0.718906,0.281094
0.719425,0.280575
0.720032,0.279968
0.720271,0.279729
0.720553,0.279447
0.720958,0.279042
0.720736,0.279264
0.720378,0.279622
0.720023,0.279977
0.719857,0.280143
0.719628,0.280372
0.719097,0.280903
0.719744,0.280256
0.720148,0.279852
0.72043,0.27957
0.720689,0.279311
0.721045,0.278955
0.72071,0.27929
0.720905,0.279095
0.718977,0.281023
0.717051,0.282949
0.716957,0.283043
0.717239,0.282761
0.717264,0.282736
0.717664,0.282336
0.717956,0.282044
0.717856,0.282144
0.718024,0.281976
0.718106,0.281894
0.717809,0.282191
0.718102,0.281898
0.71809,0.28191
0.718591,0.281409
0.718279,0.281721
0.717793,0.282207
0.718016,0.281984
0.717536,0.282464
0.71581,0.28419
0.716267,0.283733
0.71662,0.28338
0.714566,0.285434
0.714958,0.285042
0.715655,0.284345
0.715525,0.284475
0.715395,0.284605
0.71554,0.28446
0.715636,0.284364
0.715874,0.284126
0.715611,0.284389
0.715747,0.284253
0.71642,0.28358
0.717132,0.282868
0.717669,0.282331
0.718036,0.281964
0.718235,0.281765
0.718271,0.281729
0.718144,0.281856
0.718575,0.281425
0.719119,0.280881
0.718993,0.281007
0.718868,0.281132
0.719061,0.280939
0.718779,0.281221
0.718957,0.281043
0.718207,0.281793
0.716366,0.283634
0.71686,0.28314
0.717053,0.282947
0.717399,0.282601
0.717587,0.282413
0.718411,0.281589
0.718554,0.281446
0.718737,0.281263
0.719014,0.280986
0.719498,0.280502
0.719774,0.280226
0.719537,0.280463
0.720317,0.279683
0.720583,0.279417
0.720908,0.279092
0.721173,0.278827
0.721052,0.278948
0.721508,0.278492
0.721093,0.278907
0.721643,0.278357
0.722106,0.277894
0.72184,0.27816
0.722028,0.277972
0.722352,0.277648
0.722599,0.277401
0.722828,0.277172
0.72331,0.27669
0.723304,0.276696
0.723188,0.276812
0.723293,0.276707
0.723039,0.276961
0.723068,0.276932
0.723338,0.276662
0.723367,0.276633
0.723567,0.276433
0.723992,0.276008
0.724354,0.275646
0.724581,0.275419
0.725272,0.274728
0.725458,0.274542
0.725348,0.274652
0.725326,0.274674
0.724991,0.275009
0.725421,0.274579
0.725441,0.274559
0.725268,0.274732
0.725222,0.274778
0.725532,0.274468
0.725567,0.274433
0.725927,0.274073
0.72619,0.27381
0.726391,0.273609
0.726431,0.273569
0.726601,0.273399
0.726636,0.273364
0.726859,0.273141
0.727555,0.272445
0.728063,0.271937
0.728459,0.271541
0.728843,0.271157
0.729259,0.270741
0.729677,0.270323
0.729576,0.270424
0.729646,0.270354
0.729418,0.270582
0.729576,0.270424
0.729349,0.270651
0.729624,0.270376
0.729528,0.270472
0.729559,0.270441
0.729701,0.270299
0.729985,0.270015
0.730143,0.269857
0.730424,0.269576
0.730306,0.269694
0.730586,0.269414
0.731209,0.268791
0.731442,0.268558
0.732025,0.267975
0.73193,0.26807
0.731592,0.268408
0.731864,0.268136
0.732286,0.267714
0.732072,0.267928
0.73234,0.26766
0.732127,0.267873
0.732442,0.267558
0.731634,0.268366
0.732009,0.267991
0.732422,0.267578
0.732154,0.267846
0.732418,0.267582
0.732214,0.267786
0.732015,0.267985
0.732751,0.267249
0.732666,0.267334
0.732697,0.267303
0.732612,0.267388
0.732413,0.267587
0.73233,0.26767
0.732476,0.267524
0.732681,0.267319
0.732485,0.267515
0.732744,0.267256
0.732924,0.267076
0.732996,0.267004
0.732929,0.267071
0.73285,0.26715
0.733103,0.266897
0.73359,0.26641
0.7334,0.2666
0.732766,0.267234
0.733134,0.266866
0.733459,0.266541
0.734053,0.265947
0.734634,0.265366
0.734665,0.265335
0.734368,0.265632
0.734497,0.265503
0.734529,0.265471
0.733912,0.266088
0.734054,0.265946
0.734086,0.265914
0.734259,0.265741
0.734185,0.265815
0.734357,0.265643
0.73453,0.26547
0.734138,0.265862
0.734173,0.265827
0.734372,0.265628
0.734407,0.265593
0.734336,0.265664
0.734463,0.265537
0.734618,0.265382
0.734819,0.265181
0.734647,0.265353
0.734683,0.265317
0.734719,0.265281
0.734755,0.265245
0.734688,0.265312
0.734518,0.265482
0.73494,0.26506
0.733108,0.266892
0.733246,0.266754
0.733609,0.266391
0.733847,0.266153
0.734139,0.265861
0.734173,0.265827
0.733996,0.266004
0.734258,0.265742
0.734092,0.265908
0.733926,0.266074
0.733862,0.266138
0.733898,0.266102
0.733933,0.266067
0.733671,0.266329
0.73372,0.26628
0.73346,0.26654
0.733398,0.266602
0.733434,0.266566
0.733766,0.266234
0.733706,0.266294
0.733825,0.266175
0.733668,0.266332
0.733707,0.266293
0.733843,0.266157
0.733397,0.266603
0.733839,0.266161
0.733588,0.266412
0.733916,0.266084
0.734041,0.265959
0.733984,0.266016
0.734094,0.265906
0.734228,0.265772
0.734267,0.265733
0.733927,0.266073
0.734249,0.265751
0.734005,0.265995
0.734138,0.265862
0.734318,0.265682
0.733984,0.266016
0.734209,0.265791
0.734619,0.265381
0.734564,0.265436
0.734509,0.265491
0.734455,0.265545
0.734584,0.265416
0.734621,0.265379
0.734385,0.265615
0.73424,0.26576
0.734097,0.265903
0.734099,0.265901
0.734047,0.265953
0.734176,0.265824
0.733765,0.266235
0.733805,0.266195
0.733913,0.266087
0.733953,0.266047
0.733814,0.266186
0.733675,0.266325
0.733715,0.266285
0.733578,0.266422
0.73353,0.26647
0.733482,0.266518
0.733782,0.266218
0.733823,0.266177
0.73395,0.26605
0.733999,0.266001
0.734039,0.265961
0.734313,0.265687
0.734353,0.265647
0.734219,0.265781
0.734345,0.265655
0.733954,0.266046
0.734339,0.265661
0.734624,0.265376
0.734835,0.265165
0.735131,0.264869
0.735171,0.264829
0.734784,0.265216
0.735589,0.264411
0.735712,0.264288
0.735934,0.264066
0.736056,0.263944
0.735589,0.264411
0.73546,0.26454
0.735163,0.264837
0.735035,0.264965
0.734908,0.265092
0.734531,0.265469
0.734155,0.265845
0.734031,0.265969
0.734294,0.265706
0.734584,0.265416
0.734892,0.265108
0.734768,0.265232
0.734947,0.265053
0.735562,0.264438
0.73552,0.26448
0.735153,0.264847
0.734949,0.265051
0.734746,0.265254
0.734985,0.265015
0.734945,0.265055
0.735471,0.264529
0.735189,0.264811
0.73531,0.26469
0.73511,0.26489
0.734751,0.265249
0.734861,0.265139
0.735107,0.264893
0.73483,0.26517
0.734713,0.265287
0.734676,0.265324
0.734561,0.265439
0.734524,0.265476
0.734172,0.265828
0.734137,0.265863
0.734181,0.265819
0.734067,0.265933
0.734032,0.265968
0.733763,0.266237
0.733807,0.266193
0.734007,0.265993
0.733941,0.266059
0.734064,0.265936
0.734418,0.265582
0.734769,0.265231
0.735051,0.264949
0.734786,0.265214
0.734676,0.265324
0.734796,0.265204
0.734914,0.265086
0.735033,0.264967
0.735129,0.264871
0.735247,0.264753
0.735062,0.264938
0.734878,0.265122
0.73492,0.26508
0.734888,0.265112
0.734855,0.265145
0.735049,0.264951
0.735442,0.264558
0.735484,0.264516
0.73568,0.26432
0.735722,0.264278
0.736021,0.263979
0.735989,0.264011
0.736178,0.263822
0.736318,0.263682
0.736724,0.263276
0.736838,0.263162
0.736806,0.263194
0.736959,0.263041
0.737073,0.262927
0.737274,0.262726
0.737314,0.262686
0.737685,0.262315
0.737508,0.262492
0.737476,0.262524
0.737157,0.262843
0.737269,0.262731
0.737095,0.262905
0.737064,0.262936
0.737105,0.262895
0.736861,0.263139
0.736973,0.263027
0.736801,0.263199
0.736842,0.263158
0.736741,0.263259
0.736571,0.263429
0.73633,0.26367
0.736231,0.263769
0.73646,0.26354
0.73657,0.26343
0.736262,0.263738
0.736235,0.263765
0.736472,0.263528
0.736305,0.263695
0.736488,0.263512
0.736669,0.263331
0.736642,0.263358
0.736753,0.263247
0.736933,0.263067
0.737111,0.262889
0.737289,0.262711
0.737261,0.262739
0.737097,0.262903
0.737409,0.262591
0.737042,0.262958
0.73715,0.26285
0.737325,0.262675
0.737298,0.262702
0.737539,0.262461
0.737712,0.262288
0.738218,0.261782
0.738455,0.261545
0.738226,0.261774
0.738468,0.261532
0.738372,0.261628
0.73857,0.26143
0.738541,0.261459
0.738691,0.261309
0.738531,0.261469
0.738569,0.261431
0.738475,0.261525
0.738775,0.261225
0.738924,0.261076
0.738569,0.261431
0.73828,0.26172
0.738384,0.261616
0.738227,0.261773
0.738331,0.261669
0.738174,0.261826
0.738394,0.261606
0.738303,0.261697
0.738084,0.261916
0.738058,0.261942
0.73784,0.26216
0.737687,0.262313
0.737405,0.262595
0.73706,0.26294
0.737101,0.262899
0.73727,0.26273
0.73731,0.26269
0.737159,0.262841
0.737199,0.262801
0.737366,0.262634
0.737469,0.262531
0.737256,0.262744
0.737107,0.262893
0.73721,0.26279
0.737061,0.262939
0.737274,0.262726
0.737126,0.262874
0.737229,0.262771
0.737144,0.262856
0.737059,0.262941
0.737037,0.262963
0.736704,0.263296
0.736745,0.263255
0.736662,0.263338
0.736826,0.263174
0.736928,0.263072
0.737029,0.262971
0.736946,0.263054
0.736802,0.263198
0.736842,0.263158
0.736882,0.263118
0.736921,0.263079
0.737022,0.262978
0.737304,0.262696
0.737403,0.262597
0.737139,0.262861
0.736936,0.263064
0.737036,0.262964
0.737135,0.262865
0.737113,0.262887
0.736972,0.263028
0.737011,0.262989
0.73693,0.26307
0.736969,0.263031
0.736888,0.263112
0.736689,0.263311
0.73655,0.26345
0.736649,0.263351
0.736747,0.263253
0.736549,0.263451
0.736647,0.263353
0.736803,0.263197
0.736915,0.263085
0.736895,0.263105
0.736758,0.263242
0.737088,0.262912
0.737388,0.262612
0.73731,0.26269
0.73729,0.26271
0.737038,0.262962
0.737251,0.262749
0.737473,0.262527
0.737454,0.262546
0.737695,0.262305
0.735956,0.264044
0.735763,0.264237
0.73586,0.26414
0.735898,0.264102
0.735993,0.264007
0.735859,0.264141
0.736072,0.263928
0.735939,0.264061
0.736117,0.263883
0.736041,0.263959
0.734156,0.265844
0.734366,0.265634
0.73457,0.26543
0.73438,0.26562
0.734133,0.265867
0.733887,0.266113
0.732191,0.267809
0.732116,0.267884
0.732099,0.267901
0.732138,0.267862
0.73212,0.26788
0.731989,0.268011
0.731972,0.268028
0.731954,0.268046
0.732276,0.267724
0.732032,0.267968
0.73179,0.26821
0.731717,0.268283
0.731812,0.268188
0.731683,0.268317
0.731978,0.268022
0.732073,0.267927
0.732279,0.267721
0.732151,0.267849
0.732412,0.267588
0.732862,0.267138
0.732789,0.267211
0.732827,0.267173
0.732754,0.267246
0.733059,0.266941
0.732767,0.267233
0.73264,0.26736
0.732623,0.267377
0.730772,0.269228
0.730535,0.269465
0.730684,0.269316
0.730722,0.269278
0.730596,0.269404
0.730416,0.269584
0.730236,0.269764
0.730221,0.269779
0.729987,0.270013
0.730127,0.269873
0.730057,0.269943
0.72988,0.27012
0.729648,0.270352
0.729905,0.270095
0.729836,0.270164
0.729714,0.270286
0.729808,0.270192
0.730008,0.269992
0.728578,0.271422
0.728724,0.271276
0.728816,0.271184
0.7288,0.2712
0.72903,0.27097
0.728855,0.271145
0.72884,0.27116
0.728984,0.271016
0.729341,0.270659
0.729637,0.270363
0.729727,0.270273
0.729763,0.270237
0.729747,0.270253
0.729731,0.270269
0.729663,0.270337
0.729857,0.270143
0.729789,0.270211
0.729825,0.270175
0.729861,0.270139
0.729845,0.270155
0.730089,0.269911
0.730228,0.269772
0.73016,0.26984
0.730401,0.269599
0.730488,0.269512
0.73042,0.26958
0.730198,0.269802
0.730233,0.269767
0.73037,0.26963
0.73066,0.26934
0.730796,0.269204
0.730779,0.269221
0.730812,0.269188
0.730998,0.269002
0.731082,0.268918
0.731014,0.268986
0.731047,0.268953
0.730929,0.269071
0.730962,0.269038
0.730996,0.269004
0.730928,0.269072
0.730961,0.269039
0.730994,0.269006
0.730877,0.269123
0.730661,0.269339
0.730794,0.269206
0.730976,0.269024
0.731058,0.268942
0.730992,0.269008
0.731123,0.268877
0.731205,0.268795
0.731089,0.268911
0.730974,0.269026
0.73076,0.26924
0.73094,0.26906
0.730973,0.269027
0.731005,0.268995
0.730891,0.269109
0.731167,0.268833
0.731101,0.268899
0.730987,0.269013
0.730922,0.269078
0.73076,0.26924
0.730744,0.269256
0.730631,0.269369
0.730615,0.269385
0.730454,0.269546
0.73039,0.26961
0.730182,0.269818
0.730167,0.269833
0.7302,0.2698
0.730232,0.269768
0.730425,0.269575
0.730362,0.269638
0.730442,0.269558
0.730284,0.269716
0.730507,0.269493
0.730635,0.269365
0.730762,0.269238
0.730699,0.269301
0.730731,0.269269
0.730621,0.269379
0.7308,0.2692
0.730974,0.269026
0.730817,0.269183
0.730896,0.269104
0.731022,0.268978
0.73124,0.26876
0.731318,0.268682
0.731567,0.268433
0.731552,0.268448
0.731536,0.268464
0.731474,0.268526
0.731505,0.268495
0.731397,0.268603
0.731656,0.268344
0.731733,0.268267
0.731918,0.268082
0.731995,0.268005
0.732117,0.267883
0.732148,0.267852
0.732041,0.267959
0.732025,0.267975
0.731918,0.268082
0.732138,0.267862
0.732123,0.267877
0.73188,0.26812
0.732151,0.267849
0.732364,0.267636
0.732076,0.267924
0.732107,0.267893
0.732093,0.267907
0.732078,0.267922
0.732244,0.267756
0.73223,0.26777
0.732215,0.267785
0.732021,0.267979
0.732231,0.267769
0.732261,0.267739
0.732157,0.267843
0.732474,0.267526
0.73246,0.26754
0.732267,0.267733
0.732252,0.267748
0.732238,0.267762
0.73251,0.26749
0.732674,0.267326
0.732704,0.267296
0.732557,0.267443
0.732454,0.267546
0.732529,0.267471
0.73247,0.26753
0.732545,0.267455
0.732663,0.267337
0.732561,0.267439
0.732591,0.267409
0.732664,0.267336
0.732694,0.267306
0.732723,0.267277
0.732622,0.267378
0.732608,0.267392
0.732463,0.267537
0.732537,0.267463
0.732349,0.267651
0.732335,0.267665
0.732495,0.267505
0.732525,0.267475
0.732554,0.267446
0.732541,0.267459
0.732484,0.267516
0.73247,0.26753
0.7325,0.2675
0.732529,0.267471
0.732601,0.267399
0.732459,0.267541
0.732488,0.267512
0.5,0.5
0.990099,0.00990099
0.990099,0.00990099
0.990099,0.00990099
0.990099,0.00990099
0.990099,0.00990099
0.990099,0.00990099
0.990099,0.00990099
0.990099,0.00990099
0.990099,0.00990099
0.990099,0.00990099
0.990099,0.00990099
0.990099,0.00990099
0.990099,0.00990099
0.990099,0.00990099
0.990099,0.00990099
0.990099,0.00990099
0.990099,0.00990099
0.990099,0.00990099
0.321429,0.678571
0.409091,0.590909
0.380952,0.619048
0.44186,0.55814
0.416058,0.583942
0.511364,0.488636
0.517808,0.482192
0.613734,0.386266
0.619048,0.380952
0.636364,0.363636
0.641026,0.358974
0.640845,0.359155
0.645051,0.354949
0.644737,0.355263
0.62963,0.37037
0.647474,0.352526
0.652174,0.347826
0.656085,0.343915
0.62536,0.37464
0.603215,0.396785
0.58125,0.41875
0.562409,0.437591
0.565602,0.434398
0.569721,0.430279
0.576271,0.423729
0.556075,0.443925
0.549569,0.450431
0.532861,0.467139
0.559737,0.440263
0.55409,0.44591
0.555556,0.444444
0.559363,0.440637
0.566182,0.433818
0.569715,0.430285
0.579138,0.420862
0.588235,0.411765
0.585909,0.414091
0.605263,0.394737
0.608241,0.391759
0.596704,0.403296
0.599659,0.400341
0.607438,0.392562
0.605263,0.394737
0.612777,0.387223
0.615385,0.384615
0.624816,0.375184
0.627219,0.372781
0.62963,0.37037
0.618795,0.381205
0.604317,0.395683
0.606793,0.393207
0.607077,0.392923
0.615687,0.384313
0.604096,0.395904
0.614035,0.385965
0.616352,0.383648
0.625553,0.374447
0.614458,0.385542
0.620177,0.379823
0.620579,0.379421
0.616725,0.383275
0.622159,0.377841
0.613853,0.386147
0.605979,0.394021
0.608135,0.391865
0.608479,0.391521
0.600654,0.399346
0.601041,0.398959
0.603109,0.396891
0.605126,0.394874
0.605432,0.394568
0.60573,0.39427
0.598417,0.401583
0.60177,0.39823
0.604506,0.395494
0.604798,0.395202
0.602356,0.397644
0.593911,0.406089
0.598624,0.401376
0.59625,0.40375
0.600858,0.399142
0.602709,0.397291
0.603175,0.396825
0.606299,0.393701
0.608055,0.391945
0.60262,0.39738
0.606898,0.393102
0.609854,0.390146
0.611539,0.388461
0.614424,0.385576
0.616051,0.383949
0.61642,0.38358
0.609926,0.390074
0.612701,0.387299
0.605217,0.394783
0.597972,0.402028
0.612932,0.387068
0.615527,0.384473
0.617095,0.382905
0.611036,0.388964
0.613143,0.386857
0.618557,0.381443
0.612762,0.387238
0.613255,0.386745
0.613739,0.386261
0.608149,0.391851
0.609527,0.390473
0.604118,0.395882
0.598887,0.401113
0.602319,0.397681
0.604494,0.395506
0.608662,0.391338
0.607961,0.392039
0.609418,0.390582
0.60612,0.39388
0.606579,0.393421
0.611552,0.388448
0.611984,0.388016
0.613363,0.386637
0.616468,0.383532
0.610575,0.389425
0.612705,0.387295
0.607906,0.392094
0.612446,0.387554
0.622375,0.377625
0.621447,0.378553
0.622752,0.377248
0.625585,0.374415
0.626652,0.373348
0.626194,0.373806
0.63047,0.36953
0.634471,0.365529
0.629938,0.370062
0.632391,0.367609
0.633609,0.366391
0.630387,0.369613
0.625876,0.374124
0.62606,0.37394
0.620046,0.379954
0.621265,0.378735
0.623059,0.376941
0.615596,0.384404
0.618182,0.381818
0.613987,0.386013
0.612841,0.387159
0.614033,0.385967
0.61444,0.38556
0.616204,0.383796
0.616598,0.383402
0.616986,0.383014
0.617369,0.382631
0.619479,0.380521
0.617475,0.382525
0.618625,0.381375
0.619847,0.380153
0.615645,0.384355
0.610876,0.389124
0.607419,0.392581
0.603497,0.396503
0.605626,0.394374
0.60613,0.39387
0.60533,0.39467
0.602026,0.397974
0.608878,0.391122
0.607362,0.392638
0.608495,0.391505
0.612381,0.387619
0.613869,0.386131
0.61632,0.38368
0.616,0.384
0.618163,0.381837
0.618657,0.381343
0.619727,0.380273
0.614077,0.385923
0.615149,0.384851
0.618319,0.381681
0.619841,0.380159
0.619744,0.380256
0.622847,0.377153
0.626717,0.373283
0.628728,0.371272
0.631598,0.368402
0.634309,0.365691
0.6375,0.3625
0.639821,0.360179
0.643036,0.356964
0.639699,0.360301
0.640657,0.359343
0.641606,0.358394
0.638866,0.361134
0.639545,0.360455
0.640483,0.359517
0.641413,0.358587
0.637836,0.362164
0.633165,0.366835
0.634993,0.365007
0.635285,0.364715
0.635071,0.364929
0.636222,0.363778
0.636023,0.363977
0.636563,0.363437
0.637837,0.362163
0.634786,0.365214
0.631438,0.368562
0.632352,0.367648
0.633257,0.366743
0.633198,0.366802
0.63409,0.36591
0.634974,0.365026
0.633963,0.366037
0.635201,0.364799
0.63643,0.36357
0.636827,0.363173
0.640952,0.359048
0.642145,0.357855
0.637319,0.362681
0.639302,0.360698
0.640149,0.359851
0.642888,0.357112
0.642859,0.357141
0.644452,0.355548
0.644847,0.355153
0.645569,0.354431
0.645535,0.354465
0.646344,0.353656
0.647479,0.352521
0.649024,0.350976
0.645802,0.354198
0.642209,0.357791
0.643753,0.356247
0.643706,0.356294
0.645559,0.354441
0.642027,0.357973
0.639281,0.360719
0.641748,0.358252
0.64326,0.35674
0.643942,0.356058
0.644717,0.355283
0.645486,0.354514
0.64726,0.35274
0.648017,0.351983
0.645111,0.354889
0.64735,0.35265
0.642418,0.357582
0.642312,0.357688
0.639372,0.360628
0.639747,0.360253
0.641186,0.358814
0.64002,0.35998
0.63674,0.36326
0.637494,0.362506
0.638081,0.361919
0.641943,0.358057
0.641506,0.358494
0.64225,0.35775
0.63894,0.36106
0.638957,0.361043
0.639621,0.360379
0.636567,0.363433
0.637308,0.362692
0.638043,0.361957
0.639972,0.360028
0.640697,0.359303
0.641624,0.358376
0.64234,0.35766
0.643329,0.356671
0.644036,0.355964
0.644738,0.355262
0.645023,0.354977
0.642179,0.357821
0.639301,0.360699
0.63966,0.36034
0.640358,0.359642
0.63663,0.36337
0.637201,0.362799
0.637558,0.362442
0.635165,0.364835
0.634945,0.365055
0.634534,0.365466
0.635831,0.364169
0.63712,0.36288
0.637152,0.362848
0.637833,0.362167
0.637861,0.362139
0.635224,0.364776
0.636173,0.363827
0.637257,0.362743
0.63819,0.36181
0.63854,0.36146
0.638887,0.361113
0.640268,0.359732
0.637701,0.362299
0.639187,0.360813
0.640976,0.359024
0.642751,0.357249
0.639847,0.360153
0.634989,0.365011
0.635341,0.364659
0.636019,0.363981
0.635769,0.364231
0.637739,0.362261
0.638872,0.361128
0.639125,0.360875
0.640014,0.359986
0.640898,0.359102
0.642817,0.357183
0.64033,0.35967
0.638632,0.361368
0.63866,0.36134
0.639302,0.360698
0.640034,0.359966
0.639387,0.360613
0.641178,0.358822
0.641541,0.358459
0.642686,0.357314
0.64523,0.35477
0.646076,0.353924
0.646435,0.353565
0.64723,0.35277
0.64616,0.35384
0.646519,0.353481
0.646583,0.353417
0.646905,0.353095
0.647957,0.352043
0.651266,0.348734
0.652503,0.347497
0.652356,0.347644
0.652706,0.347294
0.653933,0.346067
0.655359,0.344641
0.655949,0.344051
0.656986,0.343014
0.658018,0.341982
0.659936,0.340064
0.660833,0.339167
0.661406,0.338594
0.661976,0.338024
0.662267,0.337733
0.664569,0.335431
0.666984,0.333016
0.668153,0.331847
0.668854,0.331146
0.669135,0.330865
0.669645,0.330355
0.670772,0.329228
0.671504,0.328496
0.67205,0.32795
0.675351,0.324649
0.675237,0.324763
0.67708,0.32292
0.680217,0.319783
0.682965,0.317035
0.683495,0.316505
0.684021,0.315979
0.684544,0.315456
0.681913,0.318087
0.682173,0.317827
0.68177,0.31823
0.682934,0.317066
0.683247,0.316753
0.683765,0.316235
0.684805,0.315195
0.68486,0.31514
0.682944,0.317056
0.683457,0.316543
0.683875,0.316125
0.684384,0.315616
0.68489,0.31511
0.685753,0.314247
0.686612,0.313388
0.68733,0.31267
0.687427,0.312573
0.687281,0.312719
0.684728,0.315272
0.685691,0.314309
0.685817,0.314183
0.685447,0.314553
0.686289,0.313711
0.684351,0.315649
0.686039,0.313961
0.683703,0.316297
0.683621,0.316379
0.684004,0.315996
0.68379,0.31621
0.683742,0.316258
0.68386,0.31614
0.684993,0.315007
0.685718,0.314282
0.68478,0.31522
0.685264,0.314736
0.685359,0.314641
0.685455,0.314545
0.686417,0.313583
0.685983,0.314017
0.683485,0.316515
0.685161,0.314839
0.685043,0.314957
0.685521,0.314479
0.686636,0.313364
0.686594,0.313406
0.687213,0.312787
0.688608,0.311392
0.689314,0.310686
0.68973,0.31027
0.690194,0.309806
0.690656,0.309344
0.691115,0.308885
0.689937,0.310063
0.690234,0.309766
0.691286,0.308714
0.692354,0.307646
0.692809,0.307191
0.689874,0.310126
0.689657,0.310343
0.690111,0.309889
0.689878,0.310122
0.689991,0.310009
0.687567,0.312433
0.688163,0.311837
0.689362,0.310638
0.687106,0.312894
0.685754,0.314246
0.686206,0.313794
0.685724,0.314276
0.686175,0.313825
0.68382,0.31618
0.683481,0.316519
0.683616,0.316384
0.681439,0.318561
0.682468,0.317532
0.682916,0.317084
0.683625,0.316375
0.6814,0.3186
0.681502,0.318498
0.681329,0.318671
0.681435,0.318565
0.68286,0.31714
0.680403,0.319597
0.681073,0.318927
0.68162,0.31838
0.682769,0.317231
0.683443,0.316557
0.683582,0.316418
0.684435,0.315565
0.685548,0.314452
0.684914,0.315086
0.685201,0.314799
0.685896,0.314104
0.686326,0.313674
0.686711,0.313289
0.687124,0.312876
0.686931,0.313069
0.687631,0.312369
0.687586,0.312414
0.688646,0.311354
0.689581,0.310419
0.689719,0.310281
0.690265,0.309735
0.689678,0.310322
0.689317,0.310683
0.689597,0.310403
0.690141,0.309859
0.691527,0.308473
0.691806,0.308194
0.691794,0.308206
0.692436,0.307564
0.69258,0.30742
0.692855,0.307145
0.694157,0.305843
0.694563,0.305437
0.695062,0.304938
0.695053,0.304947
0.694207,0.305793
0.693314,0.306686
0.694472,0.305528
0.693835,0.306165
0.694963,0.305037
0.695112,0.304888
0.695255,0.304745
0.695901,0.304099
0.695407,0.304593
0.695791,0.304209
0.695393,0.304607
0.695786,0.304214
0.69795,0.30205
0.697744,0.302256
0.698487,0.301513
0.698761,0.301239
0.698184,0.301816
0.698803,0.301197
0.699404,0.300596
0.699095,0.300905
0.69994,0.30006
0.699979,0.300021
0.700367,0.299633
0.701424,0.298576
0.701696,0.298304
0.702072,0.297928
0.702341,0.297659
0.701381,0.298619
0.702098,0.297902
0.702479,0.297521
0.702424,0.297576
0.702695,0.297305
0.703352,0.296648
0.70341,0.29659
0.703789,0.296211
0.703524,0.296476
0.703219,0.296781
0.703605,0.296395
0.702833,0.297167
0.703211,0.296789
0.701651,0.298349
0.701924,0.298076
0.702301,0.297699
0.702475,0.297525
0.702356,0.297644
0.702837,0.297163
0.702564,0.297436
0.70306,0.29694
0.700472,0.299528
0.700848,0.299152
0.701442,0.298558
0.701714,0.298286
0.702091,0.297909
0.699728,0.300272
0.696699,0.303301
0.69675,0.30325
0.697028,0.302972
0.697205,0.302795
0.698013,0.301987
0.696094,0.303906
0.696179,0.303821
0.697274,0.302726
0.697855,0.302145
0.695582,0.304418
0.696369,0.303631
0.694085,0.305915
0.694891,0.305109
0.692445,0.307555
0.69292,0.30708
0.693295,0.306705
0.693411,0.306589
0.69505,0.30495
0.694687,0.305313
0.695927,0.304073
0.696413,0.303587
0.694645,0.305355
0.695016,0.304984
0.695385,0.304615
0.696136,0.303864
0.6966,0.3034
0.697062,0.302938
0.697433,0.302567
0.697796,0.302204
0.69808,0.30192
0.698445,0.301555
0.698819,0.301181
0.698998,0.301002
0.699304,0.300696
0.69905,0.30095
0.698984,0.301016
0.699342,0.300658
0.699638,0.300362
0.700717,0.299283
0.700931,0.299069
0.700958,0.299042
0.701851,0.298149
0.702046,0.297954
0.702178,0.297822
0.702888,0.297112
0.703944,0.296056
0.70447,0.29553
0.704736,0.295264
0.705177,0.294823
0.705791,0.294209
0.706396,0.293604
0.706753,0.293247
0.707028,0.292972
0.707878,0.292122
0.708385,0.291615
0.706955,0.293045
0.707234,0.292766
0.707449,0.292551
0.707008,0.292992
0.707528,0.292472
0.706859,0.293141
0.707126,0.292874
0.706936,0.293064
0.704777,0.295223
0.704356,0.295644
0.704115,0.295885
0.704564,0.295436
0.705943,0.294057
0.706702,0.293298
0.707661,0.292339
0.708167,0.291833
0.708205,0.291795
0.708329,0.291671
0.708682,0.291318
0.706347,0.293653
0.706113,0.293887
0.706487,0.293513
0.707225,0.292775
0.706611,0.293389
0.706879,0.293121
0.705369,0.294631
0.705723,0.294277
0.70565,0.29435
0.706347,0.293653
0.706545,0.293455
0.706532,0.293468
0.706869,0.293131
0.707206,0.292794
0.707041,0.292959
0.707333,0.292667
0.707673,0.292327
0.707938,0.292062
0.708144,0.291856
0.708087,0.291913
0.708026,0.291974
0.708251,0.291749
0.708798,0.291202
0.709269,0.290731
0.709903,0.290097
0.710181,0.289819
0.710307,0.289693
0.710517,0.289483
0.710673,0.289327
0.710871,0.289129
0.71107,0.28893
0.711545,0.288455
0.711241,0.288759
0.710699,0.289301
0.709352,0.290648
0.70943,0.29057
0.709802,0.290198
0.709391,0.290609
0.708985,0.291015
0.708675,0.291325
0.708566,0.291434
0.708695,0.291305
0.708985,0.291015
0.709514,0.290486
0.709408,0.290592
0.709304,0.290696
0.709621,0.290379
0.709634,0.290366
0.710573,0.289427
0.710775,0.289225
0.71126,0.28874
0.710971,0.289029
0.711259,0.288741
0.711161,0.288839
0.711435,0.288565
0.711705,0.288295
0.71179,0.28821
0.711879,0.288121
0.711966,0.288034
0.712098,0.287902
0.71146,0.28854
0.711971,0.288029
0.712125,0.287875
0.71251,0.28749
0.7126,0.2874
0.712652,0.287348
0.710773,0.289227
0.711222,0.288778
0.711539,0.288461
0.712343,0.287657
0.712574,0.287426
0.712662,0.287338
0.712398,0.287602
0.712685,0.287315
0.712844,0.287156
0.713514,0.286486
0.712563,0.287437
0.713069,0.286931
0.712423,0.287577
0.712397,0.287603
0.712921,0.287079
0.712678,0.287322
0.712369,0.287631
0.71247,0.28753
0.712402,0.287598
0.711999,0.288001
0.711831,0.288169
0.712363,0.287637
0.713008,0.286992
0.71311,0.28689
0.713276,0.286724
0.713214,0.286786
0.713484,0.286516
0.713622,0.286378
0.713562,0.286438
0.713502,0.286498
0.713763,0.286237
0.714365,0.285635
0.714146,0.285854
0.714337,0.285663
0.713008,0.286992
0.712482,0.287518
0.712406,0.287594
0.712519,0.287481
0.713005,0.286995
0.713978,0.286022
0.714019,0.285981
0.713352,0.286648
0.71372,0.28628
0.713632,0.286368
0.71376,0.28624
0.714264,0.285736
0.714688,0.285312
0.714899,0.285101
0.715449,0.284551
0.715739,0.284261
0.715546,0.284454
0.71585,0.28415
0.716362,0.283638
0.716395,0.283605
0.716417,0.283583
0.716753,0.283247
0.716716,0.283284
0.717127,0.282873
0.717088,0.282912
0.716977,0.283023
0.717088,0.282912
0.715226,0.284774
0.713478,0.286522
0.713588,0.286412
0.713947,0.286053
0.714563,0.285437
0.714862,0.285138
0.71353,0.28647
0.714214,0.285786
0.714321,0.285679
0.714278,0.285722
0.71449,0.28551
0.714448,0.285552
0.714549,0.285451
0.714791,0.285209
0.715033,0.284967
0.715299,0.284701
0.715399,0.284601
0.715664,0.284336
0.715764,0.284236
0.716003,0.283997
0.715544,0.284456
0.715711,0.284289
0.715534,0.284466
0.715083,0.284917
0.715047,0.284953
0.715346,0.284654
0.715442,0.284558
0.715456,0.284544
0.715795,0.284205
0.715762,0.284238
0.716059,0.283941
0.71424,0.28576
0.715256,0.284744
0.713556,0.286444
0.713655,0.286345
0.713754,0.286246
0.711822,0.288178
0.711383,0.288617
0.711599,0.288401
0.711907,0.288093
0.711741,0.288259
0.71209,0.28791
0.712623,0.287377
0.712856,0.287144
0.712998,0.287002
0.711228,0.288772
0.71093,0.28907
0.710899,0.289101
0.711033,0.288967
0.711289,0.288711
0.711259,0.288741
0.710967,0.289033
0.710678,0.289322
0.709338,0.290662
0.709308,0.290692
0.709409,0.290591
0.709697,0.290303
0.709895,0.290105
0.709865,0.290135
0.710351,0.289649
0.710756,0.289244
0.710727,0.289273
0.710964,0.289036
0.711122,0.288878
0.711095,0.288905
0.711119,0.288881
0.710842,0.289158
0.711442,0.288558
0.711469,0.288531
0.711567,0.288433
0.712185,0.287815
0.712035,0.287965
0.712008,0.287992
0.711615,0.288385
0.711834,0.288166
0.712415,0.287585
0.712267,0.287733
0.712561,0.287439
0.712534,0.287466
0.712708,0.287292
0.712921,0.287079
0.712775,0.287225
0.712749,0.287251
0.712605,0.287395
0.712898,0.287102
0.712991,0.287009
0.712816,0.287184
0.712675,0.287325
0.712185,0.287815
0.712047,0.287953
0.712259,0.287741
0.712585,0.287415
0.712908,0.287092
0.713,0.287
0.713356,0.286644
0.713788,0.286212
0.714298,0.285702
0.71416,0.28584
0.714023,0.285977
0.713886,0.286114
0.714085,0.285915
0.713727,0.286273
0.713259,0.286741
0.71335,0.28665
0.713329,0.286671
0.713786,0.286214
0.714361,0.285639
0.714713,0.285287
0.714801,0.285199
0.715052,0.284948
0.715356,0.284644
0.71598,0.28402
0.716559,0.283441
0.71664,0.28336
0.716189,0.283811
0.716257,0.283743
0.716022,0.283978
0.71624,0.28376
0.715901,0.284099
0.715881,0.284119
0.715905,0.284095
0.715991,0.284009
0.715967,0.284033
0.715845,0.284155
0.715618,0.284382
0.715393,0.284607
0.715835,0.284165
0.716,0.284
0.7166,0.2834
0.71648,0.28352
0.716566,0.283434
0.716759,0.283241
0.716538,0.283462
0.716624,0.283376
0.717292,0.282708
0.717597,0.282403
0.717983,0.282017
0.717965,0.282035
0.717747,0.282253
0.718041,0.281959
0.71869,0.28131
0.718672,0.281328
0.718655,0.281345
0.719001,0.280999
0.719254,0.280746
0.719237,0.280763
0.719024,0.280976
0.719019,0.280981
0.718906,0.281094
0.719184,0.280816
0.71878,0.28122
0.718572,0.281428
0.718655,0.281345
0.718955,0.281045
0.718941,0.281059
0.718928,0.281072
0.719051,0.280949
0.71932,0.28068
0.719385,0.280615
0.719671,0.280329
0.719373,0.280627
0.719267,0.280733
0.719541,0.280459
0.719887,0.280113
0.719498,0.280502
0.719976,0.280024
0.719403,0.280597
0.7193,0.2807
0.719662,0.280338
0.719704,0.280296
0.719789,0.280211
0.720135,0.279865
0.72022,0.27978
0.720596,0.279404
0.72104,0.27896
0.72094,0.27906
0.721022,0.278978
0.72144,0.27856
0.721587,0.278413
0.722121,0.277879
0.722112,0.277888
0.722285,0.277715
0.722186,0.277814
0.721907,0.278093
0.72145,0.27855
0.720994,0.279006
0.721304,0.278696
0.721298,0.278702
0.721471,0.278529
0.721199,0.278801
0.721035,0.278965
0.721504,0.278496
0.719971,0.280029
0.720325,0.279675
0.720384,0.279616
0.720346,0.279654
0.720167,0.279833
0.720132,0.279868
0.720658,0.279342
0.720885,0.279115
0.720833,0.279167
0.720657,0.279343
0.720569,0.279431
0.720569,0.279431
0.720395,0.279605
0.720892,0.279108
0.721321,0.278679
0.721148,0.278852
0.721521,0.278479
0.721673,0.278327
0.721587,0.278413
0.721501,0.278499
0.721246,0.278754
0.72133,0.27867
0.72133,0.27867
0.721498,0.278502
0.721581,0.278419
0.721953,0.278047
0.722156,0.277844
0.722251,0.277749
0.722334,0.277666
0.722084,0.277916
0.722002,0.277998
0.721837,0.278163
0.72192,0.27808
0.722141,0.277859
0.721977,0.278023
0.721896,0.278104
0.721734,0.278266
0.721572,0.278428
0.721493,0.278507
0.72149,0.27851
0.72133,0.27867
0.721415,0.278585
0.721176,0.278824
0.721341,0.278659
0.721344,0.278656
0.721506,0.278494
0.721589,0.278411
0.721353,0.278647
0.721278,0.278722
0.721361,0.278639
0.721745,0.278255
0.721749,0.278251
0.721673,0.278327
0.721835,0.278165
0.721524,0.278476
0.722049,0.277951
0.721975,0.278025
0.722523,0.277477
0.722215,0.277785
0.722683,0.277317
0.722299,0.277701
0.722225,0.277775
0.722495,0.277505
0.722552,0.277448
0.722326,0.277674
0.722254,0.277746
0.722105,0.277895
0.722186,0.277814
0.722191,0.277809
0.722545,0.277455
0.722473,0.277527
0.722175,0.277825
0.721954,0.278046
0.722035,0.277965
0.722264,0.277736
0.722119,0.277881
0.721975,0.278025
0.721907,0.278093
0.721764,0.278236
0.721249,0.278751
0.721257,0.278743
0.720818,0.279182
0.720902,0.279098
0.720762,0.279238
0.720993,0.279007
0.720707,0.279293
0.720642,0.279358
0.720652,0.279348
0.720734,0.279266
0.720377,0.279623
0.720241,0.279759
0.720251,0.279749
0.720663,0.279337
0.720746,0.279254
0.720828,0.279172
0.720693,0.279307
0.720558,0.279442
0.720352,0.279648
0.720218,0.279782
0.720157,0.279843
0.72024,0.27976
0.720322,0.279678
0.720261,0.279739
0.720129,0.279871
0.720069,0.279931
0.719938,0.280062
0.720346,0.279654
0.720427,0.279573
0.720509,0.279491
0.720721,0.279279
0.720451,0.279549
0.720733,0.279267
0.720604,0.279396
0.720825,0.279175
0.720767,0.279233
0.721056,0.278944
0.721135,0.278865
0.7208,0.2792
0.720811,0.279189
0.720822,0.279178
0.721088,0.278912
0.720824,0.279176
0.720835,0.279165
0.720778,0.279222
0.720926,0.279074
0.721074,0.278926
0.721291,0.278709
0.721166,0.278834
0.72111,0.27889
0.720986,0.279014
0.721267,0.278733
0.721517,0.278483
0.721814,0.278186
0.721757,0.278243
0.72201,0.27799
0.721954,0.278046
0.721697,0.278303
0.722217,0.277783
0.722095,0.277905
0.722239,0.277761
0.722184,0.277816
0.72246,0.27754
0.722603,0.277397
0.722679,0.277321
0.722952,0.277048
0.722765,0.277235
0.722578,0.277422
0.722784,0.277216
0.722729,0.277271
0.722999,0.277001
0.722879,0.277121
0.722888,0.277112
0.722704,0.277296
0.722921,0.277079
0.722931,0.277069
0.722813,0.277187
0.723069,0.276931
0.722951,0.277049
0.722705,0.277295
0.722461,0.277539
0.722408,0.277592
0.722292,0.277708
0.722049,0.277951
0.721998,0.278002
0.721883,0.278117
0.721769,0.278231
0.721655,0.278345
0.721731,0.278269
0.721554,0.278446
0.721315,0.278685
0.721455,0.278545
0.721342,0.278658
0.720917,0.279083
0.720805,0.279195
0.720695,0.279305
0.720772,0.279228
0.720537,0.279463
0.720552,0.279448
0.720318,0.279682
0.720209,0.279791
0.720162,0.279838
0.720301,0.279699
0.720316,0.279684
0.720147,0.279853
0.720039,0.279961
0.720177,0.279823
0.720193,0.279807
0.720391,0.279609
0.720589,0.279411
0.720604,0.279396
0.720618,0.279382
0.720693,0.279307
0.720647,0.279353
0.720661,0.279339
0.720796,0.279204
0.72087,0.27913
0.720763,0.279237
0.720837,0.279163
0.72103,0.27897
0.721103,0.278897
0.72132,0.27868
0.721452,0.278548
0.721643,0.278357
0.721715,0.278285
0.721609,0.278391
0.72174,0.27826
0.721811,0.278189
0.721823,0.278177
0.722108,0.277892
0.720362,0.279638
0.720621,0.279379
0.720633,0.279367
0.720528,0.279472
0.720816,0.279184
0.721061,0.278939
0.721312,0.278688
0.721266,0.278734
0.721394,0.278606
0.721645,0.278355
0.72183,0.27817
0.721959,0.278041
0.721912,0.278088
0.721889,0.278111
0.721786,0.278214
0.721856,0.278144
0.721753,0.278247
0.721651,0.278349
0.721892,0.278108
0.721962,0.278038
0.721917,0.278083
0.722042,0.277958
0.721884,0.278116
0.722122,0.277878
0.722021,0.277979
0.722145,0.277855
0.722269,0.277731
0.722168,0.277832
0.722292,0.277708
0.722359,0.277641
0.722314,0.277686
0.722381,0.277619
0.722281,0.277719
0.722403,0.277597
0.722247,0.277753
0.722148,0.277852
0.72227,0.27773
0.722504,0.277496
0.722706,0.277294
0.722718,0.277282
0.722509,0.277491
0.722657,0.277343
0.722449,0.277551
0.722677,0.277323
0.722689,0.277311
0.722647,0.277353
0.722659,0.277341
0.722726,0.277274
0.72252,0.27748
0.722315,0.277685
0.722328,0.277672
0.722178,0.277822
0.722028,0.277972
0.722042,0.277958
0.722216,0.277784
0.722122,0.277878
0.722387,0.277613
0.722454,0.277546
0.722306,0.277694
0.722265,0.277735
0.722278,0.277722
0.722345,0.277655
0.722144,0.277856
0.722104,0.277896
0.722011,0.277989
0.722131,0.277869
0.722091,0.277909
0.721945,0.278055
0.721906,0.278094
0.721814,0.278186
0.721669,0.278331
0.721683,0.278317
0.721749,0.278251
0.721605,0.278395
0.721672,0.278328
0.72203,0.27797
0.722096,0.277904
0.722057,0.277943
0.721914,0.278086
0.722003,0.277997
0.722017,0.277983
0.722186,0.277814
0.7222,0.2778
0.722162,0.277838
0.722485,0.277515
0.722344,0.277656
0.722305,0.277695
0.722216,0.277784
0.722127,0.277873
0.722089,0.277911
0.722283,0.277717
0.722348,0.277652
0.72226,0.27774
0.722375,0.277625
0.722236,0.277764
0.722684,0.277316
0.723014,0.276986
0.723028,0.276972
0.723092,0.276908
0.723356,0.276644
0.723369,0.276631
0.723231,0.276769
0.723194,0.276806
0.723357,0.276643
0.72342,0.27658
0.723631,0.276369
0.723693,0.276307
0.723656,0.276344
0.723618,0.276382
0.723482,0.276518
0.723544,0.276456
0.723408,0.276592
0.723371,0.276629
0.723285,0.276715
0.72315,0.27685
0.723212,0.276788
0.723078,0.276922
0.723041,0.276959
0.722908,0.277092
0.722725,0.277275
0.72269,0.27731
0.722606,0.277394
0.722375,0.277625
0.722341,0.277659
0.722403,0.277597
0.722417,0.277583
0.722334,0.277666
0.722299,0.277701
0.722265,0.277735
0.722423,0.277577
0.722437,0.277563
0.722402,0.277598
0.722512,0.277488
0.722573,0.277427
0.722586,0.277414
0.7226,0.2774
0.722518,0.277482
0.722692,0.277308
0.723086,0.276914
0.722814,0.277186
0.722637,0.277363
0.722747,0.277253
0.723163,0.276837
0.723318,0.276682
0.723331,0.276669
0.723203,0.276797
0.722981,0.277019
0.722901,0.277099
0.723186,0.276814
0.723106,0.276894
0.723073,0.276927
0.723087,0.276913
0.723054,0.276946
0.723021,0.276979
0.722989,0.277011
0.723003,0.276997
0.722877,0.277123
0.722845,0.277155
0.722951,0.277049
0.722965,0.277035
0.722933,0.277067
0.723039,0.276961
0.722869,0.277131
0.722699,0.277301
0.722713,0.277287
0.722773,0.277227
0.722603,0.277397
0.722526,0.277474
0.722586,0.277414
0.722509,0.277491
0.722827,0.277173
0.722932,0.277068
0.722856,0.277144
0.722965,0.277035
0.722753,0.277247
0.722858,0.277142
0.722692,0.277308
0.722967,0.277033
0.722937,0.277063
0.722816,0.277184
0.722696,0.277304
0.722531,0.277469
0.722411,0.277589
0.722516,0.277484
0.722442,0.277558
0.722457,0.277543
0.722562,0.277438
0.722398,0.277602
0.722279,0.277721
0.722206,0.277794
0.72231,0.27769
0.722237,0.277763
0.722163,0.277837
0.722179,0.277821
0.722372,0.277628
0.722254,0.277746
0.722314,0.277686
0.722693,0.277307
0.72284,0.27716
0.722987,0.277013
0.72287,0.27713
0.722972,0.277028
0.723238,0.276762
0.723297,0.276703
0.723442,0.276558
0.723456,0.276544
0.72334,0.27666
0.723311,0.276689
0.723239,0.276761
0.723167,0.276833
0.723447,0.276553
0.723505,0.276495
0.723606,0.276394
0.723534,0.276466
0.723333,0.276667
0.723305,0.276695
0.723276,0.276724
0.723377,0.276623
0.72352,0.27648
0.723277,0.276723
0.723121,0.276879
0.723466,0.276534
0.723565,0.276435
0.723708,0.276292
0.723764,0.276236
0.723736,0.276264
0.723708,0.276292
0.723765,0.276235
0.723948,0.276052
0.724046,0.275954
0.724017,0.275983
0.724115,0.275885
0.723919,0.276081
0.724123,0.275877
0.724011,0.275989
0.724067,0.275933
0.723997,0.276003
0.72397,0.27603
0.723984,0.276016
0.723956,0.276044
0.724012,0.275988
0.72386,0.27614
0.723749,0.276251
0.723805,0.276195
0.723654,0.276346
0.723627,0.276373
0.723517,0.276483
0.723573,0.276427
0.723505,0.276495
0.723882,0.276118
0.724253,0.275747
0.724103,0.275897
0.724076,0.275924
0.72405,0.27595
0.723941,0.276059
0.723956,0.276044
0.723888,0.276112
0.724025,0.275975
0.723999,0.276001
0.724013,0.275987
0.724149,0.275851
0.724082,0.275918
0.724178,0.275822
0.724192,0.275808
0.724206,0.275794
0.72426,0.27574
0.724234,0.275766
0.724167,0.275833
0.72402,0.27598
0.724115,0.275885
0.724249,0.275751
0.724183,0.275817
0.724277,0.275723
0.72425,0.27575
0.724184,0.275816
0.724278,0.275722
0.724093,0.275907
0.724146,0.275854
0.724081,0.275919
0.723936,0.276064
0.723911,0.276089
