2662
500000
333004
333004
333004
333004
333004
333004
333004
333004
333004
333004
333004
333004
332895
332895
332895
332895
332895
332895
332895
332895
332895
332895
332895
332895
332895
332895
332895
332895
332895
332895
332895
331042
331042
331042
331042
329494
329494
329494
327064
327064
327064
327064
327064
327064
327064
327064
327064
327064
327064
327064
327064
327064
327064
327064
327064
327064
326624
326624
326624
326624
325255
325255
325255
325255
325255
325255
325255
325255
325255
325255
325255
325255
325255
325255
325255
325255
325255
325255
325255
322508
322508
322508
322508
322508
322508
322508
322508
322508
322215
322215
322215
321830
321830
321830
321830
321830
321830
321830
321830
321830
321830
321830
321830
321830
321830
321830
321273
321273
321273
321273
321273
321273
321273
321273
321273
321273
321273
321273
321273
321273
321273
321273
321058
321058
321058
321058
321058
321058
321058
321058
321058
321058
321058
321058
321058
321058
321058
321058
318352
318352
318352
318352
318352
318352
318352
318352
318352
318352
318352
318352
318352
318352
318352
318352
315941
315941
315941
315941
315941
315941
315941
315941
315941
315941
315394
315394
315394
315394
315394
315394
315394
315394
315394
315394
315394
315394
314817
314817
314817
314817
314817
314817
314817
314817
314288
314288
314288
314288
314288
314288
314288
314288
314288
314288
314288
314288
314288
314288
314288
314288
313817
313817
311879
311879
311879
311879
311879
311879
311879
311879
311879
311879
311879
311879
311879
311879
311879
311879
309407
309407
309407
309407
309407
309407
309407
305781
305781
305781
305781
305781
305781
305781
305781
305781
305781
305781
305781
305781
305781
305781
305781
305715
305715
305715
305715
305715
305715
305715
305715
305715
305715
305715
305715
305715
305633
305633
305633
305633
305633
305633
305633
305633
305633
305633
305601
305601
305567
305567
305567
305567
305567
305567
305567
305567
305567
305567
305567
305567
305567
305567
305567
305567
304116
304116
304116
304116
304116
304116
304116
304116
304116
304116
304116
304116
304116
304116
304116
304116
304116
304116
304116
304116
301864
301864
301864
301864
301864
301864
301864
301864
301864
301864
301864
301864
301864
301864
301864
300280
300280
300280
300280
300280
300280
300280
300280
300280
300280
300280
300280
300280
300280
300280
300280
300280
300280
300280
299746
298830
298830
298830
298830
298830
298830
298830
298830
298830
298830
295767
295767
295767
295767
295767
295767
295767
295767
295767
295767
295767
295767
294528
294528
294528
294528
294528
294528
294528
294528
294528
294528
294528
294528
294528
294528
294528
294528
294528
294528
294528
294528
294097
294097
294097
294097
294097
294097
294097
294097
294097
294097
294097
294097
294097
294097
294097
294097
293808
293808
293808
293808
293808
293808
293808
293808
293808
293808
293808
293808
293808
293808
293808
293808
291515
291515
291515
291515
291515
290509
290509
290509
290509
290509
290509
290509
290509
290509
290509
290509
290509
290509
290509
290509
290509
290509
290509
290509
290509
289664
289664
289664
289664
289664
289664
289664
289664
289664
289664
289664
289664
289664
289664
289664
289664
289664
289664
289664
288948
288948
288948
288948
288948
288948
288948
288948
288948
288948
288948
288948
288948
288948
288948
288948
288948
288948
288948
288948
287877
287877
287877
287877
287877
287877
287877
287877
287877
287877
287877
287877
287877
287877
287087
285600
285600
285600
285600
285600
285600
285600
285600
285600
284992
284992
284992
284992
284992
284992
284992
284992
284992
284992
284992
284992
284992
284992
284992
284992
284992
284992
284474
284474
284474
284474
284474
284474
284474
284474
284474
284474
284474
284474
283527
283527
283527
283527
283527
283527
283527
283527
283527
283527
283527
283527
283527
283527
283527
283527
283527
283527
283156
283156
283156
283156
283156
283156
283156
283156
283156
283156
283156
283156
283156
283156
283130
283130
283130
283130
282561
282307
282307
282307
282307
282307
282307
282307
282307
282307
281595
281595
281595
281595
281595
281595
281595
281595
281595
281595
281595
281595
281595
280808
280808
280808
280747
280747
280747
280747
280747
280747
280747
280747
280747
280747
280747
280747
280747
280747
280747
280747
280277
278958
278958
278958
278958
278958
278958
278958
278958
278958
278958
278958
278958
278958
278958
278958
278958
278958
278958
278958
278958
278093
278093
278093
278093
278093
278093
278093
278087
278087
278087
278087
278087
278087
278087
278087
278087
278087
278087
278087
278087
278087
278087
277494
277494
277494
277494
277494
277494
277494
277494
277494
277494
277292
277292
277292
277292
276820
276820
276820
276820
276820
276820
276820
276820
276627
276627
275470
275470
275470
275470
275470
275470
275470
275470
275470
275470
275470
275235
275235
275235
275235
275235
275235
275235
275235
274099
274099
274099
274099
274099
274099
274099
274099
274099
274099
274099
274099
274099
272882
272882
272882
272882
272876
272876
272876
272876
272876
272876
272876
272876
272876
272876
272510
272510
272510
272510
272510
272510
272510
272510
272510
272510
272510
272435
272435
272435
272435
272435
272435
272435
272435
272435
272435
272435
272435
272435
272435
272257
272257
272257
272257
272257
272257
272257
272257
272257
272257
272257
272257
272257
272257
272257
272257
272257
272257
272257
272257
270395
270395
270395
270061
270061
270061
270061
270061
270061
270061
270061
270061
270061
270061
270061
270023
270023
270023
270023
270023
270023
270023
270023
270023
270023
270023
270023
270023
270023
269613
269613
269613
269613
269613
269613
269613
269613
269613
269613
269613
269613
269613
269613
269613
269549
269549
269549
269549
269549
269442
269442
269442
269442
269442
269442
269442
269442
267924
267924
267924
267924
267924
267924
266958
266958
266958
266958
266958
266958
266458
266458
266458
266458
266458
263875
263875
263875
263875
263875
263875
263875
263875
263875
263875
263875
263875
263875
263875
263875
263875
263875
263570
263570
263570
263570
263570
263570
263570
263570
263570
263570
263570
263570
263570
263570
263570
263570
263570
263570
263253
263253
263253
263253
263253
263253
263253
263253
262913
262913
262913
262913
262913
262913
262913
262913
262913
262527
262527
262527
262527
262527
262527
262527
262527
262527
262527
262527
262527
262527
262527
262527
262527
262527
262527
262527
262527
260996
260996
260996
260996
260996
260996
260996
260996
260996
260996
260996
260996
260996
260996
260996
260617
260617
260617
260617
260617
260251
260251
259026
259026
259026
259026
259026
259026
259026
259026
259026
259026
259026
259026
259026
256516
256516
256516
256516
256516
256516
256516
256516
256516
256516
256516
256516
256516
256516
256516
256516
256516
256186
256186
256186
256186
256186
256186
256186
256186
256186
256186
256186
256186
256186
256186
256186
256186
256186
256186
256186
254434
254434
254434
254434
254434
254434
254434
254434
254434
254434
253988
253988
253988
253988
253988
253988
253988
253988
253988
253988
253988
253988
253988
253988
253988
253514
253514
253514
253514
253514
253514
253514
252975
252975
252975
252975
252975
252975
252975
252975
252975
252975
252975
252975
252975
252975
252208
252208
252208
252208
252208
252208
251892
251892
251892
251892
251892
251892
251892
250691
250691
250691
250691
250691
250691
250691
250691
250691
250691
250145
250145
250145
249362
249362
249362
249362
249362
249362
249362
249362
249362
249362
249362
249362
249362
249362
249354
249354
249354
249354
249354
249354
249354
249354
249354
249354
249354
248148
248148
248148
248148
248148
248148
248148
248148
248148
248148
248148
248148
248148
248148
248148
247363
247363
247363
247363
247363
247363
247363
247363
247363
247363
247363
247363
247363
247363
247363
247363
247363
247363
245730
245730
245730
245488
245488
245488
245488
245488
244684
244684
244684
244684
244684
244684
243621
243621
243621
243621
243621
243621
243621
243621
243621
243621
243621
243621
243621
243621
243621
243621
242487
242487
242487
242487
242140
242140
242140
242140
242140
242140
242140
242140
242140
242140
242140
242140
242140
242140
242140
242140
242140
242140
242140
235457
235457
235457
235457
235457
235457
235457
235457
235457
234742
234742
234742
234742
233899
233899
233899
233899
233899
233899
233899
233899
233899
233899
233899
233899
233899
233899
233899
233899
233899
233899
233899
232938
232938
232938
232938
232938
232938
232938
232938
232938
232938
232938
232938
232938
232938
232938
232938
232938
232938
232938
231324
231324
231324
231324
231324
231324
231324
231324
231324
231324
231324
231324
231324
231324
231324
231324
231324
231324
229358
229358
229358
229358
229358
229358
228997
228997
227425
227425
227425
227425
227425
227425
227425
227425
227425
227425
227425
227425
227425
227425
227425
226823
226823
226823
226823
226823
226823
226823
226823
226823
226823
226823
226823
226823
226823
226823
226823
226823
226823
225038
225038
225038
225038
225038
225038
225038
225038
225038
225038
225038
225038
225038
225038
225038
225038
224837
224837
224837
224837
224837
223920
223920
223920
220517
220517
220517
220517
220517
220517
220517
220517
220517
220517
218690
218690
218690
218690
218690
218690
218690
218690
218690
218690
218690
218690
218690
218690
218690
218690
218690
218690
218690
218690
218111
218111
218111
218111
218111
218111
218111
218111
218111
218111
218111
218111
218111
218111
218111
218111
218111
218111
217432
217432
217432
217432
217133
217133
217133
217133
217133
217133
217133
217133
217133
215958
215958
215958
215958
215958
215958
215958
213992
213992
213240
213240
213240
213240
213240
213240
213240
211982
211982
211982
211982
211982
211832
211832
211832
211832
211832
211832
211832
211832
211832
211832
211832
211832
211832
211832
211832
211832
211832
211832
211554
211440
211440
211440
211440
211440
210536
210536
210536
210536
210536
210536
210536
210536
210536
210536
210331
210331
210331
210331
210331
210331
210331
210331
210331
210331
210331
210331
210331
208928
208928
208928
208928
208928
208928
208928
208928
207137
207137
207137
207137
207137
207137
207137
207137
207137
207137
207137
207137
207137
207137
207137
207137
207137
205561
205561
205561
205561
205561
205561
205561
205561
205561
205561
205561
205455
205455
205455
205455
205455
205455
205455
205455
205455
205455
205455
205455
205455
205455
205455
205455
205351
205351
205351
205351
205351
205351
205351
205351
205351
205351
205351
205351
205351
205351
205351
205351
205351
205351
203709
203709
203709
203709
203709
203709
203709
203709
203709
203289
203289
203289
203289
198292
198292
198292
198292
198292
198292
198292
198292
198292
198292
198292
198292
198292
198292
193969
193969
193969
193969
193969
193969
193969
193969
193969
193969
193969
189294
189294
189294
189294
189294
189294
189294
189294
187446
187446
187446
187446
187446
187446
187446
187446
187446
187446
187446
187446
187446
187446
187446
185758
185758
185758
185758
185758
185758
185758
185730
185730
185730
185730
185730
185730
185730
185730
185730
185730
185730
185730
185282
185282
185282
185282
185282
185282
185282
185282
185282
185282
185282
185282
185282
185282
185282
185282
185282
185282
185282
185282
182738
182738
182738
182738
182377
182377
182377
182377
182377
182377
182377
182377
182377
182377
182377
182377
181097
181097
181097
181097
181097
181097
181097
181097
181097
181097
180110
180110
180110
180110
180110
180110
180110
180110
180110
180110
180110
180110
180110
180110
180110
180110
180110
180110
179514
179514
179514
179514
179514
179514
179514
179514
179514
179514
179514
179514
179514
179514
179514
179514
178745
178745
178745
178745
178745
178745
178745
178745
178745
178745
178745
178745
178745
178745
178745
178745
178549
178549
178549
178549
178549
178549
178549
178549
178549
178549
178549
178549
178549
178549
178549
177803
177803
177803
177803
177472
177472
177472
177472
177472
177472
177472
177472
177472
177472
177472
177472
177472
177472
177472
177472
177472
177472
177472
177472
177168
177168
177168
177168
175714
175714
175714
175714
175714
175714
175714
172878
172878
172878
172878
172878
172878
172878
172878
172878
172878
172135
172135
172135
172135
172135
172135
172135
172135
172135
172135
172135
172135
172135
172135
171615
171615
171615
171615
171615
171615
171615
171159
171159
171159
171159
171159
171159
171159
171159
171159
171159
171159
167682
167682
167682
167682
167682
165524
165524
165524
165524
163470
163470
163470
163470
163470
163470
163470
163470
163470
163470
163470
160924
160924
159855
159855
159855
159855
159855
159855
159855
159855
159855
159566
159566
159566
159566
159566
159566
159566
159566
159566
159566
159566
159566
159566
159072
159072
159072
159072
159072
159072
159072
159072
159072
159072
159072
159072
159072
159072
159072
159072
159072
157111
157111
157111
157111
157111
157111
157111
157111
157111
157111
157111
157111
157111
157111
157111
157111
157111
157111
157111
157111
155592
155592
155592
155592
155592
155592
155592
155592
155592
155592
155592
155592
155592
155592
155592
155592
155592
155592
155592
155421
155421
155421
155421
155421
155421
155421
153066
153066
153066
153066
153066
153066
153066
153066
153066
153066
152825
152825
152825
152825
152825
152825
152825
151683
151683
151683
151683
151683
151683
148623
148623
148623
148623
148623
148623
148623
148623
148623
148623
148623
148623
148623
148623
148623
148623
148623
148623
147309
147309
147309
147309
147309
147309
147309
147309
147309
147309
147309
147309
147309
147309
146389
146389
146389
146389
146389
146389
146389
146389
145844
145844
145844
145844
145844
145844
145844
145844
145844
145844
145818
145818
145818
145818
145818
145818
145818
145818
145818
145327
145327
145327
145327
145327
145327
145327
145327
145327
145327
145327
145327
145327
145327
145327
145327
142676
142676
142676
142039
142039
142039
142039
142039
142039
142039
142039
142039
142039
142039
138497
138497
138497
138497
138497
138497
138497
138497
138497
138497
138497
137954
137954
137954
137954
137954
137954
137954
137954
137954
137954
137954
137954
136296
136296
136296
136296
136296
136296
136296
136296
135910
135910
135910
135910
135910
135910
135910
135910
135910
135910
135910
135910
135910
135910
135910
135910
135910
135910
135910
135850
135850
135850
135850
135850
135850
135850
135850
135850
135850
135850
135850
135850
135850
135850
131573
131573
131024
131024
131024
131024
131024
131024
131024
131024
131024
131024
131024
131024
131024
130933
130933
130933
130933
130933
130933
130055
130055
130055
130055
130055
130055
130055
130055
130055
130055
130045
130045
130045
130045
130045
130045
130045
130045
130045
130045
130045
130045
130045
130045
130045
130045
129886
129886
129886
129886
129036
129036
129036
129036
129036
129036
129036
129036
129036
129036
129036
129036
129036
129036
129036
129036
129036
129036
129036
129036
128624
128624
128624
128624
128624
128624
128624
128624
128624
128624
128624
128624
128624
128624
128185
128185
128185
128185
128185
128185
128185
128185
128185
128185
128185
127343
127343
127343
127343
127343
127343
127343
127015
127015
127015
127015
126854
125270
125270
125270
125270
125270
125270
125270
125270
125270
125270
125270
125270
125270
125270
125270
125270
122341
122341
122341
122341
122341
122341
122341
122341
122341
122341
122341
122341
122341
122341
122341
122341
122341
122272
122272
122272
120772
120772
120772
120772
120772
120772
120772
120772
120772
120772
120772
120772
119582
119582
119582
119582
119582
119582
119582
119582
119582
119582
119136
119136
119136
119136
118300
118300
118300
118300
118300
118300
118300
118300
118300
118300
118300
118300
118300
118300
118300
118300
118300
118300
118300
117634
117634
117634
117634
117634
117634
117634
117634
110872
110872
110872
110872
110872
110872
110872
110872
110872
110872
109626
109626
109626
109626
109626
109626
109626
109230
107618
107618
107618
107618
107618
107618
107618
107618
107618
107618
107618
107618
107618
107563
107563
107563
107563
107563
107563
107563
107563
107563
107563
107563
107563
107563
107563
107563
107563
107563
107563
107563
107563
105628
105628
105628
105628
105117
105117
105117
105117
105117
105117
105117
105117
105117
105117
105117
105117
105117
105117
105117
105117
105117
103115
103115
103115
103115
102385
102385
102385
102385
102385
102385
102385
102385
102385
102385
102385
102385
102385
101486
101486
101486
101486
101486
101486
101486
101486
101486
101486
101486
101486
101486
101486
101486
101486
101309
101309
101309
101309
101309
101309
101309
101309
101309
101309
101309
101309
99084
99084
99084
99084
99084
99084
99084
99084
99084
99084
99084
99084
98531
98531
98531
98531
98531
98531
98531
96141
96141
96141
96141
96141
96140
96140
96140
96140
96140
96140
96140
96140
96140
96140
96140
95678
95678
95678
95678
95678
95678
95535
95535
95535
95535
95535
95535
93765
93765
93765
93765
93765
93765
93765
93765
93765
93765
93765
93765
93765
93765
93765
93765
93765
93765
91830
91830
91830
91830
91830
91830
91830
91830
91830
91830
91830
91830
91830
91830
91830
91830
91830
91830
91830
91830
91322
91322
91322
87654
87654
87654
87654
87256
86743
86743
86743
86743
86743
86743
86743
86743
86735
86735
86735
86735
86735
86735
86735
86735
86735
86735
86689
86689
86689
86689
86689
86689
86689
86689
86689
86689
86426
86426
86426
86426
86426
86426
86426
86426
86426
86426
86426
86426
86426
86426
86426
86426
86426
85493
85493
85493
85493
85493
85354
85354
85354
85354
85354
85354
85354
85354
85354
85354
85354
85180
85180
85121
85121
85121
85121
85121
85121
85121
85121
85121
85121
85121
85121
84458
84458
84458
84458
84458
84458
84458
84458
84458
84458
84458
84458
84458
84458
84458
84458
84458
83950
83950
83950
83950
83343
83343
83343
83343
83343
83343
83343
83343
83343
83343
83343
81203
81203
81203
81203
81203
81203
81203
81203
81203
81203
81203
81203
81203
81203
81203
81203
79890
79890
79890
79890
79890
79890
79890
79890
79890
79890
79890
79890
79890
79890
79890
79311
79311
79311
79311
79311
79311
79311
79300
78965
78965
78965
78965
78965
78965
78965
78827
78827
78827
78827
78827
78827
78827
78827
78827
78827
78827
76005
76005
76005
76005
76005
76005
76005
76005
74948
74948
74948
74948
74948
74948
74948
73876
73876
73876
73876
73372
73372
73372
73372
73372
73372
73372
73372
73372
73372
73372
73372
73372
73372
73372
67088
67088
67088
67088
67088
67088
67088
