1316
500000
332653
332653
332653
332653
332653
332653
332653
332653
332653
332653
332653
332653
332653
332653
326168
326168
326168
326168
326168
326168
326168
326168
326168
326168
326168
326168
326168
326168
325729
325729
322703
322703
322703
322703
322703
322703
322703
322703
322129
322129
322129
322129
322129
322129
322129
322129
322129
322129
318798
318798
318798
318798
318798
318798
318798
318798
318798
318798
318798
318798
318798
318798
318798
318798
318798
317274
317274
317274
317274
317274
317274
317274
317274
317274
317274
317274
317274
317274
317274
312194
312194
312194
312194
312194
312088
312088
312088
312088
312088
312088
312088
312088
312088
312088
312088
312088
308076
308076
308076
308076
308076
308076
308076
308076
307976
307976
307976
307976
306965
306965
306965
306965
306965
306965
306965
306965
306965
306965
306965
306965
306965
306965
305995
305995
305995
305995
305995
305995
302628
302628
302628
302628
302628
302628
302628
301785
301785
301785
301785
301785
301785
301785
301785
301785
301785
301785
301785
301785
301785
301785
301679
301679
301679
301679
292272
292272
292272
292272
292272
292272
292272
292272
292272
292272
292272
287460
287460
287460
287460
287460
287460
287460
287460
287460
287460
287460
281442
281442
281442
281442
281442
281442
281442
281442
281442
281442
281442
281442
281442
281442
281442
281442
280490
277053
277053
277053
277053
277053
277053
277053
277053
277053
277053
277053
277053
277053
277053
275958
275958
275958
275958
275958
275958
275958
275958
275958
275958
275958
275958
275958
275958
275958
275958
275958
272308
272308
272308
272308
272308
272308
272308
272308
272308
272308
272308
272308
272308
272308
272308
272308
272308
272308
272308
270674
270674
270674
270674
270674
266988
266988
266988
266988
266988
266988
266988
266988
266988
266988
266988
266988
266988
266988
266988
266988
266988
266988
266427
266427
266427
266427
266427
266427
266427
266427
266427
266427
266427
266427
266427
266427
266427
266427
266427
265519
265098
265098
265098
265098
265098
265098
265098
265098
265098
265098
265098
265098
265098
264707
264707
264707
264707
264707
264707
264707
264707
264707
264707
264707
264707
264707
264707
264707
264172
264172
264172
264172
264172
264172
263250
263250
263194
263194
263194
263194
263194
263194
263194
263194
263194
263194
263194
263194
263194
256120
256120
256120
256120
256120
256120
256120
256120
255783
255783
255783
255783
255783
255783
255783
255783
255783
255783
255783
255783
255783
255783
255783
255783
255783
255485
255485
255485
255485
255485
255485
255485
255485
255485
255485
253916
253916
253916
253916
253916
253916
253916
253916
253916
253916
253916
253916
253045
253045
253045
253045
253045
252250
252250
250042
250042
250042
250042
250042
250042
250042
250042
248323
248323
248323
248323
248323
248323
248323
248323
248323
248323
248323
248323
248323
248323
248323
248323
248323
248134
248134
248134
248134
248134
248134
248134
248134
248134
248134
248134
248134
246735
246735
246735
246735
246735
246735
246735
246735
246735
246735
246735
246735
246735
246735
246735
246735
246735
246735
245894
245894
245894
245894
245894
245894
245894
245894
245894
245894
245894
245894
243514
243514
243514
243514
243514
243514
243514
243514
243514
243514
243514
243307
243307
243307
243307
243307
243307
243307
243307
243307
243307
243307
243307
243307
238636
238636
238636
238636
238636
238636
238636
238636
238636
238636
234112
234112
232371
232371
230441
230441
230441
230441
230441
230441
230441
230441
230441
230441
230441
230441
229624
229624
229624
229624
229624
229624
229624
229624
229624
229624
229624
229624
229069
229069
229069
229069
229069
229069
229069
229069
229069
229069
229069
229069
229069
229069
229069
229069
229069
229069
221240
221240
220563
220563
220563
220563
220563
220563
220563
220563
220563
220563
220563
220563
217672
217672
217672
217672
217672
215047
215047
215047
215047
215047
215047
215047
215047
215047
215047
215047
215047
214862
214862
214862
214862
214862
214862
214862
214862
214862
214531
214531
214531
214531
214531
214531
214531
214531
214531
214531
214531
214531
214531
214531
214531
214531
214531
214531
214531
214531
214300
214300
214300
214300
214300
214300
214300
214300
203490
203490
203490
203490
203490
203490
203490
203490
203490
202541
202541
202541
202541
202541
202541
202541
202541
202541
202541
202541
202541
202541
202541
202541
202541
202541
200971
200971
200971
200971
200971
200971
200971
197659
197659
197659
197659
197659
197659
197659
195592
195592
195592
195592
195592
195592
195592
195592
195592
195592
195592
195592
195592
195592
195592
195592
195592
195592
195592
195592
195141
195141
195141
195141
195141
195141
195141
195141
195141
195141
195141
195141
195141
195141
194713
194713
194713
194713
194713
194713
194713
194575
194575
194575
194575
194575
194575
194575
194575
194575
194575
194575
194575
194575
194575
194575
194575
194575
193402
193402
193402
193402
193402
193402
193402
193402
193402
193402
187774
187774
187774
187774
187774
187774
187774
187774
187774
187774
183921
183921
183921
183921
183921
183921
183921
183921
183921
183921
183921
183921
182279
182279
182279
182279
182279
182279
182279
182279
182279
182279
182279
182279
182279
182279
180617
180617
180617
180617
180617
180617
180617
180617
180617
180617
180617
180617
180617
180164
180164
177295
177295
177295
177295
177295
177295
177295
177295
176395
176395
176395
176395
176395
176395
176395
176395
175919
175919
175919
175919
175919
174965
174965
174965
174965
174965
174965
174965
174965
174965
174965
174965
174965
174965
174965
170342
170342
170342
170342
170342
170342
170342
170342
163895
163895
163895
163895
163895
163895
163895
163895
163895
163895
163895
163895
163895
163895
163192
163192
163192
163192
163192
159074
159074
159074
159074
159074
159074
159074
159074
159074
159074
159074
159074
159074
158619
158619
158619
158619
158619
158619
158619
158619
158619
158619
158619
158619
158619
156161
156161
156161
156161
156161
156161
156161
156161
156161
154393
154393
154393
154393
154393
154393
154393
154393
154393
152577
152577
152577
152577
152577
152577
152577
152577
152577
152577
152577
152577
152577
152577
142764
142764
142764
142764
142764
142764
142764
142764
142764
142764
142764
142764
142764
140039
140039
140039
140039
140039
140039
140039
140039
140039
140039
140039
140039
140039
140039
140039
140039
140039
139109
139008
139008
139008
139008
139008
139008
139008
139008
139008
139008
136546
136546
136546
136546
136546
136546
136546
136546
136546
136546
136546
136546
136546
136546
136546
136546
136546
136546
136546
132734
132734
132734
132734
131382
131382
131382
131382
131382
131382
131382
131382
131346
131346
131346
131346
131346
131346
131346
131346
131346
131346
131346
131346
131346
131346
131346
131346
131346
131346
131220
131220
128939
128939
128939
128939
128939
128939
128939
128939
128939
127763
127763
127763
127763
127264
127264
127264
127264
127264
127264
127264
127264
127264
126753
126753
126753
126753
126753
126753
126753
126753
126753
126753
126753
126753
126753
126753
126753
126753
126753
126753
125625
125625
125625
124788
124788
124788
124788
124788
124788
124788
124788
124788
124788
124788
124788
124788
124788
124788
124788
124788
124788
124788
123790
123790
123790
123790
123790
123790
123790
123790
123790
123790
123790
122709
122709
122447
122447
122447
122447
122447
122447
122447
122447
122447
122447
122447
122447
122447
122447
122447
122447
122447
122447
120456
120456
120456
120456
120456
120456
120456
120456
120456
120456
120456
120456
117599
117599
115730
115730
115730
115730
115730
115730
115730
115730
115730
115730
115730
115730
115730
115730
114960
114960
114960
114960
114960
114960
114960
114960
114960
114960
114960
114487
114487
114487
114487
114487
114487
114487
114487
114487
114487
114487
114487
114487
113406
113406
113406
113406
113406
113406
113406
113406
113406
113406
113406
113406
113406
113406
113406
113406
108302
108302
108302
108302
108302
108302
107757
107757
107757
107757
107757
107757
107757
107757
107757
107757
107757
107757
106597
106597
106597
106597
104454
104454
104454
104454
104454
104454
104454
104454
104454
104454
104454
104454
104454
104454
104454
104454
104454
104454
104371
104371
104204
104204
104204
104204
104204
104204
104204
104204
104204
104204
104204
104204
104204
104204
104204
104204
104204
104204
103856
103856
103856
103856
103856
103856
103856
103856
99854
99500
99500
99500
99500
99500
99500
99500
99500
99500
99500
99500
99500
99500
99500
99500
98989
98989
98989
98989
98989
98989
98989
98989
98718
98718
98718
98718
98718
98718
98718
98718
98718
76519
76519
76519
76519
76519
76519
76519
76519
76519
76519
76519
76519
76519
76519
76519
76519
76519
76519
76519
74264
74264
74264
74264
74264
74264
74264
74264
74264
74264
74264
74264
74264
74264
74264
74264
74264
74264
74264
74197
74197
74197
74197
74197
74197
74197
74197
74197
74197
74197
74197
73118
73118
73118
73118
73118
73118
73118
73118
73118
73118
73118
73118
73118
73118
73118
73118
73118
73118
72092
72092
72092
66812
66812
66812
66812
66812
66812
66812
66812
66812
66812
