2664
500000
332261
332261
332261
332261
332261
332261
332261
332261
332261
331927
331927
331927
331927
331927
331927
331927
331927
331927
331927
331927
331927
331927
331927
331927
331927
331927
331927
331927
331012
331012
331012
331012
331012
331012
331012
331012
331012
331012
331012
331012
331012
331012
331012
331012
329993
329993
329993
329993
329993
329993
329993
329993
329993
329993
329993
329993
329993
329993
328961
328498
328498
328498
328498
327623
327623
327623
327623
327623
327623
327623
327623
327623
327623
327623
327623
325277
324325
324325
324325
324325
324325
324325
324325
324325
324325
324325
323185
323185
323185
323185
323185
323185
323185
323185
323185
323185
323185
323185
323185
323185
323185
323185
323086
323086
323086
323086
323086
322995
322995
322995
322995
322995
322995
322995
322995
322995
322995
322995
322995
322995
322995
322995
322995
322995
322995
322995
322995
320687
320687
320687
320687
320687
320687
320687
320687
320687
320687
320687
320687
320687
320687
320687
320687
320687
319996
319996
319996
319996
319996
319996
319996
319996
319996
319380
319380
319380
319380
319380
319380
319380
319380
319380
319210
319210
319210
319210
319210
319210
319210
319210
319210
319210
319210
319210
319210
319210
319210
319210
319210
319210
319210
317350
317350
317350
317350
317036
317036
317036
317036
317036
317036
317036
317036
317036
317036
317036
317036
317036
315931
315931
315931
315931
315931
315931
315841
315841
315841
315841
315841
315841
315841
315841
315841
315841
315841
315841
315841
315841
315841
315029
315029
315029
315029
315029
315029
315029
315029
315029
315029
315029
315029
315029
315029
315029
314665
314665
314665
314665
314665
314665
314665
314665
314665
314665
314665
314665
314665
314093
314093
314093
314093
314093
314093
314093
314093
314093
314093
314093
314093
314093
314093
314093
314093
314093
314093
312785
312785
312785
312785
312785
312785
312785
312785
312785
312785
311424
311424
311424
311424
311424
311424
311424
311424
311424
311424
311424
311424
311424
311424
310412
309838
309838
309838
309838
309838
309838
309838
309838
309838
309838
309838
309838
309838
309838
309838
309838
309838
309838
309838
309653
309653
309653
309653
309653
309528
309528
309528
309528
309528
309528
309528
309528
306985
306985
306314
306314
306314
306314
306314
306314
306314
306314
306314
306314
306314
306314
306314
306314
306314
306314
306314
306152
306152
306152
306152
306152
306152
306152
306152
306152
306152
306152
306152
305786
305786
305786
305786
305786
305786
305786
305786
305786
305786
305786
305786
305786
305786
305786
305486
305486
305486
305486
305486
305486
305486
305486
305335
305335
305335
305335
305335
305335
305335
305335
305335
305335
305335
305335
303169
303169
303169
303169
303169
303169
303169
303169
303169
303169
301556
301556
301556
301556
301556
301556
301556
301556
300702
300702
300702
300702
300702
300702
300702
300702
300702
300279
300279
300279
300279
300279
300279
300279
300279
300279
300279
300279
300279
300279
300279
300279
300279
299462
299462
299462
299462
299462
299462
299462
299462
299462
299462
299462
299462
299462
299462
299462
299462
299462
298924
298924
298924
298924
298491
298491
298491
298491
298491
298491
298491
298226
298226
297296
297296
296273
296273
295318
294387
294387
294387
294387
294387
294387
294387
294387
294387
294387
294387
294387
293807
293807
293807
293807
293807
293807
293395
293395
293395
293395
293395
293395
293395
293395
293395
293395
293395
293395
293395
293395
293395
293395
293195
293195
293195
293195
293195
293195
293195
293195
292358
292358
292358
292358
292358
292358
292358
292358
292358
292358
292358
292358
292358
292358
292358
292210
292210
292210
292210
292210
292210
292210
292210
292210
292210
292210
292210
292210
290283
290283
290283
290283
290283
290283
290283
290283
290283
290283
288141
288141
288141
288141
288141
288141
288141
288141
288141
288141
288141
288141
288141
287492
287492
287492
287492
287492
287492
287492
287492
287492
287492
287492
287492
287492
287492
287492
285307
285307
285307
285307
285307
285307
285307
285307
285307
285307
285307
285307
285307
285307
285307
285307
285307
285307
285307
285307
284564
284564
284564
284564
284564
284564
284564
284564
284564
284564
284564
284564
284564
284564
284564
284564
284564
284564
284564
284564
283955
283955
283426
283426
283426
283426
283426
283426
283426
283426
283426
283426
283426
283426
283426
283426
283426
283300
283300
283300
283300
283300
283300
283300
283300
283300
283300
283300
283300
283300
283300
283300
283300
283300
283300
283300
283300
282700
282700
282700
282700
282700
282700
282700
282700
282700
282700
282700
282700
282700
281641
281641
281641
281641
281641
281641
281641
281641
281641
281641
281641
281641
281641
281641
281641
281641
280811
280811
280811
280811
280811
280811
280811
280811
280811
280811
280811
280811
280004
280004
280004
280004
280004
280004
280004
280004
280004
280004
280004
280004
280004
280004
280004
280004
280004
280004
280004
280004
278975
278975
278975
278975
278975
278975
278975
278975
278975
278975
278975
278975
278975
278975
278975
278975
278975
277681
277681
277681
277681
277681
277681
277681
277681
277681
277681
277681
277681
277681
277681
277681
277365
277365
277365
277365
277365
277365
277365
277365
277365
277365
272014
272014
272014
272014
272014
272014
272014
272014
272014
272014
272014
272014
272014
272014
272014
272014
272014
272014
272014
269429
269429
269429
269429
269429
269429
269429
269429
269429
269429
269429
269429
269429
269429
269429
269429
269429
267951
267951
267951
267951
267951
267951
267951
267634
267634
267634
267634
267634
267634
267634
267634
267634
267634
267634
267634
267634
267634
267634
267634
267634
266461
266461
266461
266461
266461
266461
266461
266338
266338
266338
266338
266338
266338
266338
266338
266229
263584
263584
263584
263584
263311
263311
263311
263311
263311
263311
263311
263311
263311
263311
263311
263311
263311
263311
263311
263311
262737
262737
262737
262737
262737
262737
262737
262737
262737
262737
262737
262737
262737
262737
262737
262737
262737
262737
262737
261897
261897
261897
261897
261897
261897
261897
261897
261897
261897
261897
261897
261897
261295
261295
261295
261295
261295
261295
261295
261295
261295
261295
261295
261295
261295
261295
261295
261295
261295
261295
260960
260960
260960
260960
260960
260960
259528
259528
259528
259528
259528
259528
259528
259528
259528
259528
256627
256627
256627
256627
256627
256627
256627
256627
256627
256627
256627
256627
256627
256627
256627
256627
256627
256434
256434
255834
255834
255834
255834
255834
255834
255834
255834
254842
254842
254842
254842
254842
254842
254842
254396
254396
254396
254396
254396
254396
254396
254396
254396
253548
253548
253548
253548
253548
253548
253548
253548
253548
253548
253548
253548
253548
253548
253548
253548
252933
252933
252933
252933
252933
252933
252933
252933
252933
252933
252933
252933
252933
252933
251978
251978
251978
251978
251978
251978
251978
251978
251978
251907
251907
251907
251907
251907
251907
251907
251907
251907
251907
251907
251907
251907
250371
250371
250371
250371
250371
250371
250371
250371
250371
250371
250371
250371
250371
250371
249068
249068
249068
249068
249068
249068
249068
249068
249068
249068
249068
249068
249068
249068
249068
249068
249068
249068
249068
249068
247854
247854
247854
247854
247854
247854
247854
247854
246171
246171
246171
246171
246171
246171
245429
245429
245429
245429
245429
245429
245429
245429
245429
245429
245429
245429
245429
245429
245429
244985
244985
244985
244985
244985
244985
244985
244985
244595
244595
244595
244595
244595
244595
244595
244595
244595
244595
244595
244595
244595
244595
244595
244595
244595
244069
244069
244069
244069
244069
244069
244069
244069
244069
244069
244069
244069
244069
244069
244069
244069
241705
241705
241705
241705
241473
241473
241473
241363
241363
241363
241363
241363
241363
241363
241363
241363
241363
240760
240760
239664
239664
239664
239664
239664
239664
239664
239664
239664
239664
239664
239664
239664
239664
239664
239090
239090
239090
239090
239090
239090
238691
238691
238691
238691
238691
238691
238691
238691
238691
238691
238691
238691
238691
238691
238691
238691
238691
238691
238691
237232
237232
237232
237232
237232
237160
237160
237160
237160
237160
237160
237160
237160
237160
237160
237160
236517
236517
236517
236517
236517
236517
235977
235977
235977
235977
235977
235977
235977
235977
235977
235977
235977
235977
235977
235977
235977
234152
234152
234152
234152
234152
234152
234152
234152
234152
234152
234152
234152
234152
234152
234152
234152
234152
234152
234152
233596
233596
233596
233596
233596
233596
233596
233596
233596
233596
233596
233596
233596
233596
233596
233596
233519
233519
233519
233137
233137
233137
233137
233137
233137
233137
233137
232109
232109
231019
231019
231019
231019
231019
231019
231019
231019
231019
231019
231019
231019
231019
231019
231019
231019
231019
231019
230812
230812
230812
230812
230812
230812
230812
230812
230812
230812
230812
230812
228055
228055
228055
228055
228055
228055
228055
228055
228055
227038
227038
227038
227038
227038
227038
227038
227038
227038
227038
227038
227038
227038
227038
226049
226049
226049
226049
226049
226049
226049
225873
225004
225004
225004
225004
225004
225004
225004
225004
224409
224409
224409
224409
224409
224409
224409
224409
224409
224409
224409
224409
224409
224409
224409
224409
220745
220745
219282
219282
219282
219282
219282
219282
219282
219282
219282
219282
219282
219282
219282
219282
219282
219016
219016
219016
219016
219016
219016
219016
219016
219016
217992
217992
216093
216093
216093
216093
216093
216093
216093
216093
214280
214280
214280
214280
214280
214280
214280
214280
214280
214280
214280
214280
214280
214280
214280
214280
214280
213131
213131
213131
211733
211733
211733
211733
211733
211733
211733
211733
211733
211733
209087
209087
209087
209087
209087
209087
209087
209087
208984
208984
208984
208984
208984
208984
208984
208984
208984
208984
208984
208984
208984
208984
208984
208582
208582
208582
208582
208582
208582
208582
208582
208582
208582
208582
208582
208582
208582
208582
208582
208582
208582
208582
207900
207900
207900
207900
207900
205933
205933
205933
205933
205933
205933
205933
205933
205933
205933
205933
205933
205933
205933
205933
205933
205933
205933
205933
205846
205846
205846
205846
205846
205846
205846
205846
205846
205846
205846
205846
205846
205846
205846
205846
205846
205846
205317
205317
205317
205317
205317
205317
205317
203236
203236
203236
203236
203236
203236
203236
203236
203236
203236
203236
203236
203236
203236
203236
203236
203236
203236
203236
203236
202832
202832
202832
202832
202832
202832
202832
202832
202832
202832
202832
202832
202832
202832
202832
202832
202832
202657
202657
202657
202657
202657
202657
202657
202657
202657
202657
202657
202657
202657
202657
202657
202657
202657
202657
201117
201117
201117
201117
201117
201117
201117
201117
201117
201117
201117
201117
201117
201117
201117
201117
201117
201117
200720
200720
200720
200720
200720
200720
200720
200720
200720
200720
200720
200720
200720
199752
199752
199752
199752
199752
199752
199752
199752
199752
199752
199660
199660
199660
199660
199660
199660
199660
199660
199660
199660
199660
199660
199660
199660
199660
199660
199660
199660
199660
199660
199489
199489
199489
199489
199489
199489
199489
199489
199489
199489
199489
199489
199489
199489
199489
199489
199489
199489
195728
195728
195728
195728
195728
189710
189710
189710
189710
189710
189710
189710
189710
189710
189710
189710
189710
189710
189710
189710
189494
189494
189494
189494
189494
188631
188631
187011
187011
187011
187011
187011
187011
187011
187011
187011
187011
187011
187011
187011
187011
187011
187011
187011
187011
187011
187011
179701
179701
179701
179140
179140
179140
179140
179140
179140
179140
179140
179140
179140
179140
178204
178204
178204
178204
178204
178204
178204
176562
176562
176562
176562
176529
176529
176529
176529
176529
176529
176529
176529
176529
176529
176401
176401
176401
176401
176401
176401
176401
176401
176401
176401
176401
176401
176401
175985
175985
175985
175985
175985
175985
175985
175985
175985
175985
175985
175985
175985
175985
175973
175973
175973
170478
168209
168209
168209
168209
168209
168209
168209
168209
168209
168209
167458
167458
167458
167458
167458
167458
167458
167458
167458
167458
167458
167458
167458
167458
167458
167273
167273
167273
167273
167273
166030
166030
166030
166030
166030
166030
166030
166030
166030
166030
166030
166030
166030
166030
166030
166030
166030
166030
164975
164975
164975
164975
164975
164975
161956
161956
161653
161653
161653
161653
161653
161653
161653
161653
161653
161653
160377
160377
160377
160377
160148
160148
160148
160148
160148
160148
160148
155129
153023
152710
152276
152276
152276
151013
151013
151013
151013
151013
151013
151013
151013
151013
151013
151013
151013
150637
150637
150637
150637
150637
150637
150637
150637
150637
150637
150637
150637
150637
150637
150637
150637
150637
150637
149468
149468
149468
149468
149468
149468
149468
149468
149468
149468
149468
149468
149468
149468
147551
147551
147551
147551
147551
147551
147551
147551
147551
147551
147551
147551
147551
147551
147551
147551
147358
147358
147358
147358
147358
147358
147358
147358
147358
147358
147358
146722
146722
146722
146722
146722
146722
146722
146722
146722
146722
146722
146579
146579
146579
146579
146579
146579
146579
146579
146579
146311
146311
146311
146311
146311
146311
146311
146311
146311
146311
146311
146311
146311
146311
146311
146311
145522
145522
145522
145522
145522
145522
145522
145348
145348
145348
145348
145348
145348
145348
145348
145348
145348
145348
145344
145344
144681
144681
144681
144681
144681
144681
144681
144681
144681
144681
144681
144681
144681
144681
144681
144681
144681
144681
141181
141181
141181
141181
141181
141181
141181
141181
141181
141181
141181
141181
141181
141181
141181
141181
140673
139905
139905
139905
139905
139905
139905
139905
139905
139905
139891
139891
139891
139891
139891
139891
139891
139891
139891
139891
139891
139891
139891
139891
139891
139891
139891
138221
138221
138221
138221
138221
138221
138221
138221
138221
138221
138221
138221
138221
138061
138061
138061
138061
138061
138061
138061
138061
138061
138061
138061
137528
137528
137528
137528
137528
137528
137528
137528
137528
137528
137399
137399
137399
137399
137399
137399
137399
137399
137399
137399
137399
137399
137399
137399
137014
136993
136993
136993
136993
136993
136993
136993
136993
136993
135518
135518
135518
135518
135518
135518
135518
135518
135518
135518
135518
135518
135518
135518
135518
135518
135518
135518
135518
135518
135101
135101
135101
135101
135101
135101
135101
135101
135101
135101
135101
135101
135101
135101
135101
135101
135101
135101
134711
134711
134711
134711
134711
134711
134711
134711
134711
134711
134711
134711
134711
134711
134711
134711
134711
134711
134711
134527
134527
134527
134527
134527
134527
134527
133475
133475
133475
133475
133475
133475
133475
133475
133475
133475
133475
133475
133475
131107
131107
131107
131107
128355
128355
128355
128355
128355
128355
128355
128355
128355
127772
127772
127772
127772
127772
127772
127772
127772
127772
127772
127772
127772
127772
127772
127772
127452
127452
127452
127452
127452
127452
127248
127248
127248
127248
127248
127248
127248
127248
127248
127248
127248
127248
127248
127248
127248
127248
127248
127248
126671
126671
126671
126671
126671
126671
126671
125530
125530
125530
125530
125530
124267
124267
124267
124267
124267
124267
124267
124267
124267
124267
124267
124267
124267
124267
124267
124267
124267
124267
124236
124236
124236
124236
124236
124236
124236
124236
124236
124236
124236
124236
124236
122160
122160
122160
122160
122160
122160
122160
122160
122160
122160
122160
121108
121108
121108
121108
121108
121108
121108
121108
121108
121108
121108
121108
121108
121108
121108
121108
121108
121108
120424
120424
120424
120424
117010
117010
117010
117010
117010
117010
117010
117010
117010
117010
116240
116240
116240
116240
116240
116240
116240
116240
116240
116240
116240
116240
116240
116240
114199
114199
114199
114199
114199
114199
114199
114199
114199
114199
114199
114199
114199
114199
114199
114199
112215
112215
112215
112215
111862
111862
111862
111862
111862
111862
111862
111862
111862
111383
111383
111383
111335
111335
111335
111335
111335
111335
111335
111335
111335
111335
108556
108556
108556
108556
108556
108556
108556
108556
108556
108556
108556
108556
108556
108481
108481
108481
108481
108481
108481
108481
108481
108481
106815
106815
106815
106815
106815
106815
105998
105998
105998
105998
105998
105998
105998
105998
105998
105998
105998
105898
105898
105898
105898
105898
105898
105898
105898
105898
105898
105898
105898
105898
105898
105898
105898
105898
105898
105898
105898
104451
104451
104451
104451
104451
104451
104451
104451
104451
104451
104451
104451
104451
104451
104451
104451
103326
103326
103326
103326
103326
103326
103326
103326
103326
103326
103326
103326
98491
98491
98491
98491
98491
98491
98491
98491
98491
98257
98257
98257
98257
98257
98257
98257
98257
98257
98257
98257
95963
95963
95963
95963
95963
95963
95963
95963
95963
95963
95963
95963
95963
95351
95351
95351
95351
95351
95351
95351
95351
95351
95351
93283
93283
93283
93283
93283
93283
93283
93283
93283
93283
93283
93283
93283
93283
93283
93283
91393
90438
90438
90438
90438
90438
89756
88990
88990
88990
88990
88990
88990
88990
88990
88990
88990
88990
88990
88990
88990
88990
88990
88035
88035
88035
88035
88035
88035
86617
86617
86617
86617
86617
82146
82146
82146
82146
82146
82146
82146
82146
82146
82146
82032
82032
82032
82032
82032
82032
82032
82032
82032
82032
82032
82032
82032
82032
82032
82032
82032
81516
81516
81516
81516
81516
81516
79805
79585
79585
79585
79585
79585
77894
77894
77894
77894
77894
77894
77894
77894
77894
77894
77894
77894
77894
77894
77894
77130
77130
77130
77130
77130
77130
77130
77130
77130
77130
77130
77130
77130
77130
77130
77130
77130
77130
77130
77130
74791
74791
74791
74791
74791
74791
74791
74791
74791
74791
74791
74465
74465
74465
74465
74465
72398
72398
72398
71575
71575
71575
71575
71575
71575
71575
70756
70756
70756
70756
70756
70756
70756
70756
70756
68814
68814
68814
68814
68814
68814
68814
68814
68814
68814
68814
68814
67476
67476
67476
67476
67476
67476
67476
67476
67476
67476
67476
67476
67476
67476
67476
