1279
500000
332601
332601
332601
332601
332601
332601
332601
332601
332601
332601
332601
332601
332601
332601
332601
332601
332601
332601
332601
332601
330098
330098
330098
330098
330098
330098
330098
330098
330098
330098
330098
330098
330098
330098
330098
330098
330098
330098
329360
329360
329360
329360
329360
329360
329360
328105
328105
328105
328105
328105
328105
328105
328105
328105
328105
328105
328105
328105
328105
328105
328105
326066
326066
326066
326066
326066
326066
326066
326066
326066
322048
322048
322048
322048
322048
322048
322048
322048
322048
322048
322048
322048
322048
322048
322048
322048
320019
320019
320019
320019
320019
320019
318427
318427
318427
318427
318427
318427
318427
318427
318427
318427
318427
318427
318427
318427
318427
318427
317973
317973
317973
317973
317973
317973
317973
317973
317973
317973
317973
317973
317973
317973
317436
317436
317436
317436
317436
317436
317436
316419
316419
316419
316419
316419
316419
316419
316419
316419
316419
316419
315430
315430
315430
315430
315430
315430
315430
313838
313838
313838
313838
313838
313838
313838
313838
313838
313838
313838
312782
312782
312782
312748
312748
312748
312748
312748
312748
312748
312748
312748
312748
312748
312748
312748
312748
312748
312748
312748
312748
312748
312748
305823
305823
305823
305823
305823
305823
305823
305823
305823
305823
305469
305469
305469
305469
305469
305469
305469
305469
305469
305469
305469
305469
305469
305469
305469
305469
305469
305035
305035
305035
305035
305035
305035
305035
304023
304023
304023
304023
304023
304023
304023
304023
302283
302283
302283
302283
302283
302283
302283
302283
302283
298008
298008
298008
298008
298008
298008
298008
298008
298008
298008
298008
298008
298008
298008
298008
298008
298008
298008
298008
298008
297254
297254
297254
297254
297254
297254
297254
297254
297254
297254
297254
297254
297254
297254
297254
297254
297254
297254
297254
294026
294026
294026
294026
294026
294026
294026
294026
294026
294026
294026
293772
293772
292537
292537
292537
292537
292537
292537
292537
292537
292537
292537
292537
292365
292365
292365
292365
292365
292365
292365
292365
292365
292365
292365
292365
292365
292365
292365
292365
292365
292365
288958
288958
288958
288958
288958
288958
288958
288958
288958
288958
288958
288958
288958
288958
288958
288958
287452
285258
285258
285258
285258
285258
285258
285258
285258
285258
285258
285258
285258
285258
285258
283214
283214
283214
283214
283214
283214
283214
283214
283214
283214
283214
283214
283214
283214
283214
283214
283214
283214
282315
282315
282315
282315
282315
282315
282315
282315
282315
282315
282315
282315
282315
282108
282108
282108
282108
280709
280709
280709
280709
280709
279910
279910
279910
279910
279910
279910
279910
278138
278138
278138
278138
278138
278138
278138
278138
278138
275989
275989
275989
275989
275989
275989
275989
275989
275989
275989
275989
275989
275989
275989
275989
275989
274673
274673
274673
274673
274673
274673
274673
274673
274673
274258
274258
274258
274258
274258
274258
274258
274258
274258
274258
274088
274088
274088
274088
274088
274088
274088
274088
273315
273315
273315
273315
273315
273315
273315
273315
270481
270481
270481
268520
268520
268520
268520
268520
268520
268520
267604
267604
267604
267604
267604
267604
267604
267604
267604
267604
267604
267604
267437
267437
267437
267437
267437
267437
267437
267437
267437
267437
267437
267437
267437
267437
266768
266768
266768
266768
266768
266768
266768
266768
266768
266768
266768
255768
255768
255768
255768
255768
255768
255768
255768
255768
255768
255768
255768
255768
255768
255768
253544
253544
252963
252963
252963
252963
252963
252963
249478
249478
249478
249355
249355
249355
249355
249355
249355
249355
249355
249355
249355
249355
249355
249355
249355
249355
243286
243286
243286
243286
243286
243286
243286
243286
243286
243286
243286
243286
242710
242710
241641
241641
241641
241641
241641
241641
241641
241641
241641
241641
240754
240754
240754
240754
240754
240754
240754
240754
240754
240754
240754
240754
240494
240494
240494
240494
239001
239001
235136
235136
235136
235136
235136
235136
235136
235136
235136
235136
235136
235136
235136
235136
235136
235136
235071
235071
235071
235071
235071
235071
234563
234563
234460
234460
234460
234460
234460
234460
234460
234460
234460
234460
234460
227605
227605
227605
227605
227605
227605
227605
227605
227605
227605
227605
227605
227307
227307
224272
224272
224272
224272
224272
224272
224272
224272
224106
224106
224106
224106
224106
218983
218983
218983
218983
218983
218983
218983
218983
218983
218983
218983
218983
218983
218983
218983
218983
218983
218983
215923
215923
215923
215923
215923
215923
215923
215923
215923
215923
215923
215923
211691
211691
211691
211691
211691
211691
211691
211691
211691
211691
211691
211691
210471
210471
210471
210471
210471
210471
210471
210471
210471
210471
210471
210471
210471
210471
210471
206142
206142
206142
206142
206142
206142
206142
206142
206142
206142
206142
206142
206142
206142
206142
206142
206142
206142
204540
204540
204540
204540
204540
204540
204540
204540
204540
198534
198534
198534
198534
198534
198534
198534
198534
198534
198534
198534
198534
198534
198534
198534
198534
198534
198534
198534
198534
196898
196898
196898
196898
196898
196898
196898
196898
196898
195460
195460
195460
195460
195460
195460
195460
195460
195460
195460
195460
195460
194195
194195
194195
194195
194195
194195
194195
194195
194195
194195
194195
194195
194195
194195
194195
192301
192301
192301
192301
192301
192301
192301
192301
192301
189472
189472
189472
189472
189472
188546
188546
188546
187389
187389
187389
187389
187389
187389
187389
187389
187389
187389
187389
187389
187389
187389
187389
187389
187389
185453
185435
185435
185435
185435
185435
185435
185435
185435
185435
185435
185435
185435
185435
185435
185435
183364
183364
183364
183364
183364
183364
181561
181561
181561
181561
181561
181561
181561
181561
181561
180865
180865
180865
180865
180865
180865
179669
179669
179669
179669
179669
179669
179669
179669
179669
176501
176501
176501
176501
176501
176501
176501
176501
176501
176501
174634
174634
174634
174634
174634
174634
174634
174634
174634
174634
174634
174634
174634
174634
174634
174634
174634
174634
174634
174634
174159
174159
174159
174159
174159
174159
174159
174159
174159
174159
174159
174159
174159
174159
174159
174159
174159
174159
173624
173624
173624
173624
173624
173624
173624
173624
172920
172920
172920
172920
172920
172920
172920
172920
172920
172920
172920
172920
172920
172920
172920
172920
172920
172920
172920
171942
171942
171942
171942
171942
171942
170725
170725
170725
170725
170725
170725
170725
170725
170725
170725
170725
170725
170725
170725
170725
170725
170725
170725
170725
170425
170425
170425
170425
170425
170425
170425
170425
170425
170425
170425
170425
170425
170425
170425
170425
170425
170425
170425
170425
167468
167468
164291
164291
164291
164291
164291
162601
160191
160191
160191
160191
160191
160191
160191
160191
160191
160191
160191
160191
160191
160191
160191
160191
160191
160191
160191
160191
155659
155659
155659
155659
155659
155659
155659
155659
153623
153623
153623
153623
153623
153623
153623
153623
153623
153623
153623
153623
153623
151041
151041
151041
151041
151041
151041
151041
151041
151041
151041
151041
151041
151041
151041
151041
151041
150948
150948
149421
149421
149421
149421
149421
149421
149421
149421
149421
149421
149421
147749
147749
147749
147749
146428
146428
146428
146428
146428
146428
146428
146428
143008
143008
143008
143008
133413
133413
133413
133413
133413
133413
119659
119659
119468
119468
119468
119468
119468
119468
119468
119468
119468
119468
119468
119468
119468
119468
119468
115232
115232
115232
115232
114060
114060
114060
114060
114060
110783
110783
110783
110783
110783
110783
110783
110783
110783
110783
110783
110783
110783
110783
110783
110783
110783
110477
110477
110477
110477
110477
110477
106350
106350
106350
106350
106350
106350
106350
106350
106350
104016
104016
104016
104016
104016
104016
104016
104016
104016
104016
97446
97446
97446
97446
97446
97446
97446
97446
97446
97446
97446
97446
97446
97446
97446
97446
97446
97446
97446
97446
96909
96909
96894
96894
96894
96894
96894
96894
96894
96894
96894
96894
96894
96894
96894
96894
95917
95917
95917
95917
94856
94856
94856
94856
94856
94856
94856
94856
94856
94856
90276
90276
90276
90276
90276
90276
90276
90276
90276
90276
90276
90276
90040
90040
90040
90040
90040
90040
90040
90040
90040
90040
90040
90040
83918
83918
83918
83918
83918
83576
81476
81476
81476
81476
81476
81476
81476
81476
81476
81476
81476
81476
81476
81476
81476
81476
81476
81476
81476
77967
77967
77967
77967
77967
77967
77967
77967
77967
77967
77967
77967
77967
77967
76538
76538
76538
76538
76538
76538
76538
76538
76538
76538
76538
76538
76538
76538
76538
