2606
500000
332537
332537
332537
332537
332537
332537
332537
332537
332537
332537
332537
332537
332537
332537
332537
332537
332537
332537
332537
329738
329738
329738
329738
329738
329738
329738
329738
329738
329738
329738
329738
329738
329738
329738
329738
329738
329555
329555
329555
329555
328598
328598
328026
328026
328026
328026
328026
328026
328026
328026
328026
328026
328026
328026
328026
328026
328026
328026
328026
328026
328026
326930
326930
326930
326930
326930
326930
326930
326930
326930
326930
326930
326930
326930
326930
326930
326930
326930
326930
326930
326930
326823
326823
326823
326823
325591
325591
325591
325591
325591
325591
325591
325591
325591
325591
325591
325591
321328
321328
321328
321328
321328
321328
321328
321328
321328
321328
321328
321328
321328
321328
321328
321328
320757
320757
320757
319387
319387
319387
319387
319387
319387
319387
319387
319387
319387
319387
319387
319387
319387
319387
319387
319387
319387
319387
318763
318763
318763
318763
318763
318763
318763
318763
318763
318763
318763
318763
318763
318763
316716
316716
316716
316716
313112
313112
313112
313112
313112
313112
313112
313112
313112
313112
313112
313112
313112
313112
313112
311494
311494
311494
311494
311494
311494
311494
311494
311494
311494
311494
311494
311494
310898
310898
310898
310898
310898
310898
310895
310895
310895
310895
310895
310895
310895
310895
310895
310895
310895
310895
310895
310895
310895
310895
310895
310895
310895
310607
310607
310607
310607
310607
310607
308303
308303
308303
308303
308303
308303
308303
308303
308303
308303
308303
308303
308303
308303
308303
308303
308098
308098
308098
308098
308098
307340
307340
307340
307340
307340
307340
307340
307340
307340
307340
307340
307340
307340
307340
306883
306883
306883
306883
306883
306883
306883
306883
306883
306883
306883
306883
306883
306883
306883
306883
306883
306782
306782
306782
306782
306782
306730
306730
306730
305150
305150
305150
305150
305150
305150
305150
305150
305150
305150
305150
305150
305150
305150
305150
305150
305150
305150
305150
304997
304997
304997
304997
304997
304997
304997
304997
304997
304997
304997
304997
302980
302980
302980
302980
302980
302980
302980
302980
302980
302980
302980
302980
302980
302980
302980
302980
302980
301245
301245
301245
301245
301245
301245
301245
301245
301245
301245
301245
301245
301245
301245
301245
301245
301245
301245
301245
301245
296303
296303
296303
296303
296303
296303
296303
296303
296303
296303
296303
296303
296303
296303
296303
296303
296303
296303
296303
296303
294269
294269
294269
294269
294269
294269
294269
294269
294269
294269
294269
294269
294269
291700
291700
291700
291700
291700
291700
291700
291700
291700
291700
291700
291700
291700
291700
291700
291700
291700
291700
291105
290660
290660
290660
290660
290660
290660
290660
290525
290525
290525
290525
290525
290525
289132
289132
289132
289132
289132
289132
289132
289132
289132
289132
289132
289132
289132
289132
289132
289132
289132
289008
289008
289008
289008
289008
289008
289008
289008
289008
289008
289008
289008
289008
289008
289008
289008
289008
288735
288735
288735
288735
288289
288289
288289
288289
288289
288289
288289
288289
288289
288289
288289
288289
288289
288289
286166
286166
286166
286166
286153
284914
284914
284914
284914
284914
283790
283790
283790
283790
283790
283790
283790
283790
283790
283790
283790
283790
283790
283790
282884
282884
282884
282884
282884
282884
282884
282884
282884
282884
282884
282884
281108
281108
281108
281108
281108
281108
281108
281108
281108
281108
278517
278517
278517
278517
278517
278517
278517
278517
278517
278517
278517
278517
278517
278517
278517
278517
278517
278517
278517
277906
277906
277906
277906
277906
277906
277906
277371
277371
277371
277371
277371
277371
277371
277371
277371
277371
277371
277371
277371
276786
276786
276366
274461
274461
274461
274461
274461
274461
274461
274166
274166
271946
271946
271946
271946
271946
271946
271946
271946
271946
271946
268419
268419
268419
268419
268419
268419
268419
268419
268419
268419
268419
268419
268419
268419
268419
268419
268419
268419
268419
268419
267850
267850
267850
267850
265721
265721
265675
265675
265675
265675
265675
265675
265675
264798
264798
264798
264798
263689
263689
263689
263689
263689
263689
263689
263689
263689
263689
263689
263689
263689
263689
263689
263689
263689
262988
262988
262988
262988
262988
262988
262988
261668
261668
261668
261668
261668
261668
261668
261668
261668
260512
260512
260512
260512
260512
260512
260512
258902
258902
258902
258902
258902
258902
258902
258902
258902
258902
258902
258902
258902
258902
258902
258902
258902
257865
257865
257865
257455
257455
257455
257455
257455
257455
257455
257455
257455
257455
257455
257455
257455
257455
257455
257455
256927
256927
256927
256927
256927
256927
256927
256927
256927
256927
256927
256927
256927
256927
256927
256927
256927
256927
256927
256927
256330
256330
256330
256330
256330
256330
256330
256330
256330
256330
256330
256292
256292
256292
256292
256292
256292
256292
256292
256292
256112
256112
256112
255077
255077
255077
255077
255077
255077
255077
255077
255077
255077
255077
255077
255077
255077
255077
255077
255077
255077
255077
253956
253956
253956
253956
253956
253956
253956
253956
253956
252877
252877
252003
252003
252003
252003
252003
252003
252003
252003
252003
252003
252003
252003
252003
252003
250410
250410
250410
250410
250410
250410
250410
249715
249715
249715
249715
249715
249715
249715
249715
249715
249715
249178
249178
249178
249178
249049
249049
249049
249049
249049
249049
249049
249049
249049
249049
249049
249049
249048
249048
247655
247655
247655
247655
247655
247655
247655
247655
247655
247655
247655
247655
246934
246934
246934
246934
246934
246934
246934
246934
246934
246934
246934
246934
246934
246914
246914
246914
246914
246914
246914
246914
246914
246914
246914
246914
246914
246914
246914
246487
246487
246487
246487
246487
246487
246487
246487
246487
246487
246487
246487
246487
246383
246383
246383
246039
246039
246039
246039
246039
246039
246039
245520
245520
245520
245520
245520
245520
245520
245520
245520
245351
245351
245351
245351
245351
245351
245351
245351
245351
245351
245351
245351
245351
245351
245351
245351
245351
245184
245184
245184
245184
245184
245184
245184
245184
245184
245184
245184
245184
245184
245184
241676
241676
241676
241676
241676
241676
241676
241676
241676
241352
241352
241352
241352
241149
241149
241149
241149
241149
241149
241149
241149
241149
241149
241149
241149
241149
241149
241149
241053
241053
241053
241053
241053
241053
241053
241053
241053
241053
241053
241053
241053
240724
240724
240724
240724
240724
240724
240724
240724
240724
240724
240724
235851
235851
235851
235851
235851
235851
235851
235851
235851
235851
235851
235851
234883
234883
234883
234883
234883
234883
234883
234883
234739
234739
234739
234739
234739
234739
234739
234739
234739
234739
234739
234739
234739
234739
234739
234739
234739
234739
234739
234739
233725
233725
233725
233725
233725
233725
233725
233725
233725
233725
233725
233725
231728
231728
231728
231728
231728
231681
231681
231681
231413
231413
231413
231413
231413
231413
231413
231413
231413
231413
231413
231413
231413
231413
230426
229624
229624
229624
229624
229624
229624
229624
229624
229624
229624
229624
229624
229624
229624
229624
229624
229624
226307
226307
226307
226307
226307
226307
226307
226307
226307
226307
226307
226307
226307
226307
226307
226307
226307
226307
223983
223983
223983
223983
223682
223682
223682
223682
223682
223682
223682
223682
223682
223682
223682
223682
222301
222301
222301
222301
222301
222301
222301
222301
222301
222301
222301
220339
220339
220339
220339
220339
220339
220339
220339
220339
220339
220339
216876
216876
216876
213670
213670
213670
213670
213670
213670
213670
213670
213670
213670
213670
213670
213670
213670
213670
213670
213670
213363
213363
213363
213363
213363
213363
213363
213363
213363
213363
213363
213363
213363
213363
212648
212648
212648
212648
212648
212648
212648
212648
212648
212648
212648
212648
212648
212648
212648
212648
212648
212648
212648
212648
212591
212591
212591
212591
212591
212591
212591
212591
212591
212591
212591
212591
212591
212591
212591
212591
212591
212591
211767
211767
211767
211767
211767
211767
211767
211767
211767
211767
211501
211501
211501
211501
211501
211501
211501
211501
211501
211501
211501
211501
211390
211390
211390
211390
211390
211390
211390
211390
211390
209360
209360
209280
209280
209280
209280
209280
209280
209280
208052
208052
208052
208052
208052
208052
208052
208052
208052
208052
208052
208052
208052
208052
208052
208052
208052
208052
208052
208052
205982
205982
205982
205982
205982
205982
205980
205980
205980
205980
205980
205980
205980
205980
205980
205980
205980
205980
204971
204971
204971
204971
204971
204971
204971
204971
204971
204971
204971
204971
204971
204971
204971
204971
204971
204971
204971
204971
204169
203149
203149
203149
203149
203149
203149
203149
203149
203149
203149
203149
203149
203149
203069
203069
203069
203069
202937
202937
202937
202937
202937
202937
201058
201058
201058
201058
201058
201058
201058
201058
201058
200027
200027
200027
200027
200027
200027
200027
200027
200027
196340
196340
196065
196065
196065
196065
196065
196065
196065
196065
196065
196065
196065
196065
196065
196065
196065
196065
196065
196065
196065
195685
195685
195685
195685
195685
195685
195685
195685
195685
195685
195685
195685
195685
195685
195021
195021
195021
195021
195021
195021
195021
195021
195021
195021
195021
195021
195021
195021
195021
195021
195021
195021
195021
194521
194521
194521
194521
194521
194521
194521
194521
194521
194521
194521
194521
194521
194521
194521
192817
192817
192817
192817
192817
192817
192113
192113
192113
192113
192113
192113
192113
192113
192113
192113
192078
192078
192078
192078
192078
192078
192078
192078
192078
192078
192078
192078
192078
192078
192078
192078
192078
190075
190075
190075
190075
190075
187340
187340
187340
187340
187340
187340
187340
187340
187340
187340
187340
187340
187340
187340
187340
187340
187340
187340
187185
187185
187185
187185
187185
187185
187185
187185
187185
187185
187185
187185
187185
187185
186751
186751
186751
186751
186751
186751
186751
186751
186751
186751
186751
186306
186306
186306
186306
186306
186306
186306
186306
186306
186306
186306
186306
186306
186306
186306
186306
186306
186306
186039
186039
186039
186039
186039
186039
186039
186039
186039
186039
186039
186039
186039
186039
186039
186039
186039
186039
184722
184722
184722
184722
184722
184722
184722
184722
184722
184722
180597
180597
180597
180597
180597
180597
180597
179433
179433
179288
179288
179288
179288
179288
179288
179288
179288
179288
179288
179288
179288
179288
179288
179288
179288
179288
179288
177888
177888
177888
177888
177888
177888
177888
177888
177888
177888
177888
177888
177888
177888
177888
177888
177888
177888
176413
176413
176413
176413
176413
176154
176154
176154
176154
176154
176154
176154
176154
176154
176154
176154
176154
176154
176154
176154
176154
176154
174496
174496
174496
174496
174496
173071
173071
173071
173071
173071
173071
173071
173071
173071
173071
173071
173071
173071
171506
171506
171506
171506
171506
171506
171506
171506
171506
171506
171506
171506
170607
170607
170534
170534
170534
170534
170534
170534
170323
170323
170323
170323
170323
170323
170323
170302
170302
170302
170302
170302
170302
170302
170267
170267
170267
170267
170267
170267
169312
169312
169312
169312
169312
169312
169312
169312
168855
168855
168855
168855
168855
168855
168855
168855
166855
166855
166855
166855
166855
166855
166855
166855
166855
166855
166855
166855
166855
166855
166855
166855
165862
165862
165862
165862
165862
165862
165862
165862
165862
165862
165862
165238
165238
164599
164599
164599
164599
164599
164599
164599
164599
164599
164599
164599
164599
164599
164599
164599
164599
164599
162528
162528
162528
162528
162528
162528
162528
162528
162528
162528
162528
161795
161795
161795
161795
161795
161795
161795
161788
161229
161229
161229
161229
161229
161072
161072
161072
161072
161072
160847
160847
160847
160847
160847
160847
160847
160847
160847
160847
160847
160556
160556
160556
160556
160556
160556
160556
160556
160556
160556
160556
160556
160556
160556
160556
160556
160556
160556
160556
159851
159851
159851
159851
159851
159851
159851
159851
159851
159851
158662
158662
158662
158662
158662
158662
158662
158662
158662
158662
158662
158662
158662
158662
158662
158662
158662
156191
156191
156191
156191
156191
156191
156191
156191
156191
156191
156179
156179
156179
156179
156179
156179
154116
154116
154116
154116
154116
154116
154116
154116
154116
154116
154116
154116
154116
154116
154116
154116
154116
154116
153950
153950
153950
153950
153950
153950
153950
153428
153428
153428
153428
153428
153428
153428
152569
152569
152569
152569
152569
152569
152569
152569
152569
152569
152569
152569
152569
152569
152569
152569
152569
152569
151745
151745
151745
151745
151745
151745
151745
151745
151745
151745
151745
151745
151745
151745
151745
151745
151745
151745
151192
151192
151192
151192
151192
151192
151192
151192
151192
151192
151192
151192
151192
151192
151192
151192
151192
149501
149501
149501
149501
149501
149501
149501
149501
149501
149501
149501
149501
149501
149501
148389
148389
148389
148389
148389
148389
148236
148236
148236
148236
148236
148236
148236
148236
148236
148236
148236
148236
148236
148236
148236
148236
148236
148236
147359
147359
147359
147359
147359
147359
147359
147359
147359
147359
147359
146793
146793
146793
146793
146793
146793
146793
146793
146793
146793
146793
146642
146642
146642
146642
146642
146642
146642
146642
146553
146553
146553
146553
146553
146553
146553
146553
146553
146553
146553
146553
146553
146553
146553
146553
146553
145295
145295
145295
145295
145295
145295
142882
142808
142808
142808
142808
142808
142808
142808
142555
142555
142555
142555
142555
142555
142555
142555
142555
140241
139595
139595
139595
139595
139595
139595
139595
139595
139595
139595
139595
139595
139595
139595
139595
139426
139426
139426
139328
139328
139328
139328
139328
139328
139328
138914
138914
138914
138914
138914
138914
138914
138914
138914
138555
138555
138555
138555
138555
138555
138555
138555
138555
134395
134395
127639
127639
127639
127639
127639
127639
127639
127639
127639
127639
127639
127639
127639
127639
127639
127639
126414
126414
126414
126414
126065
126065
126065
126065
126065
126065
126065
123890
123890
123890
123890
123890
123890
123890
123890
123890
122786
122786
121820
121820
121820
121820
121217
121217
121217
121217
121217
121217
121217
121217
121217
121217
121217
121217
120400
120400
120400
120400
120239
120239
120239
120239
120239
120239
120239
120239
120239
119898
119898
119898
119898
119898
119027
119027
119027
118709
118709
118709
118709
118709
118709
118709
118709
117015
117015
117015
117015
117015
117015
117015
117015
117015
117015
117015
117015
117015
117015
117015
117015
117015
117015
117015
117015
116204
116204
116204
116204
116204
116204
116204
116204
116204
116204
116204
116204
116204
115944
115944
115944
115944
115944
115944
115944
115944
115944
115944
115944
115733
115733
115733
115733
115733
115733
115733
115733
115733
115733
115733
115733
115733
115733
115733
115733
115733
115733
115733
115733
114926
114926
114926
114926
114926
114926
114926
114926
114926
114926
114926
114926
114926
114926
114926
114926
114926
114926
114926
114926
113040
113040
113040
111629
111629
111629
111629
111629
111629
111629
111629
111275
111275
108706
108706
108706
108706
108706
108706
108706
108706
108706
106427
106427
106427
106427
106427
106427
106427
106427
106427
106427
104874
104874
104874
104796
104796
104796
104796
104796
104796
104796
104796
104796
104796
104221
104221
104221
104221
104221
104221
104221
104221
104221
104221
104221
104221
101742
101742
101742
101742
101742
101742
101742
101742
101742
101742
101742
101742
101742
101742
101742
101742
101742
101742
101372
101372
101372
101049
101049
101049
101049
101049
101049
101049
101049
101049
101049
101049
101049
101049
101049
101049
101049
101049
101049
100985
100985
100985
100985
100985
100985
100985
100985
100985
100985
100985
100985
100985
100985
100985
98145
98145
98145
98145
98145
98145
96578
96342
96342
96342
95308
95308
95308
95308
95308
95308
95308
95308
95308
95308
95308
95308
95308
95308
95308
95308
95308
90495
90495
90495
90495
90495
90495
90097
90097
90097
90097
90097
90097
90097
90097
90097
90097
90097
90097
90097
90097
90097
90097
89365
89365
89365
89365
89365
89365
89365
89365
89365
89365
89365
89365
89365
89365
89174
89174
89174
89174
89174
89174
89174
89174
89174
89174
89174
89174
89174
89174
89174
89174
89174
89174
89174
89174
87664
87664
87664
86373
86373
86373
86373
86373
86373
86373
86373
86373
86373
86373
86373
86373
84320
84320
84320
84320
84320
84320
84320
84320
84320
84320
84320
84320
84320
84320
79065
79065
79065
79065
79065
79065
79065
79065
79065
79065
79065
79065
79065
79065
79065
78976
78976
78976
78976
78976
78976
78976
78976
78976
78976
78976
78976
78976
78976
78976
76631
76631
76631
76631
76631
76631
76631
76631
76631
76631
76631
76631
76631
75897
75897
75897
75897
75897
75897
75897
75897
75897
75897
75897
75897
75897
75897
75897
75897
75897
75897
75897
75618
75618
75618
74644
74644
74644
74644
74644
74644
74644
74644
74644
74644
74644
74644
74644
74644
74644
74644
73458
73458
73458
73458
73458
73458
73458
73458
73458
73458
73458
73001
73001
73001
73001
73001
73001
73001
73001
73001
73001
72352
72352
72352
72352
71906
71906
71906
71906
71906
71906
71906
71906
68966
68966
68966
68966
68966
68966
68966
68966
68966
68966
68966
68966
68966
68966
68966
68966
68966
68850
68850
68850
68850
68850
68850
68850
68850
68651
68250
68250
68250
68250
68250
68250
68250
68250
68250
68250
68250
68250
68250
68250
68250
68250
68250
68250
68250
67589
67589
67589
67589
67589
67589
67589
67589
67589
67589
67589
67589
67589
67589
67589
67589
67589
67589
67589
