5298
500000
332821
332821
332821
332821
332821
332821
332821
332821
332821
332821
332821
332821
332821
332821
332821
332821
332821
332821
332558
332558
332558
332558
332558
332558
332558
332558
332558
332558
332558
332098
332098
332098
332098
332098
332098
332098
330345
330345
330345
330345
330345
330345
330345
330345
330008
330008
330008
330008
330008
330008
330008
330008
330008
330008
330008
330008
330008
330008
330008
330008
330008
330008
329935
329935
329935
329935
329935
329935
329935
329935
329468
329468
329468
329468
329468
329468
329468
329468
329468
329173
329173
329173
329173
329173
328650
328650
328650
328650
328650
328180
326748
325404
325404
325404
325274
325274
325274
325274
325274
325274
325274
325274
325274
325274
325274
325274
325274
325274
325274
325274
325274
325274
325274
325274
323915
323839
323839
323839
323839
323839
323839
323839
323839
323839
323839
323839
323839
323833
323833
323803
323803
323803
323803
323803
323803
323803
323803
323803
323803
323803
323803
323803
323803
323803
323803
323803
323803
323803
323778
323220
323220
323220
323220
323220
323220
323220
323220
323220
323220
323220
323220
323220
323220
323220
323220
323220
323104
323104
323104
323104
323104
323104
323104
323104
323104
323104
323070
322898
322898
322898
322898
322898
322725
322725
322725
322725
322725
322725
322725
322725
322725
322725
322725
322725
322725
322725
322725
322725
322725
322725
322725
322725
322573
322573
322573
322573
322573
322573
322573
322573
322573
322573
322573
321860
321860
321860
321860
321860
321860
321860
321860
321860
321860
321860
321860
321860
321860
321860
321859
321859
321859
321859
321859
321859
321859
321859
321859
321859
321859
321859
321859
321859
321859
321859
321336
321336
321336
321336
321336
321336
321336
321336
321336
321336
321336
321336
321336
321284
321284
321284
321122
321122
321122
321122
321122
321122
321122
321122
321122
320948
320948
320948
320948
320948
320948
320948
320948
320948
320948
320948
319035
319035
319035
319035
319035
319035
319035
319035
319035
319035
318931
318931
318931
318931
318931
318931
318931
318931
318931
318931
318549
318549
318549
318549
318549
318549
318549
318549
318549
318549
318549
318549
318549
318549
318549
318549
318549
318549
318549
318549
316189
316189
316189
316189
316189
316189
315214
315214
315214
315214
315214
314722
314722
314722
314722
314722
314722
314722
314722
314722
314722
314722
314722
314722
314514
314514
314514
314514
314514
314514
314287
314287
314287
314101
314101
314101
314101
314101
313999
313999
313999
313999
313999
313147
313147
313147
313147
313147
313147
313147
313147
313147
313147
313147
313147
311403
311403
311403
311403
311403
311403
311403
311403
311403
311403
311403
311403
311403
311403
311403
311403
310574
310574
310574
310574
310574
310574
310574
310574
310574
310574
310574
310574
310574
310574
310574
310574
310458
310458
310458
310458
310425
310425
309239
309239
309239
309239
309239
309239
309239
309239
308554
308554
308554
308554
308554
308554
308554
308554
308554
308554
308554
308554
308554
308554
308554
308554
308554
308554
308554
308528
308528
308528
308528
308528
308528
308149
308149
308149
308149
308149
308149
308149
308149
308149
308149
308149
308149
307879
307879
307879
307879
307879
307879
307879
307879
307879
307879
307879
307879
306793
306793
306793
306793
306793
305965
305965
305965
305965
305965
305965
305965
305965
305965
305965
305965
305965
305965
305965
305965
305965
305965
305965
305965
305338
305338
305338
305338
305338
305338
305338
304760
304760
304760
304760
304760
304564
304564
304564
304564
304564
304564
304564
304564
304564
304564
304564
304564
304345
304345
304345
304345
304345
304345
304345
304345
304345
304345
304345
304345
304345
304345
304251
304251
304251
304251
304251
304251
304251
304251
304251
304251
304251
302912
302912
302912
302429
302429
302429
302429
302429
302429
302429
302429
302289
302289
302289
302289
302289
302289
302289
302289
302289
302289
302289
302289
302289
302289
302289
302289
301999
301999
301999
301999
301999
301999
301999
301999
301999
301999
301999
300667
300667
300667
300667
300667
300656
300656
300656
300656
299647
299647
299647
299647
299647
299647
299647
299647
299647
299647
299647
298403
298403
298403
298403
298403
298403
298403
298403
298403
298403
298403
298072
298072
298072
298072
298072
298072
298072
298072
298072
298072
298072
298072
298072
298072
297734
297734
297734
297734
295986
295986
295986
295986
295986
295986
295986
295986
295986
295986
295986
295986
295986
295986
295552
295552
295552
295552
295552
295552
295552
295552
295552
295552
295552
295552
293853
293853
293853
293853
293853
293853
293853
293853
293853
293853
293853
293853
293853
293853
293853
293853
293051
293051
293051
293051
293051
293051
293051
293051
293051
292657
292657
292657
292657
292657
292657
292657
292657
292657
292657
292657
292657
292657
292657
292657
292657
292657
292657
292657
292359
292032
291745
291745
291745
290043
290043
290043
290043
290043
290043
290043
290043
290043
290043
290043
290043
290043
290043
290043
290043
290043
290043
290043
290043
290013
290013
290013
290013
290013
289090
289090
289090
289090
289090
289090
289090
289090
289090
289090
289090
289090
289090
289090
288843
288689
288689
288689
288689
288689
288689
288689
288689
288689
288689
288689
288689
288689
288444
288444
288444
288444
288444
288444
288018
288018
288018
288018
288018
288018
288018
288018
288018
288018
288018
288018
287891
287891
287891
287891
287891
287891
287891
287891
287891
287891
287891
287891
287891
287891
286940
286940
286940
286940
286940
286299
286299
286299
286299
285652
285652
285652
285652
285652
285652
285652
285652
285652
285652
285652
285652
285652
285652
285652
285359
285359
285359
285359
285359
285359
285359
285359
285359
284970
284970
284970
284970
284515
284515
284515
284515
284515
284515
284515
284515
284515
284515
284515
284515
284515
284515
284515
284515
284515
284515
284515
283916
283916
283916
283916
283916
283916
283916
283916
283916
283916
283916
283916
283916
283916
283916
283916
283856
283856
283856
283856
283856
283856
283856
283856
283856
283856
283856
283856
283856
283560
283560
283560
283560
283560
283560
283560
283560
283560
283560
283560
283560
283560
282030
282030
282030
282030
282030
282030
282030
282030
282030
282030
282030
282030
282030
282030
279422
279422
279422
279422
279422
279422
279422
279422
279422
279422
279422
279422
279422
279422
279237
279237
279237
279237
279237
279237
279237
279237
279237
279237
279237
279237
279237
279237
279237
279237
279237
279237
279033
279033
278290
278290
278290
278290
278290
278290
278290
278290
278290
278290
278290
278290
278290
278290
278290
278290
278290
278290
278290
278290
278172
278172
278172
278172
278172
278172
278172
278172
278172
278172
278172
278172
278172
278051
278051
278051
278051
278051
278051
278051
278051
278051
278051
278051
278051
278051
278051
278051
278051
277958
277958
277958
277958
277958
277958
277958
277958
277958
277958
277958
277933
277933
277933
277933
277933
277933
277933
277933
277933
276834
276411
276411
276411
276411
276411
276411
276411
276411
275940
275940
275940
275940
275940
275940
275754
275754
275754
275754
275754
275754
275754
275705
275705
275705
275705
275705
275705
275705
275705
275705
275705
275705
275705
275705
275705
275705
275705
275705
275705
275705
275705
275109
275109
275109
275109
275109
275109
275109
275109
273501
273501
273501
273501
273501
273501
273501
273501
273501
273501
273501
273501
273501
273501
273501
273133
273133
273133
273133
273133
273133
273133
273133
273133
273133
273133
273133
273133
273133
273133
273133
273133
273127
273127
273127
273127
273127
273127
273127
273127
273127
273127
273127
273127
273127
273077
273077
273043
273043
273043
273043
273043
273043
273043
273043
273043
273043
273043
271763
271763
271763
271763
271763
271763
271763
271763
271763
271763
271763
271763
271763
271763
271763
271763
271552
271552
271552
271552
271552
271552
271552
270778
270778
270778
270778
270778
270778
270778
270778
270778
270778
270778
270778
270778
270778
270778
270778
270778
270778
270652
270652
270652
270652
270652
270652
270652
270652
270652
270652
270652
270652
270652
269848
269848
269848
269848
269848
269848
269848
269848
269804
269804
269804
269804
269804
269804
269804
269804
269804
269804
269804
269804
269804
268952
268952
268952
268952
268952
268952
268952
268952
268952
268952
268952
268952
268952
268766
268766
268766
268766
268766
268766
268766
268766
268766
268766
268766
268766
268766
268766
268766
268721
268721
268721
268721
268721
268721
268721
268721
268721
268721
268721
268721
268721
268721
268721
264058
264058
264058
264058
264058
264058
264058
264058
264058
264058
264058
264058
264058
264058
264058
264058
264058
264058
264058
263989
263989
263989
263989
263989
263989
263989
263989
263989
263989
263989
263989
263989
263989
263989
263989
263989
263870
263870
263870
263870
263870
263870
263870
263870
262942
262942
262942
262942
262942
262942
262942
262942
262942
262279
262279
262279
262279
262279
262279
262279
262279
262279
262279
262279
262279
262279
262279
262279
262279
262279
262279
261944
261944
261856
261856
261856
261856
261856
261856
261856
261856
261856
261856
261856
261856
261856
261856
261856
261856
261856
261373
261373
261373
261373
261373
261373
261373
261373
261373
261373
261373
261373
261373
261373
261156
261156
261156
261156
261156
261156
261156
261156
261156
260859
260859
260859
260859
260859
260859
260859
260859
260859
260859
260859
260859
260735
260196
260196
260196
260196
260196
260196
260196
260196
260196
260196
260196
260196
260196
260196
260196
260196
260196
260196
260196
260196
258648
258648
258648
258648
258648
258648
258648
258648
258648
258648
258648
258648
258648
258648
258648
258648
258648
258564
258564
258564
258564
258564
258564
258564
258564
258564
258564
258564
258564
258564
257834
257834
257834
257834
257834
257834
257834
257834
257834
257834
257834
257834
257834
257834
257834
257834
257834
257834
257834
257784
257784
257784
257784
257784
257784
257784
257784
257784
255697
255697
255697
255697
255678
255678
255678
255678
255678
255678
255678
255678
255678
255678
255678
255678
255678
255678
255678
255678
255678
255678
255016
254840
254840
254840
254840
254840
254840
254840
254840
254840
254840
254840
254840
254017
254017
254017
254017
254017
254017
254017
254017
254017
254017
254017
254017
254017
254017
254017
254017
254017
254017
253453
253453
253453
252836
252836
252836
252836
252836
252836
252836
252836
252327
252327
252327
252327
252327
252327
252327
252327
252327
252327
252327
252327
251700
251700
251700
251700
251700
250293
250293
250293
250293
250293
250293
250293
250293
250293
250293
250293
250293
250293
250293
250293
250293
250293
250293
250293
250293
250095
250095
250095
250095
250095
250095
250095
249872
249872
249872
249872
249872
249872
249872
249872
249872
249872
249872
249872
249872
249872
249872
249872
249872
249872
249872
249872
249278
248741
248741
248741
248741
248741
248741
248741
248741
248741
248741
248741
248741
248741
248741
248741
248193
248161
248161
248161
248161
248161
248161
248161
248161
248161
248161
248161
248161
248161
248161
248161
247844
247844
247844
247844
247844
247844
247844
247844
247844
247844
247844
247844
247844
247844
247844
247815
247815
247815
247815
247815
247815
247815
247815
247815
247815
247815
247815
247815
247815
247815
247815
247815
247815
247771
247771
247771
247771
247771
247771
247771
247771
247771
247771
247771
247771
247771
246051
246051
246051
246051
245646
245646
245457
244582
244582
244582
244582
244582
244582
244582
244582
244441
244441
244441
244441
244441
244441
244441
244441
244441
243205
243205
243205
243205
243205
243205
243205
243205
243205
243030
243030
243030
243030
243030
243030
243030
243030
243030
243030
243030
243030
243030
243030
243030
243030
243030
242388
242388
242388
242388
242388
242388
242388
242388
242388
242388
242388
242250
242250
242250
242250
242250
242250
242159
242159
242159
242159
242159
242159
242159
242159
242159
242159
242159
242159
242159
242159
242159
242159
242159
242010
242010
242010
242010
242010
242010
242010
242010
242010
242010
242010
242010
242010
242010
242010
242010
242010
242010
241620
241620
241620
241620
241620
241620
241620
241620
241194
241194
241194
241194
240924
240924
240924
240924
240924
240924
240924
240924
240924
240924
240924
240382
240382
240382
240382
240382
240382
240382
240382
240382
240382
240382
240382
240382
240382
240382
239967
239967
239967
239348
239348
239348
239348
239348
239348
239348
239348
238506
238506
238506
238506
237634
237634
237634
237634
237634
237634
237634
237634
237634
237634
237634
237634
237634
237634
237317
237317
237317
237317
237317
237317
237317
237317
237317
237317
237317
237317
237317
237317
237317
237317
237317
237272
237272
237272
237272
237272
237272
237272
237272
237272
237272
237272
237272
237272
237272
237272
237272
237272
237272
237272
235497
235497
235497
235497
235497
235497
235497
235497
235497
235497
235497
235497
235497
235497
235323
235323
235323
235323
235323
235323
235323
235323
235323
235323
235323
235323
235323
235323
235323
235323
235323
234907
234907
234907
234907
234907
234907
234907
234907
234907
234907
234907
234907
234907
234907
234907
234907
234907
234907
234907
234552
234552
234552
234552
234552
234552
234552
234552
234552
234089
234089
234089
234089
234089
234089
234089
234089
234089
234089
234089
234089
234089
234089
233827
233827
233406
233406
233406
233406
233406
232934
232934
232934
232934
232934
232934
232934
232934
232934
232934
232934
232934
232934
232934
232934
232934
232041
232041
232041
232041
232041
232041
232041
232041
232041
232041
231861
231861
231861
231861
231861
231861
231861
231861
231861
231861
231861
231861
230828
230828
230722
230722
230722
230722
230722
230722
230722
230722
230722
230266
230266
230266
230266
230266
230266
230266
230266
230266
230266
230266
230266
230266
230266
230266
230266
229878
229878
229878
229878
229878
229878
229878
229878
229519
229041
229041
229041
229041
229041
229041
229041
229041
229041
229041
229041
229041
229041
229041
229041
229041
229041
229041
229041
229041
228860
228860
228860
228860
228860
228860
228860
228860
228860
228860
228860
228860
228860
228860
228860
228860
227956
227956
227956
227956
227956
227956
227956
227956
227700
227700
227700
227700
227700
227700
227700
227700
227700
227700
227700
227700
227700
227700
227700
227700
227700
227700
227700
227700
226189
226189
226189
225590
225590
225590
225590
225590
225590
225590
225590
225590
225590
225590
225590
225590
225590
225590
225590
225590
225590
225590
225590
224861
224861
224861
224861
224861
224861
224861
224861
224861
224861
224381
224381
224381
224381
224381
224381
224381
224381
224381
224381
224381
224381
224342
224342
224342
224342
224342
224342
224342
224342
224342
224342
224342
224342
224342
224342
224342
224342
224342
224342
224210
223781
223781
223781
223781
223781
223781
223781
223781
223781
223781
223781
223781
223781
223781
223781
223781
223781
223781
223775
223775
223775
223775
223775
223775
223775
223775
223775
223775
223775
223775
223775
223564
223564
223564
223564
223564
222983
222983
222983
222983
222983
222983
222983
222983
222983
222983
222762
222762
222762
221654
221654
221654
221654
221654
221654
221055
221055
221055
221055
221055
221055
221055
221055
220916
220916
220916
220916
220916
219372
219372
219372
219372
219372
219372
219372
219372
219372
219372
219372
219372
219372
219372
219372
219372
219372
219372
219372
219010
219010
219010
219010
219010
219010
218836
218554
218554
217996
217996
217996
217996
217996
217996
217996
217996
217996
217996
217996
217996
217996
217996
217446
217446
217446
217446
217446
217446
217446
217446
217446
217446
217446
217446
217446
217446
217446
217446
217446
217446
217446
215395
215395
215395
215360
215360
215360
214786
214786
214786
214786
214786
214786
214786
214786
214786
214786
214786
214479
214479
214479
214479
214479
214479
214479
214479
214479
214479
214479
214479
214479
214479
214479
214479
214429
214429
214429
214429
214429
214429
214429
214429
214429
214429
214429
214031
214031
214031
214031
214031
214031
214031
214031
214031
214031
214031
214031
214031
214031
214031
213761
213761
213761
213761
213761
212908
212908
212908
212908
212908
212908
212908
212908
212908
212452
212452
212452
212452
212452
212452
212452
212452
212452
212452
212452
212452
212452
212452
212211
212211
212211
212211
212211
212211
212211
212211
212211
212211
212211
212211
212211
212211
212211
212211
212211
212211
211659
211659
211659
211659
211659
211659
211659
211659
211659
211659
211659
211659
211659
211659
211659
211659
211659
211659
211659
210605
210605
210605
210605
210605
210605
210605
210605
210605
210605
210605
210605
210605
210605
210605
210605
210605
210605
210605
210605
209798
209755
209755
209755
209755
209755
209755
209755
209755
209755
209755
209755
209755
209755
209755
209755
209755
209755
209755
209755
209755
209713
209713
209713
209713
209713
209122
209122
209122
209122
209122
209122
209122
209122
209122
209122
209122
209122
209122
209122
209122
209122
209122
208251
208251
208251
208251
208251
208185
208185
208185
208185
208094
208094
207665
207665
207665
207665
207665
207665
207665
207665
207665
207665
207665
207665
207665
207665
207665
207088
207088
207088
207088
207088
207088
207088
207088
207088
207088
207088
207088
207088
207088
206693
206693
206693
206693
206693
206693
206693
206693
206693
206693
206693
206693
206693
205484
205484
205484
205484
205484
205484
205484
205484
205484
205484
205484
205484
205484
205484
205484
205484
205484
205393
205348
205348
205144
205144
205144
205144
205144
205144
205144
205144
205144
205144
205144
204713
204713
204713
204713
204713
204713
204713
204713
204713
204713
204713
204713
204713
204713
204713
204713
204713
204713
204713
204191
204191
204191
204191
204191
204191
204191
204191
204191
204191
204191
204191
204191
204191
204191
204191
204191
203468
203468
203468
203468
203468
203468
203468
203468
203468
203468
203468
202245
202245
202245
202245
202245
202245
202245
202245
202245
202245
202245
202245
202245
201909
201909
201909
201909
201909
201739
201736
201736
201736
201736
201736
201736
201736
201736
201736
201736
201736
201736
201736
201736
201736
201736
201522
201522
201522
201522
201522
201522
201522
201384
201384
201384
201384
201384
201384
201384
201384
201132
201132
200810
200810
200810
200810
200810
200810
200810
200810
200810
200810
200810
199753
199753
199753
199753
199753
199753
199753
199753
199753
199753
199753
199753
199753
199753
199753
199753
199424
199424
199424
199424
199424
199424
199424
198922
198922
198922
198922
198922
198922
198922
198922
198922
198922
198846
198846
198846
198846
198846
198846
198846
198846
198846
198846
198846
198846
198846
198846
198846
198846
198846
198846
198846
198846
198453
198453
198453
198453
198453
198453
198453
198453
198453
198453
198453
198453
198453
197508
197508
197508
197508
197508
197508
197464
197464
197464
197464
197225
197225
197225
197225
197225
197225
197225
197225
197225
197225
197225
197225
197225
197225
197225
197225
197225
197209
197209
197209
197209
197209
197209
197209
197209
197209
197209
197209
197209
197209
196490
196490
196490
196490
196490
196490
196490
196490
196490
196490
196490
196108
196108
196108
196108
196108
196108
196108
196108
194439
194439
194439
194439
194439
194439
194439
194439
194439
194439
194158
194158
194158
194158
194158
194158
194158
194158
194158
194158
194158
194158
194158
194158
193579
193579
193579
193579
193579
193564
193564
193564
193564
193564
193564
193564
192861
192861
192861
192861
192861
192861
192861
192861
192861
192616
192616
192616
192616
192616
192616
192616
192616
192616
192616
192616
192616
192373
192373
192373
192373
192373
192373
192373
192373
192373
192373
192373
192373
192373
192373
192269
192269
192269
192269
192269
192269
192269
192223
192223
192223
192223
192223
192223
192223
192223
192223
192223
192223
192223
192223
192223
192223
192223
192223
192101
192101
192101
192101
192101
192101
192101
192101
192101
192101
192101
192087
192087
192087
192087
192087
192087
192087
192087
192087
192087
192087
192087
192087
192087
192087
192087
192087
192075
192075
192075
192075
192075
192075
192075
192075
192075
192075
192075
190594
190594
190594
190594
190594
190594
190594
190594
190594
190594
190486
190486
190486
190373
190373
190373
190373
190373
190373
190131
190131
190131
190131
190131
190131
190131
190131
190131
190131
190131
190131
190131
190131
190108
190108
190108
190108
190108
190108
190108
190108
190108
190108
190108
190108
190108
190108
190108
190108
190108
190108
189717
189717
189717
189717
189717
189717
189717
189717
189717
189717
189717
189717
189717
189092
189092
189092
189092
189092
189092
189092
189092
189092
189092
189092
189092
189092
189092
189060
189060
189060
189060
189060
189060
189060
189060
189060
189060
189060
189060
189060
188179
188179
188179
188179
188179
188179
188179
188179
188179
188179
188179
188179
188179
188179
188179
188179
188179
188120
188120
188120
188120
188120
188120
188120
188120
188120
188120
188120
188120
187514
187514
187514
187514
187514
187514
187514
187514
187514
187514
187514
187514
187514
187514
187514
187514
187514
186826
186576
186576
186576
186576
186250
186250
186250
186250
186250
186250
186250
185950
185950
185950
185950
185950
185950
185950
185950
185950
185950
185950
185950
185950
185507
185507
185507
185507
185507
185507
185507
185507
185507
185507
185507
185448
185448
185448
185448
185448
185448
185448
185448
185448
185448
185448
185448
185448
185448
185448
185448
185448
185448
185448
185190
185190
185190
185190
185190
185190
185190
185190
185190
185190
185190
184910
184910
184910
184910
184910
184910
184910
184910
184910
184910
184910
184910
184910
183945
183945
183945
183945
183945
183945
183945
183945
183945
183945
183945
183945
183945
183174
183174
183174
183174
183174
183174
183174
183174
183174
183174
183040
183040
182619
182619
182619
182619
182619
182619
182619
182619
182619
182619
182619
182619
182619
182619
182619
182619
182619
182619
181861
181861
181861
181861
181861
181861
181861
181861
181861
181861
181861
181861
180639
180639
180639
180639
180639
180639
180639
180639
180639
180639
180639
180639
180639
180639
180639
180639
180639
180639
180129
180129
180129
180129
180129
180129
180129
180129
180129
180129
180129
180129
180129
180129
180129
180076
180076
180076
180076
180076
180076
180076
180076
180076
180076
180076
180076
180076
180076
180076
180076
180076
179898
179898
179898
179898
179898
179867
179867
179867
179867
179867
179867
179867
179867
179867
179867
179867
179867
179867
179867
179867
179819
179819
179819
179819
179819
179819
179819
179819
179717
179717
179717
179717
179717
179717
179717
179717
179717
179717
179717
179717
179717
179717
179717
179717
179717
179274
179274
179274
179274
179274
179274
179274
179274
179274
179274
179274
179274
179274
179274
179274
178918
178918
178918
178918
178918
178918
178918
178918
178918
178918
178918
178918
178918
177672
177672
177672
177672
177672
177672
177672
177672
177672
177672
177672
175905
175905
175905
175905
175905
175905
175905
175905
175905
175905
175905
175905
175905
174816
174816
174816
174816
174816
173040
173040
173040
173040
173040
173040
173040
173040
173040
173040
173040
173040
173040
173040
173040
173040
171010
171010
171010
171010
171010
171010
171010
171010
171010
171010
171010
171010
171010
171010
171010
171010
171010
171010
171010
171010
170990
170990
170990
170990
170990
170990
170990
170990
170990
170990
170990
170990
170990
170990
170990
170990
170990
170212
170212
170212
170212
170212
170212
170212
170212
170212
170212
170212
170212
170212
170212
170212
170212
169296
169296
169296
169296
169296
169296
169296
169296
169296
169296
169296
169296
169296
168398
168398
168398
168398
168398
168398
168398
168398
168398
168398
168398
168398
168398
168398
166870
166870
166870
166870
166870
166870
166870
166870
166512
166361
166361
166361
166361
166361
166361
165796
165796
165796
165796
165796
165796
165796
165796
165796
165796
165796
165796
165796
165796
165796
165796
165796
165796
165432
165206
165206
165206
165206
165206
165206
165206
165206
165206
165206
164203
164203
164203
164203
164203
164203
164203
164203
164203
164203
164203
164203
164203
163772
163772
163064
163064
163064
163064
163064
163064
163064
163064
163064
163064
163064
163064
163064
163029
163029
163029
163029
163029
163029
163029
163029
163029
163029
163029
163029
163029
163029
163029
163029
163029
163029
162738
162738
162738
162738
162738
162738
162738
162738
162738
162738
162738
162738
161471
161471
161471
161471
161471
161471
161471
161471
161471
161471
161471
161471
161471
160410
160410
160410
160410
160410
160410
160410
160410
160410
160410
160410
160410
160410
160031
160031
160031
160031
160031
160031
160031
160031
160031
160031
160031
160031
160031
160031
160031
160031
159710
159710
159705
159705
159705
159705
159705
159705
159705
159705
159705
159705
159249
159249
159249
159249
159249
159249
158880
158880
158880
158880
158880
158880
158880
158880
158880
158880
158880
158880
158880
158880
158880
158880
158880
158880
158880
158731
158731
158731
158731
158731
158731
158731
158731
158731
158731
158731
158731
158731
158731
158731
158731
158731
158731
158144
158144
158144
158144
158144
158144
158144
157814
157814
157814
157814
157814
157814
157814
157814
157814
157814
157814
157814
157814
157814
157814
157814
157595
157595
157595
157595
157595
157595
157595
157595
157595
157595
157595
157595
157595
157595
157469
157469
157469
157469
157469
157469
157469
157469
157469
157469
157469
157469
157469
157469
157469
157469
157469
157469
157469
156070
156070
156070
156070
156070
156070
156070
156070
156070
156070
156070
156070
156070
156070
156070
156070
156070
156070
156070
156070
155918
155918
155918
155918
155918
155637
154082
154082
154082
154082
154082
154082
154082
154082
154082
154082
154082
154082
154082
154082
154082
153901
153901
153901
153901
153901
153901
153901
153901
153901
153303
153255
153255
153255
153255
153255
153255
153255
153255
153255
153255
153255
153255
153255
153255
153255
153255
153255
153255
153255
153255
153105
153105
153105
153105
153105
152011
152011
152011
152011
152011
152011
152011
152011
152011
152011
152011
152011
152011
152011
152011
152011
152011
152011
152011
152011
151378
151378
151378
151378
151378
151378
151378
151378
151378
151378
151378
151378
151378
151378
151378
151378
151378
151378
151378
151378
150016
150016
150016
150016
150016
150016
150016
150016
150016
149958
149958
149958
149958
149958
149311
149311
149311
149311
149311
149311
149311
149311
149311
149311
149311
149311
149311
149311
149311
149311
149311
149311
149311
149311
148736
148736
148736
148736
148736
148736
148736
148736
148736
148736
148023
148023
148023
148023
148023
148023
148023
148023
147524
147524
147524
147524
147524
147524
147524
147524
147524
147524
147524
147524
147524
147524
147524
147524
147495
147495
147495
147495
147495
147495
147495
147495
147495
147495
147495
147495
147495
147495
147495
147495
147495
147495
147495
147495
147199
147199
147199
147199
147199
147199
147199
147199
147199
147199
147199
147199
147199
144733
144733
144733
144733
144733
144733
144733
144733
144733
144733
144733
144733
144733
144733
144733
144733
144733
144733
144644
144644
144644
144644
144644
143543
143543
143543
143543
143543
143543
143121
143121
143121
143121
143121
143121
143121
143121
143121
143121
143121
143121
143121
143121
143121
143121
143121
143121
143121
141898
141898
141898
141898
141898
141898
141898
141898
141898
141898
141898
141898
141898
141898
141898
141898
141811
140384
140384
140384
140384
140384
140384
140384
140384
140384
140384
140384
140384
140384
140384
140384
140196
139887
139887
139887
139887
139887
139887
139887
139887
139887
139887
139887
139887
139887
139446
139446
139446
139446
139446
139446
139446
139446
139446
139446
139446
139446
139446
139446
139446
139446
139446
139446
139446
139446
137385
137385
137385
137385
137385
137385
137385
137385
137385
137385
137385
137385
137385
137385
137385
137385
136713
136713
136713
136713
135551
135551
135527
135527
135527
135527
135527
135527
135527
135527
135527
134514
134514
134514
134514
134514
133512
133512
133512
133512
133512
133512
133512
133512
133512
133512
133512
133512
133512
133512
133512
133512
133512
133512
133512
131174
131174
131174
130692
130692
130692
130692
130692
128958
128941
128941
128941
128941
128941
128941
128941
128941
128941
128941
128941
128941
128941
128941
128941
128941
128941
128941
128941
128870
128870
128870
128855
128166
128166
128166
128166
128166
128166
128166
128166
128166
128166
128166
128166
128166
127903
127903
127903
127903
127540
127540
127540
127540
127540
127540
127540
127540
127540
127540
127540
127540
127540
127540
127540
127517
127517
127517
127517
127517
127517
127517
127517
127517
127498
127498
127498
127498
127498
127498
126767
126767
126388
126388
126388
126388
126388
126388
126388
126388
126388
126388
124714
123720
123720
123720
123226
123226
123226
123226
123226
123226
123226
123226
123226
122829
122829
122829
122829
121720
121720
121720
121720
121720
121720
121720
121720
121720
121720
121720
121720
121720
121720
121720
121720
121720
121720
121720
121432
120420
120420
120420
120420
120420
120420
120420
120420
120420
120420
120150
120150
120150
120150
120035
120035
120035
120035
120035
119508
119508
119508
119508
119508
119508
119508
119508
119508
119508
119508
119508
119508
119508
119508
119508
119464
119464
119464
119464
118056
118056
118056
118056
118056
118056
118056
118056
118056
118056
118056
118056
118056
118056
118056
118056
118056
118056
117504
117504
117504
117504
117504
117504
117504
117504
117504
117504
117504
117504
117504
117300
117300
117300
117300
117300
117300
117300
117300
117300
117300
117300
117300
117300
117300
117300
117300
117300
117300
116480
116480
116480
116480
116480
116480
116480
116480
116480
116480
116480
116480
116480
116480
116480
116480
116480
116480
116480
116480
116031
116031
116031
116031
115621
115621
115621
115621
115621
115621
115621
115621
115621
115621
115201
115201
115201
115201
115201
115201
115201
115201
115201
115201
115201
115201
115201
115201
115201
115201
115201
115201
115201
115201
115163
115163
115163
115163
115163
115163
115163
114950
114950
114950
114950
114950
114950
114950
114950
114183
114183
114183
114183
114183
114183
113957
113957
113957
113957
113957
113957
113957
113957
113957
113957
113957
113957
113957
113957
113957
113957
113957
113957
113957
113497
113497
113497
113043
112454
112454
112454
112454
112454
112454
112454
112454
112454
112454
112454
112454
112454
112454
112454
112231
112231
112231
112231
112231
112231
112231
112231
112231
112231
112231
112231
112231
112231
111583
111583
111583
111583
111583
111583
111583
111384
111384
111384
111384
111384
111384
111384
111384
111384
111287
111199
111199
111199
111199
111199
111199
111199
111199
111199
111199
111199
111199
111199
111199
111199
111069
111069
111069
110859
110859
109784
109784
109784
109784
109784
109486
109486
109486
109486
109486
109486
109486
109486
109486
109486
109486
109486
109486
109486
109486
107638
107638
107638
107638
107638
107638
107638
107638
107638
107638
107638
107638
107638
107638
107638
107638
107638
107582
107582
107582
107582
107582
107582
107582
107582
107582
107582
107582
107582
107582
107582
107582
107412
107412
107412
107412
107412
107412
107412
107412
107412
107412
107412
107268
107268
107268
107268
107268
107268
107268
107268
107268
107268
107268
107268
107268
106818
106818
106818
106818
106818
106818
106818
106818
106818
106818
106818
106818
106818
106448
106448
106448
106448
105608
105608
105608
105253
105253
105253
105253
105253
105253
105253
105253
105253
105253
105253
105253
105253
105253
105253
105253
105253
105253
105253
105253
104829
104829
104829
104829
104829
104829
104829
104829
104764
104764
104764
104764
104764
104764
104764
104764
104764
104764
104764
104764
104386
104386
104386
104386
104386
104386
104386
103371
103371
103371
103371
103371
103371
103371
103371
103371
103371
103371
103371
103371
103208
103208
103208
103208
103208
103208
103208
103208
103208
103208
103208
103208
102809
102809
102809
102809
102809
102809
102809
102809
102809
102809
102809
102809
102809
102809
102809
102809
102809
102809
102359
102359
102359
102359
102359
102359
102359
102359
102175
102070
102070
102070
102070
102070
101612
101612
101612
101612
101612
101612
101612
101612
101612
101612
101612
101612
101612
101612
101483
101483
101483
101483
101483
101483
101483
101483
101483
101483
101483
101483
101483
101483
101483
101483
101483
101483
101483
101463
101463
101463
101463
100971
100971
100971
100971
100971
100971
100971
100971
100971
100971
100971
100971
100971
100971
100844
100844
100844
100844
100844
100844
100844
100844
100844
100844
100844
100844
100844
100065
100065
100065
100065
100065
100065
100065
100065
100065
100065
99862
99862
99862
99862
99862
99862
99862
99862
99862
99862
99862
99862
99862
97719
97719
97719
97719
97719
97719
97719
97719
97719
97719
97719
97719
97719
97719
97719
97719
97719
97719
97719
97719
97104
97104
97104
97104
97104
97104
97104
97104
97104
97104
97104
97104
97104
97104
97104
97104
97104
97104
97104
97104
96735
96735
96735
96280
96280
96280
96280
96280
96210
96210
96210
96210
96210
96210
96210
96210
96210
95792
95792
95792
95792
94035
94035
94035
94035
93970
93970
93970
93970
93970
93970
93970
93970
93970
93970
93970
93970
93970
93970
93970
93970
93624
93624
93624
93624
93624
93624
93624
93624
93624
93624
93388
93388
93388
93388
93388
93388
93388
93388
93388
93388
93388
93388
93388
92137
92137
92137
92137
92137
92137
92137
92137
91417
91417
91417
91417
91417
91417
91096
91096
91096
91096
91096
91096
91096
91096
91096
91096
90983
90983
90983
90983
90983
90983
90470
90470
90470
90470
90470
90470
90470
90470
90470
90470
90470
90470
89904
89904
89904
87095
87095
87095
87095
87095
87095
87095
87095
87095
87095
87095
87095
87095
87095
87095
85781
85781
85781
85781
85781
85781
85781
85781
85781
85781
85781
85781
85781
85781
85781
85781
84003
84003
84003
84003
84003
84003
84003
84003
84003
84003
84003
84003
84003
84003
84003
84003
84003
84003
84003
84003
83957
83957
83957
83957
83957
83957
83957
83957
83957
83957
83957
83957
83957
83957
83957
83846
83846
83846
83846
83846
83846
83846
83846
83846
83846
83846
83846
83846
83846
83846
83846
83846
83846
83640
83640
83640
83640
83640
83640
83040
83040
83040
83040
83040
83040
83040
83040
83040
83040
83040
83040
83040
82283
82283
82283
82283
82283
82283
82175
82175
82175
82175
82175
82175
82175
82175
82175
82175
82175
82175
82175
82175
82175
81633
81633
81633
81633
81633
81633
81633
81633
81622
81622
81622
81622
81622
81622
81622
81622
81622
81247
81247
81247
81247
81247
81247
81247
81247
81247
81247
81247
81247
81247
81247
81247
81247
81247
81112
81112
81112
81112
81112
81112
81112
81112
81112
81112
81112
81112
81112
81112
78843
78843
78843
78843
78843
78843
78843
78843
78843
78843
78843
78843
78843
78843
78666
78666
78666
78666
78666
78666
78666
78666
78666
78666
78666
78666
78666
78666
78666
78666
78666
78666
78416
78416
78416
78416
78416
78416
78416
78416
78416
78416
78416
78416
78416
78344
78344
78344
78344
78344
78344
78344
78344
78344
78344
78344
78344
77735
77735
77735
77570
77570
77570
77570
77570
77570
77570
77570
77570
77570
77570
77570
77467
77467
77467
77467
77467
76339
76339
76339
76339
76339
76339
76339
76266
76266
76266
76266
76266
76266
76266
76266
76266
76266
76266
76266
76266
76266
76266
76266
76266
76266
76206
76206
76206
76206
76206
76206
76206
76206
76206
76206
76206
74338
74338
74338
74338
74338
74338
74338
74338
74338
74338
74338
74338
74338
74338
73948
73948
73948
73948
73948
73948
73948
73948
73948
73618
73618
73618
73618
73618
73618
72736
72736
72736
72736
72736
72736
72736
72736
72109
72109
72109
72109
72109
72109
72109
72109
72109
72109
72033
72033
72033
72033
72033
72033
72033
72033
72033
72033
71898
71898
71898
71898
71898
70916
70916
70916
70916
70916
70916
70916
70916
70916
70916
70916
70916
70916
70916
70916
70916
69915
69915
69915
69915
69915
69915
69915
69915
69024
69024
69024
69024
69024
69024
69024
69024
69024
69024
69024
69024
69024
69024
69024
69024
69024
69024
68694
68694
68694
68694
68158
68158
67862
67205
67205
67205
67205
67205
67205
67205
67205
67205
67205
67205
67205
67205
67205
67205
67205
67196
67196
67196
67196
67196
67196
67196
67196
67196
67196
67196
67196
67196
