2619
500000
333253
333253
333253
333253
333253
333253
333253
333253
333253
333253
333253
333253
333253
333253
333253
333253
333253
333253
331685
331685
331685
331685
331685
331685
331685
331685
331685
331685
331685
331685
331685
331685
331685
331464
331464
331464
331464
331464
331464
331464
331464
331464
331464
331464
331464
329030
329030
329030
329030
329030
329030
329030
329030
329030
329030
329030
329030
329030
329030
329030
325996
325996
325996
325996
325996
325996
325996
325996
325996
325996
325688
325688
325688
325688
325688
325688
325688
325688
325688
325688
325688
325688
325688
325688
325688
325688
325484
325484
325484
325484
325484
325031
325031
325031
325031
325031
325031
325031
325031
325031
325031
325031
325031
325031
325031
325031
325031
325031
325031
325031
324208
324208
324208
324208
324208
324208
324208
324208
324208
324034
324034
324034
324034
324034
324034
324034
324034
324034
324034
324034
324034
323913
323913
323913
323913
323913
323913
323913
323913
323913
323913
323913
323913
323913
323913
323913
323913
323913
323549
323549
323549
323549
323549
323549
323549
323549
323549
322090
322090
322090
322090
322090
322090
322090
322090
322090
322090
322090
322090
322090
322090
322090
322090
322090
322090
322090
322090
321214
321214
321214
321214
321214
321214
321214
321214
321214
321214
321214
321214
321214
321214
321004
321004
321004
321004
319179
319179
319179
319179
319179
319179
319179
319179
319179
319179
319179
319179
319179
319179
319179
319179
319179
319179
318460
318460
317821
317821
317821
317821
317821
317821
317821
317821
315636
315636
315636
315636
315214
315214
315214
315214
315214
315214
315214
315214
315214
315214
315214
315214
315214
315214
315214
315214
315214
314929
314929
314929
314929
314929
314929
314929
314929
314704
314704
314704
314704
314704
314704
314704
314704
314704
311918
311918
311918
311918
310933
310933
310258
310258
310258
310258
310258
310258
310258
310258
310258
310258
310258
310258
308098
308098
308098
308098
308098
308098
308098
308098
308098
308098
308098
308098
308098
304382
304382
304382
304382
304382
304382
301912
301912
301912
301912
301912
301912
301912
301912
301912
301912
301912
301912
301912
301912
301912
301912
301770
301770
301770
301770
301770
301770
301770
301770
299243
299243
299243
299243
299243
299243
299243
299243
299243
299243
299243
299243
299243
299243
299243
299243
299243
299243
299243
299243
297753
297753
297753
297753
297753
297753
297753
297753
297753
297753
297753
297753
297753
297753
297753
297753
297753
297753
297753
297335
297335
297335
297335
297335
297335
297335
297335
297335
297335
297335
297335
297335
295822
295822
295822
295822
295822
295822
295822
295822
295822
295822
295822
293350
293350
293076
293076
293076
293076
293076
293076
293076
293076
293076
293076
293076
293076
293076
293076
292406
292406
292406
292406
292406
292406
292406
292406
292406
292406
292406
292406
292406
292406
292406
290153
290153
290153
290153
290153
290153
290153
290153
287659
287659
287659
287659
287659
287659
287659
287659
287659
287659
287659
287301
287301
287301
287301
287301
287301
287301
287301
287301
287301
287301
287301
287301
287301
287301
287275
287275
287275
287275
287275
287275
287275
287275
287275
286661
286661
286661
285737
285737
284737
284737
284737
284737
284737
284737
284737
284737
284737
284737
284737
284072
284072
284072
282717
282717
282717
282717
282230
282230
282230
279084
279084
279084
277937
277937
277937
275594
275594
275594
275594
275594
275594
275594
275594
275594
275594
275594
275594
275594
275594
275594
275424
275424
275424
275424
275424
275424
275424
275424
275424
275424
275424
275424
275424
275424
275404
275404
275404
275404
275404
275404
275404
275404
275404
275404
275404
275404
275404
275404
275404
275404
275404
275404
275404
275276
275276
275276
275276
275276
275276
274662
274662
274662
274662
274662
274662
274662
274662
274662
274662
274662
274662
274662
274662
274662
273419
273419
273419
273350
273350
273350
272606
272606
272606
272606
272606
272606
272606
272606
272606
272606
272057
272057
272057
272057
272057
272057
271856
271856
271856
271856
271856
271856
271856
271856
269987
269987
269987
269987
269987
269987
269917
269917
269917
269917
269917
269917
269917
269917
269917
269917
269917
269917
269917
269917
269917
269917
269917
269917
269638
269638
269638
269638
269638
269638
268227
268227
268227
268227
268227
268227
268227
268227
268227
268227
268227
268168
268168
268168
268168
268168
268168
268168
268168
268168
268168
268168
268168
268168
268168
267975
267975
267975
267975
267975
267975
267975
267975
267975
265617
265617
265617
265617
265617
265617
265617
265617
265617
265617
265617
265617
265617
265617
265245
265245
265245
265245
265245
265245
265026
265026
265026
265026
265026
265026
265026
265026
265026
265026
265026
265026
265026
265026
265026
265026
265026
265026
265026
264792
264792
264792
264792
264792
264792
264792
262851
262851
262851
262022
262022
262022
262022
262022
262022
262022
262022
262022
262022
262022
262022
262022
262022
261118
261118
261118
261118
261118
261118
261118
261118
261118
261118
261118
261118
261118
261118
261118
261118
261118
261118
259442
259442
259442
259442
259442
259442
259442
259442
259442
259442
259442
259442
259442
259442
259442
259442
259442
258086
258086
258086
258086
258086
258086
258086
258086
258086
258086
258086
258086
258086
258086
258086
257590
257590
257590
257590
257590
257590
257590
257590
257590
257590
257590
257590
257590
257590
257590
257590
257590
257590
256979
256979
256979
256979
256979
256979
256979
256979
256979
256979
256979
256979
256979
256979
255610
255610
255610
255610
255610
255610
255610
255610
255610
255610
255610
255596
255596
255596
255596
255596
255596
255596
255596
255596
254508
254508
254508
253930
253930
253930
253930
253930
253930
253930
253930
253930
253930
253930
253930
253930
253930
253930
253930
253930
253930
253292
253292
253292
253292
253292
253292
253292
253292
253292
252039
252039
252039
252039
252039
252039
252039
252039
252039
252039
252039
252039
252039
252039
252039
252039
252039
250629
250629
250629
250629
250629
250629
250629
250629
250629
250629
250629
250629
250101
250101
250101
250101
250101
250101
250101
250101
250101
250101
250101
250101
250101
250101
247475
247475
247475
247475
247475
247475
247475
247475
247475
247054
247054
247054
247054
247054
247054
247054
247054
247054
247054
247054
247054
247054
247054
247054
247054
247054
246734
246734
246734
246734
246734
246734
246734
246734
246734
246734
246706
246706
246706
246706
246706
246706
246706
246706
246706
246706
246706
246706
246706
246706
246706
246706
246509
246509
246509
246509
246509
246509
246509
246509
246509
246509
246509
246509
246509
246509
246509
246509
246509
246434
246434
246434
246434
246434
246434
246434
246434
246434
246434
246434
246434
246434
246434
246434
246434
246434
246434
245269
245269
245269
245269
245269
245269
245269
245269
245269
245269
245269
243538
243538
243538
243538
243538
243538
243538
243538
243538
243538
243538
243538
243538
243538
243538
243538
243538
242962
242962
242962
242962
242962
242962
242962
238207
238207
238207
238207
238207
238207
238207
238207
238207
238207
236702
236702
234210
234210
234210
233300
233300
233300
233300
233300
233300
233300
233300
233300
233300
233300
233300
233300
233300
233300
233300
233300
233300
233300
233300
233153
233153
233153
233153
232853
232853
232853
232853
232853
232853
232853
232853
232853
232023
232023
232023
232023
232023
232023
232023
232023
232023
232023
232023
231424
231424
231424
231424
231424
231424
230820
230820
230820
230820
230820
230820
230820
230820
230176
230176
230176
230176
230141
230141
230141
230141
230141
229380
229380
229380
229380
229380
229380
229380
229380
229380
229380
229380
229194
229194
229194
229194
229194
229194
229194
229194
229194
229194
229194
227324
227324
227324
227324
227324
227324
227324
227324
227324
227324
226998
226998
226998
226998
226998
226998
225410
225410
225410
225410
225410
225410
225410
225410
225410
225410
225410
225410
225410
225410
225410
225410
225410
224328
224328
224328
224328
224006
224006
224006
224006
224006
224006
224006
224006
224006
224006
224006
224006
224006
224006
224006
224006
224006
224006
224006
223863
223863
223863
223863
222966
222966
222966
222966
222966
222966
222966
222966
222966
222966
222966
221262
221262
221262
221262
221262
221262
221262
220584
220584
220584
220584
220584
220584
220584
220584
220584
220584
220584
220584
220584
220584
220584
220584
220584
220584
220584
219809
219809
219809
219809
219809
219809
219809
219809
219809
219809
219809
219809
219809
219809
219809
219809
219809
219809
219322
219322
219322
218571
218571
218414
218414
218414
218414
218414
218414
218414
218414
218414
218414
218414
218414
218317
218317
218317
218317
218317
218317
218317
218317
218317
218317
218317
218317
218317
217608
217608
217608
217608
217608
217608
217608
217608
217608
217608
217261
217261
217261
217261
217261
216732
216732
216732
216732
216732
216732
216732
216732
216732
216732
216732
216732
216732
216732
216732
215660
215660
215660
215660
215660
215660
215660
215117
215117
215117
215117
215117
215117
215117
215117
215117
215117
215117
215117
213099
213099
213099
209774
209774
209774
209774
209774
209774
209774
209774
209774
209774
209774
209774
209774
209774
209774
209774
209774
209774
209774
208982
208982
208982
208982
208982
208982
208982
208852
208852
208852
208852
208852
208852
207472
207472
207472
207472
207472
207453
207453
207453
207453
207453
207453
207453
207453
207453
207453
207453
207453
207453
207453
207453
207453
207453
207453
207453
207453
202380
199711
199711
199711
199711
199432
199432
199432
199432
199432
199432
199432
199432
198620
198620
198620
198620
198620
198620
198620
198620
198620
198620
198620
198620
198620
198620
198620
198620
198620
198390
198390
198390
198390
198390
198331
198331
198331
198331
198331
198331
198331
198331
197264
197264
197264
197264
197264
197264
197264
197264
197264
197264
197264
197264
197264
197264
197264
197264
197264
197264
196256
196256
196256
196256
196256
196256
196256
196208
196208
196208
196208
196208
196208
196208
196208
196208
196208
196208
196208
196208
196208
196208
194667
194667
194667
194667
194667
194667
194667
194667
193794
192792
192358
192358
192358
192358
192358
192358
192358
192358
192358
192358
192358
192358
192358
192358
192358
192358
192358
189258
189258
189258
189258
189258
189258
189258
189258
189258
189107
189107
189107
189107
189107
189107
189107
189107
189107
187556
187556
187556
187556
187556
187556
185179
185179
185179
185179
185179
184855
184855
184855
183678
183678
183678
183678
183678
183678
183678
183678
183678
183678
183678
183678
183678
183678
183494
183494
183494
183494
183494
183494
183494
183494
183494
183494
183494
183494
183494
183494
183494
183494
183494
183494
180708
180708
180708
180708
180708
180708
180708
180708
180708
180708
180708
180708
180708
180708
180708
180708
180708
180607
180607
180607
180607
180607
180607
180607
180607
180607
178931
178931
178931
178931
178931
177229
177229
174409
174409
174409
174409
174347
174347
174347
174347
174347
174347
174347
174347
174347
174347
174347
174347
174347
174347
174347
174347
173835
173835
173835
173835
173835
173835
173835
173835
173835
173835
173663
173663
173663
173663
173663
173663
173663
173301
168901
166188
166188
165855
165855
165855
165855
165855
165855
165855
165855
165855
165855
165569
165569
165569
165569
165569
165569
165569
165569
165569
165569
165569
165569
165569
165569
165569
165477
165477
165477
165477
165477
165477
165477
165477
165477
165477
165477
165477
165477
165477
165477
165477
165477
165409
165409
165409
164982
164982
164982
164982
164982
163081
163081
163081
162917
162917
162917
162917
162917
162917
162917
162917
162917
162917
162917
162917
162917
162917
162917
162917
162917
162917
161238
161238
161238
161238
161238
161238
161238
161238
160526
160526
160526
160526
160526
160526
160526
160526
160526
160526
160526
160526
160526
160526
160341
160245
160245
160245
160245
160245
160245
160245
160245
160245
160245
160245
160245
160245
160245
160245
160245
160245
160245
159594
159594
159594
159594
159594
159594
159594
159594
159594
159594
159594
159594
159594
159594
159594
159594
159594
159396
159396
159396
159396
159396
159396
159396
159396
159396
159148
159148
159148
159148
159148
159148
159148
159148
159148
159148
159148
159148
159148
159148
159148
158072
158072
158072
158072
158072
158072
158072
158072
158072
158072
158072
158072
158072
158072
157425
157425
157425
157425
157425
157425
157425
157425
157027
155848
155848
155848
155848
155848
155848
155848
155848
155848
155848
155848
155439
155439
155439
155439
155439
155439
155439
155439
155439
155439
155439
155439
155439
155439
155439
155439
155439
153734
153734
153734
153734
153734
153734
153734
153734
153734
153734
153734
153734
153734
153734
153734
153734
153734
153734
153734
151850
151850
151850
151850
151850
151054
151054
151054
151054
151054
151054
151054
151054
151054
151054
151054
151054
151054
151054
151054
151054
151054
151054
151054
151054
149977
149977
149977
149977
149977
149977
149977
149977
149977
149977
149977
149977
149977
149977
149363
149363
149363
149363
149363
149363
149363
149363
149363
149363
149363
147661
147661
147661
147661
147661
147661
147661
147372
147372
147372
147372
147372
147372
147372
147372
147372
147372
147372
147372
147372
147372
147372
147372
147372
146913
146913
146913
146913
146913
146913
146008
146008
146008
146008
146008
146008
146008
144794
144794
144794
144794
144794
144794
144794
144794
144794
144794
144794
144794
143684
143684
143684
143684
143684
143684
143684
143684
143684
143684
143684
143684
143684
143684
143684
143684
143684
143684
141773
141773
141773
141328
141328
141328
141328
141328
141328
141328
141328
141328
141328
141328
141328
141328
141328
141328
141328
139738
139738
139738
139738
139738
139738
139738
139738
139651
139651
139651
139651
139651
139651
139651
139651
137413
137413
137413
137413
137413
137413
137413
137413
137413
137413
137413
137413
137413
137413
137413
137413
137413
137413
137413
137413
135839
135839
135839
134367
134367
132739
132739
132739
132739
132739
132739
132739
132739
132739
132739
127329
127329
127329
127329
127329
127329
127329
127329
127329
127329
127329
127329
127329
127329
127329
127329
126096
125318
125318
125318
125318
125318
125318
125318
125318
125318
123784
123784
123784
123784
123784
123784
123784
123784
123784
123784
123784
123784
123784
123784
123784
123494
123494
123494
123494
123494
123494
123494
123494
123494
123494
123494
123494
123494
123494
123494
123494
123494
123494
123494
122658
122255
122255
122255
122255
122255
122255
122255
122255
122255
122255
122255
122255
122255
122255
122255
113975
113975
113975
113975
113975
113975
112212
112212
112212
112212
112212
112212
110906
110906
110906
110906
110906
110906
110906
110906
110906
110877
110877
110877
110877
110877
106954
106954
106954
106954
106954
106954
106954
106954
106954
106954
106954
106954
106509
106509
106509
106509
106509
106509
106509
106509
106509
106509
106206
104240
104240
104240
104240
104240
104240
104240
104240
104240
103780
103780
103780
103780
103780
103780
103780
103780
103780
103780
103780
103780
103780
103780
103780
103780
102674
102674
102674
102674
102674
102674
102674
102674
102674
102501
102501
102496
102496
102496
102496
102496
102496
102496
102496
102496
102496
101426
101426
101426
101426
101426
101426
101426
101426
101426
101426
101426
101426
101426
101426
101426
101426
101426
101370
101370
101370
101370
101370
101370
101370
101370
101370
101370
101370
101370
101370
101370
101370
101370
101370
101370
101347
101347
101347
101347
101347
101347
101347
101347
101347
101347
101347
101347
101347
101347
101347
101347
101347
100923
100923
100923
100923
100923
100923
100923
100923
100923
100923
100923
100923
100923
100923
100691
100691
100691
100691
100691
100691
100691
100691
100691
100691
100691
100691
100691
100691
100691
100691
100691
100691
100546
100546
100546
100546
100546
100546
100546
100546
98699
98699
98699
96935
96935
96935
96935
96935
96935
96935
96935
96935
96935
96935
96935
96935
96935
96935
96935
96935
96935
96935
96935
95448
95448
95448
95448
95448
95448
95448
95448
95448
95448
95448
95448
95448
95448
95448
95448
94616
94616
94616
94616
94616
94616
94616
94616
94616
94616
94616
94616
94616
94616
94616
94616
94616
90776
90776
90776
90776
90776
90776
90776
90776
90776
90776
90776
90776
89412
89412
89412
87536
87536
87536
87536
87536
87536
87536
87536
87392
87392
87392
87392
87392
87392
87392
87392
87392
87392
87392
87392
87392
85502
85502
85502
85502
85502
85502
85502
85502
85502
85502
85502
85502
85502
85502
85502
85257
85257
85257
85257
84209
84209
84209
84209
83340
83340
83340
83340
83340
83340
83340
83340
83340
83340
83340
83340
83340
83340
83340
83242
83242
83242
83242
83242
83242
83242
83242
83242
83242
83242
83242
80484
80484
80484
80484
80484
80484
80484
80484
80484
80484
80484
80484
78482
78482
78482
78482
78482
78482
78482
78482
78482
78482
78482
78482
78482
78482
78482
78482
78482
77185
77185
77185
77185
77185
77185
77185
77185
77185
77185
77185
77185
77185
77185
77185
77185
77185
77185
77185
76622
76622
76622
76622
76622
76622
76148
76148
76148
76148
76148
76148
76148
76148
76148
76148
76148
76148
76148
76148
76148
76148
76148
75422
75422
75422
75422
75422
75422
75422
75422
75422
75422
75422
75422
75422
75422
75422
75422
75422
75422
74390
74390
74390
74390
74390
74390
74390
74390
74390
74390
74390
74125
74125
74125
74125
74125
74125
74125
74125
74125
74125
74125
74125
74125
74125
74125
72002
72002
72002
72002
72002
72002
72002
72002
72002
72002
72002
72002
71306
71306
71306
71306
71306
71306
71306
71306
71306
71306
71306
71306
71306
71306
71306
71306
71306
71306
71063
71063
71063
71063
71063
71063
71063
71063
71063
71063
71063
71063
71063
70168
70168
70168
70168
70168
70168
70168
70168
70168
70168
70168
70168
70168
68027
68027
68027
68027
68027
68027
68027
68027
68027
68027
68027
68027
68027
