5029
500000
332958
332958
332958
332958
332958
332958
332958
332958
332958
332958
332958
332958
332958
332958
332958
332958
332958
331360
331360
331360
331360
331360
331360
331360
331360
331360
331360
331360
331360
331360
331360
331360
331360
331360
331078
331078
331078
331078
331078
331078
331078
331078
331078
331078
329308
329308
329308
329308
329205
329205
329205
326487
326487
326487
326487
326487
326487
326487
326487
326487
326487
326487
326487
326487
326487
326487
326487
326487
326487
326487
325642
325642
325642
325642
325642
325642
325642
324511
324511
324428
324126
324126
324126
323937
323937
323937
323937
323937
323937
323758
323758
323758
323758
323758
323758
323758
323758
323758
323758
323758
323758
323758
323758
323758
323758
321917
321917
321917
321917
321917
321917
321917
321917
321917
321917
321917
321917
321917
321917
321917
321917
321917
321917
321917
321634
321634
321634
321634
321634
321634
321634
321634
321634
321634
321634
321634
321274
321274
321274
321274
321274
321274
321274
321274
321274
321274
321274
321274
321274
321274
321024
321024
321024
321024
321024
321024
321024
321024
321024
321024
321024
321024
321024
321024
321024
320972
320972
320972
320972
320862
320862
320862
320862
320862
320862
320862
320862
320809
320809
320809
320504
320504
320504
320504
320504
320504
320504
320504
320504
320504
320504
320504
320504
320504
320504
320504
320504
320504
320504
320432
320432
320432
320432
320432
320432
320432
320432
320432
320432
320432
320432
320432
320432
320432
320432
320432
320432
320432
320432
320389
320389
320389
320075
320075
320075
320075
320075
320075
320075
319925
319925
319925
319925
319925
319925
319925
319925
319925
319925
319925
319925
319925
319925
319925
319925
319925
319843
319843
319843
319843
319843
319843
319843
319484
319484
319484
319484
319484
319484
319484
319155
319155
319155
319155
319155
319155
319155
319064
319064
319064
319064
319064
319064
319064
319064
319064
319064
319064
319064
319064
319064
319064
319064
319064
319064
318804
318804
318804
318804
318804
318804
318786
318786
318786
318786
318786
318786
318786
318786
318786
318786
318786
318786
318786
318786
318786
318786
318786
318786
318625
318625
318625
318625
318625
318625
318625
318625
318625
318625
318625
318625
318625
318625
318625
318625
318625
318457
318457
318457
318457
318457
318457
318457
318457
318457
318457
318457
318457
318457
318457
318457
318457
318283
318283
318283
318283
318283
318283
318283
318283
318283
318283
318283
318283
318283
318283
318283
318283
318283
318283
318249
318249
318249
318249
318249
318249
318249
318249
318249
318249
318249
318249
318249
318249
318187
318187
318187
318187
318187
318187
318187
318187
318187
318187
318187
318187
318187
318187
318187
318187
318187
317941
317941
317941
317941
317941
317941
317941
317941
317941
317941
317926
317926
317926
317926
317926
317926
317926
317926
317926
317926
317926
317926
317926
317926
317926
317926
317926
317926
317926
317763
317763
317763
317763
317763
317763
317763
317763
317763
316400
316400
316400
316400
316400
316400
316400
316400
316400
316400
316400
316400
316400
316400
316400
316400
316400
316400
315445
315445
315445
315445
315445
314675
314675
314675
314675
314675
314675
314675
314675
314675
314675
314675
314675
314675
314675
314675
314675
314675
314675
314675
314675
314161
314161
314161
314161
314161
314161
314161
313812
313812
313812
313812
313076
313076
312284
312284
312284
312284
312284
312284
311331
311331
311083
311083
311083
311083
311083
311083
311083
311083
311083
311083
311083
311083
311083
311083
311083
311083
310541
310541
310541
310541
310541
310541
310541
310541
310541
310541
310541
309131
309131
309131
307973
307973
307973
307973
307973
307973
307973
307802
307802
307802
307802
307802
307802
307802
307802
307802
307802
307802
307802
307802
307802
307802
307802
307802
307712
307712
307712
307712
307712
307712
307712
307712
307712
307712
307712
307712
307712
307712
307712
307712
307000
307000
307000
307000
307000
307000
307000
307000
307000
307000
307000
307000
307000
307000
307000
307000
307000
307000
307000
307000
306466
306466
306466
306466
306466
305889
305889
305889
305889
305889
305889
305889
305889
305889
305889
305889
305889
305889
305282
305282
305282
305282
305282
305282
305282
305282
305282
305282
305282
305282
305282
305282
305282
305282
305282
305282
305282
305282
304962
304758
304758
304758
304758
304758
304758
304670
304670
304670
304670
304670
304670
304670
304670
304670
304670
304670
304670
304670
304670
304670
304670
304670
303725
303725
303725
303725
303725
303725
303624
303624
303624
303624
303624
303624
303624
303624
303624
303624
303624
303624
303624
303624
303624
303624
303624
303624
303624
303518
303518
303518
303518
303518
303518
303518
303518
303518
303518
303518
303518
303518
303518
303518
303214
303214
303214
303214
303214
303214
303214
303214
303214
303214
303214
303214
303214
303214
303214
303214
303214
303214
303214
302040
302040
301322
301322
301322
301322
301322
301322
301322
301322
301322
301322
301322
301322
301322
301322
301322
301322
300627
300627
300627
300627
300627
300627
300354
300354
300354
300354
300354
300354
300354
300354
300197
300197
300197
300197
300197
300197
299486
298468
298468
298468
298468
298468
298468
298468
298468
298003
298003
298003
298003
298003
298003
298003
297815
297815
297815
297815
297815
297815
297815
297815
297815
297815
297815
297815
297815
297815
297815
297815
297815
297815
296004
294214
294214
294214
294214
294214
294214
294214
294214
294214
294214
294214
294170
294170
294170
294170
294170
294170
294170
294170
294170
294170
294170
294170
294170
294170
294170
294170
294170
294170
294170
293229
293229
293229
293229
293229
293229
293229
293229
293229
293229
293229
293229
293229
293229
292583
292583
292583
292583
292583
292583
292583
292583
292583
292583
292583
292583
292583
292583
292583
292583
292583
292489
292489
292489
292489
292489
292489
292251
292251
292251
292251
292251
292251
292251
292251
292251
292251
292251
292251
292251
292251
292136
292136
292136
292136
292136
292136
292136
292136
292136
292136
292136
292136
292136
292136
292136
292136
292136
292136
292136
292136
291974
291974
291974
291974
291974
291974
291974
291974
291974
291974
291974
291974
291974
291974
291974
291974
291974
291974
291846
291846
291846
291846
291846
291846
291846
291846
291846
291846
291846
291846
291846
291846
291846
290203
290203
290203
290203
290203
290203
290203
290203
290203
290203
289589
289589
289589
289581
289581
289581
289581
289581
289581
289581
289581
289581
289581
289581
289581
289581
289581
288450
288450
288450
286763
286763
286763
286763
286763
286763
286763
286763
286763
286763
286763
286763
286763
286763
286763
286763
286763
286763
286763
286763
286669
286524
286524
286524
286524
286524
286524
286524
286524
286524
286524
286524
286524
286524
286524
284845
284845
284225
284225
284225
284225
284225
284064
284064
284064
284064
284064
284064
284064
284064
284064
284064
284064
284064
284064
284064
284064
284064
283927
283927
283927
283927
283927
283927
283927
283927
283927
283927
283927
283927
283927
283927
283927
283927
283927
283927
283927
283747
283747
283747
283191
283191
283191
283191
283191
283191
283191
283191
283191
282643
282643
282643
282643
282232
282232
282232
282232
282232
282232
282232
282232
281290
281290
281290
281290
281290
281290
281290
281290
281290
281290
281290
281290
281290
281290
281290
281290
281290
281290
281290
281290
280994
280994
280994
280994
280994
280994
280994
280994
280994
280994
280994
280994
280994
280994
280994
280994
280877
280877
280877
280877
280877
280877
280877
280631
280631
280631
280631
280631
280631
280631
280631
280631
280631
280631
280631
280631
280631
280631
280631
279758
279758
279456
279456
279456
279456
279456
279456
279456
279456
279456
279456
279456
279456
279456
279456
278386
278386
278386
278386
278386
278386
278386
278386
278386
278386
278386
278386
278386
278386
278386
278386
278386
278231
278231
278231
278231
278214
278214
278214
278214
278214
278214
278214
278214
278214
278214
278214
278214
278214
278214
278214
278214
278214
278214
277803
277803
277803
277803
277803
277803
277803
277443
277443
277443
277443
277443
277443
277443
276117
276117
276117
276117
276054
276054
276054
276054
276054
276054
276054
276054
276054
276054
276054
276054
276054
276054
276054
276054
276054
274966
274966
274966
274966
274966
274966
274966
274966
274966
274966
274966
274966
274966
274966
274966
274966
274966
274966
274966
274966
274577
274577
274577
274577
274577
274577
274577
274577
274577
274577
274577
274577
274241
274241
274172
274172
274172
274172
274172
274172
274172
274172
273734
273734
273734
273734
273734
273734
273734
273734
273000
273000
273000
273000
273000
273000
273000
273000
273000
273000
273000
273000
273000
273000
273000
273000
272721
272721
272721
272721
272721
272721
272573
272573
272573
272573
272573
272525
271713
271713
271713
271713
271713
271692
271692
271692
271692
271692
271692
271692
271692
271692
271692
271692
271382
271382
271382
271382
271382
271382
271382
271382
271382
271367
271367
271367
271367
271367
271367
271367
271367
271367
271367
271367
271367
271367
271248
271248
271248
271248
271248
271248
271248
271248
271248
271248
271248
271248
271248
271248
271248
271248
271248
269600
269600
269600
269600
269600
269600
269600
269600
269600
269600
269600
269600
269600
269600
269600
269376
269376
269376
269376
269376
269376
269376
269376
269376
269376
269376
269376
269376
269376
269376
268935
268935
268935
268935
268935
268935
268935
268935
268935
268935
268935
268935
268935
268935
268935
268935
268564
268564
268564
268449
268449
268449
268449
268449
266875
266875
266875
266875
266875
266875
266875
266875
266875
266875
266875
266875
266875
266875
266875
266325
266325
266325
266325
266325
266325
266325
266325
266325
266325
266325
266251
266251
266251
266251
266251
266251
266251
266251
266251
265833
265833
265833
265833
265833
265833
265833
265833
265673
265673
265673
265673
265673
265673
265673
265673
264971
264971
264971
264257
264257
264257
264257
264257
264257
264257
264257
264257
264257
264257
264257
264257
264257
264257
263998
263998
263998
263998
263998
263998
263998
263998
263998
263998
263998
263998
263998
263998
263998
263998
263998
263998
263841
263841
263841
263841
263740
263740
263740
263740
263740
263740
263740
263740
263740
263740
263740
263514
263514
263514
263514
262879
262879
262879
262879
262879
262879
262879
262879
262879
262879
262879
262879
262879
262879
261538
261538
261538
261538
261538
261538
261538
261538
261538
261389
259004
259004
259004
259004
259004
259004
259004
259004
259004
259004
259004
258678
258678
258678
258678
258678
258678
258678
257616
257616
257616
257616
257616
257616
257616
257616
257616
257616
257616
257616
257616
257616
257616
255859
254404
254404
254404
254404
254404
254404
254404
254404
254404
254404
254404
254404
254404
254404
254404
254404
254404
254404
254404
254404
253477
253477
253477
253477
253477
253477
253477
253477
253477
253477
253477
253477
253477
253477
253477
253155
253155
253155
253155
253155
252813
252813
252813
252813
252686
252686
252686
252686
252686
252686
252686
252686
252686
252686
251948
251948
251948
251948
251948
251948
251948
251948
251948
251948
251948
251948
251948
251948
251948
251948
251948
251948
251948
251948
251814
251814
251814
251814
251814
251814
251814
251814
251814
251814
251814
251814
251814
251814
251814
251814
250421
250421
250421
250421
250421
250421
250421
250421
250421
250421
250421
250421
250421
250421
250421
250421
248954
248954
248954
248954
248954
248954
248954
248954
248954
248406
248406
248406
248406
248406
248406
248406
248406
248406
248406
248406
248406
248406
248406
248406
248406
248406
247948
247948
247948
247948
247948
247948
247948
247948
247948
247948
247948
247948
247948
247948
247948
247948
247948
247948
247948
247948
247698
247698
247698
247698
247698
247698
247698
247698
247698
247599
247599
247292
247292
246393
246393
246393
245699
245699
245699
245699
245699
245699
245699
245699
245699
245699
245699
245699
245699
245699
245497
245167
245167
245167
244530
244530
244530
244530
244530
244530
244530
244530
244530
244530
244530
244530
244530
244530
244530
244530
244530
244530
243765
243765
243765
243765
243250
243250
243250
243250
243250
243210
243210
243210
243210
243210
243210
243210
243210
243210
243210
243210
243210
243210
243210
243210
243210
243193
243193
243193
243193
243193
243067
243067
243067
243067
243067
243067
243067
243067
243067
243067
243067
243067
243067
242913
242913
242910
242910
242910
242910
242910
242910
242910
242910
242910
242910
242910
242910
242099
239803
239803
239803
239803
239803
239803
239803
239803
239803
239803
239354
239354
239354
239354
239332
239332
239332
239332
239332
238906
238906
238906
238906
238906
238906
238906
238660
238660
238660
238660
238660
238660
238660
238660
238660
238660
238660
238660
238660
238660
238660
238363
238363
238363
238363
238363
238363
238363
238363
238363
237786
237786
237786
237786
237786
237786
237786
237786
237786
237786
237786
237786
237786
237786
237786
237786
237751
237751
237751
237751
237751
237751
237751
237751
237751
237751
237751
237751
237402
237402
237402
237402
237402
237402
237402
237402
237402
237402
237402
237343
237343
237343
237343
237343
237343
237343
237343
237343
237343
237279
237279
237279
237279
237279
237279
237279
237279
237279
237279
237279
237279
237279
237279
237279
237279
237279
237279
237279
237279
235936
235936
235936
235936
235936
235936
235936
235936
235936
235936
235936
235936
235936
235936
235936
235936
235936
235936
235936
235936
235426
235426
235426
235426
235426
235426
235426
235426
235426
235426
235426
235426
235426
235426
235325
235325
235325
235325
235325
235325
235325
235325
235325
235325
235325
235176
235176
235176
235176
234333
234333
234333
234333
234333
234333
234333
234333
234333
234333
234333
234333
233992
233992
233992
233992
233992
233399
233399
233399
233399
233399
233399
233399
233399
233399
233399
233187
233187
233187
233187
233187
233187
233187
233187
233187
233187
233187
233187
233187
233187
233187
232811
232811
232811
232811
232811
232811
232811
232811
232811
232065
232065
232065
232065
232065
232065
231832
231832
231832
231832
231832
231832
231832
231832
231832
231832
231832
231832
231832
231832
231832
231832
231832
231832
231832
231737
231737
231737
231737
231737
231737
231737
231737
231737
231737
231519
231519
231519
231519
231519
231519
231519
231519
231519
231519
231519
231519
230855
230855
230855
230855
230855
230855
230855
230855
230855
230855
230855
230855
230855
230855
230855
230855
230855
230097
230097
230097
230097
230097
230097
230097
230097
230097
230097
230097
230097
230097
230097
230097
230097
230097
230097
230097
230097
227605
227605
227605
227605
227605
227605
227605
227605
227605
227605
227491
227491
227491
227491
227491
227491
227491
227491
227491
227491
227491
227491
227491
225583
225583
225583
224455
224455
224455
224455
224455
224455
224455
224455
224455
224455
224455
224455
224455
224455
224455
224455
224455
224455
224455
223943
223943
223943
223943
223943
223943
223943
223943
223943
223943
223692
223692
223692
223692
223692
223692
223692
223692
223692
223692
223692
223692
223692
223260
223260
223260
223260
223260
223260
223260
223260
223260
223260
223260
223260
223260
223260
223260
223260
223260
223260
223260
223260
222648
222648
222648
222648
222648
222648
222648
222648
222648
222648
222648
222648
222417
222417
222417
222417
222417
222417
222247
222247
222247
222247
222247
222247
222247
222247
222247
221159
221159
221159
221159
221159
221159
221159
221159
221159
221159
221159
221159
221159
221159
221159
221159
220818
220818
220818
220818
220818
220818
220818
220818
220818
220818
220818
220818
220818
220198
220198
220198
220198
220198
220198
220198
220198
220198
220198
220198
220198
220198
220198
219393
219393
218774
218774
218774
218774
218774
218774
218774
218774
218774
218774
218158
218158
218158
218158
218158
218158
218158
218158
218158
218158
218158
218158
218158
218158
218097
218097
218097
218097
218097
218097
218097
217891
217891
217891
217891
217891
217891
217312
217312
217312
217312
217312
217312
217312
217312
217312
217312
217312
217312
217312
216926
216926
216926
216926
216926
216926
216926
216926
216926
216926
216926
216926
216926
216926
216926
216926
216926
215839
215839
215839
215839
215839
215839
215839
215215
215215
215215
215215
215215
215215
215215
215215
215215
215215
215215
215215
215215
215215
215215
214367
214367
214367
214367
214367
214367
214367
214367
214367
214367
214367
214367
214367
214367
214367
214367
214367
214367
213435
213435
213435
213435
213435
213435
213104
213104
213104
213104
213104
213104
213104
212651
212651
212651
212651
212651
212651
212651
212651
212651
212651
212651
212651
212651
212651
212651
212651
212651
212651
212146
212146
212146
212146
211302
211302
211302
211302
211302
211302
211302
211302
211302
211082
211082
211082
211082
211082
211082
211082
211082
211082
211082
211082
211082
211082
211077
211077
211077
211077
211077
211077
211077
211077
211077
211077
211077
211077
208273
208273
208273
208273
208273
208273
208273
208273
208202
208202
208202
208202
208202
208202
208202
208202
208202
208202
208202
208202
208202
208202
208202
208202
208202
208202
208202
208120
208120
208120
208120
208120
208120
207617
207617
207617
206810
206810
206810
206810
206810
206791
206791
206419
206419
206419
206143
206143
206143
206143
206143
206143
206143
206143
206143
206143
206143
206143
206143
206143
206143
204546
204546
204546
204433
204433
204168
204168
204168
204168
204168
204168
204168
204168
204168
204168
204168
204168
204168
204168
204168
204168
204062
204062
204062
204062
204062
204062
204062
204062
204062
203087
201936
201936
201936
200247
200247
200247
200247
200247
200247
200247
200247
200247
200247
200247
200247
200247
200247
200247
200247
200247
199931
199931
199931
199931
199931
199931
199931
199931
199931
199931
199931
199907
199907
199907
199907
199907
199907
199907
199192
199192
199192
199192
199192
199192
199192
199192
199192
199192
199192
199192
198380
198380
198380
198380
198380
198380
198380
198380
198380
198380
198380
198380
198380
198380
198380
197285
197285
197285
197003
197003
197003
197003
197003
197003
197003
197003
197003
197003
197003
197003
196975
196975
196893
196893
196893
196893
196893
196893
196893
196893
196893
196893
196893
196893
196893
196893
196893
196870
196870
196870
196870
196870
196870
196870
196870
196870
196870
196870
196569
196569
196569
196569
196569
196569
196569
196569
196569
196569
196569
196569
196569
196569
196569
196569
196569
196569
196522
196522
196522
196522
196522
196522
196522
196522
196522
196522
196522
196522
196522
196046
196046
196046
196046
196046
196046
196046
196046
196046
196046
196046
196046
196046
196046
196046
195709
195709
195709
195709
195595
195595
194952
194952
194952
194952
194952
194952
194952
194952
194952
194952
194691
194691
194691
194675
194675
194227
194227
194227
194227
194227
194227
194227
194227
194227
194227
194227
194227
194041
194041
194041
194041
194041
193580
193580
193580
193580
193580
193580
193580
193580
193580
193580
193580
193071
193071
193071
193071
193071
193071
193071
193071
193071
193071
193071
193071
193071
193071
193071
192679
192679
192679
192663
192663
192663
192663
192663
192663
192663
192663
192663
192663
192663
192663
192663
192663
192663
192663
192663
192663
192663
192663
190962
190962
190962
190962
190962
190962
190962
190962
190962
190962
190962
190962
190962
190962
190962
190962
190962
190962
190962
190049
190049
190049
190049
190049
190049
190049
190049
190049
190049
190049
190049
190049
190049
190049
190049
190049
189475
189475
189475
189475
189475
189475
189475
189475
189475
189475
189475
189475
189475
189475
189207
189207
189207
189207
187900
187900
187900
187900
187900
187900
187900
187900
187900
187900
187900
187900
187900
187875
187875
187875
187875
187875
187875
187875
187875
187875
187875
187875
187875
187875
187875
187875
187875
187875
187875
187557
187557
187272
187272
187272
187272
187272
187272
187272
187272
187272
187272
187272
187272
187272
187272
187272
187272
187272
187272
187272
187272
186251
186251
186211
186211
186211
186211
186211
185703
185703
185703
185703
185703
185703
185703
185703
185703
185703
185703
185703
185703
185703
185526
185526
185526
185526
185526
185526
185526
185526
185526
185526
184566
184566
184566
184566
184566
184372
184372
184372
184372
184372
184372
184372
183914
183914
182560
182560
182560
182560
182560
182560
182560
182560
182560
182560
182560
182560
182560
182560
182560
182560
182560
182560
182273
182273
182273
182273
182273
182273
182273
182273
182273
182273
182273
182273
182273
181030
181030
181030
181030
181030
181030
181030
180617
180617
180617
180617
180617
179592
179592
179592
179592
179592
179592
179592
179592
179592
179592
179592
179592
179592
179592
179592
179592
179592
178147
177970
177970
177970
177970
177970
177970
177970
177970
177970
177970
177970
177970
177970
177970
177970
177970
177970
177970
177970
177970
177760
177477
177477
177477
177477
177477
177477
177477
177477
177426
177426
177426
177426
177131
177131
177131
177131
177131
177131
177131
177131
177131
177131
177131
176899
176899
176899
176899
176692
176692
176203
176203
176203
176203
176203
176203
176203
176203
176203
175744
175744
175744
175744
175744
175067
175067
174657
174657
174657
174657
174657
174657
174657
174302
174302
174302
174302
174302
174302
174302
174302
174302
174302
174302
174302
174302
174302
174302
174092
174092
174092
174092
174092
174092
174092
174092
174092
174092
174092
174092
174092
174092
174092
174092
174092
174092
173699
173699
173699
173699
173699
173699
173699
173699
173699
173699
173699
173699
173699
173699
173699
173699
173699
172886
172886
172886
172886
172886
172140
172140
172140
172140
172140
172140
172140
172140
172140
172140
172140
172140
172140
172140
171635
171635
171635
171635
171635
171635
171635
171635
171635
171635
171635
171635
171259
170749
170749
170749
170749
170749
170749
170749
170749
170749
170749
170749
170749
170749
170749
170749
170749
170749
170749
170749
170479
170479
170479
170458
170458
170458
170458
170458
170458
170458
170458
170458
170458
170458
170458
170458
170458
170458
170458
170458
170458
169232
169232
169232
169232
169232
169232
169232
169232
169232
169232
169232
169232
169232
169232
169232
169232
169097
169097
169097
169097
169097
169097
169097
169097
169097
167894
167894
167894
167894
166435
166435
166435
166212
166212
166212
166212
166212
166212
166212
166212
164032
163829
163829
163829
163829
163829
163651
163651
163651
163651
163651
163651
163651
163651
163651
163651
163651
163651
163651
163651
163651
163651
163651
163143
163143
163143
163143
163143
163143
163143
163143
163143
163143
163143
163143
163143
163143
163142
163142
163142
163142
163142
163142
163142
163142
163142
163142
162216
161991
161991
161991
161991
161991
161991
161991
161991
161991
161991
161991
161991
161991
161991
161991
161991
161991
161991
161991
161937
161937
161937
161937
161937
161937
161937
161937
161937
161937
161937
161937
161937
161937
161704
161704
161704
161704
161704
161704
161704
161704
161704
161704
161704
161704
161704
161704
161704
161704
161704
161704
160607
160607
160607
160607
160607
160607
159958
159136
159136
158677
158677
158677
158677
158677
158677
158677
158677
158677
158677
158677
158677
158677
158677
158677
158677
158677
158677
158677
158677
158648
158648
158648
158648
158648
157560
157560
157560
157560
157560
157560
157560
157560
157560
157560
157560
157560
157560
157560
157560
157560
157560
157560
157031
157031
157031
157031
157031
157031
157031
157031
156725
156725
156725
156725
156725
156725
156497
156497
156497
156497
156497
156497
156497
156497
156497
156497
156497
156497
156497
156497
156497
156497
156497
156497
156497
155598
155598
155598
155598
155598
155598
155598
155598
155598
155598
154076
154076
154076
154076
154076
154076
153543
153095
153095
153095
153095
153095
153095
153095
153095
153095
153095
153095
153095
153095
153095
152393
152393
152393
152393
152393
152393
152393
152393
152393
152393
152393
152393
152393
152393
152393
152393
152252
152252
152252
152252
152252
152252
152252
152252
152252
152252
152252
152252
151666
151666
151666
151666
151666
151666
151666
151666
151666
151666
151666
151666
151666
151666
151666
151666
151666
151434
151434
151434
151434
151072
151072
151072
151072
151072
151072
151072
151072
151072
151072
151072
151072
151072
151072
151072
151072
151072
151072
151072
150983
150983
150983
150983
150983
150983
150983
150983
150983
150983
150983
150983
150983
150983
150983
150983
150983
150833
150833
150833
150833
150833
150833
150833
150833
150833
150833
150833
150833
150833
150833
147945
147945
147945
147945
147945
147945
147945
147945
147945
147945
147945
147945
147945
147945
147945
147945
147527
147527
147527
147527
147527
147527
147527
147173
147173
147173
147173
147173
147173
147173
147173
147173
147173
147173
147173
147173
147173
147173
147173
147173
147173
146962
146962
146962
146962
146962
146962
146962
146962
146962
145933
145933
145933
145933
145933
145933
145933
144719
144719
144719
144719
144719
144719
144100
144100
143711
143711
143711
143711
143711
143182
143182
143182
143182
143182
143182
143182
143182
143182
143182
143182
143182
143182
143182
143182
143182
143182
142988
142988
142988
142988
142988
142988
142988
142988
142988
142988
142988
142988
142915
142915
142915
142915
142915
142915
142915
142915
142866
142866
142866
142866
142866
142866
142866
142866
142866
142866
142866
142866
142866
142866
142866
142844
142844
142844
142844
142169
142169
142169
142169
142169
142169
142169
142169
142169
142169
142169
142169
142169
142169
141556
141556
141556
141556
141556
141556
141556
141556
141556
141556
141556
141556
141556
141556
141556
141515
141515
141515
141515
141515
141515
141515
141515
141515
141265
140702
140702
140702
140702
140702
140702
140702
140702
140702
140702
140702
140702
140702
140702
140702
140702
140343
140343
140343
140343
140343
140343
140343
140343
140343
140343
140343
140343
140343
140343
140343
140343
140343
140343
140343
140343
140117
140117
140117
140117
140117
140117
140117
139073
139073
139073
139073
139073
139073
139073
139073
139073
139073
139073
139073
138315
137571
137571
137571
137571
137571
137571
137571
137571
137571
137571
137571
137571
137571
137571
137571
137571
137571
137092
137092
137092
137092
137092
137092
137092
137092
135747
135747
135747
135388
135388
135388
135388
135388
135388
135388
135388
135388
135388
135388
135388
135388
135388
135388
135388
135388
135388
135160
135160
135160
135160
135160
135160
135160
135160
135160
135160
133482
133482
133482
133482
133482
133482
133482
133482
133482
133482
133482
133482
133482
133482
133482
133482
133482
133482
133482
133482
133182
133182
133182
133182
133182
133182
133182
133182
133182
133182
133182
133182
133182
133182
133182
133182
131292
131292
131292
131292
131292
131292
131292
131157
131157
131157
131157
131157
131157
131033
131033
131033
131033
131033
130722
130722
130722
130722
130722
130722
130722
130722
130722
130568
130568
130568
130568
130568
130568
130568
130568
130568
130568
129880
129880
129880
129880
129880
129880
129880
129880
129880
129880
129880
129880
129880
129880
129880
129880
129880
129880
127237
127237
127237
127237
127237
127237
127237
127144
126806
126806
126806
126806
126806
126806
126806
126806
126806
126806
126806
126806
126806
126806
126806
126806
126806
126806
126806
125873
125469
125469
125469
125469
125469
125243
125243
125243
125243
125243
125243
125243
125243
125243
125243
125243
125243
125190
125190
125190
125190
123278
123278
123278
123278
123278
123117
123117
123117
123117
123117
123117
123117
123117
123117
122790
122790
122790
122790
122790
122790
122790
122790
122790
122790
122790
122790
122790
122790
122790
122790
122790
122790
122416
122416
122416
122416
122416
122416
122416
122416
122416
122416
122154
122154
122154
122154
122154
122154
122154
122154
122154
122154
122154
122154
122154
122154
122154
121319
121319
121319
121319
121319
121319
121319
121319
121145
121145
121145
121145
121145
121094
121094
120836
120836
120836
120836
120836
120836
120836
120836
120836
120836
120836
120836
120836
120836
120836
120836
120836
120836
120836
120572
120572
120572
120572
120572
120572
120572
120572
120572
120344
119305
119305
119305
119305
119305
119142
119142
119142
119142
119142
119142
119142
118541
118541
118541
118541
118541
118541
118541
118541
118541
118541
117405
117405
117405
117405
117405
117405
117351
117351
117351
117351
117351
117351
117351
117351
117351
117351
117351
116727
116727
116727
116727
116727
116556
116556
116556
116556
116556
116556
116556
116556
116556
116556
116556
116358
116358
116358
116358
116358
116358
116358
114121
113374
113374
113374
113374
113374
113374
113374
113374
113374
113374
113374
113374
113374
113374
113374
113374
113374
113305
113305
113305
113305
113305
113305
113305
113305
113305
111527
111527
111527
110998
110998
110998
110998
110998
110998
110998
110998
110876
110876
110876
110876
110876
110876
110876
110876
110876
110876
110876
110876
110876
110876
110876
110876
110876
110876
110876
110429
110429
110429
110429
110429
110429
110429
110429
110429
110429
110429
109497
109497
109497
109497
109497
109497
109497
109497
109497
109497
109497
109497
109497
109497
109497
109497
109497
109497
108657
108657
108493
108493
108493
108493
108493
108493
108493
108493
108493
108493
108493
108493
108493
108493
108493
108493
107856
107856
107856
107856
107856
107856
107856
107856
107856
107856
107856
107665
107665
107665
107665
107613
107613
107613
107613
107613
107613
107613
107613
107613
107613
107613
107138
107138
107138
107138
107138
107138
107138
107138
107138
107138
107138
107138
106663
106663
106663
106663
106663
106663
106663
106663
105940
105900
105900
105900
105900
105627
105627
105627
105627
105627
105627
105627
105627
105627
104983
104700
104700
104700
104700
104700
104700
104700
104700
104700
104142
104142
104142
104142
104142
104142
104142
104142
104142
104142
104142
104142
104142
104142
104142
102525
102525
102525
102525
101974
101974
101974
101974
101974
101974
101974
101974
101974
101974
101954
101954
101954
101954
101954
101954
101954
101954
101954
101954
101954
101954
101954
101954
101954
101319
101319
101319
101319
101319
101319
101319
101319
101319
101319
101319
101319
101319
101319
101319
101319
101319
101319
101319
101319
100581
100581
100581
100581
100581
100581
100581
100581
100581
100581
100581
100581
100581
100581
100581
100387
99517
97992
97992
97992
97992
97992
97992
97992
96541
96277
96277
96277
96277
96277
96277
96277
96277
96277
96277
96277
96277
96277
96277
96277
96277
96277
96277
96277
96237
96237
96237
96237
96237
96237
96237
96088
96088
96088
96088
95345
95345
95345
95345
95345
95345
95345
95345
95345
95345
95345
95301
95301
95301
95301
95066
95066
95066
95066
95066
95066
95066
95066
95066
95066
95066
95066
95066
95066
95040
95040
95040
94485
94485
94485
94485
94485
93409
93409
93046
93046
93046
93046
93046
93046
93046
93046
93046
93046
93046
93046
93046
93046
93046
92633
92633
92633
92633
92633
92633
92633
92633
92633
92633
92633
92633
92633
91775
91775
91775
91775
91775
91775
91775
91775
91775
91775
91775
91775
91775
91775
91775
91775
91775
91775
91674
91674
90400
90400
90400
90400
90400
90400
90400
90400
90400
90400
90400
89946
89946
89946
89946
89946
89946
89946
89946
89946
89875
89875
89875
89875
89875
89875
89875
89875
89875
89875
89875
89875
89875
89875
89875
89875
89566
89566
89566
88218
88218
88218
88218
88218
88218
88218
88218
88218
88218
88218
88218
88218
88218
88218
88218
88218
88218
88218
87077
87077
87077
87077
87077
87077
87077
87077
86823
86823
86823
86568
86568
86568
86568
86568
86568
86568
86568
86568
86568
86568
86568
86568
86568
86568
86568
86292
86292
86292
86292
86292
86292
86292
84893
84893
83237
83237
83237
83237
83237
83237
83237
83237
83237
83237
83237
83237
83237
82924
82924
82924
82881
82881
82881
82881
82881
82797
82797
82797
82797
82797
82797
82797
82797
82655
82655
82655
82655
82655
82655
82655
82655
82655
82655
82655
81396
81207
81207
81207
81207
81078
81078
81078
81078
81078
81078
81078
80142
80142
80142
80142
80142
80142
80142
80142
80142
80142
80142
80142
80142
80142
80142
80142
80039
80039
80039
80039
80039
80039
80039
80039
80039
80039
80039
80039
80039
79786
79786
79786
79786
79786
79786
79786
79786
79786
79786
79786
79786
79786
79786
79786
79786
79786
79786
79786
79660
79660
79660
79660
79660
79660
79660
79660
79660
79660
79660
79660
79660
79660
79660
79660
79660
79660
79660
79660
79542
79542
79542
79542
79542
79542
79542
79542
79542
79542
79542
79542
79542
79542
79542
79542
79542
79542
79542
79542
79127
79127
79127
79127
79127
79127
79127
78147
78147
78147
78147
78147
78147
78147
78147
78147
78147
78147
78147
78147
78147
78147
78147
78147
78147
78147
78147
77988
77988
77988
77760
77760
77760
77760
77760
77760
77760
77760
77760
77760
77760
77760
77739
77739
77739
77739
77739
77739
77739
77739
77739
77739
77739
77739
77739
77739
77739
77739
77739
77528
77528
77528
77528
77528
77528
77528
75630
75630
75630
75630
75630
75630
75630
75630
75630
75630
75630
75630
75630
75630
75525
75525
75525
75525
75525
75525
75525
75525
75525
75266
75266
75266
75266
75266
75266
75266
75266
75266
75266
75266
75266
75266
74652
74652
74652
74652
74652
74652
74652
74652
74489
74489
74489
74489
74489
74489
74489
74489
74489
74489
74489
74023
74023
74023
74023
74023
74023
74023
74023
74023
74023
74023
74023
74023
74023
74023
74023
74023
73080
73080
72975
72975
72975
72975
72975
72975
72975
72975
72975
72975
72975
72527
72527
72527
72527
72527
72527
72527
72527
72527
72527
72527
72527
72048
72048
72048
72048
71701
71701
71701
71701
71701
71614
71614
71614
71614
71614
71446
71446
71446
71446
71446
71446
71446
71446
71446
71446
71446
71248
71248
71248
70194
70194
70194
70194
70194
70194
70194
70194
70194
70194
70194
70194
70194
70194
70194
70194
70194
70194
69921
69921
69921
69921
69921
69921
69921
69921
69921
69921
69921
69921
69921
69921
69921
69921
69921
69921
69921
69921
69617
69617
69617
69617
69617
69319
69319
69319
69319
69319
69319
69319
69319
69319
69319
69319
69319
69319
69319
69319
69229
69229
69229
69229
68995
68995
68995
68995
68995
68995
68995
68909
68909
68909
68909
68909
68909
68909
68909
68909
68909
68909
68909
68909
68909
66875
66875
66875
66875
66875
66875
66875
66875
66875
66875
66875
66875
66875
66769
66769
66769
66769
66769
66769
66769
66769
66769
66769
