1336
500000
330612
330612
330612
330612
330612
325046
325046
325046
325046
324550
324550
324550
324550
324550
324550
324550
324550
324550
324550
323759
323759
323759
323759
323759
323759
323759
323759
323759
323759
323759
323427
323427
320831
320831
318942
318942
318942
318942
318942
318942
318942
318942
318942
318942
318942
318942
318942
318942
318942
318942
318942
318942
318474
318474
318474
318474
318474
318474
318474
318474
318474
318474
318474
318474
318474
318474
318474
318474
318474
318474
317131
316318
316318
316318
316318
316318
316318
316318
316318
316318
316318
316318
316318
316318
316318
316318
310592
309757
309757
309757
309757
309757
309757
309757
309757
309757
309757
309757
309757
309757
309757
309757
308575
308575
308575
308575
308575
308575
308575
308575
308575
308575
308575
308575
308575
308575
308575
308575
308575
308575
308575
307513
307513
307513
307513
307513
307513
307513
307513
307513
307513
307513
307513
307513
307513
307513
307513
307513
304831
304831
304831
304831
304831
304831
304831
304831
304831
304831
304831
304831
301593
301593
301593
301593
301593
301593
301593
301593
301593
301084
301084
301084
301084
301084
301084
301084
301084
301084
301084
301084
301053
301053
301053
301053
301053
301053
301053
301053
301053
301053
301053
301053
301053
301053
301053
301053
301053
301053
301053
301053
299153
299153
299153
299153
299153
299153
299153
299153
296124
296124
296124
296124
296124
296124
296124
296124
296124
296124
296124
296124
293444
293444
293444
293444
293444
293444
293444
293444
293444
293444
293444
293444
293444
293337
293337
293337
293285
293285
293285
293285
293285
288364
288364
288364
288364
288364
288364
288364
288364
288364
288364
288364
288364
287013
287013
287013
287013
287013
287013
287013
287013
287013
287013
286313
286313
286313
286313
286313
286313
286313
286313
286313
286313
286313
286313
285919
285919
285919
285919
285919
285919
285919
285919
285919
285919
285919
285919
285919
285919
285919
285139
285139
285139
285139
285033
285033
285033
285033
285033
285033
285033
285033
285033
285033
285033
285033
285033
282889
282889
282889
282889
282889
282889
282889
282889
282889
282889
282889
282752
282752
282752
282752
282752
282752
282752
282752
282752
282752
282752
282752
282752
282752
282752
282752
281727
281727
281727
281727
281727
281727
281727
281727
281727
281727
281727
281727
281727
281727
281727
281727
281727
281727
281727
278492
278492
278492
278492
278492
278492
278492
278492
278492
278492
278492
278492
278492
278492
278492
278492
278492
277611
277611
277611
277611
277611
276876
276876
276876
276876
276876
276876
276876
276876
276876
276876
276876
276459
276459
276459
276336
276336
272918
272918
272918
272918
272918
272918
272918
272918
272918
272918
272918
272918
272918
272918
272918
272918
272918
272918
272918
272918
267625
267625
267625
267625
267625
267625
267625
267625
267625
267088
267088
267088
267088
267088
267088
267088
267088
267088
267088
267088
267088
267088
267088
267088
267088
267088
267088
267088
267088
266557
266557
266557
266557
266557
266557
266557
266557
266557
266557
266557
264423
264423
264423
264423
264423
262578
262578
262578
262578
262578
262578
262578
262578
262578
262578
262578
262578
251658
251658
251658
251658
251658
251658
251658
251658
251658
251658
251658
250141
250141
250141
250141
250141
250141
250141
250141
250141
250141
250141
245072
245072
245072
245072
245072
245072
245072
245072
245072
245072
245072
245072
238247
238247
238247
238247
238247
238247
238247
238247
238247
238247
238247
238247
238247
238247
238247
238247
238247
238247
238247
238247
235061
235061
235061
235061
235061
235061
235061
235061
235061
235061
235061
232438
232438
232438
232438
232438
232438
232438
232438
232438
232438
232438
232438
232438
232438
232438
230529
230529
230529
230529
230529
230529
230529
230529
230529
227955
227955
227955
227955
227955
227955
227955
227955
223566
223566
223566
223566
223566
223566
223566
223566
223566
223566
223566
223566
223566
223566
223566
223566
223566
223566
223566
223374
223374
223374
223374
223374
223374
223374
223374
223374
223374
223374
223374
223374
223374
223374
223374
223374
220624
220624
220624
220624
220624
220624
220624
219292
219292
219292
219292
219292
219292
219292
219292
219292
219292
219292
219292
219292
219292
219292
219292
219292
219292
219292
219292
214954
214954
214954
214954
214954
214954
214842
214373
214373
214373
214373
214373
214373
214373
214373
212224
212224
212224
212224
212224
212224
212224
212224
212224
212224
212224
212224
212224
212224
212224
212224
212224
212224
212224
212224
209985
209985
209985
209985
209985
209985
209985
209985
209985
204122
204122
204122
204122
204122
204122
203597
203597
198065
197069
197069
197069
197069
197069
197069
196036
196036
196036
196036
196036
196036
196036
196036
196036
196036
196036
196036
196036
196036
196036
196036
195713
195713
195713
195713
195713
195713
195713
195713
195713
195713
195713
193407
193407
193407
193407
193407
193407
193407
193407
192422
192422
192422
192422
192422
192422
192422
192422
192422
192422
192422
192422
192422
192422
192422
192422
192422
186362
186362
186362
186362
186362
186362
186362
186362
186362
186362
186362
186362
186362
186362
186362
184277
184277
184277
184277
184277
184277
184277
184277
184277
184277
184277
184277
184277
184277
184277
184277
183299
183299
183299
178609
178609
178609
178609
178609
178609
178609
178609
178609
178609
178609
178609
178609
178609
178609
178609
178609
178609
173270
173270
173270
173270
173270
173270
171189
171189
171189
171189
171189
171189
171189
171189
171189
171189
171189
171189
171189
171189
171189
171189
166616
166616
166616
166616
166616
166616
166616
163773
163773
160770
160770
160770
160770
160770
160770
160770
160770
160770
160770
160770
160770
160770
160770
160770
156542
156542
156542
156542
156542
156542
156542
156542
156542
156542
156542
156542
156542
156542
156542
156542
156542
156456
156456
156456
156456
156456
156456
156456
156456
156456
156456
156456
156393
156393
156393
156393
156393
156393
155484
155484
155484
155484
155484
155484
155484
155484
155484
155186
155186
155186
155186
155186
155186
155186
155186
154936
154936
154936
154936
154936
154936
154936
154936
154936
154936
154936
152749
149962
149962
149962
149962
149962
149962
149962
149962
149962
149962
149803
149803
149803
149803
149803
149803
149803
149803
149803
149803
149803
149803
149803
149803
149743
149743
149743
149743
149743
149743
149743
149743
149743
149743
149743
149743
149743
149743
149743
149743
149743
149743
143142
143142
143142
143142
143142
143142
143142
143142
143142
143142
143142
143142
143142
143142
143142
140634
140634
140634
140634
140634
140634
140634
140634
140634
140634
140634
140634
140634
140634
140634
140634
136015
136015
136015
136015
136015
136015
136015
136015
136015
136015
136015
136015
136015
136015
136015
136015
134318
134318
134318
134318
134318
134318
134318
134318
134318
134318
134318
134318
134318
134318
134318
134318
134318
134318
134318
134318
133209
133209
133209
133209
133209
133209
126111
126111
126111
125738
125738
125738
125738
125738
125738
125738
125738
125738
125738
125738
125738
125738
121939
121939
121939
121939
121939
121939
121939
121939
121939
121939
121939
121939
121939
121939
119426
119426
119426
119426
116449
116449
116449
116449
116449
116449
116449
116449
116449
116449
116449
116449
116449
116449
116449
116449
116449
115544
115544
115544
115544
115537
115537
115537
115537
115537
115537
115537
115537
114152
114152
114152
114152
114152
114152
114152
114152
114152
114152
114152
114152
114152
114152
114152
114152
114152
114152
114152
114152
113112
113112
113112
113112
113112
113112
113112
113112
113112
113112
113112
112271
112271
112271
112271
112271
112271
112271
112271
112271
111893
111893
111893
111893
111893
111893
111893
111893
111893
111456
111456
111456
111456
111456
111456
111456
111456
111456
111456
111456
111456
111456
111456
111456
111456
110841
110841
110841
110841
110841
110841
110841
110841
100350
100350
100350
100350
100350
100350
100350
100350
100350
100350
100350
100350
100350
100350
100350
100350
100189
100189
100189
100189
100189
100189
100189
100189
100189
100189
100189
100189
100189
97312
97312
97312
97312
97312
97312
97312
97312
97312
97312
97312
97312
96100
96100
96100
96100
96100
90709
90709
90709
90709
90709
90709
90709
90709
90624
90295
90295
90295
90295
90295
90295
90295
90295
90295
90295
90295
90295
90295
90295
90033
90033
90033
90033
90033
90033
90033
87949
87949
87949
87949
87949
87949
87949
87949
87949
87949
87949
87949
87949
87949
87949
87949
87949
87949
87949
84022
84022
84022
84022
84022
84022
83732
83732
83732
83732
83732
83732
83732
83732
81988
81988
81988
81988
81988
81988
81988
81988
81988
81988
81988
81988
81988
81988
78657
78657
78657
78657
78657
78657
78657
78657
78657
78657
75116
75116
75116
75116
75116
75116
72287
72287
72287
72287
72287
72287
72287
72287
72287
72287
72287
72287
72287
72287
70558
70558
70558
70558
70558
70558
70558
70558
70558
70558
70548
70548
70548
70548
70548
70548
70548
70548
70548
70548
70548
70548
70548
70548
70548
70548
70548
70375
70375
70375
70375
70375
70375
70375
70375
70375
69742
69001
69001
69001
69001
69001
