5259
500000
331437
331437
331437
331437
331437
331437
331437
331437
331437
329515
329515
329515
329515
329515
329515
329515
329515
329489
329489
329489
329489
329489
329489
329489
329489
329489
329489
329489
329489
329489
329489
329489
329489
329489
329202
329202
329202
329202
329202
329202
329202
329202
329202
329202
329202
329202
328519
328519
328519
328519
328519
328519
328519
328519
328519
328519
328519
328519
328519
328519
328278
328278
328278
327912
327912
327354
327354
327354
327354
327354
327354
327354
327354
327354
327354
327337
327337
327191
327191
327191
327191
327191
327191
327191
327191
327191
327191
327191
326368
326368
326368
326368
326368
326368
326368
326273
326273
326273
326273
326273
326258
326258
326258
326258
326105
326105
326105
326105
326105
326105
326105
326105
326105
326105
326105
326105
326105
326105
325506
325506
325463
325463
325463
325463
325463
325463
325463
325463
325463
325463
325463
325150
325150
325150
324385
324385
324385
324385
324385
324385
324385
324385
324385
324385
324385
324385
324385
324385
324385
324385
323958
323958
323958
323958
323958
323958
323958
323958
323958
323958
323958
323958
323958
323744
323744
323744
323744
323744
323744
323744
323744
323744
323744
323744
323744
323744
323744
323744
323744
323744
323744
323744
323744
322516
322516
322516
322516
322516
322516
322516
322516
322516
322516
322516
322475
322475
322475
322475
322475
322475
322475
322475
322475
322475
322475
322475
322475
322475
322475
322475
322475
322475
321846
321846
321846
321846
321846
321846
321846
321846
321846
321846
320184
320184
320184
320184
320184
320184
320184
320184
320184
320184
320184
320184
320184
320184
320184
320184
320184
320184
319198
319198
319198
319198
319198
319198
319198
319198
319198
319198
319198
318905
318905
318905
318905
318905
316732
316732
316732
316732
316732
316732
316732
316732
316732
316732
316732
316732
316732
316732
316732
316732
316124
316124
316124
316124
316124
316124
316124
316124
316124
316124
316124
316124
316124
316124
316124
316124
316124
316124
315495
315495
315495
315495
315495
315495
315495
315495
315495
313953
313953
313953
313953
313953
313953
313953
313953
313953
313953
313953
313953
312572
312572
312572
312572
312572
312572
312572
312572
312572
312572
312572
312572
312572
312572
312572
312572
312572
312572
312572
312507
312507
312507
312507
312507
312507
312507
312507
311347
311347
311347
311347
311347
311347
311347
311347
311347
311347
311347
311347
311347
311347
310983
310983
310983
310983
310983
310983
310983
310983
310983
310983
310983
310983
310983
310983
310983
310983
309114
309114
309114
309114
308661
308661
308661
308661
308661
308661
308661
308661
308661
308661
308661
308661
308661
308661
308142
308142
308142
308142
308142
308142
308142
308142
308142
308142
308142
308142
308142
308142
308142
308142
308142
308055
308055
308055
308055
308055
308055
308055
308055
308055
308055
308055
308055
308055
308055
308055
307169
307169
307169
307169
307169
307169
307169
307169
307169
306889
306889
306889
306889
306889
306889
306889
306889
306889
306889
306889
306889
306889
306889
306889
306208
306208
306208
306208
306208
306208
304854
304854
304854
304854
304854
304854
304854
304854
304854
304854
304854
304854
304854
304854
304854
304854
304854
304854
304854
304854
303933
303933
303933
303933
303933
303933
303933
303933
303933
303219
302297
302297
302297
302297
302297
302297
301980
301980
301980
301980
301980
301980
301980
301980
301980
301980
301861
301861
301861
301861
301861
301861
301861
301861
301861
301861
301861
301861
301861
301861
301861
301861
301861
301861
301861
300667
300667
300667
300667
300667
300667
300667
300667
300667
300667
300667
300667
300667
300667
300667
300667
300667
300358
300358
300358
300358
300358
300358
300358
300358
300358
300358
300358
300358
300358
300358
300358
300016
300016
300016
300016
300016
300016
300016
300016
300016
300016
300016
300016
300016
299931
299931
299931
299931
299931
299931
299931
298354
298354
298354
298354
298354
298354
298354
298354
298354
298354
298354
298354
298354
298354
298354
298354
298354
298354
298354
298354
297501
297501
295871
295871
295871
295871
295601
294594
293973
293973
293973
293973
293973
293973
293973
293973
293973
293973
293973
293973
293674
293674
293674
293674
293674
293674
293674
293674
293674
293674
293674
293674
293674
293674
293674
293674
293674
293674
293674
293638
293638
293638
293638
293638
293638
293638
293638
293638
293365
293365
293365
293365
293365
293365
293365
293365
293365
293365
293365
293365
293365
293365
293365
293307
293307
293307
293307
293307
293307
293307
293307
293307
293307
293307
293307
293307
293307
293307
293307
292795
292795
292795
292795
292795
292795
292795
292795
292795
292795
292795
292795
292740
292740
292740
292740
292740
292740
292740
291810
291810
291810
291810
291810
291810
291810
291810
291810
291810
291810
291810
291810
291810
291810
291810
291810
291732
291732
291732
291732
291732
291732
291732
291732
291732
291732
291732
291732
291625
291625
291625
291625
291625
291625
291625
291625
291625
291625
291625
291625
291625
291625
291625
291625
291541
291541
291541
291541
291541
291541
291541
291541
291541
291541
291541
291541
290975
290975
290975
290975
290975
290975
290975
290975
290975
290975
290975
290975
290252
290252
290252
290252
290252
290252
290252
290252
290252
290252
290252
290252
290252
290057
290057
290057
290057
290057
290057
290057
290057
290057
290057
290057
290057
290030
290030
290030
290030
290030
290030
290030
290030
290030
290030
290030
290030
290030
290030
290030
287876
287876
287876
287586
287586
287586
287586
287586
287586
287586
287586
287586
287586
287586
287586
287586
287552
287552
287552
287552
287552
287552
287552
287552
287552
287552
287552
287552
287552
287552
287552
287552
287552
287552
287552
287028
287028
287028
287028
287028
286664
286664
286664
286664
286664
286664
286664
286664
286664
286664
286664
286664
286664
286664
286663
286663
285221
285221
285221
285221
285221
285221
285221
285221
285221
285221
285221
284991
284991
283831
283831
283831
283831
283831
283831
283831
283500
283500
283500
283500
283500
283500
283500
283500
283500
283500
283270
283270
283270
283270
282467
282467
282467
282467
282467
282467
282467
282467
282467
282467
282467
282467
282467
282467
282467
282467
282467
282467
282175
282175
282175
282175
282175
282175
282175
282175
281132
281132
281132
281132
281132
281132
281132
281132
281132
281132
281132
281132
281132
281132
280782
280782
280782
280782
280782
279439
279439
279439
279439
279439
279439
279439
279439
279439
279439
279439
279439
279439
278698
278698
278698
278698
278698
278698
278698
278698
278698
278657
278657
278657
278657
278657
278657
277598
277598
277598
277598
277598
277598
277598
277598
277509
277509
277509
277509
277509
277509
277509
277509
277509
277509
277509
277509
277509
277509
277509
277509
277459
277459
277459
277459
277459
277459
277443
277398
277398
277398
277398
277398
277398
277398
277398
277398
277398
277398
277398
277398
277320
277320
277320
277320
277320
277320
275376
275280
275280
275280
275280
275280
275280
275280
275280
275280
275280
275280
275280
274731
274731
274731
274731
274731
274731
274731
274731
274731
274731
274371
274371
274371
274371
274371
274371
274371
274371
274371
274371
274371
274371
274371
274371
274371
274371
273817
273817
273817
273817
273817
273817
273817
273817
273817
273817
273817
273817
273817
273619
273619
273619
273619
273619
273619
273619
273619
273619
273619
273619
273619
273619
273619
273619
273619
273619
273201
273201
273201
273201
273201
273201
273201
273201
273201
273201
273201
273201
273201
273201
273201
273201
273201
273201
272112
272006
272006
272006
272006
272006
272006
272006
272006
272006
272006
272006
272006
272006
271839
271839
271839
271839
271839
271839
271383
271383
271383
271383
271383
271383
271383
271383
271383
271383
271383
271383
271383
269950
269950
269950
269744
269744
269744
269744
269744
269744
269744
269744
269744
269744
269744
269744
269744
269744
269744
269744
269744
269744
269348
269348
269348
269348
269348
268479
268479
268479
268479
268479
268479
268479
268479
268479
268479
268479
268479
268479
268479
268479
268479
268479
268479
268353
268353
268353
268353
268353
268353
268353
268353
268353
268353
268353
268353
268353
268353
268353
268353
268353
268353
268353
268353
267233
267233
267233
267233
267233
267233
267233
266894
266894
266894
266894
266894
266894
265853
265853
265853
265853
265853
265853
265853
265807
265807
265807
265807
265807
265807
265807
265807
265807
265807
265807
265445
265445
265445
265445
265445
265445
265445
265445
265445
265445
265330
265330
265330
265330
265330
265330
265330
265330
265330
265009
265009
265009
265009
265009
265009
265009
265009
265009
265009
265009
265009
265009
265009
265009
265009
265009
265009
265009
264845
264845
264845
264845
264845
264845
264845
264845
264845
264845
264845
264845
264845
264845
263728
263728
263728
263728
263728
263728
263728
263728
263728
263728
263728
263728
263728
263728
263728
263728
263391
263391
263391
263391
263391
263391
263391
263391
262018
262018
262018
261822
261822
261822
261822
261822
261822
261822
261822
261822
261822
261822
261822
261822
261822
261822
259661
259661
259661
259661
259661
259661
259661
259661
259661
259661
259661
259661
259300
259300
259300
259300
259300
259300
258668
258668
258668
258668
258668
258668
258668
258668
258668
258668
258668
258668
258668
258668
258571
258571
258571
258571
258571
258571
258571
258571
258571
258571
258571
258571
257754
257754
257754
257754
257754
257754
256814
256814
256814
256814
256814
256814
256814
256814
256814
256814
256814
256814
256335
256335
256335
256335
256335
256335
256335
256335
256335
256335
256335
256335
256335
256335
256335
256335
256335
256236
256236
256236
256236
256236
256236
255530
255530
255530
255530
255530
255530
255530
255530
255530
255530
255530
255530
255530
255530
255530
255432
255432
255432
255432
254768
254768
254768
254379
254379
254379
254379
254379
254379
254379
254379
253724
253724
253724
253724
253724
253724
253724
253724
253724
253724
253724
253724
253724
253724
253724
253724
253613
253613
253613
253613
253613
252291
252291
252291
252291
252291
252291
252291
252291
252291
252291
252291
252291
252291
252291
252291
252291
252291
252291
252291
252265
252265
252265
252265
252265
252265
252265
252265
252265
252265
252265
252265
251681
251681
251681
251681
251681
251681
251681
251681
251681
251681
251681
251681
251681
251681
251681
251681
251537
251537
251537
251537
251537
251316
251316
251316
251316
251316
251316
251316
251316
251316
251316
251316
251316
251316
251316
251316
251060
251060
251060
250975
250975
250975
250975
250975
250975
250975
250975
250975
250975
250975
250975
250975
250975
250975
250975
250975
250975
250975
250436
250436
250436
250436
250436
250436
250436
250436
250436
250436
250436
250436
248959
248740
248740
248740
248740
248740
248740
248740
248740
248740
248210
248210
248210
248210
247180
247180
247180
247180
247180
247180
247180
247180
247180
247180
247180
247180
247180
246889
246889
246889
246889
246889
246889
246889
246889
246889
246889
246889
246889
246540
246540
245920
245920
245920
245920
245920
245759
245759
245759
245759
245759
245759
245759
245759
245617
245617
245528
245528
245528
245483
245483
245483
245483
245483
245483
244646
244646
244646
244646
244646
244646
244646
244646
244646
244646
244646
244646
244646
244646
244646
244646
244646
244646
244646
244422
244422
244422
244422
244422
244422
244422
244422
244422
244422
244422
244422
244422
244422
244422
244422
244422
244422
244422
244269
244269
244269
244269
244269
244269
244269
244269
244269
244269
244269
244269
244269
244269
244269
244269
244269
244009
244009
244009
244009
244009
244009
244009
244009
244009
244009
244009
244009
244009
244009
244009
244009
244009
244009
244009
244009
243871
243871
243871
243871
243871
243871
243281
243281
243281
243281
243281
243281
243281
243281
243281
243281
243281
243281
243281
243281
243281
243281
243281
243281
242721
242721
242721
242721
242721
242721
242721
242721
242721
242721
242721
242721
242721
242721
242721
242721
242721
242443
242443
242443
242443
242443
242443
242443
242443
242443
242443
242443
242443
242443
242443
242443
242443
241014
241014
241014
241014
241014
241014
241014
241014
240482
240482
240482
240482
240482
240482
240482
240482
240482
240482
240482
240482
240482
240482
240482
240482
240482
240482
240080
240080
240080
240080
240080
240080
240080
240080
240080
240080
239489
239489
239489
239489
239489
239489
239489
239489
239489
239489
239489
239489
239489
239489
239489
239489
239324
239324
239324
239324
239324
239324
239324
239324
239324
239324
239324
239324
239324
239324
239324
239324
239324
239324
238786
238786
238786
238786
238786
238786
238786
238786
238786
238786
238786
238786
238786
238786
238786
238754
238754
238754
238754
238754
238754
238754
238754
238754
238754
238754
238754
238754
238754
238754
238754
238754
238754
238754
238754
238677
238677
238677
238677
238677
238677
238677
238677
238677
238677
238677
238612
238612
238612
238612
238329
238280
238280
238280
238280
238280
238280
238280
238280
237756
237756
237756
237756
237756
237756
237756
237756
237756
237756
237756
237756
237756
237756
237756
237756
237756
237756
237756
237756
237695
237695
237695
237695
237695
237695
236835
236835
236835
236835
236835
236835
236835
236835
236835
236835
236835
236835
236835
236835
236835
236835
236835
236835
236835
235847
235847
235847
235847
235847
235847
235847
235847
235847
235847
235847
235530
235530
235530
235530
235530
235530
235530
235530
235530
235530
235530
235530
235530
235530
235530
235530
235530
235530
235530
235530
234831
234831
234831
234831
234831
234831
234831
234831
234831
234831
234831
234831
234831
234831
234831
234831
234831
234773
234773
234773
234773
234773
234773
234773
234773
234773
234773
234773
234773
234773
234773
234773
234773
234773
234773
234773
234773
234091
234091
234091
234091
234091
234091
233651
233651
233651
233651
233651
233651
233651
233651
233651
233651
233651
233651
233509
233509
233509
233509
233509
233509
233509
233509
233509
233509
233509
233509
232130
232130
232130
232130
232130
232130
232130
232130
232130
232130
232130
230885
230885
230885
230885
230885
230885
230589
230589
230589
230589
230589
230589
230589
230589
230589
230589
230589
229460
229460
229460
229460
229460
229460
229460
229460
229460
229275
229275
229275
229275
229256
229256
229256
229256
229256
229256
229072
229072
229072
229072
229072
229072
229072
227835
227835
227835
227835
227835
226918
226918
226918
226918
226918
226918
226918
226918
226918
226918
226918
226918
226918
226918
226918
226918
225733
225733
225733
225733
225733
225733
225733
225733
225733
225733
225733
225733
225733
225733
225733
224750
224750
224750
224750
224750
224750
224750
224417
224417
224417
224417
224417
224417
224417
224417
224417
222853
222853
222853
222853
222853
222853
222853
222853
222853
222853
222853
222851
222851
222851
222851
222796
222796
222796
222796
222796
222796
222796
222796
222796
222796
222796
222796
222796
222796
222796
222650
222650
222568
222568
222568
222568
222568
221141
221141
221141
221141
221141
221141
221141
221141
221141
221141
221141
221141
221141
221141
221141
220750
220750
220750
220750
220750
220750
220750
220750
220750
220750
220750
220750
220750
220750
220750
220696
220696
220696
220696
220696
220696
220696
220696
219681
219681
219681
219681
219681
219681
219681
219371
219371
219371
219371
219371
219371
219371
219371
219371
219371
218818
218818
218818
218818
218818
218640
218640
218640
218640
218640
218056
218056
218056
218056
218056
218056
218056
218056
218056
218056
218056
218056
218056
218056
218056
218056
217414
217414
217414
214675
214675
214675
214675
214675
214675
214675
214675
214675
214675
214675
214675
214675
214675
214675
214675
214675
214675
214675
214413
214413
214413
214413
214413
214413
214413
214413
214413
214413
214413
214413
214413
214413
214413
214413
214413
214413
214413
214413
213645
213645
213645
213645
213645
213645
213645
213645
213645
213645
213645
213645
213645
213645
213645
213645
213625
213625
213625
213625
213625
213625
213625
213625
213625
213625
213625
213625
213625
213625
213625
213625
213625
213625
213625
212663
212663
212285
212285
211864
211864
211864
211864
211864
211864
211864
211060
211060
210767
210767
210767
210767
210566
210566
210566
210566
210566
210566
210566
210566
210566
209957
209957
209957
209957
209957
209957
209957
209957
209670
209670
209670
209629
209613
209613
209613
209613
209613
209613
209613
209613
209613
209613
209613
209613
209613
209440
209440
209440
209440
209440
209440
209440
209440
209440
209440
209440
209440
209440
209440
209440
209440
209440
209075
209075
209075
208632
208632
208632
208632
208632
208632
207805
207805
207805
207805
207805
207805
206473
206473
206473
206473
206473
206473
206473
206473
206473
206473
206473
206473
206473
206473
206473
206007
206007
206007
205849
205849
205849
205849
205849
205849
205849
205849
205849
205849
205849
205849
205849
205849
205849
205849
205849
205849
205845
205845
205845
205845
205845
205845
205845
205845
205845
205079
205079
205079
204015
204015
204015
204015
204015
204015
203921
203921
203921
203921
203921
203921
203921
203921
203921
203921
203921
203921
203921
203921
203921
203921
203921
203921
203704
203704
203704
203704
203704
203704
203704
203704
203704
203704
203704
203704
203704
203704
203704
203704
203704
203704
203704
203704
203274
203274
203274
203274
202829
202829
202829
202829
202829
202829
202829
202829
202829
202829
202829
202106
202106
202106
202106
202106
202106
202106
202106
202106
202106
202106
202106
202106
202106
202106
202106
202106
202106
201584
201584
201584
201201
201201
201201
200765
200765
200765
200765
200765
200765
200765
200765
200765
200765
200765
200765
199900
199900
199900
199900
199900
199900
199900
199900
199900
199900
199900
199810
199810
199810
199764
199764
199764
199764
199764
199764
199764
199764
199764
199764
199764
199764
199764
199764
199764
199764
199502
199502
199502
199502
199502
199502
199502
199502
199502
199502
199502
199502
199179
199179
199179
199179
199179
199179
199179
199179
199179
199179
199179
199179
199179
199179
199179
199179
199179
199179
198631
198631
198631
198631
198631
198631
198631
198631
198631
198631
198631
198631
198631
198631
198631
198631
198631
198631
198600
198600
198600
198600
198600
198600
198600
198600
198600
198600
198600
198600
198600
198600
198600
198600
198600
198600
198600
198600
198548
198548
198548
198548
198548
198548
198548
198548
198548
198548
198548
198548
198548
198548
198548
198548
198548
198522
198522
198522
198522
198522
197744
197744
197744
197744
197744
197744
197744
197744
197744
197744
197744
197744
197744
197744
197744
197744
197744
197650
197650
197650
197650
197650
197650
197650
197650
197650
197650
197650
197650
197650
197650
197650
197256
197256
197256
197256
197256
197256
197256
197256
197256
197256
197256
197256
196880
196880
196880
196880
196880
196880
196880
196880
196880
196880
196880
196880
196880
196880
196880
196880
196880
195441
195441
195441
195441
195441
195441
195441
195441
195441
195441
195441
195441
195441
195441
195441
195441
195348
195348
195348
195348
195348
195348
195348
195348
195162
195162
195162
195162
195162
195162
195162
195162
195054
195054
195054
195054
195054
195054
195054
195054
195054
195054
195054
195054
195054
195054
195054
195054
195054
195054
195054
194229
194229
194229
194229
194229
193197
193197
193197
193197
193197
193197
193197
193197
193197
193197
193197
192471
192058
192058
192058
192058
192058
191685
191685
191685
191685
191685
191685
191685
191685
191685
191685
191648
191648
191648
191648
191648
191648
191648
191648
191648
191648
191648
191648
191648
191648
191648
191648
191648
191648
191648
190322
190322
189328
189328
189328
189328
189328
189328
189328
189328
189328
189328
189328
189328
189328
189328
189328
189328
189328
189328
189328
189328
188669
188669
188669
188669
188325
188325
188325
188325
188325
188325
188325
188325
188325
188325
188325
188325
188325
188325
188325
188014
188014
188014
188014
188014
188014
188014
187237
187237
187237
187237
187237
187237
187237
187237
187237
187237
187237
185921
185921
185921
185921
185921
185921
185921
185921
185527
185527
185527
185527
185527
185527
185527
185527
185527
185527
185527
185527
185527
185527
185266
185266
185266
185266
185266
185266
185266
185266
185266
185266
185266
185266
185266
185266
185266
185266
185266
185266
185266
185266
185030
185030
185030
185030
185030
185030
185030
185030
185030
185030
184572
184572
184572
184572
184572
184572
184572
184572
184572
184572
184572
184572
184572
184500
184333
183648
183648
183648
183648
183648
183648
183648
183648
183648
183648
183568
183568
183568
183568
183483
183483
183483
183245
183245
183245
183245
183245
183245
181113
181113
181113
181113
181113
181113
181113
181113
181113
181113
181113
181113
179907
179907
179907
179762
179762
179762
179762
179762
179762
179762
179762
179762
179762
179762
179388
179388
179388
179388
179388
179388
179388
179388
179388
179388
179388
179388
179388
179388
179388
178537
178537
178537
178537
178537
178537
178537
178537
178537
178537
178537
178537
178537
178537
178537
178537
178537
178537
178537
178537
177245
177245
177245
177245
177245
177245
177245
177245
177245
177245
177245
177245
177245
177245
177245
177245
177245
177245
175749
175749
175749
175749
175688
175688
175688
175688
175688
175298
175298
174305
174305
174305
174305
174305
174305
174305
174305
174305
174305
174305
174305
174305
174305
174305
174305
174305
174305
174305
174023
174023
174023
174023
174023
174023
174023
174023
174023
174023
174023
174023
174023
174023
174023
174023
173394
173394
173394
173394
173394
173394
173394
173394
173394
173394
173394
173394
173394
173394
173394
173394
173394
173394
173394
173394
172968
172926
172926
172926
172431
172431
172431
172431
172431
172431
172431
172431
172431
172431
172431
172431
172431
172431
172431
172431
171968
171968
171968
171968
171968
171968
171582
171582
171582
171582
171582
171582
171582
171582
171582
171582
170867
170867
170867
170867
170867
170867
170867
170867
170867
170780
170780
170780
170780
170780
170780
170780
170780
170780
170780
170780
170780
170780
170780
170780
170780
170780
170414
170414
170414
170414
170414
170414
170414
170414
170414
170414
170414
170414
170017
170017
170017
170017
170017
170017
170017
170017
170017
170017
170017
170017
170017
170017
168861
168861
168861
168861
168861
168861
168861
168861
168861
168861
168861
168861
168861
168861
168861
168861
168861
168861
168861
168128
168128
168128
168128
168128
168128
168128
168128
168128
168128
168128
168128
168128
168128
168128
168128
168092
168007
168007
168007
168007
168007
168007
168007
168007
168007
168007
168007
168007
166852
166852
166852
166852
166852
166852
166852
166852
166852
166852
166852
166852
166852
166852
166852
166852
166852
166852
166852
166852
166663
166663
166663
166663
166663
166663
166663
166663
166494
166494
166494
166494
166494
166494
165795
165795
165795
165284
165284
165133
165133
165133
165133
165133
165133
165133
165133
165133
165133
164994
164994
164994
164994
164994
164994
164994
164994
164994
164994
164994
164994
164994
164994
164575
164575
164575
164575
164575
164575
164575
164575
164575
164575
164575
164575
164575
164575
164575
164575
164575
164364
164364
164364
164364
164009
164009
163807
163807
163807
163807
163807
163807
163807
163807
163807
163807
163807
163807
163807
163807
163807
163807
163807
163758
163758
163758
163758
163758
163758
163758
163758
163758
163758
163758
163758
163758
163758
163758
162400
162400
162400
162400
161854
161854
161854
161854
161854
161854
161854
161854
161854
161854
161854
161854
161854
161854
161854
161854
161854
161854
161854
161854
160838
160838
160838
160838
160838
160838
160838
160838
160838
160838
160838
160838
160838
160838
160838
160838
160838
159380
159380
159380
159198
159198
159198
159198
159198
159198
159198
159198
159198
159198
159198
159198
159198
159198
159198
159198
159198
159198
159198
158937
158937
158937
158937
158937
158937
158937
158937
158937
158937
158937
158937
158937
158937
158813
158813
158813
158813
158813
158813
158732
158732
158732
158732
158732
158732
158732
158732
158732
158732
158732
158732
158732
158732
158732
158732
157600
157600
156576
156576
156576
156576
156576
156576
156576
156576
156576
156576
156576
156576
156296
156148
152768
152768
152768
152682
152682
152682
152682
152682
151804
151804
151804
151804
151804
151804
151804
151804
151804
151127
151127
151127
151127
151127
151127
151127
151127
151127
151127
151127
151127
151127
151127
151127
151127
151127
151127
151127
151127
150702
150702
150702
150702
150702
149312
149312
149020
149020
149020
149020
149020
149020
149020
149020
149020
149020
149020
149020
149020
149020
149020
149020
149020
149020
149020
148627
148627
148627
148627
148627
148627
148627
148627
148627
148627
148627
148627
148627
148627
148627
148627
148627
148627
147858
147858
147858
147317
147317
147317
147317
147317
147317
147317
147317
147317
147317
147132
147132
147132
147132
147132
147132
147132
147132
147132
147132
147132
147132
147132
147132
147132
147132
147132
147132
146538
146538
146538
146538
146538
146538
146538
146538
146538
146538
146538
146538
146109
146109
146109
146109
146109
146109
146109
146109
146109
145932
145932
145932
145932
145932
145932
145932
145932
145932
145932
145932
145932
145932
145932
145932
145932
145932
145932
145932
145380
145380
145380
145380
145380
145380
145380
145380
145380
144926
144926
144823
144823
144823
144823
144823
144823
144823
144823
144823
144058
144058
144058
144058
144058
142750
142750
142750
142645
142645
142645
142645
142645
142645
142645
142645
142631
142631
142631
142631
142631
142631
142631
142631
142631
142631
142631
142631
142631
142631
142631
142631
142631
141416
141416
141416
141416
141416
141416
141416
141416
141416
141397
141397
141397
141397
141397
141397
141397
141282
141282
141282
141282
141282
141282
141282
141282
141282
141282
141282
141282
141282
141282
141282
141282
141282
141282
141282
140973
140973
140973
140973
140973
140973
140973
140973
140973
140973
140973
140973
140973
140973
140973
140973
140973
140233
140233
140233
140233
140233
140233
140233
140233
140233
140233
140233
140233
140233
140233
140233
138957
138957
138957
138957
138957
138957
138957
138957
138957
138957
138933
138933
138933
138933
137683
137683
137683
137683
137683
137683
137683
137683
137683
137605
137605
137605
137605
137605
137605
137605
137605
137605
137605
137605
137605
137605
137328
137328
137328
137328
137059
137059
137059
137059
137059
137059
137059
137059
136953
136953
136953
136953
136953
136953
136953
134975
134975
134975
134975
134975
134975
134975
134975
134975
134975
134975
134975
134975
134975
134975
134975
134975
134975
134975
134646
134646
134646
134646
134646
134646
134646
134646
134646
134646
134646
134646
134297
134297
134297
134297
134297
134297
134297
134297
134297
134297
134100
134100
134100
134100
134100
133590
133590
133590
133590
133590
133590
133590
133590
133590
133590
133590
133590
133301
133301
133301
133301
133301
133301
133301
133301
133301
133301
133301
133301
133301
133301
133301
133301
133301
133301
133301
133301
133131
133131
133131
133131
133131
133131
133131
133019
133019
133019
133019
133019
133019
133019
133019
133019
133019
133019
133019
133019
133019
133019
133019
133019
133019
133019
133019
132612
132612
132612
132612
132612
132612
132612
132612
132612
132612
132612
132612
132612
132612
132058
132058
132058
132058
132058
132058
132058
132058
132058
132058
132058
132058
132058
132058
132058
132058
131776
131776
131776
131776
131776
131776
131776
131776
131776
131776
131776
131776
131776
131776
131171
131171
131171
131171
131171
131171
131171
131171
131171
131171
131171
131171
131171
131171
130918
130918
130277
130277
130277
130277
130206
130206
130206
130206
130206
130206
129979
129979
129979
129979
129979
129979
129979
129979
129954
129954
129954
129954
129954
129954
129954
129954
129954
129954
129954
129954
129954
129954
129954
129954
129954
129755
129755
129755
129755
129755
129755
129755
129755
129755
129755
129755
129054
129054
129054
129054
129054
129054
129054
129054
129054
129054
128880
128880
128880
128880
128880
128880
128880
128880
128880
128880
128880
128880
128880
128880
128880
128880
128880
128880
128721
128721
128721
128721
128721
128721
128721
128721
128721
128721
127467
127467
127467
127467
127467
127467
127467
127467
127199
127199
127199
127199
127199
127199
127199
127199
127199
127199
127199
127199
127199
127199
127199
127199
127199
127199
126657
126657
126657
126657
126657
126657
126657
126657
126657
126657
126657
126657
126657
126657
126657
126657
126657
126657
126657
126657
126126
126126
126126
126126
126126
126126
126126
126126
126126
126126
126126
126126
126126
126126
126126
126126
126126
126126
126126
125498
125498
125498
125498
125498
125498
125498
125498
125498
125498
125498
125287
125287
125287
125287
125287
125287
125287
124770
124770
124770
124770
124770
124770
124770
124770
124770
124770
124770
121807
121807
121807
121807
121807
121807
121807
121807
121807
121807
121807
121807
121807
121807
120678
120678
120678
120678
120678
120678
120678
120598
120598
120598
120598
120598
120598
120598
120598
120598
120598
120598
120598
120598
120598
120598
120598
120598
120598
119515
119515
119515
119515
119515
119515
119515
119515
119515
119515
119515
119515
119515
119515
119515
119515
119515
119515
119431
119431
119423
119423
119423
119423
119423
119423
119423
119423
119423
118265
118265
118265
118265
118265
118265
117193
117193
117193
117193
117193
117193
117193
117193
117193
117193
117193
117193
117193
117193
117193
117193
116990
116990
116990
116990
116990
116530
116361
116361
116268
116268
116268
116268
116268
116268
115604
115604
115604
115604
115325
115325
115325
115325
115325
115176
115176
115176
115176
115176
115176
115176
115176
115176
115176
115176
115176
114731
114731
114731
114731
114731
114731
114731
114731
114731
114731
114731
114731
114731
114731
114731
114731
114731
114309
114062
114062
114062
114062
114062
113862
113862
113862
113862
113862
113862
113862
113862
113862
113862
113583
113583
113583
113583
113583
113583
113583
113583
113583
113464
113464
113464
113464
113464
113464
113464
113464
113464
113464
113464
113464
113464
113464
113401
113401
113401
113401
113401
113401
113401
113401
113401
113401
113401
113401
112701
111723
111723
111723
111723
111723
111723
111723
111519
111519
111519
111519
111519
111519
111519
111519
111519
111519
111431
111431
111431
111431
111431
111431
111431
111431
111431
111431
111431
111431
111431
109960
109960
109960
109960
109960
109960
109960
109960
109960
109960
109960
109960
109960
109960
109960
109960
109635
109635
109635
109635
109635
109635
109635
109635
109635
109635
109635
109635
109635
109635
109635
109635
109635
109635
109635
109635
108715
108715
108715
108715
108715
108715
108715
108715
108715
108715
108715
108715
108715
108715
108715
108715
107562
107562
107562
107562
107562
107562
107562
107562
107562
107562
107562
107562
107562
107562
106865
106865
106865
106865
106865
106865
106865
106865
106865
106609
105650
105650
105650
105650
105650
105650
105650
105650
105650
105650
105650
105650
105650
105650
105650
105650
105650
105650
105650
105650
105307
105307
105307
105307
105307
105307
105307
105307
105307
105307
105307
105307
105307
105307
105307
105307
105307
105052
104981
104981
104981
104981
104981
104981
104981
104981
104981
104981
104981
104981
104981
104981
104392
104392
104392
104392
104392
104392
104392
104392
104392
104392
104392
103959
103959
103264
103264
103264
103264
103264
103264
103264
103264
103264
103264
103098
103098
103098
103098
103098
103098
103098
103098
103098
103098
103098
103098
103098
103098
102997
102997
102997
102997
102997
102997
102997
102997
102997
102997
102997
102997
102997
102997
102611
102611
102611
102611
102611
102611
101868
101868
101868
101868
101868
101868
101868
101868
101868
101868
101868
101868
101868
101868
100529
100529
100529
100529
100529
100529
100529
100529
100529
100144
100144
100144
100144
100144
100144
100144
100144
100144
100144
100008
100008
100008
100008
100008
100008
100008
100008
100008
100008
100008
100008
100008
100008
100008
100008
100008
100008
100008
100008
99621
99621
99621
99621
99621
99621
99621
99220
99220
99220
99220
99220
99220
99220
99220
99220
99220
99220
99220
99220
99220
99220
99220
99220
99220
99220
99220
98532
98532
98532
98532
98532
98532
98487
98487
98487
98487
98487
98487
98487
98487
98487
98487
98487
98487
98487
98320
98320
98320
98320
98320
98320
98320
98320
98320
98320
98320
98320
98320
98320
98320
98320
98320
97908
97908
97908
97908
97908
97908
97908
97908
97908
97611
97611
97611
97611
97611
97611
97611
97611
97611
97611
97611
97611
97611
97611
97611
97611
97611
97611
96888
96888
96888
96389
96389
96389
96389
96389
96389
96389
96389
96389
96204
96204
96204
96204
96204
96204
96204
96204
96204
96204
96204
96011
96011
96011
96011
96011
96011
96011
96011
96011
96011
96011
96011
96011
96011
96011
96011
96011
96011
96011
95667
95667
95667
95667
95667
95667
95667
95667
95667
95667
95667
95667
95667
95667
95667
95667
95667
95667
95667
95505
95505
95505
95505
95505
95505
95505
95505
95505
95505
95505
95505
95505
95505
95505
95505
95505
95505
93811
93811
93811
93811
93811
93811
93811
93811
93811
93811
93811
93811
93811
93811
93811
93811
93811
92053
92053
92053
92053
90262
90262
90262
90262
90262
90262
90262
90262
90262
90246
90246
90246
90246
90246
90246
90246
90246
90246
90246
90246
90246
90126
90126
89930
89758
89758
89758
89758
89758
89758
89446
89446
89446
89446
89446
89446
89446
88969
88888
88888
88888
88888
88888
88888
88888
88888
88888
88888
88586
88586
88586
88586
88586
88586
88586
88586
88586
88586
88586
88586
87896
87896
87896
87896
87896
87354
87117
87117
87117
87117
87117
87117
87117
87117
87117
87117
87117
87117
87117
87117
87117
87117
86968
86968
86968
86968
86968
86968
86968
86968
86968
86968
86968
86968
86968
86822
86822
86822
86822
86822
86822
86822
86822
86822
86822
86822
86822
86796
86796
86796
86796
86796
86796
86796
86796
86796
86796
86796
86796
86796
86796
86796
86796
86796
86796
86381
86381
86381
86381
86381
86381
86381
86381
86381
86381
86381
86381
86340
86340
86340
86340
86340
85121
85121
85121
85109
85109
85109
85109
84907
84907
84907
84907
84907
84907
84907
84907
84907
84907
84907
84867
84867
84867
84867
84867
84867
84867
84867
84788
84788
83790
83790
83790
83790
83790
83790
83790
82447
82447
82447
82447
82447
82447
82447
82447
82447
82447
81939
81939
81939
81939
81939
81939
81939
81939
81939
81939
81939
81939
81939
81939
81687
81687
81687
81687
81687
81687
81687
81687
81687
81687
81687
81687
81687
80685
80685
80685
80685
80685
80685
80685
80685
80685
80685
80685
80685
80685
80685
79793
79793
79793
79793
78557
78557
78557
78557
78557
78557
78557
78557
78557
78557
78557
78557
78557
78557
78557
78557
78557
78219
78219
77919
77919
77464
77464
77464
77464
77464
77464
77464
77464
77464
77464
77464
77464
77464
77464
77464
77464
77464
77464
77464
77464
77437
77437
77437
77437
77437
77437
77437
77437
77437
77437
77437
77437
77437
77437
77437
77437
77437
77437
77077
77077
77077
77077
77077
77077
77077
77077
77077
77077
77077
77077
77077
77077
77077
77077
77077
77077
76302
76302
76302
76302
76302
76302
76302
76302
76302
76302
76302
75682
75682
75682
75682
75682
75682
75682
75682
75682
75682
75682
75656
75656
75656
75656
75656
75656
75656
75656
75642
75642
75642
75642
75642
75642
75642
75642
75642
74368
74368
74368
72947
72947
72947
72947
72947
72947
72947
72947
72947
72947
72947
72947
72947
72947
72947
72947
72947
72947
72947
72947
72193
72193
72193
72193
72193
72193
72193
72193
72193
72193
72044
72044
72044
72044
72044
72044
72044
72044
72044
72044
72044
72044
72044
72044
72044
70956
70956
70956
70956
70956
70956
70956
70956
70956
70956
70956
70956
70956
70956
70956
70956
70956
70956
70576
69378
69378
69378
69378
69378
69378
69378
69378
69378
69378
69378
69378
69378
69378
69378
69378
69378
69378
67149
67149
67149
67149
67149
67149
67149
67149
67149
67149
67149
