2506
500000
333255
333255
333255
333255
333255
333255
333255
333255
333255
333255
333255
333255
333255
331710
331710
331710
331710
331710
331710
331710
331710
331710
331710
331710
331710
331710
330911
330911
330911
330911
330911
330911
330911
330911
330911
330911
330911
330911
330485
330485
329810
329810
329810
329810
329810
329810
329810
329810
327700
327700
327700
327700
327700
327700
327700
327700
327700
327700
327700
327700
327700
327700
327700
327700
327700
327700
327700
327700
326627
326627
326627
326627
326627
326627
326627
326596
326235
326235
326235
325843
325843
325843
325843
325843
325843
325843
325843
325843
325843
325843
325843
325843
325843
325843
325843
325843
325843
325843
325843
325345
325345
325345
325345
325248
325248
325248
325248
325248
325248
325248
325248
325248
325248
325248
325248
325248
325248
325248
325248
324832
324832
324832
324832
324832
324486
323143
323143
323143
323143
323143
322052
322052
322052
322052
322052
322052
322052
322052
321733
321733
321733
321733
321733
321733
321733
321733
321733
321733
321733
321733
321733
321719
321719
321719
321719
321719
321719
321719
321719
320088
320088
320088
320088
320088
320088
320088
320088
320088
320088
320088
320088
320088
320088
320088
319372
319372
319372
319372
319372
319372
316755
316755
316755
316755
316755
316755
316755
316755
316755
316755
316755
316755
316755
316755
316755
316755
316755
316755
315304
315304
315304
315304
315304
315304
315304
311379
311379
311379
311379
311379
311379
311379
311379
311379
311379
311379
311379
311379
311379
311379
311379
311379
311379
311379
311108
311108
311108
311108
311108
311108
311108
311108
311108
311108
308887
308887
308887
308887
308887
308887
308887
308887
308887
308887
308151
308151
308151
308151
308151
307969
307969
307969
307969
307969
307969
307552
307552
307552
307378
307378
307378
306074
306074
306074
306074
306074
306074
306074
306074
306074
306074
306074
306074
306074
306074
306074
305645
305645
304727
304727
304727
304727
304629
304629
304629
304629
304629
304629
304629
304629
304629
304460
304460
304460
304460
304460
304460
304275
304275
304275
304275
304275
304275
304275
304275
304275
304275
304275
304275
304275
304275
304275
304275
302409
302409
302409
302409
302409
302409
302409
302409
302409
302409
298455
298455
298455
298455
298455
298455
298455
298455
298455
298455
298455
298455
297618
297618
297618
297618
297618
297618
297618
297618
297618
297618
297618
297618
297618
297618
297618
297618
297618
297618
297618
297618
292463
292463
292463
292463
292463
292463
292463
292463
292463
292463
291210
291210
291210
291210
291210
290735
290735
290735
290735
290735
290735
290735
290735
290735
290735
290735
287111
287111
287111
287111
284801
283903
283903
283903
283903
283903
283903
283903
283903
283903
283903
283903
283903
283903
283903
283903
283903
280429
280429
280429
280429
280429
280429
280429
279969
279969
279969
279969
279969
279969
279969
279969
279969
279969
279969
279969
279969
279969
279969
279002
279002
279002
279002
279002
279002
279002
279002
279002
279002
279002
279002
279002
279002
279002
279002
279002
276969
276969
276969
276969
276969
276969
276969
276969
276969
276969
276969
276969
276969
276969
276170
276170
276170
276170
276170
276170
276170
276170
276170
276170
276170
276170
276170
276170
276170
276170
276170
274206
274206
274206
274206
273393
273393
273393
273393
273393
273393
273393
273393
273393
273393
273393
273084
273084
273084
273084
273084
273084
273084
273084
273084
273084
273041
273041
273041
273041
273041
273041
273041
273041
273041
273041
273041
273041
273041
273041
272201
272201
272201
272201
272201
272201
272201
272201
272201
272201
272201
272201
272201
272201
272201
272201
272201
272035
272035
272035
272035
272035
272035
272035
272035
272035
272035
272035
272035
272035
270485
270485
269426
269426
269426
269426
269426
269426
269426
269426
269426
269426
269426
269426
269426
269147
269147
269147
269147
269147
269147
269147
269147
269147
269147
269147
269147
269147
269147
269147
269147
269147
269147
269147
269147
264238
264238
264238
264238
264238
264238
264238
264238
264238
264238
263503
263503
263503
263503
263503
263503
263503
263503
263503
263503
263503
263503
263503
263503
263503
263503
263446
263446
263446
263339
263339
263339
263339
263339
263339
263339
263339
263339
263339
263339
263339
263339
263339
262182
262182
262182
262182
262182
262182
262182
261901
261901
261901
261901
261901
261901
261901
261901
261901
261769
261769
261769
261769
261769
261769
261769
261769
261769
261479
261479
261479
261479
261479
261479
261479
261479
261479
261479
261479
261479
261479
261479
261479
261479
261479
261479
258925
258925
258925
258925
258925
258925
258925
258925
258925
258925
258925
258925
258925
256159
256159
256159
256159
256159
256159
256159
256159
256159
256159
256159
256159
256159
256159
256159
256159
255657
255657
255657
254378
254378
254378
254378
254378
254378
254378
254378
254378
254378
254378
254253
254108
254108
254108
254108
254108
254108
254108
254108
254108
254108
254108
254108
254108
254108
254108
254108
254108
254108
254108
254108
253598
253598
253598
253598
253598
253598
253598
253598
251644
251644
251644
251644
251644
251644
251644
251644
251644
251644
251644
251644
251578
251578
251578
251578
251569
251569
251569
251388
251388
251388
251388
251388
251388
251388
251388
251388
251388
251388
251388
251388
251388
249672
249672
249672
249672
249672
249672
249672
249672
249672
249672
249672
249672
249672
248652
248652
248652
248652
248652
248652
248652
248652
248652
248652
248652
248652
248652
248652
248652
248652
248652
248353
247050
247050
247050
247050
247050
247050
247050
247050
247050
247050
247050
247050
247037
247037
247037
247037
247037
247037
247037
247037
247037
247037
247037
247037
247037
247037
247037
247037
247037
246709
246709
246709
246709
246709
246709
246709
246709
246709
246709
246709
246709
246709
246709
244378
244378
244378
244378
244378
244378
244378
244378
244378
244378
244378
244378
243564
243564
243564
243564
243564
242235
242235
242235
242235
242235
242235
242235
242235
242235
242235
242235
242235
242235
242235
242235
242235
242235
242235
242107
242107
242107
242107
242107
242107
242107
242107
242107
242107
242107
242107
242107
242107
242107
242107
240202
240202
240202
240202
240202
240202
240202
240202
240202
240202
240202
240202
240202
240202
239802
239802
239802
238339
238339
238339
238339
238339
238339
238339
238339
238339
238339
238339
238339
238339
238339
238339
238339
238180
238180
238180
238180
238180
238180
238180
238180
237655
237655
237655
237655
237655
237655
237655
237655
237655
237655
237655
237655
237655
237655
237655
237655
237655
236998
236998
236998
236998
236998
236998
236998
236998
236998
236998
235515
235515
235515
235515
235515
235515
235515
235515
235515
235515
235515
235515
235515
235515
235515
233310
233310
233310
233310
233310
233310
233310
233310
233310
233310
233310
233310
233310
233310
233256
232719
232719
232719
232719
232719
232719
232719
231111
231111
231111
231111
231111
231111
231111
230698
230698
230698
230429
230429
230429
230429
230429
230429
230429
230429
230429
230429
230429
228578
228578
228578
228578
228578
228578
228578
228578
228578
228578
228578
228578
228578
228273
228273
226087
226087
226087
226087
226087
224280
224280
224280
224280
224280
224280
224280
224280
224280
224280
222951
221515
221515
221515
221515
221515
221515
221515
221515
221515
221515
221515
221515
221515
221515
221515
221515
221053
220936
220936
220936
220936
220936
220936
220936
220936
220936
220936
220936
220936
220416
220416
220416
218586
218586
218586
218586
218586
218586
218586
216324
216324
216324
214707
214707
214707
214707
214707
214501
214501
214501
214501
214501
214501
214501
214501
214501
214501
214501
214501
214501
214501
214501
214501
214282
214282
214282
214282
214282
214282
211426
211426
211426
211426
211426
211426
210992
210992
210992
207805
207805
207805
207805
207805
207805
207805
207805
207805
207805
207805
207805
207805
207805
207805
207805
206717
206717
206717
206717
206717
206717
206717
206717
206717
206717
206717
206717
206717
206717
206717
206717
206717
206717
204856
204856
204856
204856
204856
204856
204856
204761
204761
204761
204761
204761
204761
204761
204761
204761
204761
204761
204761
204761
204761
204761
203031
203031
203031
203031
203031
203031
203031
202518
202518
202518
202518
202518
202518
202518
202518
202518
202518
202518
202518
202518
201171
201171
201171
201171
201171
198007
198007
198007
198007
198007
197914
197914
197914
197139
197139
197139
197139
197139
197139
197139
197139
196412
196412
196412
196412
193275
193275
193275
193275
193275
193063
193063
193063
193063
193063
193063
193063
193063
193063
193063
193063
193063
191644
191644
191644
191644
191644
191644
191644
191644
191644
191644
191644
191644
191644
191644
191644
191644
191644
191644
191644
191644
191139
191139
191139
190589
190589
190589
190589
190589
190589
190589
190589
190589
190589
190589
190589
190589
190589
190589
189422
189422
189422
189422
189422
189422
189422
189422
186698
186313
186313
186313
186313
186313
186313
186313
185070
185070
185070
185070
185070
182435
182435
182435
182435
182435
182435
182435
182435
182435
182435
182435
182435
182435
182435
182435
180681
180681
180681
180681
180681
180681
180681
180681
180681
180681
180681
180681
180134
180134
180134
180134
180134
180134
180134
180134
180134
179467
179467
179467
179467
177906
177906
177906
177906
177906
177906
177906
177810
177810
177810
177810
177810
177810
177810
177810
177810
177810
177700
177700
177700
177700
177700
177700
177700
177474
177474
177474
177474
177474
177474
177474
177355
177355
177355
177355
177355
177355
177355
177355
177355
177355
177355
177355
177355
177355
176436
176436
176436
176436
176436
176436
176436
176436
176436
176436
176436
176436
176436
176436
176436
176436
176436
176436
176436
176436
176018
176018
176018
176018
176018
176018
176018
176018
176018
176018
176018
176018
176018
176018
176018
176018
176018
175595
175595
175595
175595
175595
175595
175595
175595
175595
175595
175595
175595
175595
175595
175595
175490
175490
174445
174445
174445
174445
174445
174445
174445
174445
174445
174445
174445
174445
174445
173401
173401
173401
173401
173401
173401
173401
173401
173401
173401
173401
172253
172253
172253
172253
172253
172253
172253
171933
171933
171933
171933
171933
171933
171933
171933
171933
171933
171933
171933
171549
171549
171549
171549
171549
171549
171549
171549
171483
171483
171483
171483
171483
170836
163528
163528
163528
163528
163528
163528
163528
163528
163528
163528
163528
163528
163528
163528
163280
163280
163280
163220
163220
163220
163220
163220
163220
163220
163220
163220
163220
163220
163220
163220
162231
162231
162231
162231
162231
162231
162231
162231
162231
162231
162231
162231
162231
162231
162153
162153
162153
162153
162153
161802
161802
161802
161802
161802
161802
161802
161802
160358
160358
160358
160358
160358
160358
160358
159615
159615
159615
159615
159615
159615
159615
159615
159615
158917
158917
158917
158917
158917
158917
158917
158917
158917
158917
158917
158917
158917
158917
158917
158917
158917
158917
154739
154739
154739
154739
154739
154739
154739
154739
154739
154553
154553
154553
154553
154553
154553
154553
154553
154553
154553
154553
154553
154553
154553
154553
154553
154553
154527
154527
154527
154527
154527
154527
154527
154527
154527
154527
154527
154527
154527
154527
154527
154527
154217
154217
154217
154217
154217
154217
154217
154217
154217
154217
154217
154217
154217
153419
153419
153419
153419
153419
153419
153419
153419
153419
153419
152757
152757
152757
152684
152684
152684
152684
152326
152326
152326
152326
152326
152326
152326
152326
152326
152326
152326
152326
152326
152326
152326
152326
150673
150673
150673
150673
150673
150673
150673
150673
150673
150673
150673
150673
150673
150673
150673
150673
150673
148131
148131
148131
148131
148131
148131
148131
148131
148131
148131
144025
144025
144025
144025
144025
144025
143417
143417
143417
143417
143417
143417
143417
143417
143417
143417
143417
143417
143417
143287
143287
143287
143287
142464
142464
141360
141360
141360
141360
141360
141360
141360
141360
141360
141360
141360
141360
141360
141360
141360
141360
141360
141360
141360
140256
140256
140256
140256
140256
140256
140256
140256
140256
140256
137841
137841
137841
137841
137841
137841
137841
137841
137841
137841
137841
137841
137841
137841
137841
137841
137841
137841
136240
136240
136240
136240
136240
136240
136240
136240
136240
136240
136240
136240
136240
136240
136240
135442
135442
135442
135442
135442
135442
135442
135442
134383
134383
134383
134383
134383
134383
134383
134383
134383
134383
134383
134383
134383
134383
134383
134383
134383
134383
133326
133326
133326
133326
133326
133326
133326
133326
132430
132430
132430
132430
132430
132430
132430
132430
131564
131564
131564
131564
131564
131564
131564
131564
131564
131564
131564
131564
131564
131564
131564
131564
131564
131564
131564
130967
130967
130967
130967
130967
130967
130967
130967
130967
130967
130967
130967
130967
130967
130967
130967
130778
130778
130778
130778
130778
130778
130778
130778
130778
130778
130778
130778
130778
130778
130778
130778
130778
130778
130297
130297
130297
130297
130297
130297
130297
130297
130297
130297
130297
130297
130297
130297
130297
128834
128834
128834
128834
128834
128834
128834
128834
128834
128834
128834
128834
128834
128834
128834
128834
128834
128834
128834
127637
127637
127637
127637
127637
127637
127637
127637
127637
127637
127637
127637
127637
127637
127637
127637
127637
126552
126552
126552
126552
126552
126552
126552
126552
126552
126552
126552
125490
125490
125490
125363
125363
125363
125363
125363
125363
125158
125158
125158
125158
125158
125158
125158
125158
125158
125158
125158
125158
125158
125158
125158
125158
125158
125158
125158
124599
124599
124599
124599
124599
124599
124599
124599
124599
124599
124599
124599
124599
121028
121028
121028
121028
121028
121028
121028
121028
121028
121028
121028
121028
121028
121028
121028
120659
120659
120659
120659
120659
120659
120659
120021
119789
119789
119789
119789
119789
119789
119789
119789
119789
119789
119789
119789
119789
119789
119789
119789
119789
118557
118557
118557
118557
118557
118557
118557
118309
115900
115900
115900
115900
115900
115900
115900
115900
115900
115900
115900
115900
115900
115252
115252
115252
115252
115252
115252
115252
115252
115252
115252
115252
114374
114374
114374
114374
114374
114374
114374
114374
114374
114374
113505
113505
113505
113505
113505
113286
112187
112187
112187
112187
112187
112187
112187
112033
112033
112033
112033
112033
111784
111784
111784
111784
111784
111784
111784
111784
110863
110863
110863
110863
110863
110863
110863
110863
110863
110863
110863
110863
110863
105952
105952
105952
105952
105952
105952
105952
105952
105952
105952
105952
105952
104772
104772
104772
104772
104772
104772
104772
104772
104772
104760
104760
104760
104760
104760
104760
104760
104760
104760
104760
104760
104013
104013
104013
104013
104013
104013
104013
104013
104013
103735
103735
103735
103735
103735
103735
103735
103735
103735
103735
103735
103735
103735
103735
102684
102684
102684
102684
102684
102684
102684
102684
102684
102684
102684
102684
102684
102684
101953
101953
101953
101953
101953
101953
101953
101953
101953
101953
101953
101953
101953
101953
101870
101870
101870
101870
101870
101870
101870
101870
101870
101870
101870
101870
101870
101870
101870
101870
101870
100390
100390
100390
100390
100390
100390
100390
100390
100390
100390
100390
100390
100390
100390
100390
100390
100390
100390
100390
100390
100213
100213
100213
100213
99900
99900
99900
99900
99900
99900
99900
99900
99900
98839
98839
98839
94766
94766
94766
94766
92791
92791
92791
91775
91775
91775
91775
91775
91775
91775
91775
91775
91775
91775
91775
91775
91775
91775
91070
91070
91070
91070
91070
89773
89773
89773
89773
89773
89773
87864
87864
87864
87864
87864
87330
87330
87330
87330
87330
87330
87330
87330
87330
87330
87330
87330
87330
87330
87330
87330
87330
87330
86857
86857
86857
86857
86857
86857
86857
86857
86857
86857
86857
86857
86857
86857
86857
86857
86857
85894
85366
85366
85366
85366
85366
85366
85366
85366
85366
85366
85366
85366
85366
85366
85366
85366
85366
85366
85366
84352
84352
84352
84352
84352
84352
84352
84352
84352
84352
84352
84352
84352
84352
84352
82490
82490
82490
82490
82490
82490
82490
82490
82490
82490
81947
81947
81947
81947
81947
81947
81947
81947
81947
81947
81947
81947
81947
81947
81947
81947
81947
81591
81591
81591
81591
81591
81591
81591
81591
81591
81591
81591
81591
81591
81591
79322
79322
79322
79322
79322
79322
79322
79322
79322
79322
79322
79322
79322
79322
79322
79322
79322
77628
77628
77628
77628
77628
77628
77628
77628
77628
77532
77532
77532
77532
77532
77532
77532
77532
77532
77532
77532
77532
77532
77532
77532
75898
75898
75898
75898
75898
75898
75898
75898
75898
75898
75898
75898
73997
73997
73997
73997
73997
73997
73997
73446
73446
73446
73446
73446
73446
72561
72561
72561
72561
72561
72561
72561
72561
72561
72561
72561
72433
71548
71548
71548
71548
71548
71548
71548
71548
71548
70558
70558
70558
70558
70558
70558
70558
70558
70558
70558
70558
68477
68477
68477
68477
68477
68477
68477
68477
68477
68477
68477
