1289
500000
331171
331171
331171
331171
331171
331171
331171
331171
331171
331171
331171
331171
330838
330838
330838
329116
329116
329116
329116
329116
329116
329116
329116
329116
328050
328050
328050
328050
328050
328050
328050
328050
328050
328050
328050
328050
328050
328050
328050
328050
328050
328050
328050
328050
322734
322734
322734
322734
322734
322734
322734
322734
322734
322734
322734
322734
322734
322734
322734
322734
322734
322734
322734
322384
322384
322384
322384
322384
322384
322384
322384
322384
322384
322384
321867
321867
321867
321867
321867
321867
321867
321867
321867
321867
321867
321867
321867
320741
320741
320741
320741
320741
320741
315750
315750
315750
315750
315750
315750
315750
315750
315750
315750
315750
315750
315750
315750
312954
312954
312954
312954
312954
312954
312954
312954
312954
312954
312954
312954
312954
311674
311674
311674
311674
311674
311674
311674
311674
311674
311674
311674
311674
308266
308266
308266
308266
306019
306019
306019
306019
306019
305037
305037
305037
305037
305037
304887
304887
304887
304887
304887
304887
304887
304045
304045
304045
304045
304045
304045
304045
304045
304045
304045
304045
304045
304045
304045
304045
304045
299572
299572
299572
299572
299572
299572
299572
299572
299572
299572
297680
297680
297680
297680
297680
297680
297680
297680
297680
297680
297680
297680
297680
297680
295378
295378
295378
295378
295378
295378
295378
295378
295378
295378
295378
295378
295378
295378
295378
295378
294045
294045
294045
294045
294045
294045
294045
294045
294045
294045
294045
294045
294045
294045
294045
294045
292514
292514
292514
291215
291215
291215
291215
291215
291215
291215
291215
291215
291215
291215
291215
291215
291215
289777
289777
288844
288844
288844
288844
288844
288844
288844
288844
288844
288844
288844
288640
288640
288640
288640
288640
288640
288640
288640
288640
288640
288640
288640
288640
288640
288640
285934
285934
285934
285929
285929
285929
285929
285929
285929
284161
284161
284161
284161
284161
284161
284161
284161
284161
284161
284161
284161
284161
284161
284161
284161
284161
284161
284161
284017
284017
284017
284017
284017
284017
284017
284017
284017
284017
284017
284017
284017
284017
284017
284017
284017
283253
283066
283066
283066
283066
283066
283066
283066
278348
278348
278348
278348
278348
275908
275908
275908
273606
273606
273606
273606
273606
273606
273606
273606
273606
273606
273606
273606
273606
273606
273606
273606
273606
273341
273341
273341
273341
273341
273341
273341
270785
270785
270785
270785
270785
270785
270785
270785
270785
270785
270785
270785
270785
266898
266898
266898
266898
266898
266898
266898
266898
266898
266898
266898
264188
264188
264188
264188
264188
264188
264188
264188
264188
264188
264188
264188
264188
264188
264188
264188
263973
263973
263973
263973
263973
263973
263973
263973
263973
263973
263524
263524
263524
263524
263524
263524
263524
259169
259169
259169
259169
259169
259169
259169
259169
259169
259169
253238
253238
253238
253238
253238
253238
253238
250199
250199
250199
250199
250199
250199
250199
250199
247771
247771
247771
247771
247771
247771
247771
247771
247771
247771
247771
247771
247771
247771
243440
243440
243440
243440
243440
243440
243440
243440
243440
243440
243440
243440
240991
240991
240991
240991
240991
240991
240991
240991
240991
240991
240991
240991
240991
240991
240991
240991
240991
240965
240965
240965
240965
240965
240965
240965
240707
240707
240707
235930
235930
235930
235930
235930
235930
232610
232610
232610
232610
232610
232610
232610
232610
232610
232610
232610
232610
232610
232610
229510
229510
229510
229510
229510
229510
229510
228183
228183
228183
228183
228183
228183
228183
228183
228183
228183
226425
226425
226425
226425
221595
221595
221595
221595
221595
221595
221595
221595
221595
221595
221595
220288
220288
220288
220288
220288
220288
220288
219865
219865
219865
219865
219865
213268
213268
213268
213268
213268
213268
213268
213268
213268
213268
213268
213268
213268
213268
213268
213268
210100
210100
210100
210100
210100
210100
210100
210100
210100
210100
209812
209812
209812
209812
209812
209812
209812
206790
206790
206790
206790
206790
206790
206790
206790
206790
202318
202318
202318
202318
202318
202318
202205
202205
202205
202205
202205
202205
202205
202205
202205
202205
202205
202205
202205
202205
202205
202205
202205
202137
202137
202137
202137
202137
202137
202137
199839
199839
199839
199839
199839
199839
199839
199839
199839
199839
199839
199839
199839
199839
199839
199839
199839
199839
199839
199839
199749
199749
199749
199749
199749
199749
199749
199749
199749
199749
199749
199749
199749
199749
199749
196344
196344
196344
196344
196344
196344
196344
196344
196344
196344
196344
196344
189396
189396
189396
189396
189396
189396
189396
189396
189396
189396
189396
189396
189396
188624
188624
188624
188624
188624
188624
188624
188624
188624
188624
188624
188624
188624
188624
188624
188624
188384
188384
188384
188384
188384
188384
188384
188384
185750
185750
185750
185750
185750
185750
185750
185750
185750
185750
185750
185750
185750
185750
185750
185750
184075
184075
184075
184075
184075
180134
180134
180134
180134
180134
180134
180134
180134
180134
180134
180134
180134
180134
180134
180134
180134
180134
180134
180134
177119
177119
177119
177119
177119
177119
177119
177119
177119
177119
177119
177119
177119
177119
177119
177119
177119
177119
175889
175889
175889
175889
175889
175889
175889
175889
175889
175889
175889
175889
175889
175889
175889
175889
175889
173423
173423
173423
173423
173423
173423
173423
173423
173423
173423
172221
172221
172221
172221
172221
172221
172221
172221
172221
172221
172221
172221
172221
172221
172221
172221
172221
172221
172221
167520
167520
167520
167157
167157
167157
167157
167157
167157
167125
167125
167125
167125
167125
167125
167125
167125
167125
167125
167125
163128
163128
163128
163128
163128
158074
158074
158074
158074
158074
158074
158074
158074
158074
158074
155150
155150
155150
155150
154840
154840
154840
154840
154840
151457
151457
151457
151457
151457
148654
148654
148654
148654
148654
148654
148654
148654
148654
148654
148654
148654
148654
148654
148654
148654
148654
148176
148176
148176
148176
148176
148176
148176
148176
148176
148176
147606
147606
147606
147606
147606
147606
147606
147606
147606
147606
147606
147606
147606
147606
145750
145750
145750
145750
145750
144789
144789
144789
144789
144789
144789
144789
144789
144789
144789
144789
144789
139422
139422
139422
139422
139422
139422
139422
139422
139422
139422
139422
139422
139422
139422
139422
139422
139422
139422
139422
139422
138674
138674
138674
138674
138674
138674
138674
138674
138674
138674
138674
138674
138674
138674
138674
138655
138655
138655
138655
138655
138655
130210
130210
130210
130210
130210
130210
130210
130210
130210
130210
130210
129773
129773
129773
129773
125263
125263
125263
125263
125263
125263
125263
125263
125263
125263
125263
125263
125263
125263
125263
125263
125263
124136
124136
124136
124136
124136
124136
124136
124094
124094
124094
124094
124094
124094
124094
124094
124094
124094
124094
124094
124094
124094
124094
124094
124094
124094
124094
124094
122827
122827
122827
122827
122827
122827
122827
122827
122827
122827
122827
122827
122799
122799
122799
122799
122799
122799
122799
122799
122799
122799
122799
122799
122799
122799
122799
122799
122799
122799
122463
122463
122463
122463
122463
122463
122463
122463
122463
122463
122463
122463
122463
122463
122463
122463
122463
122463
122463
122463
118800
118800
118800
118800
118800
118800
118800
118800
118800
118800
118800
118800
118800
118800
118800
118800
116173
116173
116173
116173
111832
111832
111832
111832
111832
111832
111832
111832
111832
111832
111832
111832
111832
111832
111832
111832
111832
111832
109697
109697
109697
109697
109697
109697
109697
109697
109697
109697
109697
108141
108141
108141
108141
108141
108141
108141
108141
108141
108141
106765
106765
106765
106765
106765
106765
106765
106765
106765
106765
106765
106765
106765
106765
106765
106765
106765
106765
106765
103080
103080
103080
103034
103034
103034
103034
103034
100720
100720
100720
100720
100720
100720
100720
100720
100720
100720
100720
100720
100720
100720
100720
99957
99957
99957
99957
99957
99957
99957
99957
98149
98149
82168
82168
82168
82168
82168
76884
76884
76884
76884
74516
74516
74150
74150
74150
74150
74150
74150
74150
74150
74150
74150
73901
73901
73901
73901
73901
73901
73901
73901
73901
73901
73901
73790
73790
73790
73790
73790
73790
73790
73790
73790
73790
73790
73790
73790
73790
73790
73790
73790
73790
72206
72206
72206
72206
72206
72206
72206
71737
71737
71737
70785
70785
70278
70278
70278
70278
70278
70278
70278
70278
69401
69401
69401
69260
69260
69260
69260
69260
67976
67976
67976
67976
67976
67976
67976
67976
67976
67976
67976
67438
67438
67438
67438
67438
67438
67438
67438
67438
67438
67438
67438
67438
67438
67438
67438
67438
67438
