2634
500000
333180
333180
333180
333180
333180
333180
333180
333180
333180
333180
333180
333180
333180
333180
333180
332989
332984
332984
332984
332984
332984
331506
331506
331506
331506
331506
331506
331506
331506
331506
331506
331506
331506
331506
331506
331506
331506
331506
331506
331506
331506
331208
331208
331208
331208
331208
331208
331208
331208
331208
331208
331208
331208
331208
331208
331208
331208
331208
329629
329629
329629
329629
329629
329629
329629
329629
329629
329629
329629
327864
327864
327864
327864
327864
327864
327864
327864
327864
327864
327864
327864
327864
327864
327864
326670
326670
326670
326670
326670
326670
326670
326670
324981
324981
324981
324981
324981
324981
324981
324981
324981
324981
324981
324981
324981
324981
324541
324541
324541
324541
324541
324541
324541
324541
324541
324541
322587
322587
322587
322587
322587
322587
322587
322587
322587
322587
322587
322587
322587
322587
322587
322587
322283
322283
322283
322283
322283
322283
322283
322283
322283
322283
322283
322283
322283
321891
321891
321891
321891
321891
321891
321891
321891
321891
321891
321891
321891
321891
321041
321041
321041
321041
321041
321041
321041
321041
321041
321041
321041
321041
321041
321041
321041
321041
319195
319195
319195
319195
319195
319195
319195
319195
319195
319195
319195
319195
319195
319195
319195
319195
319195
319195
318965
318965
318965
318965
318965
318965
318965
318965
318965
318965
317988
317988
317988
317988
317988
317988
317988
317988
317988
317988
317988
317988
317988
317988
317988
317988
317988
317988
317988
317988
316564
316564
316564
316564
316564
316564
316564
316564
316564
316564
316564
316564
316564
316564
316564
316564
316564
316564
316507
316507
316507
316507
316507
316507
316507
316507
316507
316507
316507
316507
313493
313493
313493
313159
313159
313159
313159
313159
313159
313159
313159
313159
313159
313159
311969
311969
311969
311969
311969
311969
311969
311969
311969
311969
311969
311969
311969
309171
309171
309171
309171
309171
309171
309171
309171
309171
309171
309171
309171
309171
309171
309171
306793
306793
306793
306793
306793
306793
306793
306793
306793
306793
306793
306793
306793
306793
306793
306793
306793
306793
306793
306793
305268
305268
305268
305268
305268
305268
305268
305268
305268
305268
303839
300913
300913
300913
300913
300913
300913
300913
300913
300913
300913
300913
300913
300913
300913
299569
299569
299569
299569
299569
299569
299569
299569
299569
299569
299569
299569
299569
299380
299380
299380
299380
299380
299380
298156
296622
296622
296622
296622
296622
296622
296622
296622
296622
296622
296622
296506
296506
296506
296506
296506
296506
296506
296506
296506
296506
296506
295436
295436
295436
295436
295436
295436
295436
295436
295436
295436
292951
292951
292951
292769
292769
292769
292769
292769
292769
292769
292769
292769
292769
292769
292769
292680
292680
292680
292680
292680
292680
292680
292680
292680
292680
292680
292680
292680
292680
292680
292680
292680
292551
292296
292296
292296
292296
292296
291294
291294
291294
291294
290356
290356
290356
290356
290356
290356
290356
290356
290356
290356
290356
290356
290356
290356
290356
290356
290356
290356
290356
290356
288397
288397
288397
288397
288397
288397
288397
288397
288397
288397
288397
288397
288397
288397
288397
288397
288397
288397
288397
287947
287947
287947
287947
287947
287947
287947
287947
287947
287947
287947
287947
287947
287947
287947
287433
287433
287433
287433
287433
287433
287433
287433
287433
287433
287433
287433
283930
283930
283930
279097
279097
279097
279097
279097
279097
279097
279097
276834
276834
276834
276834
276834
276834
276834
276834
276834
276834
276834
276834
276834
276834
276834
274639
274639
274639
274639
272523
272523
272523
272523
272523
272523
272523
272523
272523
272523
272523
272523
272523
272523
272523
272523
272523
271551
271551
271551
271551
271551
271551
271551
271551
271551
271551
271551
271551
271551
271551
271551
271551
271551
271551
271551
271551
268610
268610
268610
268610
268610
268610
268610
268610
268610
268610
268610
268610
268610
268610
268610
268610
268610
268610
268610
268610
267947
267947
267947
267947
267947
267947
267947
267347
267347
267347
267347
267347
266195
266195
266195
266195
266195
266195
266195
266195
266195
266195
266195
263996
263996
263996
263996
263996
263996
263996
260432
260432
260432
260432
260432
258288
258288
258288
258288
257707
257707
257707
257707
257707
257707
257707
257707
257208
257208
257208
257208
257208
257208
257208
257208
257208
257208
257208
257208
257208
257208
257208
257208
257208
257208
257208
257208
256151
256151
255783
255783
255783
251961
251961
251961
251961
251961
251961
251961
251961
251961
251961
251961
251961
251615
251615
251615
251615
251615
251615
251615
251615
251615
251615
251615
251615
250263
250263
250263
250263
250263
250263
250263
250263
250263
250263
250263
250263
250263
250263
250263
250263
250263
250263
250263
250263
250030
250030
250030
250030
250030
250030
250030
250030
250030
250030
250030
250030
250030
250030
250030
247897
247897
247897
247897
247897
247897
247897
247897
247897
247643
247643
247643
247043
247043
247043
247043
247043
247043
247043
247043
247043
247043
247043
247043
247043
247043
247043
247043
247043
247043
246724
246724
246724
245975
245975
245975
245975
245975
245975
245975
245975
245975
245975
245975
245975
245975
245975
245975
245280
245280
245280
245280
245280
245280
245280
245280
245280
245280
245280
245280
245280
245280
245280
245280
245280
245280
245027
245027
245027
245027
245027
245027
245027
245027
245027
245027
245027
245027
245027
245027
244080
244080
244080
244080
244080
244080
244080
244080
244080
244080
244080
244080
244080
244080
244080
242389
242389
242389
242389
242389
242389
242389
242389
242389
242389
242389
241367
241367
241367
241367
241367
241367
241367
241367
241367
241367
241367
241367
241367
241367
241367
241367
241367
241367
241367
240504
240504
240504
240504
240504
240504
240504
240504
240504
240504
240504
240504
240504
240504
240504
240504
240504
240504
239545
239545
239545
239545
239545
239545
239545
239545
239545
239545
239545
239545
239545
239545
239545
239545
239545
239545
239545
238933
238933
238933
238933
238933
238933
238933
238933
238830
238830
238830
238830
238830
238830
238830
238830
236578
236578
235839
235839
235436
235436
235436
235436
235436
235436
235436
235436
235436
235436
235436
235436
235436
235436
235436
235436
235436
235436
235436
235436
234407
234407
234407
234407
234407
234407
234407
234407
234407
234407
234407
234407
234407
234407
233869
233869
233869
233869
233869
233869
233869
233869
233869
233869
233869
233869
233869
233869
233869
233869
233869
233869
233869
233687
233687
233687
233278
233278
233278
233278
233278
233278
233278
233278
233278
231361
231361
231361
231361
231361
231361
231361
231361
231361
231361
231361
231361
231361
231361
231361
231361
231009
231009
231009
231009
230453
230453
230453
230453
230453
230453
230453
230453
230453
230453
230453
230453
230453
230453
230453
230453
230453
230453
229657
229657
229657
229657
229657
229657
229657
229657
229657
229657
229657
229657
229657
229657
229657
229657
229657
229657
228114
228114
228114
228114
228114
228114
228114
228114
228114
228114
228114
228114
228114
228114
228114
228114
228114
228114
228114
227856
227856
227856
227856
227856
227856
227856
227789
227789
227789
227789
227789
227789
226075
226075
226075
226075
226075
226075
226075
226075
226075
226075
226075
226075
226075
226075
226075
226075
225590
225590
225590
225590
225590
225590
225590
225590
225590
225590
224057
224057
224057
224057
224057
224057
223594
223594
223594
223594
223594
223594
223594
223594
223594
223594
223594
223518
223518
223518
223518
223518
223518
223518
223518
223518
223518
223518
220220
220220
220220
220107
220107
220107
220107
220107
220107
220107
220107
220107
220107
220107
220107
220107
220107
219947
219275
219275
219275
219275
219275
219275
219275
219275
219275
219275
219275
219275
219275
219275
219275
219275
218737
218737
218737
218737
218737
218737
218737
218737
218448
218448
218448
218448
218448
218448
218448
218448
218301
218301
218301
218301
218301
218301
218301
218301
218301
218272
218272
218272
218272
218272
214872
214872
214872
214872
214872
214872
214872
214872
214872
214872
214872
214872
214312
214312
214312
214312
214312
214312
214312
214312
214312
214312
214312
214312
214312
214312
214312
214312
213823
213823
213823
213823
213823
213823
213823
213823
213823
213823
213820
213820
211691
211691
211691
211691
211691
211691
210429
210429
210429
210429
210429
210429
210429
210429
210429
210429
210429
210429
209916
209916
209916
209855
209855
209855
209855
209855
208512
208512
208512
208512
207867
207867
207867
207867
207867
207867
207725
207725
207725
207725
207725
207725
207725
207725
207725
207725
207725
207688
207688
207688
207688
207688
207688
207688
207688
207688
207688
207688
207688
207688
207688
207688
207688
207688
206677
206677
206677
206677
206677
206677
206677
206677
206677
206677
206677
206677
206677
206677
206677
206677
206677
206677
206677
206397
206397
206397
206397
206397
206397
206397
206397
206397
206397
206397
206397
206397
206341
206341
206341
206341
206341
206341
206341
206341
206341
206341
206341
205801
205801
205801
205801
205801
205801
205801
205801
205801
205801
205801
205083
205083
205083
205083
205083
205083
205083
205083
205083
205083
205083
205083
205083
202352
202352
202352
202352
202352
202352
202352
202352
202352
202352
202352
201449
201449
201449
201449
201449
201449
201449
201449
199842
199842
199842
199842
199842
199842
199842
198303
198303
198303
198303
197608
197608
197608
197608
197608
197608
197608
197608
197608
197608
197608
197608
197608
197608
197608
196488
196488
196488
196488
196488
196488
196488
196488
196488
196488
196488
196488
196488
196488
196488
195109
195109
195109
195109
195109
194731
194731
194731
192730
192730
192730
192730
192730
192730
192730
192730
192730
192575
192575
192575
192575
192575
192575
192575
192575
192575
192555
192555
192555
192555
192555
192555
192555
192555
192555
192555
192555
192555
192555
192555
192555
192555
192555
192555
190861
190861
190861
190861
190861
190861
190861
190861
190861
190861
190861
190861
190861
190861
190861
190194
190194
190194
190059
190059
190059
190059
190059
190059
190059
190059
190059
188127
188127
188127
188127
188127
188101
188101
188101
188101
185690
185690
185690
185690
185690
185690
185690
184523
184523
184523
181580
181580
181580
181580
181580
181580
181580
181580
181580
181580
181580
181580
181580
181580
181580
179634
179634
179634
179634
179634
179634
179634
179634
179634
179634
179634
179634
179634
179634
179259
179259
179259
179259
179259
179259
179259
179259
179182
179182
179182
179182
177734
177734
177734
177274
177274
177274
177274
177249
177249
177249
177249
177249
177249
177249
177249
177249
177249
177249
177249
177249
177249
177249
177249
177249
177249
177249
177249
177178
177178
177178
177178
177178
177178
177178
177178
177178
177178
177178
177178
177178
177178
177178
174240
174240
174240
174240
174240
174240
174240
174240
174240
174240
174240
174240
172109
172109
172109
172109
172109
172109
172109
172109
172109
172109
172109
171156
171156
171156
171156
171156
171156
171156
171156
171156
171156
171156
171156
171156
171156
171156
171156
169449
169449
169449
169449
169449
169449
168403
168403
168403
168403
168403
168403
168403
168403
165643
165643
165643
165643
165643
165643
165643
165643
165643
165643
165421
165421
165421
165421
165421
165421
165421
165421
165421
165421
165421
165421
165421
165421
165421
165421
165421
165421
165421
165421
162718
162718
162718
162718
162718
162718
162718
161977
161977
161977
161977
161977
161977
161977
161678
161678
161678
161678
161678
161678
161678
161678
161678
161678
161678
161678
161678
161678
161678
161678
161678
161678
161678
160306
160306
160306
160306
160306
160306
160306
160306
159973
159973
159973
159120
159120
159120
153490
153490
153490
153490
153490
153490
153490
153490
149154
149154
148612
148612
148612
148612
148612
148612
148612
148612
148612
148612
148612
147802
147802
147802
147802
147802
147802
147802
147802
147802
147802
147802
147802
147802
147802
147802
147802
147802
147802
147578
147578
147578
147578
147578
147578
147578
147578
147578
147578
147578
145634
145634
145634
145634
145634
145634
145634
145634
145634
145634
145634
145091
145091
145091
145091
145091
145091
143735
143735
143735
143735
143735
143735
143735
143735
143735
143735
142208
142208
142208
142208
142208
142208
142208
142208
142208
142208
140281
140281
140281
140281
140281
140021
140021
140021
140021
140021
140021
140021
140021
139926
139926
139926
139926
139926
139926
139926
139926
138906
138906
138906
138906
138906
138906
138906
138123
137445
137445
137445
137445
137445
137445
137445
137445
137445
137445
137445
137445
137445
137183
137183
137183
137183
137183
137183
137183
137183
137183
137183
136311
136311
136311
136311
136311
136311
136311
136311
136311
136311
136311
136311
136311
136311
136311
136216
136216
136216
136216
136216
136216
136216
135710
135634
135634
135634
135634
135634
135634
135634
135634
135634
134142
134142
134142
134142
134142
134142
134142
134142
134142
134142
134142
133694
133694
133694
133694
133694
133694
133694
133694
133694
133694
133694
133694
133694
133694
133694
133694
133694
133694
133694
133694
132092
132092
132092
132092
130332
130332
130332
130332
130332
130332
130332
130332
130332
130332
130332
130332
130332
130332
130332
130332
130332
129758
129758
129758
129758
129758
129758
129758
129758
129758
129758
129758
129758
129758
129758
129371
129371
129371
129371
129371
129371
129371
129371
129371
129371
129371
127873
127873
127873
127873
127873
127873
127873
127873
127873
127873
127873
127873
127873
127873
127873
127873
127873
127873
126831
126831
126831
126831
126831
126831
126831
126831
126831
126831
126831
126831
126831
126831
126831
126831
125515
125515
125515
125515
125515
125515
125515
125515
125515
125515
125515
125515
125515
125515
125515
125515
124874
124874
124874
123688
123688
123688
123688
123688
123688
123688
123688
123688
123688
123688
123688
123629
123629
123629
123629
123629
123629
123572
123572
123572
123572
123572
123572
119503
119211
119211
119211
119211
119211
119211
119211
119211
119211
119211
119211
119211
119211
119211
119211
119211
119211
119211
119211
119211
118191
118191
115753
115753
115753
115753
115753
114213
114213
114213
114213
114213
114213
114213
113730
113730
113730
113730
113730
113730
113730
113730
113730
113730
113730
113730
113730
113730
113232
113232
113232
113232
113232
113157
113157
113157
113157
113157
113157
113157
113157
113157
113157
113157
113157
113157
113157
113157
113157
113157
112996
112996
112996
112996
112996
112996
112996
112996
109885
109885
109885
109885
109885
109885
109885
109885
109885
109885
109885
109885
109573
109573
109573
109573
109573
109573
109573
109573
109573
109573
109573
109573
109573
109573
109573
109573
109573
109573
109573
108600
108600
108600
108600
108600
108600
108600
108600
108600
108600
107623
107623
107623
107623
107623
107623
107623
107623
107623
107623
107623
107623
107623
107623
106733
106733
106733
106733
106733
106733
106733
106733
106733
106733
106733
106733
106733
106733
106733
106733
106733
106066
106066
106066
106066
106066
106066
106066
106066
106066
106066
106066
106066
106066
106066
106066
106066
106066
106066
106066
106066
105590
105590
104021
104021
104021
104021
104021
104021
102541
102541
102541
102541
102541
102541
102541
102541
102541
102541
102541
102541
102541
102541
102541
102541
102541
102541
102541
102204
102204
102204
102204
102204
102204
102204
102204
102204
102204
102204
102204
102204
102204
102204
100003
100003
100003
100003
100003
100003
100003
100003
100003
100003
100003
100003
100003
100003
100003
100003
100003
99441
99441
99441
99441
99441
99441
98514
98514
98514
98514
98514
98514
98514
98514
98514
98514
98514
98514
96585
96585
96585
96585
96585
96585
96585
96585
96585
96585
96585
96585
96342
96342
96342
96342
96342
96342
96342
96342
96342
96342
96342
96342
96342
96342
96342
96342
95065
95065
95065
95065
95065
95065
95065
95065
95065
94889
94889
94889
94889
94889
94889
94889
94889
93861
93861
93861
93861
93861
93861
93861
93861
93861
93861
93861
93861
93861
93861
93836
93836
93836
93836
93836
93836
93836
92814
92426
92426
92426
92426
92426
92426
92426
92426
92426
91889
91889
91889
91889
91889
91889
91889
91889
91131
91131
91131
91131
91131
91131
91131
91131
91131
91131
90747
90747
90747
90747
90747
90747
90747
90747
90747
90747
90747
90747
90747
90747
90747
90747
90444
90444
90444
89165
89165
89165
89165
89165
89165
89165
89165
89165
89165
89165
89165
89165
89165
89165
89165
88541
87035
87035
87035
87035
87035
87035
87035
87035
87035
87035
87035
87035
87035
87035
87035
87035
86960
86960
86960
86960
86960
86960
86960
86960
86960
86960
86960
86960
86960
86960
86960
86540
86540
86540
86540
86540
86540
86540
85992
85992
85992
85992
85992
85992
85992
85992
85992
85992
85992
85992
85992
85992
85992
85992
85992
85992
85992
85992
85236
85236
85236
85236
85236
85236
85236
85236
85236
85236
85236
85236
85236
84434
84434
84434
84434
84434
84434
84434
82766
82766
82766
82766
82766
82766
82766
82766
82766
82766
82766
82766
82766
82766
82766
82766
82766
82766
81821
81821
81050
81050
81050
81050
81050
81050
81050
81050
81050
81050
81050
81050
81050
81050
81050
81050
79100
79100
79100
79100
79100
79100
79100
79100
79100
79100
79100
79100
79100
79100
79100
79100
79100
78283
78283
78283
78283
78283
78283
78283
78283
78283
78283
78283
78162
78162
78162
78162
78162
78162
78162
78162
78162
78162
78162
78162
78162
78162
78162
78162
78162
78162
78162
78162
76776
75921
75921
75921
75730
75730
75730
75730
75730
75730
75730
75730
75730
72683
71500
71500
69659
69659
69659
69659
69659
69659
69659
69659
69659
69659
69659
69659
69659
69659
69659
69659
69659
69659
69659
69659
68778
68778
68778
68778
68778
68778
68778
68778
68778
68778
67631
67631
67631
67631
67631
67631
67631
67631
67631
67631
67631
67631
67631
67631
67631
67631
67631
67631
67631
