1372
500000
332196
332196
332196
332196
332196
332196
332196
332196
332196
332196
331770
331770
331770
331770
331770
331770
331770
331770
331770
331770
331770
331770
331744
331744
331744
331744
331744
331744
331744
331744
331744
331744
331744
331744
331744
330563
330563
330563
330563
330563
330563
330563
330563
330563
330563
330563
330563
330563
330563
330563
330563
330563
330563
330563
330017
330017
330017
330017
330017
330017
330017
330017
330017
330017
330017
329526
329526
329526
329526
329526
329526
329526
329526
329526
329526
329526
329526
329526
329526
328627
328627
328627
328627
328627
328627
328627
328627
328627
328627
328627
328627
325944
325944
325944
325944
325944
325944
325944
325944
325944
325944
325628
325628
325628
325583
325583
325583
325583
325583
325583
325583
325583
325583
325583
325583
325583
325583
325583
325583
325583
325583
325583
325583
325583
320398
320398
320398
320398
320398
320398
320398
320398
320398
320398
320398
320398
320398
320398
320398
320398
319291
319291
319291
319291
319291
319291
319291
319291
319291
314420
314420
314420
314420
314420
314420
314420
314420
314420
314420
314420
314420
314420
310423
310423
310423
310423
308378
308378
308378
308378
308378
295809
295809
295809
295809
295809
295809
295809
295809
295809
295809
295809
295809
295304
295304
295304
295304
295304
293160
292615
292615
292615
292615
292615
292615
292615
292615
292615
292615
292615
292615
292615
292615
292615
292615
292615
292615
290005
290005
290005
290005
289876
289876
289876
289876
289876
289373
289373
289373
286134
286134
286134
286134
286134
286134
286134
285977
285977
285977
285977
285977
285977
285977
285977
285977
285977
285977
285977
285977
283287
283287
283287
283287
283287
283287
283287
283287
283287
283287
283287
283287
283287
283287
283287
283287
283287
282270
282270
282270
282270
276735
276735
267939
267939
267939
267939
267939
267939
267939
267939
267939
267939
267939
267939
267939
267080
267080
267080
267080
267080
267080
267080
267080
266551
266551
266551
266551
266551
266551
265431
265431
265431
265431
265431
265431
265431
265431
265431
262236
262236
262236
262236
262236
262236
262236
262236
262236
262236
262236
262236
262236
262236
262236
262236
262236
262236
262236
262063
262063
262063
262063
262063
262063
262063
262063
262063
262063
262063
262063
261485
261485
261485
261485
261485
261485
261485
261485
261485
261485
258370
258370
258370
258370
258370
258370
258370
258370
258370
258370
258370
258370
258370
258370
258370
258370
258059
256800
256800
256800
256800
256800
256800
256800
256800
256800
256800
256800
256800
256800
256800
256800
256800
255340
255340
255340
255340
255340
255340
255340
245646
245646
245646
245646
245646
245646
245646
245646
245646
240799
240799
240799
240799
240799
240799
240799
240799
240799
240799
240799
240799
240799
240799
240799
234267
234267
234267
234267
234267
234267
234267
228555
228555
228555
228555
228555
228555
228555
228555
228555
228555
228555
228555
228555
220171
220171
220171
220171
220171
220171
220171
220171
220171
220171
220171
220171
220171
220171
220171
220171
220171
218210
218210
218210
218210
218210
218210
218210
218210
218210
218210
218210
218210
218210
218210
218210
218210
218210
218210
218210
216960
216960
216960
216960
216960
216960
216960
216960
216960
216960
216960
216960
216819
216819
216819
216819
216819
216819
216819
212017
212017
212017
212017
212017
212017
212017
212017
212017
212017
212017
212017
212017
212017
212017
212017
212017
212017
211409
211409
211409
207525
207525
207525
207525
207525
207525
207525
207525
207525
207525
207525
207525
207525
207525
207525
207525
206128
206128
205372
205372
205372
205372
205372
205218
205214
205214
205214
205214
205214
205214
205214
205214
205214
205214
205214
205214
205214
204313
204000
204000
204000
204000
204000
204000
204000
204000
204000
204000
204000
204000
204000
204000
204000
204000
194189
189479
189479
189479
189479
189479
189479
189479
189479
189479
189479
189479
189479
189479
189479
189479
189479
189479
189479
189479
189479
184553
184553
184553
184553
184553
184553
184553
184553
184553
184553
184553
184553
184553
184553
184553
184553
184553
183976
183976
183976
183976
183976
183976
183976
183976
183976
183671
183671
183671
183671
183671
183671
183671
183671
183285
183285
183285
183285
183285
183285
183285
183285
183285
183285
183285
183285
183285
183285
183285
183285
183285
183285
183285
183285
183227
183227
183227
183227
183227
183227
183227
183227
183227
183227
183227
183227
182917
182917
182917
182917
182917
182917
182917
182917
182917
182917
182917
182917
182441
182441
182441
182441
182441
178371
178371
178371
178371
178371
178371
178371
178371
178371
178371
178371
178371
178371
178371
178371
178371
178371
178371
178371
178371
177688
177688
177688
177688
177688
177688
177688
177688
177688
177688
177688
177688
177688
176437
176437
176437
176437
176437
176437
176437
176437
176437
176437
176437
176437
176437
176437
176437
176437
173740
173740
173740
173740
173740
173740
173740
173740
173740
170751
170751
170751
170751
170751
170751
170751
170751
168949
168949
168949
168949
163992
163992
163992
163992
163992
163992
163992
163992
163992
163347
163347
163347
163347
163347
163347
159833
159833
159833
159833
159833
159833
159833
159833
159833
159833
159833
159833
159833
157914
157914
157914
157914
157914
157914
157914
157914
157914
157914
157914
157914
157914
157914
157914
157914
157914
157914
157914
157181
157181
157181
157181
157181
157181
157181
155233
155233
155233
155233
155233
155233
155233
155233
155233
155233
151672
151672
151672
151672
151672
151672
151672
151672
151672
151672
151672
151672
151672
151672
151672
151672
151672
151595
151595
151595
151595
151595
151595
151595
151595
151595
151595
151595
151595
151595
150825
150825
150825
150825
150825
150825
150825
150825
150825
150825
150825
150825
150825
150825
150825
150825
150825
150825
150825
148772
148772
148772
148772
148772
148772
145245
145245
145245
145245
145245
145245
145245
145245
145245
145245
145245
145245
145245
145245
145245
145245
140857
140857
140857
140857
140857
140857
140857
140141
140141
140141
140141
140141
140141
140141
140141
140032
140032
140032
140032
140032
140032
140032
140032
140032
140032
139483
139483
139483
139483
139483
139483
139483
139483
139483
139483
139483
139483
139483
133534
133534
133534
133534
133534
133534
133534
133534
133534
133534
133534
133534
133534
133534
133494
133494
133494
133494
133494
133494
133494
133494
133494
133494
133494
133494
133494
133494
133160
133160
133160
133160
133160
133160
133160
133160
133160
133160
133160
133160
132574
132574
132574
132574
132574
132574
132574
132574
132574
132574
132574
132574
132574
128976
128976
128976
128976
128976
128976
128976
125304
125304
125304
125304
125304
125304
125304
125304
125304
125304
125304
125304
125304
125304
123512
123512
123512
123512
120860
120860
120860
120860
120860
120860
120860
120860
120860
119428
119428
119428
119428
119428
119428
119428
119428
119428
119428
119428
119428
119428
119428
119428
119428
117058
117058
117058
117058
117058
117058
117058
117058
117058
117058
117058
117058
117058
117058
117058
117058
117058
116895
115723
115723
115723
115723
115723
115391
115391
115391
115391
115391
115391
115391
115391
115391
115391
115391
115391
115391
115391
115391
115391
115391
115391
113283
113283
113283
113283
113283
113283
113283
113283
113283
113283
113283
113283
113283
112989
112989
112989
112989
112989
112989
112989
112989
112989
112989
112989
112989
112989
112989
112989
112989
112989
112989
112989
112989
110326
110326
110326
110326
110326
110326
110326
110326
110326
110326
110326
110326
110326
110326
110326
110326
110326
110326
110326
107698
107698
107698
107698
104627
104627
104627
104627
104627
104627
104627
104627
104627
104627
104627
104627
104627
104627
104627
104183
104183
104183
104183
104183
104183
104183
104183
104183
104183
104183
104183
104183
104183
104183
104183
104183
104183
104183
101728
101728
101728
101728
101728
101728
101728
101728
101728
101728
101728
101728
101728
101728
101728
101139
101139
101139
101139
101139
101139
101139
100836
100836
100836
100836
100531
100531
100531
100531
100531
100531
100531
100531
100531
100531
100531
100531
100531
100531
100531
100531
99933
99933
99933
99933
99933
99933
99933
99933
99933
99933
99933
99933
99933
99933
99933
99933
99933
99933
99933
99933
99147
99147
99147
99147
99147
99147
99147
98359
98359
98359
98359
98359
98359
98359
98359
94832
94832
94832
94832
94832
94832
94832
94832
94832
94832
94832
94832
94832
94832
94832
94832
94832
92749
92749
92749
92749
92749
92749
92208
92208
92208
88957
88957
88957
88957
88957
88957
88957
88957
88957
88957
88957
88957
88957
88957
88957
88957
88957
88957
88957
88957
87300
87300
87300
87300
87300
87300
87300
84861
84861
84861
84861
84861
84861
84861
84861
84861
84861
84861
84861
84861
82443
82443
82443
82443
82443
82443
82443
82443
82443
82443
82367
82367
82367
82367
82367
82367
82367
82367
82367
82367
82367
82367
82367
78457
78457
78457
78457
78457
78457
78457
78457
78457
78457
78457
78457
78457
78457
78457
78457
78457
78457
78457
78457
73923
73923
73923
73923
73923
73923
73923
73923
73922
73922
71365
71365
71365
71365
71365
71365
71365
71365
71365
71365
71365
71365
71365
71365
71365
71365
71191
71191
71191
71191
71191
71191
71191
71191
71191
71191
71191
69742
69742
69742
69742
69742
69742
69742
69742
69742
69742
69742
69742
69742
69742
69742
