4991
500000
332880
332880
332880
332880
332880
332880
332880
332880
332880
332880
332880
332880
332880
332880
332880
332880
332880
332880
332880
332564
332564
332564
332564
332564
332564
332564
332564
332564
332564
332564
332564
332564
332564
332564
331529
331529
330896
326868
326868
326868
326868
326868
326868
326868
326868
326868
326868
325912
325912
325912
325912
325912
325912
325911
325911
325911
325911
325911
325911
325911
325911
325911
325911
325911
325911
325911
325009
325009
325009
325009
325009
325009
325009
325009
325009
325009
325009
325009
325009
325009
324907
324907
324907
324050
324050
324050
324050
324050
324050
324043
324043
324043
324043
324043
323936
323936
323936
323936
323936
323936
323936
323936
323936
323936
323936
323936
323936
323936
323936
323936
323936
323307
323307
323307
323307
323307
323307
323307
323307
322223
322223
322223
322223
322223
322223
322223
322223
322223
322223
322223
321438
321438
321438
321438
321438
321438
321438
321438
321438
321438
321438
321438
321081
321081
321081
321081
321081
321081
321081
321081
321081
321081
321081
321081
321081
320983
320983
320983
320983
320983
320983
320983
320983
320678
320678
320678
320678
320678
320678
320678
320678
320678
320678
320333
320333
320333
320333
320333
320333
320333
320333
320333
320333
320333
320266
320266
320266
320266
320266
320266
320266
318941
318941
318941
318941
318941
318941
318941
318941
318941
318941
318941
318941
318941
318941
318941
318941
318941
318941
318363
318363
318363
318363
318363
317071
315848
315848
315848
315848
315672
315672
314915
314915
314915
314915
314915
314915
314915
314915
314915
314915
314915
314915
314915
314915
314915
314915
314185
314185
313710
313710
313710
313710
313710
313710
313710
313710
313710
313710
313710
313710
313710
313141
313141
313141
313141
313141
313141
313141
313141
313141
313141
313141
313141
313141
313141
313141
313141
313141
313141
312876
312876
312876
312876
312876
312876
312876
312876
312876
312876
312876
312876
312876
312876
311740
310761
310761
310761
310761
310761
310761
310761
310761
310448
310448
308840
308840
308840
308840
308840
308840
308840
308840
308840
308840
308840
308840
308840
308840
308840
308840
308840
308840
308840
308668
308668
308668
308668
308668
308668
308668
308668
308668
308668
308668
308668
308668
308668
308668
308668
308668
305505
305505
305505
305505
305505
305505
305505
305505
305505
305505
305505
305505
305505
305505
305320
305320
305320
305320
305320
305320
304562
304562
304562
304404
304404
303840
303840
303840
303840
303840
303840
303840
303840
303840
303840
303840
303840
303694
303694
303694
303694
303694
303694
303694
303694
303694
303694
303694
303632
303632
303632
303632
303632
303632
303632
303632
303632
303632
303632
303632
303632
303632
303531
303531
303531
303531
303531
303066
303066
303066
303066
303066
303066
303066
303066
302721
302721
302721
302721
302721
302721
302721
302721
302721
302721
302721
302721
302721
302721
302721
302721
302721
302721
302125
302125
302125
302125
302125
302125
302125
302125
302125
302125
302125
302125
302125
301425
301425
301425
301425
301425
301425
300722
300722
300722
300722
300722
300722
300722
300722
300722
300722
300722
300722
300722
300722
300722
300722
299512
299512
299512
299512
299512
299512
299512
299512
299512
299512
299512
299512
299512
299512
299512
299512
299512
299512
298982
298982
298982
298982
298982
298982
298982
298982
298982
298982
297734
297418
297418
297418
297418
297418
297418
297418
297418
297418
297418
297418
297418
297418
297418
297418
297418
297418
297418
297036
297036
297036
297036
297036
297036
297036
297036
297036
297036
297036
297036
297036
297036
297036
297036
297036
297036
295977
295977
295977
295977
295977
295977
295977
295977
295977
295977
295977
295710
295710
295710
295710
295710
295710
295710
295710
295710
295710
295710
295710
295710
295710
294979
294979
294979
294979
294979
294275
294275
293252
293252
293252
293252
293252
293252
293252
293252
293252
293252
293252
293252
293252
293252
293252
293252
292172
292172
292172
292172
292172
292172
292172
292172
292172
292172
292172
291898
291898
291898
291898
291898
291898
291898
291898
291898
291898
291898
291898
291898
291898
291898
291898
291898
291898
291898
291898
291878
291878
291878
291878
291878
291878
291878
291878
291878
291878
291878
291878
291878
291878
291878
291878
291878
290837
290837
290837
290837
290837
290837
290837
290837
290837
290837
290837
290837
290837
290837
290837
290837
290837
290837
290609
290609
290609
290609
290609
290609
290609
290609
290609
290609
290609
290609
290609
290609
290609
290609
290609
290599
290478
290478
290464
290464
290464
290464
290464
290464
290384
290384
290384
290384
290384
290384
290384
290384
290384
290384
290384
290384
290384
290384
290384
290384
290384
290384
290384
290384
290175
290175
290175
290175
290175
290175
290175
290175
290175
290175
290175
290175
290175
290175
290175
290175
289419
289419
289419
289419
289419
289419
289419
289419
289419
289419
289419
289419
289382
289382
289326
289236
289236
289236
289236
288205
288205
288205
288205
288205
288205
288205
288205
288205
288205
288205
288205
288205
288205
288205
287187
287187
287187
287187
287187
287187
287187
287187
287187
287187
287187
287187
287122
287122
287122
287122
287122
287122
287122
287122
287122
287122
287122
286844
286844
286741
286741
286741
286741
286741
286741
286741
286741
286741
286741
286741
286741
286741
286741
286741
286741
286692
286692
286692
286692
286692
286692
286692
286692
286692
286345
286345
286345
286157
286157
286157
286157
286157
286157
286157
286157
286157
285623
285623
285623
285623
285623
285623
285623
285623
285623
285623
285623
285623
285623
285623
285623
285623
285373
285373
285373
285373
285373
285373
285014
285014
285014
285014
285014
285014
285014
285014
285014
285014
285014
285014
285014
285014
285014
285014
284298
284298
284298
284298
284298
284298
284298
284298
284298
284298
284298
284298
284298
284298
282645
282645
282252
282252
282252
282252
279987
279987
279987
279983
279983
279983
279983
279983
279983
279983
279983
279983
279983
279621
279621
279621
279209
279209
279209
279209
279209
279209
279209
279209
279209
279209
279209
279209
279209
279209
279209
279209
279209
279177
279177
279177
279177
279177
279177
279177
279177
279177
279177
279177
279177
279177
279177
279177
278795
278795
278795
278795
278795
278269
278269
278269
278269
278269
278269
278269
278269
278269
278269
278269
278269
278269
278269
278269
278269
277563
277563
277563
277563
277563
277563
277563
277563
277563
277563
276993
276993
276993
276993
276993
276993
276993
276842
276842
276842
276842
276842
276842
276842
276842
276324
276324
276324
276324
276039
276039
276039
276039
276039
276039
276039
276039
276039
276039
276039
276039
276039
276039
276039
276039
275908
275908
275908
275908
275908
275908
275908
275908
275908
275908
275712
275712
275712
275712
275712
275712
275712
275712
275712
275712
275712
275712
275712
275712
275712
275712
275628
275628
275628
275628
275628
274675
274675
274675
274675
274498
274498
274498
274498
274498
274498
274498
274498
274498
274498
274498
274498
274498
274498
272929
272929
272929
272099
272099
272099
272099
272099
272099
272099
272099
272099
272099
272099
270399
270399
270399
270399
270399
270044
270044
270044
270044
270044
270044
270044
269821
269821
269821
269821
269821
269821
269821
269821
269821
269821
269821
269821
269821
269821
269550
269550
269550
269550
269550
269550
269550
269550
269550
269488
269488
269488
269488
269488
269488
269488
269488
269488
269488
269488
267833
267833
267833
267833
267833
267562
267562
267562
267562
267562
267562
267562
267562
267562
267562
267562
267562
267562
267562
267562
267562
267562
267562
267479
267479
267479
267479
267479
267479
267479
267479
267479
267479
267479
267230
267230
267230
267230
267230
267230
267230
267230
267230
267230
267230
267230
267230
267047
267047
267047
267047
267047
267047
267047
267047
267047
267047
266626
266626
266626
266626
266626
266626
266626
266626
266626
266626
266626
266626
266626
266531
266531
266531
266531
266531
266531
266531
266531
266531
266531
265166
265166
265166
265166
265166
265166
265166
265166
265166
265166
265166
265166
265166
264908
264908
264908
264908
264908
264908
264908
264908
264908
264908
264908
264908
264908
264908
264908
264908
264908
264908
264191
264191
264191
264191
264191
264191
264191
264191
264191
264191
264191
264191
264191
264191
264191
264191
264191
260543
260543
260543
260543
260543
260543
260543
260543
260543
260543
260543
260543
260543
260543
260543
260543
260427
260427
260427
260427
260427
260427
260427
260427
260427
260427
260427
260427
260427
260427
260427
260427
260427
260427
259659
259659
259659
259659
259659
259659
259659
259659
259659
259659
259659
259659
259659
259659
259659
259659
259659
259136
259136
259136
259136
259136
259136
259136
259136
259136
259136
259136
259136
259136
259136
259136
259125
259125
259125
259125
259125
259125
259125
259125
259125
258601
258601
258601
258601
258601
258601
258601
258601
258601
258601
258601
258601
258601
258601
258601
258216
258216
258216
258216
258216
258216
258216
258216
258216
258216
257528
257528
257528
257528
257528
257528
257528
257528
257514
257514
257514
257514
257514
256190
256190
256190
256190
256190
256190
256190
256190
256190
256190
256190
256190
256190
256190
256190
256190
255989
255989
255989
255989
255989
255989
255989
255989
255442
255442
255442
254718
254718
254718
254718
254718
254718
254718
254718
254718
254718
254718
254718
254364
254364
254364
254364
254364
254364
254214
254214
254214
254214
254214
254214
254214
253072
252593
252593
252593
252593
252593
252593
252593
252593
252593
252593
252593
252593
252079
252079
252079
252079
252079
252079
252079
252079
252079
252079
252079
252079
252079
252079
252079
251968
251674
251674
251674
251674
251674
251498
251498
251498
251498
251498
251498
251498
251498
251498
251498
251498
251498
250923
250923
250923
250923
250923
250923
250204
250204
250204
250204
250204
250204
250204
250204
250204
250204
249995
249995
249995
249995
249995
249995
249995
249995
249995
249995
249995
249995
249995
249995
249995
249995
249995
249995
249995
249420
249420
249420
249175
249175
249175
249175
249175
246694
246694
246694
246694
246694
246694
246694
246694
246694
246694
246694
246694
246694
246694
246694
246694
246694
246174
246174
246174
246174
246174
246174
246174
245428
245428
245428
245428
245428
245428
245428
244881
244881
244735
244735
244735
244735
244735
244735
244735
244735
244735
244735
244735
244735
244735
244735
244735
244735
244735
244735
244735
244677
244677
244677
244677
244677
244677
244677
244677
244677
244677
244677
244677
244475
244475
244475
244475
244475
244475
244475
244395
244395
244395
244395
244395
244395
244395
244395
244395
244395
244216
244216
244216
244216
244216
244216
244216
244216
244165
244165
244165
244165
244165
244165
244165
244165
244165
244165
244165
244165
244165
244165
243693
243693
243693
243693
243693
243693
243693
243389
243389
243389
243389
243389
243389
243389
243389
243389
243389
243389
243389
243389
243389
243327
243327
243327
243327
243327
243327
243327
243327
242598
242598
242598
242598
242598
242598
242598
242598
242598
242598
242598
242598
241774
241774
241774
241337
241337
241337
241337
241337
241337
241337
241337
241337
241337
240953
240953
240953
240953
240953
240953
240953
240953
240953
240953
240953
240953
240953
240953
240953
240953
240953
240953
240953
240211
240211
240211
240211
240211
240211
240211
240211
240211
240211
240211
240211
240211
240211
240211
240211
240211
240211
240211
240211
239463
239463
239463
239463
239463
239463
239463
239463
239463
239463
239463
239463
239095
239095
239095
239095
239077
239077
239077
239077
239077
239077
239077
239077
239077
239077
239077
239077
239077
239077
239077
239077
239077
239077
239077
239077
238960
238960
238960
238960
238960
238960
238960
238960
238960
238960
238960
238960
238960
238960
238960
238960
238960
238960
238960
238860
238860
238860
238860
238860
238860
238860
238860
238860
238860
238860
238860
238860
238860
238860
238860
238860
238860
238860
238860
238488
238488
238488
238488
238488
238488
238488
238488
238488
238359
238359
238359
238359
238359
238359
238359
238359
238359
238359
238287
238287
238287
238287
238287
238287
238287
238287
238287
237771
237771
237771
237771
237771
237771
237418
237418
237418
237418
237418
237418
237418
237418
237418
237418
237418
237418
237418
237418
237418
237418
237418
237418
235867
235867
235867
235867
235867
235867
235867
235867
235867
235867
235867
235867
235867
235867
235867
235867
235867
235867
235636
235636
235636
235636
235636
235636
235636
235636
235636
235636
235636
235636
235329
235329
235329
235329
235329
235329
235329
235329
235329
235329
235329
235329
235329
234798
234798
234798
234798
234798
234798
234798
234798
234798
234798
234798
234798
234798
234798
234798
234798
234798
234798
233998
233998
233998
233998
233998
233998
233998
233998
233998
233998
233998
233998
233998
233998
233486
233486
233486
233486
233486
233486
233486
233486
233486
233486
233486
233486
233486
233486
233486
233486
233396
233396
232577
232577
232577
232577
232577
232577
232577
232577
232577
232577
232577
232577
230126
230126
230126
230126
230126
230126
230126
230126
230126
230126
230126
230126
230126
230126
230126
228400
228400
227635
227635
227635
227635
227635
227635
227635
227635
227635
227635
227635
227635
227635
227635
227635
227635
227635
227457
227457
227457
227457
227457
227457
227457
227457
227457
227457
227457
227457
227457
227457
227102
227102
227048
227048
227048
227048
227048
227048
227048
227048
227048
227048
227048
227048
227048
227048
227048
227048
227048
226369
226369
226369
226369
226369
226369
224817
224817
224817
224817
224817
224817
224817
224817
224817
224817
224817
224817
224817
224774
224774
224774
224774
224774
224774
224774
224774
224774
224774
224774
224774
224644
224644
224644
224644
224644
224644
223585
223585
223585
223585
223585
223585
223585
223585
223285
223285
223285
223285
223285
223285
223285
223285
223285
223285
223285
223285
223285
223285
223285
223285
223285
223285
223285
222802
222713
222713
222713
222713
222713
222713
222713
222713
222713
222713
222713
222713
222713
222713
222713
222713
222713
222713
222413
222413
222413
222413
222413
222413
222413
222413
222413
222413
222413
222413
220674
220674
220674
220674
220674
220674
220674
220674
220674
219567
219567
219567
219567
219567
219567
219567
219567
219567
219567
219567
219567
219567
219546
219546
219546
219546
219546
219546
219546
219336
218986
218837
218837
218837
218837
218837
218837
218837
218837
218245
218245
218245
218245
218245
218245
218245
218245
218061
217736
217647
217647
217647
217647
217647
217647
217647
217647
217647
217647
217647
217647
217647
217647
217647
217647
217647
217647
217455
217455
217455
217455
217455
217455
217455
217455
217455
217455
217455
217455
217455
217455
217455
217455
217276
217276
217276
217276
217276
217276
217276
217276
217276
217276
217249
217249
217249
217249
217249
217249
217249
217249
217249
217249
217249
217249
217249
217249
217249
217249
217249
217249
217249
217249
216914
216914
216914
216914
216914
216914
216914
216914
216914
216914
216904
216904
216904
216904
216904
216904
216521
216521
216521
216521
216521
216521
216256
216256
216256
216256
216256
216256
216256
216256
216256
216256
216256
216256
216256
216256
216256
216256
216256
216256
215630
215113
215113
215113
215113
215113
215113
215113
215113
215113
215113
215113
215113
215113
215113
215113
215113
215113
215113
215113
215099
215099
215099
215099
215099
215099
215099
215099
215099
215099
215099
215099
215099
215099
215099
215099
215099
215099
215099
214608
214608
214608
214608
214608
214608
214608
214608
214608
214608
214608
214608
214253
214253
214253
214253
214253
214253
214253
213907
213907
213907
213907
213907
213907
213907
213907
213907
213907
213907
213907
213907
213907
213907
213907
213907
213907
213907
212520
212520
212520
212520
212520
212520
212520
212520
212520
212520
212520
212520
212520
212520
212520
212520
211498
211498
211498
211498
211498
211498
211498
211498
211498
211498
211498
211498
211498
211327
211327
211327
211327
210446
210446
210446
210446
210446
210446
210446
210446
210446
210446
210446
210446
210446
209142
209142
209142
209142
209142
209142
209142
209142
209142
209142
209142
209142
209142
209070
209070
209070
208940
208940
208940
208940
208940
208376
208376
208376
208108
208108
208108
208108
208108
207636
207636
207636
207636
207636
207636
207636
207636
207636
207636
207117
207117
207117
206567
206567
205748
205748
205748
205748
205748
204904
204904
204904
204904
204556
204556
204556
204556
204556
204556
204556
204556
204556
204556
204556
204556
204556
204556
204556
204556
204556
204556
204556
204556
204487
204487
204487
204487
204487
204487
204487
204487
204487
204487
204487
204487
204427
204427
204427
204427
204427
204427
204427
204427
204427
204427
204427
204427
204427
204427
204427
204427
204427
204427
202614
202614
202614
202614
202614
202614
202614
202614
202614
202614
202614
202614
202614
202589
202589
202589
202589
201812
201812
201155
201155
199494
199494
199494
199494
199494
199494
199494
199494
199494
199494
199494
199494
199494
199278
199278
199278
199278
199278
199278
199278
199278
199278
199278
199278
199278
199278
199278
199182
199182
199182
199182
199182
199182
199182
199057
198672
198672
198672
198672
198672
198672
198672
198672
198672
198672
198672
198207
198207
198207
198207
198207
198207
198207
198207
198207
198207
198207
198207
198207
198207
198207
198207
198207
198207
197386
197386
197386
197386
197016
197016
197016
197016
197016
197016
197016
197016
197016
197016
196371
196320
196320
196320
196320
196320
196320
196320
196320
196320
195700
195700
195700
195700
195700
195700
195700
195700
195700
195288
195288
195288
195288
195288
195288
195288
195288
195288
195288
195288
195288
195288
195288
195288
195288
195288
195288
194982
194982
194982
194982
194982
194982
194982
194982
194982
194982
194982
194982
194982
194982
194982
194982
194982
194982
194982
194794
194794
194794
194794
194794
194794
194794
194794
194794
194794
194794
194794
194794
194794
194794
194794
194794
194524
194524
194524
193251
193251
193251
193251
193251
193251
193251
193251
193251
193251
193251
193251
193251
193251
193251
192596
192596
192596
192363
192259
192259
192259
192259
192259
192259
192259
192259
192259
192259
192259
192157
192157
192157
192157
192157
192157
192157
192157
192157
192157
192157
192157
192157
192157
192072
192072
192072
192038
192038
192038
192038
192038
192038
192038
192038
192038
192038
192038
192038
192038
192038
192038
192038
192038
192038
192038
192038
191342
191342
191342
191342
191111
191111
191111
191111
191111
191111
190732
190732
190732
190732
190732
190732
190732
190732
190732
190732
190732
190732
190156
190156
190156
190156
190156
190156
190156
190156
190156
190156
190156
190156
190156
190156
190156
190156
190156
190156
190156
190156
189905
189905
189905
189905
189905
189905
189905
189905
189905
189905
189905
189450
189450
189450
189450
189352
189352
189352
189352
189036
189036
189036
189036
187988
187988
187988
187988
187747
187747
187177
187177
187177
187177
187177
187177
187177
187177
187177
187177
185378
185378
185330
185330
185330
185330
185330
185330
185330
185330
185330
185330
184703
184703
184703
184703
184703
184703
184703
184703
184703
184703
184703
184703
184703
184703
184703
184614
184614
184614
184614
184614
184614
184614
184614
184614
184614
184614
184614
184614
184614
184614
184614
184614
184589
184589
184589
184589
184589
184589
184589
184589
184589
184589
184589
184589
184589
183828
183828
183828
183828
183828
183828
183828
183828
183828
183828
183828
183828
183828
183828
182983
182983
182845
182845
182845
182845
182845
182845
182845
182845
182845
182845
182845
182845
182845
182708
182708
182708
182708
182708
182708
182708
182708
182708
182708
182708
182708
182708
182708
182708
182708
182708
182648
182648
182648
182648
182648
182648
182648
182648
182483
182483
182483
182483
182483
182483
182483
182483
182483
182483
182483
181985
181985
181985
181985
181985
181985
181985
181985
181985
181985
181985
181985
181985
181985
181985
180989
180989
180989
180989
180989
180989
180989
180989
180989
180989
180989
180989
180903
180903
180903
180903
180903
180903
180903
180903
180903
180903
180903
180903
180903
180903
180903
180903
180903
180903
180903
180790
180432
180432
180432
180432
180432
180432
180432
180432
180432
180432
180432
180432
180432
180432
180432
180432
180432
179826
179826
179826
179826
179826
179826
179826
179826
179826
179826
179826
179826
179826
179826
179826
179826
179826
176989
176989
176989
176989
176989
176989
176989
176989
176989
176989
176989
176989
176989
176989
176989
176989
176989
176989
176989
176791
176791
176791
176791
176791
176791
176791
176791
176791
176791
176791
176791
176334
176334
176334
176334
176334
176334
176334
176334
176334
176334
176334
176334
176334
175860
175807
175807
175807
175807
175807
175807
175807
175807
175807
175807
175807
175807
175807
175807
175807
175807
175608
175608
175608
175608
175608
175608
175608
175608
175608
175608
175608
175608
175608
175608
175055
175055
175055
175055
175055
175055
175055
175055
175055
175055
175055
175055
173674
173674
173674
173674
173674
173674
173674
173674
173674
172171
172171
171696
171696
171696
171626
171626
171626
171626
171626
171626
171626
171626
171626
171626
171626
170587
170587
169712
169712
169712
169712
169712
169712
169712
169712
169712
169712
169712
169480
169480
169480
169480
169480
169480
169480
169480
169480
169480
169480
169480
169480
169480
169480
169480
169480
169480
169480
169359
169359
169359
169359
169359
169359
169359
169359
169359
168934
168934
168934
168934
168934
168934
168934
168934
168934
168934
168934
168934
168934
168247
168247
168247
168247
168247
168247
168247
168247
168247
168247
168247
168247
168247
168247
168247
168114
167948
167948
167948
167948
167857
167857
167857
167857
167857
167857
167857
167857
167857
167857
167857
167857
167857
167857
167857
166190
166190
166190
166190
166190
166190
166190
166190
166190
166128
166128
166128
166128
166128
166128
166128
166048
165443
165443
165443
165443
165443
165443
165443
165443
164354
164354
164354
164354
164354
164331
164331
164331
164331
164326
164182
164182
164182
164182
164182
164182
164182
164182
164182
164182
164182
164182
164182
164182
163531
163531
163531
163531
163531
163531
163531
163531
163531
163531
163531
163531
163531
163531
163531
163517
163517
163517
163517
163517
163517
163517
163517
163364
163364
163364
163364
163364
163364
163364
163364
163364
162790
162790
162790
162790
162790
162790
162790
162790
162790
162790
162790
162790
162790
162790
162790
162790
162790
162790
162790
162790
162676
162676
162676
162676
162676
162676
162676
162676
162676
162676
162676
162676
162322
162322
162322
162322
162322
162322
162322
162322
162322
161872
161872
161872
161872
161872
161872
161872
161872
161872
161872
161872
161872
161187
161187
161187
161187
161187
160221
160221
160221
160221
160221
160221
160221
160221
160221
160221
160221
160185
160185
160185
160115
160115
160115
160115
160115
160115
160115
160115
160115
160115
160115
160115
160115
159839
159839
159839
159839
159839
159839
158011
158011
157574
157574
157574
157574
157574
157574
157574
157574
157574
157574
157574
157574
157574
157574
157525
157525
157525
156830
156830
156830
156830
156830
156830
156830
156830
156830
156830
156830
156830
156830
156830
156830
156830
156830
156830
156830
155319
155319
155319
155319
155319
155319
155319
155319
155319
155319
155319
155319
154895
154895
154895
154895
154895
154895
154895
154895
154895
154895
154895
154895
154895
154895
154895
154895
154895
154895
154895
154538
154538
154538
154538
154538
154538
154538
154538
154538
154538
153160
153160
153160
153160
153160
153045
153045
153045
153045
153045
153045
153045
153045
153045
153045
153045
153045
153045
152955
152955
152955
152955
152955
152955
152492
152492
152492
152492
152492
151959
151959
151959
151959
151959
151959
151959
151959
151959
151959
151959
151959
151959
151861
151861
151861
151861
151861
151861
151861
151861
151861
151861
151861
151861
151861
150862
150862
150862
150862
150862
150862
150862
150862
150862
150862
150862
150620
150620
150620
150620
150620
150620
150620
150620
150620
150620
150620
150620
150620
150620
150620
150620
150620
150620
150570
150570
150570
150570
150570
150570
150570
150570
149793
149793
149793
149793
149793
149793
149793
149793
149369
149369
149369
149369
149369
149369
149369
149369
149369
149369
149369
149369
149369
149369
149328
149246
149246
149246
149246
149246
149246
149246
148365
148365
148187
148187
148187
148187
148187
148187
148187
148187
147558
147558
147558
147558
147558
147558
147558
147558
147558
147558
147545
147545
147545
147545
147545
147545
147545
147545
147545
147545
147545
147545
147545
147545
147545
147501
147501
147501
147501
147501
147501
146490
146490
146490
146490
146490
146490
146490
146490
146368
146368
146368
146368
146368
146368
146368
146368
146368
146368
146368
146368
146368
145986
145986
145986
145986
145986
145986
145986
145986
145986
145853
145853
145853
145853
145853
145853
145853
145853
145853
145853
145853
145853
145853
145853
143817
143817
143817
143817
143817
143817
143817
143817
143817
143817
143817
143817
143817
143817
143817
143817
143817
143817
143817
143405
143405
143405
143405
143405
143405
143405
143405
143405
143405
143405
143385
143385
143385
143385
143385
143385
143385
143385
142878
142878
142878
142878
142878
142878
142878
142738
142738
142738
142738
142738
142738
142738
142738
142738
142738
142738
142738
140874
140874
140874
140874
140874
139429
139290
139290
139290
139290
139290
139290
139290
139290
139290
139290
139051
139051
139051
138657
138657
138657
138657
138657
138657
138657
138657
138657
138657
138657
138657
138657
138657
138657
138657
138657
137852
137852
137852
137852
137365
137365
137365
137365
137365
137365
137365
137365
137365
137365
137365
137215
137215
137215
137215
136114
136114
136114
136114
136114
136114
136114
136114
136114
136114
136114
136114
136114
136114
136114
136114
136114
135502
135502
135502
135502
135502
135502
135502
135502
135502
135502
135502
135502
135502
135502
135502
135502
135502
135502
134017
134017
134017
134017
134017
134017
134017
134017
134017
134017
134017
134017
134017
134017
134017
134017
134017
133548
133548
133548
133548
133548
133548
133548
133548
133548
133548
133548
133548
133548
133548
133548
133548
133468
133468
133468
133468
133468
133468
133468
133468
133468
133468
133468
133468
132516
132516
132516
132516
132516
132516
132516
132265
132265
132265
132265
132265
132265
132265
132265
132265
132265
132265
132265
132265
132265
132265
132265
132265
132265
132265
132046
132046
132046
132046
132046
132046
132046
132046
132011
132011
132011
132011
132011
132011
132011
132011
132011
132011
132011
131976
131976
131976
131976
131976
131976
131976
131976
131976
131663
131663
131663
131663
131663
131663
131663
131663
131663
131663
131663
131663
131663
131663
131663
131663
131663
131663
131663
131663
130841
130841
130841
130841
130841
130841
130841
130841
130841
130841
129714
129714
129714
129714
129714
129668
129668
129668
129668
129668
129241
129241
129241
129241
129241
129241
129241
129241
129241
129241
129241
129241
129241
128924
128924
128924
128924
128924
128924
128924
128924
128924
128924
128924
128924
128924
128924
128924
128652
128652
128652
128652
128652
128652
128652
126974
126974
126974
126974
126974
126974
126974
126974
126974
126974
126974
126388
126388
125526
125526
125526
125526
125526
125526
125526
125526
125526
125526
125526
125526
125526
125526
123294
123294
123058
123058
122802
122802
122802
122802
122802
122802
122802
122802
122802
122016
122016
122016
122016
122016
122016
122016
122016
122016
121685
121685
121685
121685
121685
121685
121537
121537
121537
121537
121537
121537
121537
121537
121537
121537
121537
121537
121537
121537
121537
121537
121537
121118
121118
121118
121118
121118
121118
121118
121118
120919
120919
120919
120919
120919
120919
120919
120919
120919
120919
120919
120919
120919
120919
120919
120919
120919
120694
120694
120694
120694
120694
120694
120694
120694
120694
120694
120592
120592
120592
120592
120592
120592
120592
120592
120592
120592
120592
120592
120592
120592
120592
120592
120592
120592
120592
120592
119913
119913
119913
119913
119913
119913
119867
119867
119867
119867
119867
119196
118549
118549
118549
118549
118549
118549
118549
118549
118549
118549
118549
118549
118549
118549
118549
118549
118549
118549
118549
117165
117165
117165
117165
117165
117165
117022
117022
117022
117022
116814
116814
116814
116814
116814
116814
116814
116814
116814
116814
116814
116814
116814
116814
116814
116814
116814
116713
116713
116713
116713
116713
116713
116713
116713
116713
116713
116078
116078
116078
116078
114560
114560
114560
114560
114560
114560
114560
114560
114560
114560
114560
114560
112536
112536
112536
112536
112536
112536
112536
112536
112536
112536
112536
112536
112536
112536
112536
112536
112536
112536
112536
112536
110331
110331
110331
110331
110331
110331
110331
110331
110331
110331
110331
110331
110331
110331
110331
109881
109400
109400
109400
109400
109400
109400
109400
109400
109400
109400
109400
109315
109315
109315
109315
109315
109315
109315
109315
109315
109315
109315
108544
108544
108544
108544
108329
108329
108329
108329
108329
108329
108329
108329
108329
108329
108329
108329
108329
108329
108193
108193
108193
108193
108193
108193
108193
108193
108193
107055
107055
107055
107055
107055
107055
107055
107055
107055
107055
107055
107055
107055
107055
107055
107055
107055
107055
106116
106116
106116
105550
105550
105550
105550
105550
105550
105550
105550
105550
105550
105550
105550
105550
105550
105550
105550
105550
105550
105550
105270
105270
105270
105270
105270
105270
105270
105270
105270
105270
104379
104379
104379
104379
104379
104379
104379
103453
103453
103453
103453
103397
103397
103397
103397
103397
103397
103397
103397
103397
103397
103397
103397
103397
103397
102117
102117
102117
102117
102117
102117
102117
102117
102117
102117
102117
102117
102117
102117
102117
101859
101859
101859
101859
101859
101859
101859
101501
101501
101501
101501
101501
101501
101501
101501
101501
100999
98902
98255
98255
98255
98255
98255
98255
98255
98255
98255
98255
98255
98255
98255
98255
98114
97202
97202
96787
96787
96787
96787
96787
96787
96787
96787
96787
96787
96787
96787
96787
96787
96787
96787
96787
96731
96731
96731
96731
96731
96731
96731
96731
96731
96731
96731
96731
96731
96731
96400
96400
96400
96400
96400
96400
96400
96400
96400
96400
96400
96400
96400
96400
96331
96331
96331
96331
96331
96331
96331
96331
96331
96331
96331
96331
96331
96331
96331
96331
96331
96331
96331
96331
95328
95328
95328
95328
95328
95328
95328
95328
95328
95328
95328
95328
95328
95328
95328
95328
95328
95328
95328
95328
94788
94788
94738
94738
94738
94738
94738
94738
94738
93422
93053
93053
93053
93053
93053
93053
93053
93053
93053
93053
93053
93053
93053
93053
93053
93053
93053
93053
92967
92967
92967
92967
92967
92967
92967
92967
92967
92967
92967
92967
92967
92967
92859
92859
92859
92859
92859
92859
92859
92859
92859
92859
92859
92859
92859
92859
92859
92859
92859
92638
92563
92563
92563
92563
92563
92563
92563
92563
92297
92297
92297
92297
92297
92297
92297
92297
92297
92297
92297
92297
92297
92297
92297
92297
92297
92297
92267
92267
92267
92267
92267
92267
92267
92267
92267
92267
91921
91921
91921
91921
91921
91921
91921
91559
91559
91559
91559
91559
91559
91559
91559
91559
91373
91373
91373
91373
91373
91373
91373
91373
91024
91024
91024
89995
89995
89995
89995
89995
89995
89604
89604
89604
89604
89604
89604
89560
89560
89560
89560
89560
89560
89560
89560
89560
89560
89560
89560
89560
89560
89560
89560
89560
89560
89212
89212
89212
89212
89212
89212
89212
89212
89212
88930
88930
88930
88930
88930
88930
88930
88930
88930
88930
88930
88930
88930
88930
88441
88308
88308
88308
88308
88308
88308
88308
88308
88308
88308
87732
87732
87732
87732
87732
87561
86978
86978
85958
85958
85958
85958
85958
85958
85958
85958
85958
85958
85958
85894
85894
85894
85894
85894
85894
85894
85894
85894
85894
85894
85894
85894
85894
85894
85894
85650
85650
85650
85650
85650
85650
85650
85650
85650
83485
83485
83485
83485
83485
83485
83485
83485
83485
83485
83485
83485
83485
83485
83485
83485
83485
83250
83250
83250
83250
83250
83250
83250
83250
83250
83250
83250
83250
83250
83250
83250
83250
82877
82877
82877
82745
82745
82396
82396
82396
82396
82396
82396
82396
82396
82396
82188
82188
82188
82188
82188
82188
82188
82188
82022
82022
82022
82022
82022
82022
82022
82022
82022
82022
82022
82022
82022
82022
82022
82022
82022
82022
80873
80873
80873
80873
80873
80873
80873
80873
80873
80873
80873
79358
79358
79358
79358
79358
79358
79358
79358
79358
79358
79358
79358
78574
78574
78574
78574
78574
76923
76923
76923
76923
76923
76275
76275
76275
76275
76275
76275
76275
76275
76275
76275
76275
76275
76275
76275
76275
76275
76275
76275
75494
75494
75494
75494
75494
75494
75494
75494
75494
75494
75494
75494
75314
74429
74429
74429
74429
74429
74429
74429
73241
73241
73241
73241
73241
73241
73241
73241
73241
73241
73241
73241
73241
73241
73241
73241
73241
73241
72944
72944
72944
72944
72944
72944
72944
72944
71286
71286
71286
71286
71286
71286
71286
71286
71242
71242
71242
71242
71242
71242
71242
71242
71242
71242
71242
71242
71242
71242
71242
71242
71242
71242
70999
70999
70999
70193
70193
70193
70193
70193
70193
70193
70193
70193
70193
70193
70193
70193
70095
69684
69684
69684
69684
69684
69499
69499
69499
69499
69499
69499
69499
69499
69499
69499
69499
69499
69426
69426
69426
69426
69426
69426
69022
69022
69022
69022
69022
69022
69022
69022
68717
68717
68717
68717
68717
68717
68717
68717
68717
68717
68717
68717
68717
68717
68717
68717
68717
68554
68554
68554
68554
68554
68554
68554
68554
68554
68554
68554
68517
68517
68517
68517
68517
68517
68517
68517
68517
68517
68517
68517
68517
68517
68517
68517
68517
68517
68517
68517
68254
68254
68254
68254
68254
68254
68254
68254
68254
68254
67935
67935
67935
67935
67935
67935
67935
67935
67935
67935
67935
67935
67935
67935
67377
67377
67377
67377
