5318
500000
332237
332237
332237
332237
332237
332237
332237
332237
332237
332127
332127
332127
332127
332127
332127
332127
332127
332127
332127
332127
332127
332127
332127
330366
330366
330366
330366
330366
330366
330366
329411
329411
329411
329411
329411
329411
329411
329411
329411
329406
329406
329406
329056
329056
329056
329056
329056
329056
329056
329056
329056
329056
329056
329056
329056
329056
329056
329056
329056
329056
329056
329056
328854
328854
328854
328854
328854
328854
328854
328854
328854
328854
328854
328062
328062
328062
328062
328062
328062
328062
328062
328062
328062
328062
328062
328062
328062
328062
328062
327712
327712
327712
327712
327712
327712
327712
327712
327712
327712
327712
327712
327712
327712
327712
327712
327712
327071
327071
327071
327071
327071
327071
327071
327071
327071
327071
327071
327071
327071
327071
327071
327071
327071
327071
327071
326742
325227
325002
325002
324546
324546
324546
324546
324546
324546
324546
324546
324546
324546
324546
324546
324546
324546
324546
324546
324546
324546
324546
323349
323349
323349
323349
323349
323349
323349
323349
323349
323349
323349
323349
323349
323349
323349
323349
323318
323318
322006
322006
322006
322006
322006
322006
322006
322006
322006
322006
322006
322006
321796
321796
321796
321796
320778
320778
320778
320778
320778
320778
320778
320778
320778
320778
319876
319876
319876
319876
319876
319876
319876
319876
319876
319876
319876
318571
318571
318571
318571
318571
318571
318571
318571
318571
318571
316949
316949
316949
316949
316468
316468
316468
316468
316468
316468
316468
315920
315854
315854
315854
315854
315854
315854
315854
315854
315854
315854
315854
315229
315229
315229
315229
315229
315229
315229
315229
315229
315229
315229
315229
315229
315229
315229
315229
315229
315229
315229
315229
315194
315194
315194
315194
315194
315194
315194
315194
315194
315194
315194
315194
315194
314135
314135
314135
314135
314135
314135
314135
314135
314135
314135
314135
314135
311893
311893
311893
311893
311893
311893
311893
311893
311893
311893
311893
311893
311893
311893
311893
311893
311256
311256
311256
311256
311256
311256
311256
310640
310640
310640
310640
310640
310640
310640
310640
310640
310640
310640
310473
310473
310473
310473
310473
310473
310473
310473
309867
309867
309867
309867
309867
309867
309867
309867
309867
309867
309867
309867
309867
309867
309867
309867
309867
309867
309867
309556
309556
309556
309556
309556
309556
309556
309556
309556
309556
309556
309556
309556
309556
309556
309556
309556
309556
308807
308807
308807
308807
308080
308080
307060
307060
307060
307060
307060
307060
307060
307060
307060
307060
307060
307060
307060
307060
307060
307060
307060
307060
307060
307060
306197
306197
306002
306002
306002
306002
306002
306002
306002
306002
306002
306002
306002
306002
306002
305443
305443
305443
305443
305443
304490
304490
304490
304490
304490
304490
304490
304490
304490
304490
304490
304490
304490
304490
304490
304490
304490
304490
304490
303916
303916
303916
303916
303916
303916
303916
303916
303916
303916
303916
303916
303901
303901
303901
303901
303901
303901
302629
302629
302629
302629
302629
302629
301120
301120
301120
301120
301120
301120
301120
301120
301120
301120
301120
301120
301120
301120
301120
301120
301120
301120
300840
300840
300840
300840
300840
300840
300840
300840
300840
300840
300840
300840
300497
300497
300497
300497
300497
300497
300497
300497
300497
300497
300497
300497
300100
300100
300100
300100
300100
300100
300100
300100
300100
300100
300066
300066
300066
300066
300066
300066
300066
300066
300066
300066
300066
300066
300066
300066
300066
300066
300066
300066
300066
300066
299646
299646
299646
299646
299646
299646
299646
299581
299581
299581
299423
299423
299423
299423
299423
299423
299423
299423
299423
299423
299423
298503
298503
298503
298503
298503
298503
298503
298503
298503
298503
298503
298503
298503
298503
298503
298503
298503
298503
298503
297776
297776
296970
296970
296970
296970
296970
296970
296970
296970
296970
296970
296970
296970
296970
296531
296531
296531
296531
296531
296531
296531
296531
296531
296531
296531
296531
296531
296531
296531
296531
296531
296531
296531
296531
296447
296447
296447
296387
296387
296387
296387
296387
296387
296387
296387
296387
296387
296387
296387
296387
296387
296387
296387
296387
296246
296246
296246
296246
296246
296246
296246
296246
296246
296246
296246
296246
296246
296246
296246
296246
296246
296246
296246
296246
295877
295877
295877
295877
295877
295877
295877
295877
295877
295877
295877
295506
295506
295506
295506
295506
295506
295506
295506
295506
295204
295204
295204
295204
295204
295204
295204
295204
295204
295204
295204
295204
295204
295204
295204
295204
295204
295204
295013
295013
295013
295013
295013
295013
295013
295013
295013
295013
295013
295013
295013
295013
295013
295013
295013
295013
295013
295013
294969
294969
294969
294969
294969
294969
294969
294969
294969
294969
294969
294969
294969
294969
294969
294806
294633
294633
294633
294633
294191
294191
294191
294191
294191
294191
294191
294191
294191
294191
294191
294191
294191
294191
294191
294191
294191
294191
294191
294191
293850
293850
293850
293850
293850
293850
293850
293850
293850
293844
293844
293844
293844
293844
293844
293844
293844
293844
293844
293844
293844
293844
293740
293740
293740
293740
293740
293740
293740
293740
293740
293740
293740
293740
293740
293740
293740
293740
293740
293740
293740
293452
293452
292060
292060
292060
292060
292060
292060
292060
292060
292060
292060
292060
292060
292060
291272
291272
291272
291272
291272
291272
290683
290683
290683
290683
290683
290683
290683
290683
290683
290368
290030
290030
290030
290030
290030
290030
290030
290030
289715
289715
289715
289715
289715
289715
288280
288280
288280
287815
287654
287654
287654
287654
287654
287654
287654
287654
287654
287654
287654
287654
287654
287654
287615
287615
287615
287615
287615
287615
287615
287615
287615
287615
287615
287615
287615
287615
287615
287615
286671
286671
286529
286529
286529
286482
286482
286482
286482
285237
285237
285237
285237
285237
285237
285237
284848
284848
284848
284848
284848
284848
284848
284848
284848
284848
284848
284848
284441
284441
284441
284441
284441
284441
284441
284441
284441
283744
283744
283744
283744
283744
283124
283124
283124
282780
282780
282780
282780
282780
282780
282780
282780
282780
282780
282780
282780
282780
282780
282780
282780
282780
282722
282722
282722
282722
282722
282722
282722
282722
282722
282722
282722
280957
280957
280957
280957
280957
280957
280957
280957
280957
280957
280957
280957
280957
280951
280951
280951
280951
280951
280951
280951
280951
280951
280951
280951
280951
280951
280951
280951
280951
280951
280951
280315
280315
280315
280315
280315
280315
280315
280315
280315
279427
279427
279427
279427
279427
279427
279427
279427
279412
279412
279412
279412
279412
279412
279412
279412
279412
279412
279412
279412
279412
279412
279412
279412
279412
279412
279412
279412
279409
279409
279409
279409
279409
279409
277798
277798
277798
277798
277798
277798
277798
277798
277798
277798
277798
277798
277798
277798
277798
277798
277798
277798
277798
277798
277670
277670
277670
277670
277670
277670
277670
277670
276610
276610
276610
276610
276610
276610
276610
276610
276610
276610
276610
276610
276610
276610
276528
276528
276528
276528
276528
276528
276003
276003
276003
275539
275539
275539
275539
275539
275539
275539
275539
275539
275539
275539
275512
275512
275512
275512
275512
275512
275512
275512
275512
275512
275512
275512
275512
275512
275512
275512
275512
275512
275512
275118
275118
275118
275118
275118
275118
275118
275118
275118
275118
275118
275118
275118
275118
275118
275118
275118
275118
274172
274172
274172
274172
274172
274172
274172
274172
274097
274097
274097
274097
274097
274097
274097
274097
274097
274097
274097
274097
274097
274097
274097
273490
273490
273490
273194
273194
273180
273180
273180
273180
273180
273180
273180
273180
273180
273180
273180
273180
273180
273180
272860
272860
272860
272860
272860
272860
272860
272860
272860
272860
272860
272860
272860
272860
272860
272860
272860
272820
272820
272820
272820
272820
272820
272820
272820
270299
270299
270299
270299
270299
270299
270299
270299
270299
270299
270299
270299
270299
270299
270299
270299
270299
270299
269147
269147
269147
269147
269147
268789
268789
268789
268789
268789
268789
268789
268789
268789
268789
268789
268789
268789
268789
268789
268789
268770
268770
268770
268770
268770
268770
268770
268770
268770
268770
268770
267963
267963
267963
267963
267963
267963
267963
267963
267963
267963
267963
267963
267963
267888
267852
267852
267852
267852
267852
267852
267852
266459
266459
266459
266459
266459
266459
266459
266459
266459
266459
266459
266459
266459
266220
266220
266220
266220
266220
266220
266220
266220
266220
266220
266220
266220
266220
266220
265572
265572
265572
265572
265572
265347
265347
265347
265347
265347
265347
265347
265347
265347
265347
265347
265347
265347
265347
265347
265347
264652
264652
264652
264652
264190
264190
264190
264190
264190
264190
264190
264190
264190
264190
264190
264190
264190
264190
263726
263726
263726
263726
263726
263726
263726
263600
263600
263600
263600
263600
263600
263600
263600
263600
262623
262623
262623
262623
262623
262623
262623
262623
262623
262623
262623
262623
262623
262623
261814
261814
261814
261814
261814
261814
261814
261814
261814
261814
261656
261656
261656
261656
261656
261656
261656
261656
261656
261656
261656
261656
261656
261656
261656
259432
259432
259432
259432
259432
259432
259432
259432
259432
259432
259432
259432
259432
259432
259432
258011
258011
258011
258011
258011
258011
258011
258011
258011
258011
258011
258011
258011
258011
257744
257744
257744
257744
257744
257744
257744
257744
257744
257744
257744
257744
257744
257744
257744
257744
256694
256694
256694
255839
255839
255839
255839
255839
255839
255839
255839
255839
255839
255839
255839
255839
255839
255839
254658
254658
254658
254658
254658
254658
254658
254658
254658
254658
254658
254658
254658
254658
254658
254658
254141
254141
254141
254141
254141
254141
254069
254069
254040
254040
254040
254040
254040
254040
254040
254040
254040
253931
253931
253931
253931
253931
253931
253931
253931
253931
252836
252836
252836
252836
252836
252836
252836
252836
252836
252836
252836
252836
252836
252836
252652
252652
252652
252652
252652
252652
252652
252652
252652
252652
252652
252205
252205
252205
251626
251626
251626
251626
251626
251626
251234
251234
251234
251234
251234
251234
251234
250947
250947
250947
250904
250904
250904
250904
250904
250904
250904
250904
250904
250904
250904
250904
250904
250889
250889
250889
250889
250889
250889
250889
250889
250889
250889
250889
250889
250889
250889
250889
250889
250889
250605
250605
250574
250574
250574
250574
250574
250574
250574
250574
250574
250574
250412
250412
250412
250412
250412
250412
250412
250412
250412
250412
250412
250412
250412
250412
250412
250412
250412
250164
250164
250164
250164
250164
250164
250164
250164
250164
250164
250164
250164
250164
250164
250164
250164
250164
249479
249479
249479
249479
249479
249479
249479
249479
249479
249479
249479
249479
249479
249479
248951
248951
248951
248951
248951
248951
248951
248951
248951
248951
248951
248951
248951
248915
248915
248915
248915
248915
248915
248915
248915
248915
248915
248915
248915
248915
248915
248915
248915
248915
248915
248915
248915
248244
248244
248244
248244
248244
248244
248244
248244
248244
248244
248164
248164
248164
248164
248164
248164
248164
248164
248164
248164
248164
248164
248164
248164
248164
248164
248164
247340
247340
247340
247340
247340
247340
247340
247340
247340
247340
247340
247340
247340
247340
247340
246589
246589
246589
246589
246589
246589
246589
246589
246589
246589
246589
246589
246589
246589
246277
246277
246277
246277
246277
246277
246277
246277
246277
246277
246277
246277
245930
245930
245930
245930
245930
245930
245930
245930
245930
245930
245930
245930
245930
245930
245930
245930
245930
245930
245930
245930
245723
245723
245723
245723
245439
245439
245246
245246
245246
245246
245246
245246
245246
245246
245246
245246
245246
245246
245246
245246
245246
245246
245246
242874
242874
242874
242874
242874
242874
242874
242874
242874
242874
242874
241602
241602
241602
241602
241602
241602
241602
241602
241602
241602
241602
241602
241602
241602
240961
240961
240961
240961
240961
240961
240961
240961
240961
240961
240961
240961
240961
240722
240722
240722
240722
239841
239841
239841
239841
239841
239841
239841
239773
239773
239773
239773
239773
239773
239773
239773
239773
239773
239773
239773
239773
239773
239426
239426
239426
239426
239426
239426
239426
239426
239426
239426
239426
239426
239381
239381
239381
239381
239381
239381
239381
239381
239381
239381
239381
237781
237781
237781
237781
237781
237781
237781
237781
237781
237781
237781
237781
237781
237781
237781
237781
237781
237781
237781
237575
237575
237575
237575
237575
237575
237575
237575
237575
237575
237575
236761
236761
236761
236761
236761
236761
236761
236761
236761
236761
236761
235732
235732
235732
235732
235732
235732
235302
235302
235302
235302
235302
234524
234524
234524
234524
234524
234524
234524
234524
234524
234524
234524
234524
231585
231585
231585
231585
231585
231585
231585
231585
231585
231585
231412
231412
231412
231412
231412
231412
231412
231412
231412
230462
230462
230462
230462
230462
230462
230462
230462
230462
230462
230462
230462
230462
230462
230462
230462
230462
230462
230462
229276
229276
229276
229276
229276
229276
229276
229276
229276
229276
229276
229276
229276
229276
228837
228773
228773
228773
228773
228773
228773
228773
228773
228773
228695
228695
228695
228695
228695
228695
228695
228695
228695
228695
228695
228695
228695
228695
228249
228249
228249
228249
228249
228249
228249
228249
228249
228249
228249
228249
228249
228249
228249
228249
228244
228244
228244
228244
228244
228244
228244
228244
228244
228244
228244
228244
228244
228244
228244
228244
228244
228244
227926
227926
227926
227926
227926
227926
227926
227926
227926
227926
227926
227474
227474
227474
227474
227474
227474
227474
227474
227474
227474
227474
227474
227474
227474
227474
227474
227474
227474
227474
227474
227230
227230
227230
227230
227230
227230
227230
227230
227230
227230
227230
227230
227230
227230
227230
226803
226803
226803
226803
226803
226803
226803
226803
226803
226803
226803
226803
226803
226803
226180
226180
226180
226180
226148
226148
226148
226148
226148
226148
226148
226148
226148
226148
226060
226060
226060
226060
226060
226060
226060
226060
226060
224549
224549
224221
224221
224221
224221
224221
224221
224221
224221
224221
224221
224221
224221
224221
224221
224221
224012
224012
224012
224012
224012
224012
224012
224012
224012
224012
224012
224012
224012
224012
224012
223304
222286
222286
222286
222286
222286
222286
222286
222286
221892
221892
221892
221892
221892
221892
221892
221892
221892
221892
221892
221892
221892
221892
221892
221892
221892
221848
221848
221848
221848
221848
221848
221848
221848
221848
221848
221848
221848
221848
221848
221848
221848
221848
221848
221848
221848
221759
221759
221759
221759
221759
221759
221759
221759
221759
221759
221759
221759
221759
221759
221759
221759
221759
221759
220948
220948
220948
220948
220948
220948
220948
220948
220948
220948
220948
220948
220948
220948
220948
220948
220948
220948
220948
219931
219931
219931
219931
219931
219931
219931
219196
219196
219196
219196
219196
219196
219196
219196
219196
219196
219196
219196
219196
219196
219196
219196
219196
219128
218764
218764
218764
218764
218764
218764
218764
218764
218764
218764
218764
218764
218764
218616
218616
218616
218616
218616
218616
218616
218616
218616
218616
218616
218616
218616
218616
218616
218616
218616
218616
218616
218023
218023
218023
218023
218023
218023
218023
218023
218023
218023
218023
218023
216787
216787
216787
216787
216787
216787
216787
216486
216486
216486
216486
216441
216441
216441
216441
216441
216441
216441
216111
216111
216111
216111
216111
216111
216111
216111
216111
216111
216111
216111
216111
216111
216111
216111
216111
216111
216044
216044
216044
215899
215899
215899
215899
215899
215899
215899
215899
215899
215899
215899
215899
215706
215706
215706
215706
215706
215706
215706
215706
215706
215706
215706
215706
215706
215706
215206
215206
215206
215206
215206
215206
215206
215206
215206
215206
215206
215206
215206
215206
215206
215206
215206
215206
215206
215206
215106
215106
215106
215106
215106
215106
215106
215106
214958
214958
214958
214958
214958
214958
214958
214958
214958
214958
214958
214958
214958
214958
214958
214958
214958
214773
214773
214773
214773
214773
214773
214773
214773
214773
214773
214773
214773
214773
214773
214773
214291
214291
214291
214291
214291
214040
214040
214040
214040
214040
213928
213928
213928
213928
213928
213928
213928
212748
212748
212748
212748
212748
212748
212748
212192
212192
212192
212192
212192
212192
212192
212192
212192
212192
212192
212192
212192
212192
212192
212192
212192
212192
211596
211596
211596
211596
211596
211596
211596
211596
211596
211596
211596
211596
210477
210477
210477
210477
210477
210477
210477
210477
210477
210477
210477
210477
210477
210477
210477
210477
210477
210477
209954
209361
209361
209361
209361
209361
209361
209361
209361
209361
209361
209361
209361
209361
209361
207334
207334
207334
207334
207334
207334
207334
207334
207334
207334
207334
207334
207287
207287
207287
207287
207287
207287
207287
207287
207287
207287
206744
206744
206744
206744
206744
206744
206744
206744
206744
206744
206744
206744
206590
206590
206590
206590
206590
206590
206590
206590
206590
206590
205864
205864
205864
205864
205864
204579
204579
204579
204579
204579
204579
204579
204579
204579
204579
204579
204579
204579
204579
204579
204579
204579
204579
204001
203929
203929
203929
203929
203929
203929
203929
203929
203929
203929
203929
203929
203929
203874
203874
203874
203874
203874
203874
203874
203874
203017
203017
203017
203017
203017
203017
203017
203017
203017
203017
203017
203017
203017
203017
203017
203017
203017
203017
203017
202689
202689
202689
202689
202689
202689
202689
202689
202689
202689
202457
202457
202457
202457
202457
202457
201888
201888
201888
201888
201888
201888
201888
201888
201888
201888
201888
201888
201888
201888
201888
201888
201888
201888
201118
201118
201118
201118
200610
200610
200610
200610
200610
200610
200610
198595
198595
198595
198595
198595
198595
198595
198595
198595
198595
198595
198595
198595
198595
198595
198595
198595
198259
198259
198259
198259
198259
198259
198259
198259
198259
198259
198259
198259
198259
198259
197972
197833
197833
197833
197833
197833
197833
197833
197833
197833
197833
197833
197420
197420
197420
197420
197420
197420
197420
197280
197280
197280
197280
197280
197280
197280
197280
197280
197280
197280
197280
197280
197280
197280
197280
196587
196587
196587
196587
196587
196587
196587
196587
196587
196587
196587
196587
196587
195230
195230
195230
195230
195230
195230
195230
195225
195023
195023
195023
195023
195023
195023
195023
195023
195023
195023
195023
195023
195023
195023
195023
195023
195023
195023
195023
194787
194787
194787
194787
194787
194787
194787
194722
194722
194722
194722
194722
194599
194599
194599
194599
194599
194599
194599
194599
194599
194599
194599
194207
193898
193898
193898
193898
193898
193898
193898
193898
193898
193898
193898
193898
193898
192479
192479
192479
192479
192479
192479
192479
192479
192479
192479
192479
192479
192479
192479
192479
192479
192479
192479
191271
191271
191271
191271
191271
191271
191271
191271
191271
191271
191271
190979
190979
190979
190979
190979
190979
190979
190979
190979
190979
190979
190979
190604
190604
190604
190604
190604
190604
190604
190604
190604
190604
190604
190604
190604
190604
190604
190604
190604
190604
190604
190604
190410
190410
190410
190410
190410
190410
190410
190410
190410
190410
190410
190410
190410
190410
190404
190404
190404
190404
190404
190404
190404
190404
190404
190404
190404
190404
190404
190404
190215
190215
190215
190215
190215
190215
190215
190215
190123
189964
189964
189964
189964
189964
189964
189964
189964
189964
189964
189964
189964
189964
189964
189964
189964
189831
189831
189831
189831
189831
189831
189831
189831
189831
189831
189831
189831
189831
189831
189831
189831
189487
189487
189487
189487
189487
189487
189487
189487
189487
189487
189487
189487
189487
189487
189487
189487
189487
189132
189055
189055
189055
189055
189055
189055
189055
189055
189055
189055
189055
189055
189055
189055
189055
189055
189055
189055
189055
188887
188887
188887
188887
188887
188887
188887
188887
188887
188887
188887
188887
188887
188887
188887
188887
188887
188887
188643
188643
188643
188643
188643
188643
188643
188643
188643
188643
188643
188643
188643
188643
188643
188643
188643
188643
188228
188228
188228
188228
188228
188228
188228
188228
188228
188228
188228
188228
188228
188228
188228
188228
188228
188228
188228
188228
187837
187837
187115
187115
187115
187115
187115
187115
187115
187115
187115
187115
187037
187037
187037
187037
187037
187037
187037
187037
187037
185403
185403
185403
185403
185403
185403
185403
185403
185403
185403
185403
185403
185403
185403
185403
185403
185403
185403
185403
185403
185261
185261
185261
185261
185261
185170
184526
183715
183715
183715
183715
183715
183715
183715
183715
183715
183715
183715
183715
183715
183715
183715
183715
183715
183715
183495
183495
183495
183495
183495
183495
183495
183495
183495
183495
183495
183279
183279
183279
183279
183279
183279
183279
183279
183279
183279
183279
181636
181636
181636
181636
181636
181636
181167
181167
181167
181167
181167
181167
181167
181167
181167
181167
181167
181167
181167
181167
181167
181167
181167
181101
181101
181101
181101
181101
181101
180626
180626
180626
180626
180626
180626
180626
180626
180626
180626
180626
180626
180626
180626
180626
179125
179117
179117
179117
179117
179117
179117
179117
178705
178705
178705
178705
178238
178238
178238
178238
178238
178238
178238
178238
178238
178238
178238
178238
178238
178238
178238
178238
178238
178238
178186
178186
178186
178186
178186
178186
178186
178186
178186
178186
178186
178186
178186
178186
178186
178186
178186
178186
177974
177974
177974
177974
177974
177974
177974
177974
177974
177974
177974
177824
177824
177824
177824
177824
177824
177824
177824
177824
177824
177824
177543
177543
177543
177543
177543
177543
177543
177543
177543
177543
177543
177543
176927
176927
176927
176927
176886
176886
176886
176886
176886
176886
176886
176886
176886
176886
176886
176886
176886
176886
176886
176886
176686
176686
175728
175728
173965
173965
173965
173965
173165
173165
173165
173165
173165
173165
173165
173165
173165
173165
173165
173165
173165
173165
173165
173165
173165
173165
173165
172602
172602
172602
172602
172602
172602
172602
172602
172602
172602
172602
172602
172602
172602
172602
172602
172602
172231
172231
172231
172231
172231
172231
172231
172231
172231
172231
172231
172231
172231
172231
172231
172231
172231
171776
171776
171776
171776
171776
171776
171776
171776
171776
171776
171776
171776
171776
171776
171776
171776
171776
171776
171776
171776
171399
171399
171399
171399
171399
171399
171399
171399
171399
171399
171399
171399
171399
171399
171399
171399
171399
170356
170356
170356
170356
170356
170356
170356
170356
170356
170356
170356
170356
170356
170356
170356
170356
170356
170356
170356
169652
169652
169652
169652
169652
169652
169652
169652
169652
169652
169652
169652
169652
169652
169648
169648
169648
169648
169648
169648
169648
169648
169648
169648
169648
169648
169648
169648
169648
169648
169648
169648
169648
169648
169491
169491
169491
169491
169491
169491
169491
169491
169491
169491
168391
168391
168391
168391
168391
168125
168125
168125
168125
168125
168125
168125
168125
168125
168125
168125
168125
168125
168125
168125
168125
168125
167927
167927
167842
167842
167842
167842
167842
167842
167842
167842
167842
166996
166996
166996
166300
166300
166300
166300
166300
166300
166300
166300
166300
166103
166103
166103
166103
165743
165743
165743
165743
165743
165743
165743
165743
165743
165743
165743
165743
165743
165743
165743
165743
165743
165409
165409
165409
165409
165409
165409
165409
165409
165409
165409
165409
165409
165409
165409
165409
165409
164671
164671
164671
164671
164671
164572
164382
164382
164382
164382
164382
164382
164382
164382
164382
164382
164382
164382
164382
164382
164332
164332
164332
164332
164332
164332
164332
164332
164332
164332
164332
164332
163664
163664
163664
163664
163664
163664
163664
163664
163664
163664
163664
163664
163664
163664
163664
163664
163664
163664
163664
163417
163417
163417
163417
163417
163417
163417
163417
163417
163417
163417
163417
163417
163417
163417
163417
162655
162655
162655
162655
162655
162655
162655
162655
162655
162655
162655
162655
162655
162655
162655
162655
162655
162655
162318
162318
162318
162318
162318
162318
162318
162318
162318
162318
162318
162318
162318
162318
162270
162270
162270
162270
162270
162270
162270
162270
162270
162270
162270
162270
162270
162270
162270
162270
162270
162270
162270
162270
161999
161999
161999
161999
161690
161690
161690
161690
161690
161690
161690
161690
161690
161690
161690
161690
161690
161690
161342
161342
161342
161342
161342
161342
161342
161342
161342
161342
161342
161342
161342
161342
161342
160572
160572
160572
160572
160572
160572
160572
160429
160429
160429
160429
160429
160429
160429
160429
160429
160429
160429
160429
160429
160429
160429
160341
160341
160341
160341
160341
160341
160341
160341
160341
160341
160341
160341
160341
160341
160341
160341
160341
160341
160341
160341
159935
159935
159935
159935
159935
159935
159935
159935
157122
157122
157122
157122
157122
157122
157122
157122
157122
157122
157122
157122
157122
157122
157122
157122
155855
155855
155855
155855
155855
155855
155855
155855
155855
155855
155855
155855
154986
154986
154986
154986
154986
154986
154986
154986
154986
154986
154986
154986
154986
154986
154986
154986
154986
154986
154986
154986
153486
153486
153486
153486
153486
153486
153486
153486
153486
153486
153486
153486
153486
153486
153486
153486
153486
153486
153081
153081
153081
153081
153081
153081
153081
153081
153081
153081
153081
153081
153081
153081
153081
153081
153081
153081
153081
152560
152560
152560
152560
152560
152560
151908
151908
151908
151908
151908
151908
151843
151843
151843
151523
151523
151523
151523
151523
151523
151523
151523
151523
151389
151389
151389
151389
151389
151389
151389
151389
151389
151389
151389
150837
150837
150837
150837
150837
150837
150837
150837
150837
150837
150837
150837
150837
150837
150837
150837
149548
149548
149548
149272
149272
149272
149272
149272
149272
149272
149272
149272
149272
149272
149272
149272
149272
149016
149016
149016
149016
149016
149016
149016
149016
148522
148522
148522
148522
148522
148522
148522
148522
148522
148522
148522
148522
148522
148522
148522
148522
148522
148522
148502
148502
148502
148502
148502
148502
148502
148502
148502
147701
147701
147701
147653
147653
147653
147653
147653
147653
147653
147653
147653
147653
147653
147653
145621
145621
145621
145621
145621
145569
145569
145569
145569
145521
145521
145521
145521
145521
145521
145521
145521
145521
145521
145521
145521
145521
145521
145521
145343
145343
145343
145343
145343
145343
145343
145343
145343
145343
145007
145007
145007
143987
143987
143987
143987
143987
143987
143987
143987
143987
143459
143061
143012
143012
143012
141933
141933
141933
141933
141933
141933
141933
141933
141933
141249
141249
141249
141249
141249
141249
141249
141249
141249
141249
141249
141249
141249
141249
141249
141249
141249
141249
141249
140877
140824
140824
140824
140824
140824
140824
140824
140824
140824
140824
140824
140824
140824
140824
140824
140454
140454
140454
140454
140454
140454
140454
140454
140355
140355
140355
140355
140355
140355
140355
140355
140355
140355
140355
140355
140355
140355
140355
140355
139558
139558
139558
139558
139558
139558
139558
139558
139558
139558
139558
139558
139558
139558
139558
139011
139011
139011
139011
139011
139011
139011
139011
138650
138650
138650
138650
138650
138650
138169
138169
138169
138169
138169
138169
138169
138169
138169
138169
138169
138169
138169
138169
137295
137295
137295
137295
137295
137193
137193
137193
137193
137193
137193
137193
135727
135727
135727
135727
135727
135727
135434
135434
135434
135434
132871
132871
132871
132871
132871
132871
132871
132871
132871
132871
132871
132871
132871
132871
132871
132871
132871
132871
132371
130123
130123
130123
129991
129991
129991
129991
129991
129991
129991
129991
129991
129991
129991
129991
129991
129991
129728
129728
129728
129728
129728
129728
129728
129728
129728
129728
129728
129728
129728
129728
129728
129728
129728
129728
129123
129123
129123
129123
129123
129123
129123
129123
129123
129123
128835
128835
128835
128835
128835
128835
128835
128835
128835
128600
128600
128600
128600
128600
128600
128600
128600
128600
128600
128600
128600
128600
128531
128531
128531
128531
128531
128531
128531
128531
128531
128531
128531
128531
128531
128531
128531
128531
128531
128531
128313
128313
128313
128159
128159
128159
128159
128159
127892
127892
127892
127892
127892
127892
127892
127892
127892
127892
127892
127892
127892
127186
127186
127186
127186
127186
127186
127186
127186
127186
127186
127186
127186
127186
127186
127186
127186
126907
126907
126907
126907
122014
121428
121428
121428
121428
121428
121428
121428
121027
120724
120724
120724
120724
120724
120724
120724
120724
120724
120724
120724
120724
120724
120724
120724
120724
120724
120724
120724
119302
119302
119302
119302
119108
119108
119108
119108
119108
119108
119108
119108
119108
119108
119108
119108
119108
119108
119108
118975
118975
118975
118975
118975
118975
118975
118975
118975
118975
118739
118435
118435
118435
118435
118435
118435
118033
118033
118033
118033
118033
118033
118033
118033
118033
118033
118033
118033
117121
117121
117121
117121
117121
117121
117121
117121
117121
117121
117121
117121
116150
115837
115837
115837
115837
115837
115837
115837
115837
115837
115837
115837
115837
115837
115837
115837
115837
115837
115733
115733
115733
114724
114724
114724
114724
114724
114724
114724
114724
114724
114724
114724
114724
114724
114724
114724
114724
114724
114724
114548
114548
114548
114548
114548
114548
114548
114548
114548
114548
114548
114548
114548
114548
114548
113449
113449
113449
113449
113449
113449
113449
113449
113449
113449
113449
113449
113449
113449
113337
113337
113234
113234
113234
113234
113234
113234
113234
113234
112523
112523
112523
112523
112523
112523
112523
112523
112523
112523
112523
112523
112523
112523
112523
112523
112523
112523
112523
112523
112257
112257
112257
112257
112257
112257
112257
112257
112257
112257
112257
112257
112257
112257
112257
112257
112257
112257
112257
112257
110374
110374
110374
110374
110374
110374
110374
110374
110374
110374
110374
110374
110374
110374
110374
110374
110374
110374
110374
110374
109358
109358
109358
109358
109358
109358
109358
109358
109358
109358
109358
109358
109358
109358
109358
109358
109358
109358
109358
109358
109019
109019
109019
109019
109019
109019
109019
109019
109019
109019
109019
108918
108918
108918
108918
108918
108918
108918
108918
108918
108918
108918
108918
108918
108918
108918
108918
108139
108139
108139
108139
108139
108139
108139
108139
108139
108139
108139
108139
108139
108139
108139
108139
108139
107801
107801
107801
107801
107801
107801
107801
107025
107025
106427
106427
106427
106427
106427
106427
106427
106427
106427
106427
106427
106427
106427
106427
106427
106427
106298
106298
106298
106298
106298
106298
106298
106298
106298
106298
106298
106298
106298
106298
106298
106298
106298
105994
105994
105994
105994
105994
105994
105994
105994
105994
105994
105994
105994
105546
105546
105546
105546
105546
105546
105546
105546
105546
105546
105546
105546
105546
105546
105546
105546
105499
105499
105499
105499
105499
105499
105499
105499
105499
105499
105499
105499
105499
105093
105093
105093
105093
105093
105093
105093
104050
104050
104050
104050
104050
104050
104050
104050
104050
104050
104050
104050
104050
103883
103883
103883
103883
103883
103883
103883
103883
103883
103883
102612
102612
101913
101913
101913
101913
101913
101913
101690
101690
101690
101690
101690
101690
101690
101690
101690
101690
101690
101690
101690
101690
101690
101690
101690
101690
101690
101690
101608
101608
101608
101608
101608
101608
101608
101608
101608
101608
101608
101608
101608
101608
101115
101115
101115
101115
101115
101115
101115
101115
101115
101115
101115
101115
100453
100453
100453
100453
100453
100453
100453
100453
100453
100453
100453
100453
100453
98482
98482
98482
98482
98482
98482
98482
98482
98482
98482
98482
98482
98428
98428
98428
98428
98428
98428
98299
98299
98299
98299
98299
98299
98299
98299
98299
98299
98299
98299
98299
97683
97123
97123
97123
97123
97123
97123
97123
97123
97123
97123
96803
96803
96803
96803
96803
96803
96803
96803
96803
96803
96803
96803
96803
96803
96803
96401
96401
96401
96401
96401
96401
96401
96401
96401
96401
96401
96401
94646
94646
94646
94646
94646
94646
94646
94646
94646
94646
94646
94646
94646
94646
94646
94646
94640
94640
94640
94640
94640
94640
94640
94640
94640
94640
94640
94640
94640
94640
94640
94640
93941
93941
93941
93941
93941
93941
93941
93941
93941
93941
93941
93941
93941
93941
93941
93941
93941
93621
93621
93621
93621
93621
93162
93162
93162
93162
93162
93048
93048
93048
92624
90853
90853
90853
90853
90853
90853
90853
90853
90853
90853
90853
90811
90811
90811
90811
90811
90811
90811
90811
90811
90460
90460
90460
90460
90460
90460
90460
90460
90460
90122
90122
90122
90122
90122
89863
89863
89863
89863
89863
89863
89863
89863
89863
89863
89863
89863
89863
89863
89863
89863
89863
89863
89161
89161
89161
89161
89161
89161
89161
89161
89161
89161
89161
89161
89161
89161
89161
89161
88150
88150
88150
88150
87631
87631
87631
87631
87631
87631
87631
87631
87631
87631
87631
87631
87631
87631
86650
86650
86650
86650
86650
86650
86522
86522
86522
86522
86522
86522
86522
86522
86498
86498
86498
86498
86498
86498
86498
86498
86498
86498
86498
86498
86498
86498
86498
86498
85901
85901
85901
85228
85228
85228
85228
85228
85228
85228
85228
85228
85228
85228
85228
85228
85228
84420
84420
84420
84420
84420
84420
84420
84420
84420
84420
84420
84420
84420
84365
84365
84365
84365
84365
84365
84365
84365
84365
84365
84365
84365
84365
84240
84240
84240
84240
84240
84240
84240
84240
84240
84240
84240
83950
83950
83950
83546
83546
83546
83546
83546
83546
83546
83546
83546
83546
83546
83546
83546
83546
83546
83546
83546
83546
83369
83369
83369
83369
83369
83369
83369
83369
83369
83369
83369
83369
83369
83369
83369
81960
81960
81960
81960
81960
81960
81960
81939
81939
81939
81939
81939
81939
81939
81939
81939
81939
81939
81939
81939
81939
81939
81898
81898
81898
81898
81898
81898
81898
81898
81898
81898
81898
81898
81898
81898
81898
81574
81574
81574
81574
81574
81574
81574
81574
81574
81574
81574
81574
81574
81574
81574
81166
81166
81166
81166
81166
81166
81166
81166
81166
81166
80864
80864
80864
80864
80864
80864
80864
80864
80864
80864
80864
80864
80864
80864
80864
80864
80864
80864
80864
80528
80528
80528
80528
80528
80528
80528
80528
80528
80528
79804
79804
79804
79804
79804
79165
79165
79165
79165
79165
79165
79165
78650
78650
78650
78650
78650
78650
78650
78650
78650
78650
78650
78650
78113
77035
77035
77035
77035
77035
77035
77035
77035
77035
77035
77035
77035
77035
77035
77035
77035
77035
77035
77035
76750
76750
76322
76322
76322
76322
76322
76322
76322
76322
76322
76322
76322
76322
76322
76322
76322
76322
76322
76322
75920
75920
75920
75920
75920
75920
75920
75920
75920
75920
75920
75920
75920
75920
75920
75920
75920
75336
75336
75336
75336
75336
75336
75336
75336
75336
75336
75270
75270
75270
75270
75270
75270
75270
75270
75270
75270
75270
75270
73937
73937
73937
73015
73015
73015
73015
73015
71962
71962
71962
71962
71962
71962
71962
71962
71962
71962
71729
71729
71615
71615
71615
71615
71615
71615
71615
71615
71615
71615
71615
71615
71574
71574
71574
71574
71574
71574
71574
70603
70603
70603
70603
70603
70603
70603
70603
70603
70603
70603
70603
70603
70356
70356
70306
70306
70306
70306
70306
70306
70306
70306
70306
70306
70048
70048
70048
69778
69778
69778
69778
69778
69778
69778
69778
69778
69658
69658
69658
69423
69423
69423
69423
69423
69423
69423
69423
69423
69044
69044
69044
69044
69044
69044
69044
69044
69044
68676
68432
68432
67793
67793
67793
67793
67793
