1346
500000
331146
331146
331146
331146
331146
331146
331146
331146
322978
322978
322978
322978
322978
322978
322978
322978
322978
322978
322978
322978
322978
322978
322978
322978
322315
322315
322315
322315
322315
322315
322315
320419
320419
320419
320419
320419
320419
320419
320419
320419
320419
320419
320419
320419
320419
320419
319233
319233
319233
319233
319233
319233
319233
319233
319233
319233
318414
318414
318414
318414
318414
318414
318414
318414
318414
318414
318414
318414
318414
318414
318414
318414
318414
316483
316483
316483
316483
316483
316483
316483
316483
316483
316483
316483
316483
316483
316483
316483
316483
316483
316483
316483
316483
316003
316003
316003
316003
316003
316003
316003
316003
316003
316003
316003
316003
316003
316003
316003
312681
312681
312681
312681
312681
312681
312681
312681
312681
312681
312681
312681
312681
312681
312681
309041
309041
309041
309041
309041
309041
309041
309041
309041
309041
308202
308202
308202
308202
308202
307874
307874
307874
307874
307874
307874
307874
307874
307874
307874
307874
307874
307874
307874
307874
307874
307874
307874
307030
307030
307030
307030
307030
307030
307030
307030
307030
307030
307030
307030
307030
307030
307030
307030
305806
305806
305806
305806
305806
305806
304833
304833
304833
304833
304833
304833
304833
304833
304833
304833
304833
304833
304833
304833
304833
302238
302238
302238
302238
302238
302238
302238
302238
302238
302238
302109
302033
302033
302033
302033
302033
302033
302033
302033
302033
302033
302033
299941
298186
296346
296346
296346
296346
296346
296346
296346
296346
296346
296346
296346
296346
294067
294067
294067
294067
292615
292615
292615
292615
292615
292615
292615
292615
292615
292615
292615
292615
292615
292615
292062
292062
292062
291228
291228
291228
291228
291228
291228
291228
291228
291228
291228
291228
291228
291228
291228
291228
289665
289665
289665
289665
289665
289665
289665
289665
289665
289665
289665
289665
289665
289665
289281
289281
289281
289281
289281
289281
289281
288127
288127
288127
288127
288127
288127
288127
288127
288127
288127
288127
288127
288127
288127
288127
287880
287880
287880
287880
287880
287880
287880
287880
287880
286830
286830
286830
286830
286830
286830
286830
286830
286830
286757
286757
286757
286757
286757
282167
282167
282167
282167
282167
282167
282167
282167
282167
281074
279476
279476
279476
279476
279476
279476
274954
274954
274954
274954
274954
274954
274954
274954
274954
274954
274954
274708
274708
274708
274708
274708
273471
273471
273471
273471
273471
273471
273471
273471
273471
273471
273471
273251
273251
273251
273251
273251
273251
273251
273251
273251
273251
273251
273251
273251
273251
273251
273251
273251
273251
272540
272540
272540
272540
272540
272540
272540
272540
272540
272540
272540
272364
272364
272364
272364
272364
271647
271647
271647
271647
271647
271647
271647
271647
271647
271647
271647
271647
271647
271647
271647
271647
271647
271647
271647
271647
269709
269709
269709
269709
269709
268374
268374
268374
268374
268374
268374
268374
268374
268374
268374
268374
268374
268374
268374
268374
268374
267185
267185
267185
267185
267185
267185
267185
267185
267185
262137
262137
262137
262137
261350
261350
261350
261350
261350
261350
261350
261350
261350
261350
261350
261350
261350
260234
260234
260234
260234
260234
260234
252442
252442
252442
252442
252442
252442
252442
252442
252442
252442
252442
252442
252442
252442
252442
252442
248892
248892
248892
248892
248892
248892
248892
248892
248892
247261
247261
247261
244402
244402
244402
244402
244402
244402
244402
244402
244402
244402
244402
244402
244402
244402
244402
244402
244402
244402
243737
243737
243737
243737
243737
243737
243737
243737
243737
243737
243737
243737
243737
243737
243737
243737
243737
243737
243737
243737
243468
243468
243468
243468
243468
243468
243468
243468
243468
243468
241914
241914
241914
241914
241914
241914
241914
241914
241914
241914
241914
241914
241914
241914
241914
241914
241914
237637
237637
237637
237637
237637
237637
237637
237637
237637
234934
230661
230661
230661
230661
230661
230661
230661
230661
230661
230661
230661
230661
230661
230661
230661
230661
230661
230411
230411
230411
230411
230411
230411
230411
230411
227924
227924
227924
227924
227924
227924
227924
227924
227924
227924
227924
227924
227177
227177
227177
223502
223502
223502
223502
223502
223502
223502
223502
223502
223502
223502
223502
223502
223502
223502
223502
217458
217458
217458
217458
217458
217458
217458
217458
217458
217458
217458
217458
217458
217458
217458
217458
217458
217036
217036
217036
217036
217036
217036
217036
217036
217036
217036
217036
217036
215397
215397
215397
215397
215397
215397
215397
215397
215397
215397
215397
215397
215397
215397
215397
215397
215397
215397
209110
209110
209110
209110
209110
209110
209110
209110
209110
208223
208223
208223
208223
208223
206517
206517
206517
205582
205582
205582
205582
205582
205582
205582
205582
205582
205582
205582
205582
205582
205582
201131
201131
201131
201131
201131
201131
201131
201131
201131
201131
201131
201131
201131
201131
201131
201131
201131
201131
201131
200379
200379
200379
200379
200379
200379
200379
200379
200379
200379
200379
200379
200379
200379
200379
200379
200379
197132
197132
197132
197132
197132
197132
197132
192258
192258
192258
192258
192258
192258
192258
192258
192258
192258
192258
192258
192258
192258
192258
192258
192258
192258
192258
192258
191254
191254
191254
191254
191016
191016
191016
191016
191016
191016
191016
191016
191016
191016
191016
191016
191016
191016
191016
191016
191016
189840
189840
189840
189840
189840
189840
189840
189840
189840
189840
189840
189840
189840
189840
189840
189840
189840
188763
188763
188763
188763
188763
188763
188763
188763
188763
188763
188763
188763
188763
188763
188763
188763
188763
188763
188763
188763
188363
188363
188363
188363
188363
188363
188363
188363
188363
188363
188363
188363
188363
188363
188363
188363
186690
186690
186690
186690
186690
186690
185326
185326
185326
185326
185326
185326
185326
185326
185326
185326
185326
185326
185326
185326
185326
185326
185326
185326
185326
178092
178092
178092
178092
178092
175874
175874
175874
175874
175366
175366
175366
175366
175366
175366
175366
175366
175366
175366
175366
175366
175366
175366
175366
175366
175366
175366
175366
175142
175142
175142
175142
175142
175142
175142
175142
175142
175142
175142
175142
175142
175142
175142
175142
175142
175142
175142
169943
169943
169943
169943
169943
169943
169943
169943
169943
169943
169943
169943
169943
169943
169943
169943
169943
169943
169943
169943
169510
169510
169510
169510
169510
169510
169510
169510
169510
169510
169510
169510
169510
169510
168048
168048
168048
168048
168048
168048
167794
167794
167794
167794
167794
167794
167794
167794
167794
167794
167794
167794
167794
160301
160301
160301
160301
160301
160301
160301
160301
160301
160301
158716
158716
158716
158716
157921
157921
157921
145109
145109
145109
145109
145109
145109
145109
145109
145109
141860
141860
141860
141860
141860
141860
135600
135600
135600
135600
135600
135600
135600
135600
135600
135600
135600
135600
135600
135600
135600
135600
135600
135600
135600
131846
131846
131846
131846
131846
131846
131846
131846
131846
131846
131846
130600
130600
130600
130600
130600
130600
130600
130600
130600
130600
130600
130600
130600
130600
130600
130600
130600
130600
123842
123842
117031
117031
117031
117031
117031
117031
117031
117031
117031
117031
117031
117031
117031
117031
116584
116584
116584
116584
116584
116584
116584
116584
116584
116584
116584
116584
116584
116584
116201
116201
116201
116201
116201
116201
115423
115423
115423
115423
115423
115423
115423
115423
115423
115423
115423
115423
115423
111470
111470
111470
111470
108464
108464
108464
108464
108464
108464
108464
108464
108464
108464
108464
108464
108464
108464
108464
108464
106452
106452
106452
106452
106452
106452
106452
106452
106452
106452
106452
106452
106452
106452
106452
106452
104884
104884
104884
104884
104884
104884
104884
104884
104884
104884
104884
104884
104884
104884
104884
104884
104884
104884
104884
101744
101744
101744
101744
101744
101744
101744
101744
101744
101744
101744
101744
101744
101744
101744
99919
99919
99919
99919
99919
99086
99086
99086
95141
95141
95141
95141
95141
95141
95141
95141
95141
95141
95141
95141
95141
95141
95141
95141
95141
95141
95141
92370
92370
92370
92087
92087
92087
92087
92087
92087
92087
92087
92087
92087
92087
92087
89369
89369
89369
89369
89369
89369
89369
89369
89369
89369
89369
89349
89349
89349
89349
89349
89349
89349
89349
89349
89349
89349
89349
89349
88949
88949
88949
88949
88949
88949
88949
88949
88949
88949
88949
88949
88949
86750
86750
86750
84862
84862
84862
84862
84862
84862
84862
84862
84862
84862
84862
84862
82617
82617
82617
82617
82617
82617
82617
82617
82617
82617
82617
82617
81840
81840
81840
81840
81840
81283
81283
81283
81283
81283
80081
80081
80081
80081
80081
80081
80081
80081
79722
77154
76483
76483
76483
76483
76483
73299
73299
73299
73299
73299
73299
73299
73299
73299
73299
73299
73299
73299
73299
73299
73299
73299
72025
72025
72025
72025
72025
72025
72025
72025
72025
72025
72025
72025
72025
72025
72025
72025
72025
72025
72025
67463
67463
67463
67463
67463
67463
67463
