1305
500000
329423
329423
329423
329423
329423
329423
329423
329423
329423
327968
327968
327968
327968
327968
327968
327093
327093
327093
327093
327093
327093
327093
327093
327093
325484
325484
325484
325484
325484
325484
325484
325484
325484
325484
325484
325484
323666
323666
323357
323357
323357
323357
323357
323357
323357
323357
323357
323357
323357
323357
323357
323357
323357
322543
322543
322543
322543
322543
322543
322543
322543
322543
322543
322543
322543
322543
322543
322543
322543
322543
322543
322543
322543
320733
320733
320733
320733
320733
320733
320733
320733
320733
319661
319661
319661
319661
319661
319661
318394
318394
318394
318394
318394
318394
318394
318394
318394
318394
318394
318394
318394
315880
315880
315880
315880
315880
315880
315880
315880
315880
315880
315880
315880
315880
315880
315880
315880
315880
315880
315880
315880
315597
315597
315597
315597
315046
315046
315046
315046
315046
315046
315046
315046
315046
315046
315046
315046
315046
315046
315046
314856
314856
314856
314856
314856
314856
314856
314856
314856
307325
307325
307325
307325
307325
307325
307325
307325
307325
307325
307325
307325
307325
307325
307325
307325
307325
307325
307325
307325
304968
304968
304968
301049
301049
301049
301049
301049
298829
298829
298829
298829
298829
298829
298829
298829
298829
298829
298829
298829
298829
298829
298829
298829
298829
298829
298829
298425
298425
298425
298425
297192
297192
297192
297192
297192
297192
296889
296889
296889
296889
296889
296889
294954
294954
294954
294954
294954
294954
294954
294954
294954
294954
294954
294954
294954
294954
293559
293559
293559
293559
293559
293559
290206
290206
290206
290206
290206
290206
290206
290206
290206
287539
287539
287539
287539
287539
287539
287539
287539
287539
287539
287539
287112
287112
287112
287112
287112
287112
286914
286914
286914
286914
286914
286914
286914
286914
286914
286914
286914
286914
286914
286392
286392
286392
286392
286392
286392
286392
286392
286392
286392
286392
286252
286252
286252
286252
286252
286252
286252
286252
286252
286252
286252
286252
286252
286252
286252
281247
281247
281247
281247
281247
281247
281247
281247
281247
278463
278463
278463
278463
278463
278463
278463
278463
278463
278463
278463
278463
278463
278463
278463
278463
278463
278463
275944
275944
275944
275944
275944
275944
275944
275944
275944
275944
275944
275944
275944
275944
275944
275011
275011
275011
275011
275011
273137
273137
273137
273137
273137
273137
273137
273137
273137
273137
273137
273137
270459
270459
270459
270459
270459
270459
270459
270459
270459
270459
270459
270459
270459
270459
270459
270459
269414
269414
269414
269414
269414
269414
269414
269414
269414
268769
268769
268769
268769
268769
268769
268769
268769
268769
268769
268769
268769
268769
268769
268769
268769
268769
268648
268648
268648
268374
268374
268374
268374
268374
268374
268374
268374
268374
266496
266496
266496
266496
266095
266095
266095
266095
266095
266095
266095
266095
266095
266095
266095
266095
266095
264271
264271
264271
264271
264271
264271
264271
264271
263549
263549
263549
263549
263549
263549
263549
263549
263549
262392
262392
262392
262392
262392
262392
262392
262392
262392
262392
262392
262392
262392
262392
262392
262392
260014
260014
260014
260014
260014
260014
260014
260014
260014
260014
260014
260014
260014
260014
260014
260014
260014
260014
257854
257854
257854
257854
257854
257854
257854
257854
257854
257854
257854
257854
257854
257854
257854
257854
257854
257854
257854
257854
256479
256479
256479
256479
256479
256479
256479
256479
256479
256479
256479
256479
256479
256479
256479
256479
255873
255873
255873
255873
255873
255873
255873
255873
255873
255873
255849
255849
255849
255849
255849
255849
255849
255849
255849
255849
255849
255849
255849
255849
255849
255849
255849
255849
250583
250583
250583
250583
250583
250583
250583
250583
250583
250583
250583
250583
250583
250583
250583
250583
250583
245694
245694
245694
244245
244245
244245
244245
244245
244245
244245
244245
244245
244245
244245
244245
244245
244245
244245
244245
244245
244245
243697
243697
243697
243697
243697
243697
243697
241939
241939
241939
241939
241939
241939
241939
241939
241939
241939
241939
241939
241939
241939
241939
241939
241652
241652
241652
241652
241652
241652
241652
241652
241652
241652
241652
241652
241652
241652
241652
241652
241652
241652
239180
239180
239180
239180
239180
239180
239180
239180
239180
239180
239180
239180
239180
239180
239180
239180
239180
239180
239180
239180
238841
238841
238841
238841
238779
238779
238779
238779
238779
238779
238779
238779
238779
238779
238779
238779
238779
238779
238779
238779
238572
238572
238572
238572
235884
235884
235884
235884
235884
235884
235884
235884
225712
225712
225712
225712
225712
225712
222672
222672
222672
222672
222672
222672
222672
222672
222672
222672
222672
222672
222672
222672
222672
222672
222672
222672
221666
221666
221666
221657
221657
221657
221657
221657
221657
221657
221657
219054
219054
219054
219054
219054
219054
219054
219054
219054
219054
219054
213512
213512
213512
213512
213512
212575
212575
212575
212575
212575
212575
212575
212575
212575
212575
212575
212575
212575
212575
212575
212575
212575
212575
212239
212239
212239
212239
212239
212239
210548
210548
209011
209011
209011
209011
209011
209011
208385
208385
208385
208385
208385
208385
208385
207555
207555
207555
207555
207555
207555
207555
202835
202835
202835
202835
202835
202835
202835
202835
202835
202835
200615
200615
200615
200615
200615
200615
200615
200615
200615
200615
200615
200615
200615
200615
200615
200615
199980
199980
199980
199980
199980
199980
199980
199980
197678
197678
197678
197678
197678
197678
197678
197678
197678
197678
197678
197678
194202
194202
194202
194202
194202
194202
194202
194202
194202
194202
194202
194202
194202
194202
194202
194202
194202
190104
190104
190104
189178
189178
189178
189178
189178
189178
189178
189178
189178
189178
189178
183754
183754
183754
183754
183754
177543
177543
177543
177543
177543
177543
177543
177543
177543
177543
177543
177543
177543
177543
177543
176517
175662
175662
175662
175662
175662
175662
175662
175662
175662
175662
175662
174992
174992
174992
174992
174992
174992
174992
174992
174992
174992
174992
174992
174992
174992
174992
174992
174992
170077
170077
170077
170077
170077
170077
170077
170077
170077
170077
170077
170077
168718
168718
168718
168718
168718
168718
168718
168718
161565
161565
161565
161565
161565
161565
161448
161448
161448
161448
161448
161448
161448
161448
161448
161448
161448
161448
161448
161448
161448
161448
161448
161448
161448
161448
158397
158397
158397
158397
158397
158397
158397
158397
158397
158397
158397
158397
158397
155463
155463
155463
155463
155463
155463
155463
155463
155463
155463
155463
155463
155463
155463
155463
155463
153898
153898
153898
153535
153535
153535
153535
153535
153535
153535
153535
153535
153535
153535
153535
153535
153535
151997
151997
151997
151997
151997
151997
151997
151997
151997
151997
151997
151997
151997
151705
150606
150606
150606
148850
148850
148850
148850
148850
148850
148850
148850
148850
148850
148850
148850
148850
148850
148850
148850
148850
148850
141387
141387
141387
141387
141387
141387
141387
141387
138161
138161
138161
138161
138161
129935
129935
129935
129935
129935
129935
129935
125098
125098
125098
125098
125098
125098
125098
125081
125081
124834
124834
124834
124834
124834
124834
124834
124834
123010
123010
123010
123010
123010
123010
123010
123010
123010
123010
123010
123010
123010
123010
123010
123010
123010
123010
121666
121666
121666
121666
121666
121666
121666
121666
121666
120712
120712
120712
120712
120712
120712
120712
120712
120712
120712
120712
120712
120712
120712
120712
120712
120712
115015
115015
109193
109064
109064
109064
109064
109064
109064
109064
109064
109064
109064
109064
109064
109064
109064
109064
109064
107537
107537
107537
107537
107537
107537
107537
105586
105586
105586
105586
105586
104778
104778
104778
103797
103797
103797
103797
103797
103797
103797
103797
103797
103797
103797
103797
103797
103797
103797
103797
103238
103238
103238
103238
103238
103238
103238
103238
103238
103238
103238
103238
103238
103238
103238
103238
103238
101182
101182
101182
101182
90499
90499
90499
90499
83652
83652
83652
83652
83652
83652
83652
83652
83652
83652
83354
83354
83354
83354
83354
83354
83354
83354
83354
83354
83354
83354
79640
79640
79640
79640
79640
79640
79640
79640
79640
79640
79640
79640
79640
79640
79640
79640
79640
79640
79216
79216
74979
74979
74979
74979
74979
74979
74979
74979
74979
74979
74979
74979
74979
74979
74979
74979
74979
74779
74779
74779
74779
74779
74779
74779
74779
74779
74779
74779
74779
74779
74779
74779
74779
74779
74779
72991
72991
72991
72991
72991
72991
72991
72991
72991
72991
72991
72991
72991
72991
72991
72991
71203
71203
71203
71203
70129
70129
70129
70129
70129
70129
70129
70129
70129
70129
70129
68159
68159
68159
68159
68159
68159
68159
68159
68159
68159
68159
68159
68159
68159
68159
68159
68159
68159
