2804
500000
333313
333313
333313
333313
333313
333313
333313
331871
331871
331871
331611
331611
331611
331611
331611
331611
331611
331611
331611
331611
331611
331611
331611
331611
331611
331611
331611
331611
331611
326631
326631
326631
326631
326631
326631
326631
326631
326631
326631
326631
326631
326631
326631
326631
326631
326631
326631
326631
326399
326399
326399
326399
326399
326399
326399
326399
326399
326399
326399
326399
326399
326399
326161
326161
326161
326161
326161
326161
326161
326161
326161
326161
323276
323276
323276
323276
323276
323276
323276
323276
323276
323276
323276
323276
323276
323276
320372
320372
320154
320154
320154
320154
320154
320154
320154
320154
320154
320154
318062
318062
318062
318062
318062
318062
318062
318062
318062
318062
318062
318062
318062
318062
318062
318062
318062
317895
317895
317895
317895
317895
317895
317895
317895
317895
317895
317895
317895
317895
317895
317895
317895
317895
317895
317895
317895
317824
317824
317824
317824
317824
317824
317824
317824
317824
317824
317824
317824
317824
317313
317313
317313
317313
316477
316477
316477
316477
316477
316477
316477
316477
316477
316477
316477
316477
316477
316477
316477
315968
315968
315968
315968
315968
315968
315968
315968
315968
315968
315968
315968
315968
315968
315968
315968
315968
315968
315968
315858
315858
315858
315858
315858
315858
315858
315858
315858
315858
315858
315858
315858
315858
315858
315858
315858
315858
315858
315858
314934
314934
314934
314934
314649
314649
314649
314649
314649
314649
314649
313350
313350
313350
313350
313350
313350
313350
313350
313350
313350
313350
313350
313350
313350
313350
313350
313350
313350
313350
312398
312398
312398
312398
312398
312150
311298
311298
311298
311298
311298
311298
311298
311298
311298
311298
311298
311298
311298
311298
311298
310014
310014
310014
310014
310014
310014
310014
310014
310014
310014
308662
308662
308662
308662
308662
308662
308662
308662
308662
308662
308662
308195
308195
308195
308195
308195
308195
308195
308195
308195
308195
308195
308195
308195
308195
308195
308195
307927
307927
307927
307927
307927
307927
307927
307927
307927
307927
307927
307927
307927
307927
304385
304385
304385
304385
304385
304385
304385
300825
300825
300825
300825
300825
300825
300825
300825
300825
300825
300825
300825
300563
300563
300563
300563
300563
300563
300563
300563
300563
300563
300563
300563
300563
300563
300563
300563
300563
300563
300563
300563
299999
299999
299999
299999
299999
299999
299999
299999
299999
299999
299983
299983
299983
299983
299983
299983
297294
297294
297294
297294
297294
297294
297294
297294
297294
297294
297294
297294
297294
296923
296774
296774
296774
296774
296774
295903
295903
295903
295903
295903
295903
295903
295903
295903
295903
295903
295903
295903
295903
295903
293521
293521
293521
293521
293521
293521
293521
293521
293521
293521
293521
293521
293521
293521
293521
291634
291634
291634
291634
291634
291634
291634
291634
291634
291634
291634
291634
291634
291634
291634
291634
291332
291332
291332
291332
291332
291332
291332
291022
291022
291022
291022
290784
290784
290784
290784
290784
290784
290784
290784
290784
290784
290784
290784
290784
289868
289868
289868
289868
289868
289868
289868
289868
289868
289868
289868
289868
289868
289079
289079
289079
289079
289079
289079
289079
289079
289079
289079
289079
289079
289079
289079
289079
289079
289079
289079
289079
289079
287768
287768
287768
287768
287768
287768
287768
287768
287768
287768
287768
287768
287768
287768
286382
286382
286382
286382
286382
286382
283909
283909
283909
283909
283909
283909
283909
283909
283499
283499
283499
283499
282012
282012
282012
282012
282012
282012
282012
281243
281243
281243
281243
281243
281243
281243
281243
281243
281243
281243
281243
281243
281243
281243
281243
281243
279906
279906
279906
279906
279906
279906
279906
279906
279906
279906
279906
278049
278049
278049
278049
278049
278049
278049
278049
278049
278049
278049
278049
278049
278049
278049
277986
277986
277986
277986
277986
277986
277986
277986
277905
277905
277905
277905
277905
277905
277905
277905
277905
277905
277905
277905
277905
277905
277905
277905
273732
273732
273732
273289
273289
273289
273289
273289
273289
273289
273289
273289
273289
273289
272983
272983
272983
272983
272983
272983
272983
272983
272983
272983
272983
272983
272983
272983
272983
272983
272983
272983
272983
272983
271805
271805
271805
271805
271805
271805
271463
271463
271463
271463
271463
271463
271463
271463
271463
271463
271463
271463
271370
271370
271370
271370
271370
271370
271370
271370
271370
271370
271007
271007
269380
269380
269380
269380
269380
269380
269380
269380
269380
269380
269380
269380
269380
269380
269380
269380
269380
269380
269184
269184
269184
269184
269184
269184
269184
269184
269184
269184
269184
269184
269184
268128
268128
268128
268128
268128
268128
268128
268128
268128
268128
268128
268128
268128
268128
268128
268128
268128
268107
268107
268107
268107
268107
268107
268107
268107
268107
268107
268107
268107
268107
268107
268107
268107
268107
267528
267528
267528
267528
267528
267528
267528
267528
267528
267528
267528
267528
267268
267268
267268
267268
267268
267268
267268
267268
267268
267268
267268
267268
267268
267268
267268
266635
266635
266635
266635
266635
266635
266635
266635
266635
266635
266635
266635
266635
266635
266635
266635
266635
264718
264718
264718
264718
264718
264718
264718
264718
264718
263605
263605
263605
263605
263605
263605
263605
263244
263244
263244
263000
263000
263000
263000
263000
263000
263000
263000
263000
263000
263000
263000
263000
263000
263000
263000
263000
263000
262288
262288
262288
262288
262288
262288
262288
262288
262288
262288
262288
262288
262288
262288
262288
262288
262288
262288
262288
262288
261298
261298
261298
261298
260031
260031
260031
260031
260031
260031
260031
260031
259766
259766
259766
259766
259766
259766
259766
259766
259766
259766
259766
258182
258182
258182
258182
258182
258182
258182
258182
258182
258182
258182
258182
258182
258182
258182
258182
258182
258146
258146
258146
258146
258146
257914
257914
257914
257914
257914
257914
257914
257914
257914
257914
257914
257140
257140
257140
257140
257140
256881
256881
256881
256881
256881
256881
256881
256881
256881
256881
256881
256881
256881
256881
256881
254326
254326
254326
254326
254326
254326
253869
253869
253869
253869
253869
253869
253869
253869
253869
253869
253869
253869
253869
253869
253869
253869
253869
253555
253555
253555
253555
253555
253555
253555
253555
253555
253555
253555
253555
253555
253555
253555
253555
253555
253555
253459
253459
253459
252913
252913
252913
252913
252913
252913
252913
252913
252913
252913
252913
252913
252913
252913
252913
252913
252913
251758
251758
251758
251596
251596
251596
251596
251596
251596
251596
251596
251596
251596
251596
251596
251596
251596
251596
251596
251596
251548
251548
251548
251548
251548
251548
251548
251548
251548
251548
250672
250672
250609
250609
250609
250609
250609
250609
250609
250609
250609
250068
250068
250068
250068
250068
250068
250068
250068
250068
250068
248053
248053
248053
248053
248053
248053
248053
248053
248053
248053
248053
248053
248053
247685
247685
247685
247685
247685
247685
247685
247685
247685
246079
246079
246079
246079
246079
245680
245680
245680
245680
245680
245680
245680
245680
245680
245680
245680
245680
245680
245680
245680
245680
245680
245680
244864
244864
244864
244864
244864
244864
244864
244864
244864
244864
244864
244864
244864
244864
244864
244864
244864
244864
242222
242222
242222
242222
242222
242222
242222
242222
242222
242222
242222
242222
242222
242222
242222
241704
239493
239493
239493
239493
239493
239493
239493
239493
239493
239493
239493
239493
239493
239044
239044
238593
238593
238593
238593
238593
238593
238593
238593
238593
238593
238593
238593
238593
238593
238593
238593
238203
238203
238203
238203
238203
238203
238203
238203
238203
238203
238203
238203
238203
238203
238203
238203
238203
238203
238203
238203
238117
238117
238117
238117
238117
237403
236515
236515
236515
236515
236515
236515
236515
236515
236515
236515
236515
236515
236515
236515
236515
236515
236515
236515
236515
236274
236274
236274
236274
236274
236274
236274
236274
236274
235351
235351
235351
235351
235351
235351
235351
235351
235351
235351
235351
235351
235351
235351
235351
235351
235351
235351
235351
234999
234999
234999
234999
234999
233485
233485
233485
233485
233485
233485
233485
233485
233485
233485
233485
233485
233485
233485
233485
233485
233485
233485
233485
232796
232796
232796
232796
232796
232796
232796
232796
232796
232796
230865
230865
230865
230865
230865
230865
230865
229225
229225
229225
228358
228358
228358
228358
228358
228336
228336
228336
228336
228336
228336
228336
228336
228336
228184
228184
228184
228184
227816
227816
227816
227816
227816
227242
227242
227242
227242
227242
227242
227242
227242
227242
227242
227242
227242
227242
226096
226096
226096
223679
223679
223679
223679
223679
223679
223679
223679
223679
223679
223679
223679
223679
223679
223679
223679
223679
223679
223679
223679
223506
223506
223506
223506
223506
223506
223506
223506
223506
223506
223506
223506
223492
223492
223492
223492
223492
223492
223492
223492
223492
223492
223492
223492
223492
223492
223492
223492
223492
221451
221451
221451
221451
221451
221451
221451
221451
221451
221451
221451
221451
221266
221266
221266
221266
221266
221266
221266
221266
221266
221266
221266
221266
221266
220090
220090
220090
220090
220090
220090
220090
220090
220090
220090
220090
220090
220090
215064
215064
215064
215064
215064
214450
214450
214450
214450
214450
214450
214450
214450
214450
214450
214450
214450
214450
214450
214450
214447
214447
214447
214447
214447
214447
214447
214447
214447
214447
214447
214447
214447
214447
214040
214040
214040
214040
214040
214040
214040
214040
214040
214040
214040
214040
214040
214040
214040
214040
214040
212922
212922
212922
212922
212922
212922
212922
212922
212922
211668
211668
211668
211668
211668
211668
211668
211668
211668
211668
211668
211668
211668
211668
211668
211668
211668
210518
210518
210518
210518
210518
210518
210518
210518
210518
210518
210518
210518
210518
210279
210279
210279
210279
210279
210279
210279
209896
209896
209896
209896
209896
209896
209896
209896
209896
209896
209896
209896
209896
209896
209896
209896
209896
209896
207188
207188
207188
207188
207188
207188
207188
207188
207188
207188
207188
207188
207174
207174
207174
207161
207161
207161
207161
207161
207161
207161
207161
207161
207161
207161
207161
207161
207161
207161
207161
207161
207161
207161
207161
206590
206590
206590
206590
206590
206590
206590
206590
206590
206590
206590
206590
206590
206590
206590
205928
205928
205928
205928
205928
205928
205928
205848
205848
205848
205848
205848
205848
205848
205848
205848
205848
205848
205848
205848
205848
205848
205848
205440
205440
205440
205440
205440
205440
205440
205440
202876
202876
202876
202282
202282
202282
202282
202282
202282
202282
202282
202282
202282
202282
202282
202282
202282
202282
202282
202282
202282
202282
202282
201603
201603
201603
201603
201488
201488
201488
201488
201488
201488
201488
201488
201488
201488
201488
201488
201488
201488
201488
201488
201488
201488
199940
199940
199940
199940
199940
199940
199940
199940
199940
199940
199940
199940
199940
199940
199940
199940
199940
199940
199515
199515
199515
199515
199064
199064
199064
199064
199064
199064
199064
199064
199064
199064
198075
198075
198075
195255
195255
195255
195255
195255
195255
195255
195255
195255
195255
195255
195255
195255
195255
195255
195255
195255
194845
194845
193991
193991
193991
193991
193991
193991
193991
193991
193991
193991
193991
193991
193991
193991
193991
193991
193991
193991
193991
193678
193678
193678
193678
193678
193678
193678
193678
193678
193678
193678
193678
193678
193678
193678
193678
193678
193372
193372
193372
193372
193372
193372
193372
193372
193372
193372
193372
193372
192695
192460
192460
192460
192460
192460
192460
192460
192460
192460
192460
192460
192460
192460
191788
191788
191788
190671
190671
190671
190671
190671
190671
190671
190671
190671
190671
190671
190671
190671
190671
190671
190671
190671
190671
190671
190671
190498
190498
190498
190498
190498
190498
190498
190498
190498
190498
190430
190430
190430
190430
190430
190430
190430
190430
190430
190430
190430
190430
190430
190430
190430
190430
184893
184893
184439
184439
184439
184439
184439
184439
184439
184439
184439
184439
184439
184439
184439
184439
184439
183336
183336
180637
180196
180196
180196
180196
180196
180196
180196
180196
180196
180196
180196
180196
179528
179528
179528
179528
179528
179528
179528
179528
179528
179528
179528
179528
179528
179528
179528
179528
179528
179528
178484
178484
178484
178484
178484
178484
178484
178484
178484
178484
178484
178484
178484
178484
176146
175021
175021
175021
175021
175021
175021
175021
175021
175021
175021
175021
175021
175021
175021
175021
175021
175021
175021
173822
173822
173822
173822
173822
173822
173822
173822
173822
173822
173822
173822
173822
173822
173822
173822
173655
173655
172720
172720
172720
172720
172720
172720
172720
172720
172720
172720
172720
172720
172720
172720
172720
172720
172720
172720
172184
172184
172184
172184
172184
172184
172184
172184
172184
172184
172184
170813
170813
170813
170813
170813
170813
170813
170813
170813
170813
170813
170813
170813
170813
170813
161205
159718
159718
159718
159718
159718
159718
159718
159718
159718
159718
159718
159718
159718
159718
159718
159718
159718
159718
159718
159718
156956
156956
156956
156956
156956
156956
156956
156956
156956
156956
156956
156956
156956
156956
156956
156956
156956
156956
156956
156956
156917
156917
156917
156917
156917
156917
156917
156917
156917
156917
156917
156917
156415
156415
156415
156415
156415
156415
156415
156415
156415
156415
156415
156415
156415
156415
156240
156240
156240
156240
156240
156240
156240
156240
156240
156240
156240
156240
155420
155420
155420
155248
155248
155248
155248
155248
155248
155248
155248
155248
155248
155248
155248
155248
155248
155248
155248
155248
155248
155248
155248
153826
153826
153826
153826
153826
153826
153826
153826
153826
153826
153826
153826
153826
153826
153269
153269
153269
153269
153269
153269
150971
148725
148725
148725
148725
148725
148725
148725
148725
148725
148725
148725
148725
148725
148725
146092
146092
146092
146092
146092
146092
146092
146092
146092
146092
144917
144917
144917
144917
144073
144073
144073
144073
144073
144073
144073
144073
144073
144073
144073
144073
143608
143608
143608
143608
143608
143608
143608
143608
143608
143608
143279
143279
143279
143279
143279
143279
143279
143279
143279
143279
143279
143279
143279
143279
143279
143169
143169
143169
143169
143169
143169
143169
143169
143169
143169
143169
143169
143169
143169
143169
143169
143169
143169
143169
141685
141685
141685
141685
141685
140987
140987
140987
140987
140987
140987
140987
140987
140987
140987
140987
140987
140987
140987
140987
140987
140987
140987
140987
140987
140488
140488
140488
140488
140488
140488
140488
138721
138721
138721
138721
138721
138721
138721
138721
138721
138721
138721
138721
138721
138721
138721
138721
138721
138721
137407
137407
137407
137407
137407
137407
137407
137407
137407
137407
137407
134653
134653
134653
134653
134653
134653
134653
133344
133344
133344
133344
133344
131638
131638
131638
131638
131638
131638
131638
131638
131638
131638
131638
130420
130420
130420
130420
130420
130420
130420
130420
130420
130420
129652
129652
129652
129652
129652
129652
129652
129652
129652
129652
129652
129652
129652
129652
129652
129652
129652
129329
129329
129329
129329
129329
129329
129329
129329
129329
129329
129329
129329
129329
129329
129329
128697
128697
128697
127133
127133
127133
127133
127133
127133
127133
127133
127133
127133
127133
127133
127133
127133
127133
127133
127133
127133
127133
125783
125783
125783
125783
125783
125783
125783
125783
125337
125337
125337
125337
125337
125337
125337
125337
125337
125337
125337
125337
125337
125337
125337
125337
124275
124275
124275
124275
124275
124275
124275
124275
124275
124275
123304
123304
123304
123304
123304
123304
123304
123304
123304
123304
123304
123304
123304
123304
123304
123304
123304
123304
123304
119413
119413
119413
119413
119413
119413
119413
119413
119413
119413
119413
119413
119413
119413
119413
119413
119413
119413
119413
118009
118009
118009
118009
118009
118009
118009
118009
118009
118009
118009
118009
118009
118009
118009
117178
117178
117178
117178
117178
117178
117178
117178
117178
117178
117178
117178
117178
117178
117178
117178
117178
117178
116874
116874
116874
116874
116874
116874
116874
116874
116874
116874
116874
116874
116874
116874
116874
116874
116874
116874
116874
115911
115911
115405
115405
115405
115405
115405
115405
115405
115405
115405
113982
113982
113982
113982
113982
113982
113982
113982
113982
113982
113982
113982
113982
113982
113982
113982
113982
113982
111586
111586
111586
111586
111586
111586
111586
111586
111586
111586
111586
111586
111586
111586
111586
111586
111319
111319
111319
111319
111319
111319
111319
111319
111319
111319
111319
111319
111319
111319
111319
111319
111319
111319
111319
111319
108523
108393
108393
108393
108393
108393
108393
108393
108393
108393
108393
108393
108393
108393
108393
108393
108393
108393
108393
108393
107304
107304
107304
107304
107304
107304
107304
107304
107304
107304
107304
107304
104728
104437
104437
104437
103354
103354
103354
103354
103354
103354
103354
102399
102399
102399
102399
102399
102399
102399
102399
102399
102399
102399
102399
102399
102399
102399
102399
102399
102399
102399
102399
101986
101986
101986
101986
101986
101986
101986
100734
99959
99959
99959
99959
99959
99959
99959
99959
99959
99959
99959
99959
99959
99421
99421
99421
99421
99421
99421
99421
99421
99160
99160
99160
99160
99160
99160
99160
99160
99160
99160
99160
99160
99160
99160
99160
99160
99160
99160
99160
98152
97046
97046
97046
97046
97046
97046
97046
97046
97046
97046
97046
97046
97046
97046
97046
96652
93891
93891
93891
93891
93891
93891
93891
93891
93891
93607
93607
93607
93607
93607
93607
93607
93607
93607
93607
93607
93607
93607
93607
93607
93607
93607
91137
91137
91137
91137
91137
89308
89308
89308
89308
89308
89308
89308
89308
89308
88409
88409
87181
87181
87181
87181
87181
87181
87181
87181
86072
86072
86072
86072
86072
86072
86072
86072
84874
84874
84874
76598
76598
74121
74121
74121
74121
74121
74121
74121
74121
74121
74121
74121
74121
74121
74121
71588
71588
71588
71588
71588
71588
71588
71588
71588
71588
71588
71588
71588
71588
71588
71588
71588
71588
71588
70342
70342
70342
70342
70342
70342
70342
70342
70342
70342
70342
70342
70342
70304
70304
70304
70304
70304
70304
70304
70304
70304
70304
70304
70304
70304
70304
70304
70304
70304
70304
70304
68810
68810
68810
68810
68810
68810
68810
68810
68810
68810
68810
68810
68810
68810
68810
68810
68340
68340
68340
68340
68340
68340
68340
68340
68340
68340
68340
68340
68340
68340
68161
68161
68161
68161
68161
68161
68161
68161
68161
68161
68161
68161
68161
68161
68161
68161
68161
68161
67894
67894
67894
67894
67894
67894
67894
67894
67894
67894
67894
67894
67894
67402
67402
67402
67402
67402
67402
67402
67402
67402
67402
67402
67402
67272
67272
67272
67272
67272
67272
67272
67272
67272
67272
67272
67272
67272
67272
67272
67272
67272
67272
