1227
500000
329026
329026
329026
329026
329026
329026
329026
329026
329026
329026
329026
328729
328729
328713
328713
328713
328713
328713
328713
328713
328713
328713
328713
328713
328713
328713
328713
328485
328485
328485
328485
328485
328485
328485
328485
328485
328485
328485
325313
325313
325313
325313
325313
325313
325313
325313
325313
325313
324868
324868
324868
324868
324868
324868
324868
324868
324868
324868
323404
323404
323404
323404
323404
323404
323404
323404
323404
323404
323404
323404
323404
323404
323404
323404
323404
323404
322075
322075
322075
322075
322075
322075
322075
322075
322075
322075
322075
322075
322075
322075
322075
322075
322075
321209
321209
321209
321209
321209
321209
321209
321209
321209
321209
321209
321209
321209
321209
320600
320600
320600
320600
320600
320600
320600
320600
320600
320600
320600
320600
320600
319833
319833
319833
317265
317263
317263
315936
315936
315936
315936
315936
315936
315936
315936
315936
315936
315936
315936
315936
315936
310942
310942
310942
310942
310942
310942
310942
310942
310942
310942
310942
310942
310942
310942
310942
310901
310901
310901
310901
302967
302967
302967
302967
302967
302967
302967
302967
301484
301484
301484
301484
301484
301484
301484
301484
301484
301484
301484
301484
301484
301484
301484
301484
301484
301484
301484
300829
300829
300829
300829
300636
300636
300636
300636
300636
300636
300636
296727
296727
296727
296727
296727
296727
296727
296727
296727
296727
296727
296727
296727
294960
294960
294960
294960
294960
294763
294763
294763
294763
294763
294763
294763
294763
294763
294763
286166
286166
286166
286166
286166
286166
286166
286166
286166
286166
286166
286166
286166
285428
285428
285428
285428
285428
285428
285428
285428
285428
285428
285428
285428
285428
285428
284768
284768
284768
284768
284768
284768
284768
284768
284768
281279
281279
281279
281279
281279
281279
281279
281279
281279
281279
281279
280533
280533
280533
280533
280533
280533
280533
280533
280533
280533
280533
280533
280533
280344
280344
280344
280344
280344
280344
280344
280344
277390
277390
277390
277390
277390
277390
277390
277390
277390
277390
277390
277390
277390
277390
277390
277390
277151
277151
277151
277151
277151
277151
277151
277151
277151
277151
277151
277151
277151
277151
277151
277151
276250
276250
276250
276250
276250
274896
274896
274896
274896
274896
274896
274896
274896
274896
274896
268975
268975
268975
268975
268975
268975
268975
268975
268975
268975
264841
264841
264841
264841
264841
264841
264841
264841
264841
264841
264841
264841
264841
264841
264841
264841
264498
264498
264498
264498
264498
264498
264498
263355
263355
263355
263355
262049
262049
262049
262049
262049
262049
262049
262049
262049
262049
260435
260435
260435
260435
260435
260435
260435
260435
260435
260435
260435
260435
260052
260052
260052
260052
260052
260052
260052
260052
260052
260052
260052
260052
260052
260052
260052
260052
260052
260052
258683
258683
258683
258683
257024
257024
257024
257024
257024
255928
255928
255928
255928
255928
255928
255928
255928
255928
255928
255928
255928
255928
255928
255928
255928
255928
255928
255928
255928
252176
252176
252176
252176
252176
252176
252176
252176
252176
252176
252176
252176
252176
249357
249357
249357
249357
249357
249357
249357
249357
249357
249357
248879
248879
248879
248879
248482
248482
248482
248482
248482
248482
248482
248482
248482
248482
248482
248482
248482
248482
248343
248343
248343
248343
248343
248343
248343
248343
248343
248343
248343
248343
248343
248343
248343
248343
248343
247557
247557
247557
247557
245700
245700
245700
245700
245700
245700
245700
245700
245700
245700
245700
245700
245700
245700
245520
245520
245520
245520
245520
245520
245520
245520
245520
245520
245520
245520
245520
245520
245520
245520
242814
236279
236279
236279
236279
236279
236279
236279
236279
236279
236279
236272
236272
236272
236272
232064
232064
232064
232064
232064
232064
232064
231041
231041
231041
231041
231041
231041
231041
231041
231041
231041
228933
228933
228933
228933
228933
228933
228933
228933
228933
228933
226351
226351
226351
226351
226351
226351
226351
226351
226351
226351
226351
226351
224656
224656
224656
224656
224656
224656
224656
224656
224656
224656
224656
224656
224656
224656
224656
224656
224656
224656
218345
218345
218345
218345
218345
218345
218345
218345
218345
218345
218345
218345
218345
218345
218345
218345
218345
218345
218345
218345
213588
213588
213588
213588
213588
213588
213588
213588
212819
212819
212819
212819
210786
210786
210786
210786
210786
210786
210786
209197
209197
209197
209197
209197
208962
208962
208962
208962
208962
208962
208962
208962
208962
208962
208962
208962
208962
208962
208962
208962
208962
208148
208148
208148
208148
208148
208148
208148
208148
208148
208148
208148
207111
207111
207111
207111
207111
206349
205689
205689
205689
205689
205689
205689
205689
205689
205689
205689
205689
205689
199075
199075
199075
199075
199075
199075
199075
199075
199075
199075
198411
198411
198411
198411
198411
198411
198411
198411
198411
198411
198411
198411
198411
198411
198411
193669
193669
193669
193669
193669
193669
193669
192836
192836
192836
192836
192836
192836
192836
192836
192836
192836
192836
192836
192836
192836
192836
192836
192836
192836
192836
189024
189024
189024
189024
189024
189024
189024
189024
189024
189024
189024
189024
189024
189024
189024
189024
189024
189024
189024
186480
186480
186480
184211
184211
184211
184211
184211
184211
184211
184211
184211
184211
184211
184211
184211
177353
177353
177353
177353
177353
177353
177353
177353
177353
177353
177353
177353
177353
177353
171801
171801
171801
171801
171801
171801
171801
171801
171801
171801
171801
171801
171801
171801
171801
171801
171801
171801
171801
171801
171438
171438
171438
167479
167479
164903
164903
164903
164903
164903
164903
164903
164903
164903
164811
164811
162207
162207
162207
162207
162207
162207
162207
162207
162207
162207
162207
162207
162207
162125
160455
160455
160455
160455
160455
160455
160455
160455
160455
160455
160455
160455
160455
160455
160455
160455
160455
160455
160455
159824
159824
159824
159767
159767
159767
155932
155932
155932
155932
155932
155932
155932
155932
155932
155932
155832
155832
155832
155832
155832
155832
155832
155832
155832
155832
155832
155832
155832
155832
155832
155832
155832
155832
155832
155832
151870
151870
151870
151870
151870
151870
151870
149995
149995
149995
149995
149388
149388
149388
149388
149388
149388
146451
146451
146451
146451
146451
146451
146451
146451
146451
146451
146451
146451
146451
146451
146451
146451
146451
146451
146451
141891
141891
141891
141891
141891
141891
141891
141891
138738
138738
138738
137177
137177
137177
137177
137177
137177
137177
137177
137177
137177
137177
137177
137177
137177
137177
137177
137177
137177
137177
137177
133298
133298
133298
133298
133298
133298
133298
133298
133298
133298
133298
133298
133298
133298
133298
133060
133060
133060
133060
133060
133060
133060
131010
131010
131010
131010
131010
131010
131010
131010
131010
126352
125753
125753
125753
125753
125753
121318
121318
121318
121318
121318
121318
121318
121318
121318
121318
121318
121318
121318
121318
121318
121318
121318
121318
119410
119410
119410
119410
119410
119410
119410
119410
119410
119410
119410
119410
119410
119410
119410
119410
119410
119410
118529
118529
118529
118529
118529
118529
118395
118395
118395
118395
118395
118395
118395
118395
118395
118395
117327
112701
112701
112701
112701
112701
112701
104018
104018
104018
104018
104018
104018
104018
104018
104018
104018
104018
104018
104018
104018
104018
104018
104018
104018
104018
103486
103486
103486
103486
103486
103486
103486
103486
103486
103486
100217
100217
100217
100217
100217
100217
100217
100217
100217
100217
100217
100217
100217
100217
100217
100217
100217
99745
99745
99745
99745
99745
99014
99014
99014
98392
98392
98392
98392
98392
98392
98392
98392
98392
98392
94706
94706
94706
94706
94706
94640
94640
94640
94640
94640
94640
94640
94640
94640
92259
92259
92259
92259
92054
92054
92054
92054
92054
92054
92054
92054
92054
92054
92054
92054
92054
92054
84451
84451
84451
84451
84451
84451
81379
81379
81379
81379
79763
79763
79763
79763
79763
79763
79763
79763
79763
79763
79763
79186
79186
79186
79186
79186
71177
71177
71177
71177
68116
68116
68116
68116
68116
68116
68116
68116
68116
68116
68116
68116
68116
68116
68116
68116
68116
68116
68116
67830
67830
67830
67303
67303
67303
67303
67303
67303
67303
67303
67303
67303
67303
