2446
500000
332875
332875
332875
332875
332875
332875
332875
332875
332875
332875
332875
332875
332875
332875
332875
332875
332875
332875
332776
332776
332776
332776
332776
332776
332776
332776
332087
332087
332087
332087
332087
332087
332087
332087
332087
332087
332087
332087
332087
332087
332087
332087
332087
332087
332087
331433
331275
331275
331275
331275
331271
331271
331271
331271
331271
330310
330310
330310
330310
330310
330310
330310
330310
330310
330310
330310
330310
330310
330310
330310
330310
330310
330310
330310
327322
327322
327322
327322
327322
327322
327322
327322
327322
327322
327322
327322
327322
327322
327072
327072
327072
327072
327072
327072
327072
326607
326607
326607
326445
326445
326445
326445
326445
326445
326445
326445
326445
326445
326445
326445
326445
326445
326297
326297
326297
326297
326297
326297
326297
326297
326297
326297
326297
326297
326297
326297
326297
326009
326009
326009
326009
326009
326009
326009
326009
326009
326009
326009
326009
326009
326009
326009
326009
326009
326009
325675
325324
325324
325324
325324
322836
322836
322836
322836
322836
322836
322836
322836
322836
322836
319679
319679
319679
319679
319679
319384
319384
319384
319384
319384
319384
319384
319384
319384
319384
319384
319384
319384
319384
319384
319384
319384
319384
319384
318502
318502
318502
318502
318502
318502
318502
318502
318502
318502
318502
318502
318502
318502
318502
318502
316853
316853
316853
316853
316853
316853
316853
316853
316853
316853
316853
316245
316245
316245
316245
316245
316245
316245
316245
316245
316245
316245
316245
316245
316245
316245
316245
315580
315580
315421
315421
315421
315421
315421
315421
315421
315421
315421
315421
315421
315421
315421
315214
315214
315214
315214
315214
315052
313189
312667
312667
312667
312667
312667
312667
312667
312667
312667
312667
312667
312667
309895
309895
309895
309266
309266
309266
309266
309266
309266
309266
309251
309251
309251
309251
309251
309251
309251
309251
309251
307330
307330
307330
307330
307330
307330
307330
307330
307330
307330
307330
307330
307330
306332
306332
306332
302321
302321
302321
302321
302321
301373
301373
301373
301373
301373
301373
301373
301373
301373
301373
301373
301373
301373
301373
301373
301373
301373
300736
300736
300736
300736
300736
300736
300736
300736
300736
300736
300736
300736
300736
300736
300736
300736
300736
300464
300464
300464
300464
300464
300464
300464
300464
300464
300464
300464
300464
300464
300464
300464
299795
299795
299795
299795
299795
299795
299795
299795
299795
299795
299795
299795
299571
299571
299175
299175
299175
299175
299175
299175
299175
299175
299175
299175
299175
299088
299088
299088
299088
299088
299088
299088
299088
297830
297830
297830
297830
296987
296987
296987
296987
296987
296987
296987
296987
296987
296987
296987
296987
295632
295632
295632
295632
295632
295632
295632
295632
295632
295632
295632
295199
295199
295199
295199
295199
295199
295199
295199
295199
295199
295199
294536
294536
294536
294536
294536
294536
294536
293283
293283
293283
293283
293283
293283
293283
293283
293283
293283
293283
293283
293283
293283
293283
293283
293235
293235
293235
290542
290542
290542
290542
290542
289792
289792
289792
289792
289792
289792
289792
289792
287688
287688
287312
285156
285156
285156
285156
285156
285156
285156
285156
285156
285156
285156
285156
285156
285156
285156
285156
285156
285067
285067
285067
285067
285067
285067
285067
285067
285067
285067
285067
285067
285067
285067
284767
284767
284767
284767
284767
284767
284767
284767
284767
284767
284767
284767
284767
284767
284767
284767
284767
284767
284767
284171
284171
284171
284171
284171
284171
284171
284171
284171
284171
284171
284171
284171
284171
283554
283554
283554
283554
283554
283554
283554
283554
283554
283554
282369
282369
282369
282369
282369
282369
282369
282369
282369
282369
282369
282369
282369
282369
282369
281340
281340
281340
281340
279664
279664
279664
279664
279664
279664
279664
279664
279664
279664
279664
279664
279664
279664
279664
279664
279664
279664
279664
279664
279451
279451
279451
279451
279451
279451
279451
279451
279451
279451
279451
279451
279451
279451
279451
279451
279451
275676
275676
275676
275676
275676
275676
275676
275676
275676
275676
275676
275676
275676
274815
274815
274815
274815
274815
274815
274815
274815
274815
274815
274815
274815
274815
274815
274523
274523
274523
274523
274523
274523
274523
274523
274523
274523
274523
274523
274523
271323
271323
271323
271323
271323
271323
270890
270890
270890
270890
270890
270890
270890
270890
265526
265498
265498
265498
265498
265498
265498
265498
265498
265498
265498
265498
264169
262695
262695
262695
262695
262695
262695
262695
262695
262695
262695
262695
260090
260090
259251
259251
259251
259251
259251
259251
259251
259251
259251
258537
258537
258537
258537
258537
258537
251861
251861
251861
251133
251133
251133
251133
251133
251133
251133
251133
247195
246427
246427
246427
246427
246427
246427
246427
246427
245937
245937
242475
242475
242475
242475
242475
242475
242475
242475
242475
242475
242475
242475
242475
242475
240278
240278
240278
240278
240278
240278
240278
240278
240278
240278
240278
240278
240278
240278
240278
240278
240278
240278
240278
240278
240179
240179
240179
240179
240179
240179
240179
240179
240179
240179
240179
240179
240179
240179
240179
240179
240179
240179
240179
239733
239733
239733
239733
239733
239733
239381
239381
239381
239381
239381
239381
239381
239381
239381
239381
239381
239381
239381
239381
239381
239381
239381
239381
239381
239349
239349
239079
239079
239079
239079
236712
236712
236712
236712
236712
236712
236712
236712
236712
236712
236712
236712
236712
235300
235300
235300
235300
235300
235300
235300
235300
235300
235300
235300
235300
235300
235300
235300
235300
235300
235300
235300
235234
235234
235234
235234
235234
235234
235234
235234
235234
235234
235234
235234
234312
234312
234312
234312
234312
234312
234312
234312
234312
234312
234312
234312
234312
234312
234312
234312
234312
232921
232921
232921
232921
232921
232921
232921
232921
232921
232921
232921
232921
232921
232921
232921
232921
232921
232921
232921
232496
232496
232496
232496
232496
232496
232496
232496
232496
232496
232496
232496
232496
232496
232496
232195
232195
231517
231517
231517
231517
231517
231517
231517
231517
231517
231330
231330
231330
231330
231330
227880
227880
227880
227880
227880
227880
227880
227880
227880
227880
227816
227816
227816
227816
227816
227816
227816
227816
227816
227816
227816
227816
227816
227816
227816
227816
227816
227816
227816
226113
226113
226113
226113
226113
226113
226113
226113
223263
223263
223263
223263
223263
223175
223175
223175
223175
223175
221858
221858
221858
221858
221858
221858
221858
221858
221858
221858
221858
221858
221858
221858
221858
221858
221858
221858
221858
221858
219444
219444
219444
219444
219444
219444
219444
219444
219444
218490
218490
218490
218490
218490
218490
218490
218490
218490
218490
216766
216766
216766
216766
216766
216766
216766
216766
216766
216766
216766
216766
216085
216085
216085
216085
216085
216085
216085
216085
216085
216085
216085
214261
214261
214261
214261
214261
214261
214261
214261
214261
214261
214261
214261
214261
214042
212317
212312
212312
212001
212001
212001
212001
212001
212001
212001
211031
211031
211031
211031
211031
211031
211031
211031
211031
211031
211031
211031
211031
211031
209899
209899
209899
209899
209899
209899
209899
209899
209899
209899
209899
209899
209899
209899
209899
209899
209899
209899
209899
209899
208732
208732
208732
208732
208732
208732
208732
208732
208732
207763
207763
207763
207763
207763
207763
207763
207763
207763
207763
207763
207704
207704
207704
207704
207704
207704
207704
207704
207704
207704
206539
206231
206231
206231
206231
206231
206231
206231
206231
206231
206231
206231
206231
206231
206231
206231
206231
206231
206120
206120
206120
206120
206120
206120
206120
205832
205832
205832
205151
205151
205151
205151
205151
205151
205151
205151
205151
205151
205151
205151
205151
203431
203431
203431
203112
203112
203112
203112
203112
203112
203112
203112
203112
203112
203112
203112
203112
203112
202621
202621
202621
202621
202621
202621
202621
202621
202621
202621
202621
202621
202304
202304
202304
202304
202304
202304
202304
202304
202304
202304
202304
201485
201485
201485
201485
201485
201485
201485
201485
201485
201485
201485
201485
201485
201485
201485
201485
201485
201485
201485
201485
201086
201086
201086
201086
201086
201086
201086
201086
201086
201086
201086
201086
201086
201086
201086
201086
199787
199787
199749
199749
199749
199749
199749
199749
199749
199749
199749
199749
199749
199749
199749
199749
199749
199749
199294
199294
199294
199294
199294
199294
199294
199294
199294
199294
199294
199294
199294
199294
199294
199294
199294
199294
199294
199060
199060
199060
199060
199060
199060
199060
199060
199060
199060
199060
199060
198231
198231
198231
198231
198231
198231
198231
198231
198231
198231
196082
196082
196082
196082
194774
194774
194774
194774
194774
194774
194774
194774
194774
194774
194774
194774
194774
194774
194764
194764
194764
194764
194764
193971
193971
193971
193971
193971
193971
193971
193971
193971
193971
193971
193971
193971
193971
193971
193971
193971
193971
193804
193804
193804
193804
193804
193804
193804
193804
193804
193804
193804
193779
193779
193779
193779
193779
192814
192814
192814
192814
192814
192814
192814
192814
192814
192814
192814
192814
192814
192814
192814
192814
192814
192814
189966
189966
189966
189966
189966
189966
189749
189749
189749
189749
189749
188489
188489
188489
188489
188489
188489
187911
187282
187282
187282
187282
187282
187233
187233
187233
187233
186193
186193
186193
186193
186193
186193
186193
186193
186193
186193
186193
186193
186193
186193
185855
185855
185855
184350
184350
184350
184350
184350
184350
184350
184350
184350
184350
184350
184350
184350
184350
184350
184350
184350
182415
182415
182415
182415
181809
181809
181809
181809
181809
181809
181809
181809
181809
181809
181283
179480
178701
178701
178701
178701
178701
178701
178701
178701
178701
177729
177729
177729
176309
176309
176309
176309
176309
176220
176220
176220
176220
176220
176220
176220
176220
176220
176220
176220
176220
176220
176220
176220
176220
174111
174111
173645
173645
173645
173645
171710
171710
171710
171710
171710
171710
171710
171710
171710
171710
171710
170643
170643
170643
170643
170643
170643
170643
170643
170643
170643
170643
170643
170643
170643
170643
170643
170643
170643
170116
170116
170116
170116
170116
170116
170116
170116
170116
170116
170116
170116
170116
170116
170116
170116
170116
170116
169899
169899
169899
169899
169899
169899
169899
169899
169899
169899
169899
169899
169899
167646
167646
167646
166311
166311
166174
166174
166174
166174
166174
166174
166174
166174
166174
166174
166174
166174
163845
163845
163845
163845
163376
163376
163376
163376
163376
163376
163376
163376
163376
163376
163376
163376
163376
163376
163376
163376
163376
163376
162646
162646
162646
162646
162646
162646
162646
162646
162646
162646
161960
161960
161960
161960
161960
161960
161960
161960
161960
161960
161960
161960
161960
161960
161960
161960
161960
161960
161960
161818
161818
161818
161818
161818
161818
161818
161818
161304
161304
161304
161304
161304
159596
159596
159596
159596
159596
159595
159595
159595
159595
159595
159595
159595
159267
159267
159267
159267
159267
159267
159267
159267
159267
159267
159267
159267
159267
158006
158006
158006
158006
158006
158006
158006
158006
156026
156026
156026
156026
156026
156026
156026
156026
156026
156026
156026
156026
156026
156026
156026
156026
156026
154648
154648
154648
154648
154648
154648
154648
154648
154648
154015
154015
154015
154015
154015
154015
154015
154015
154015
154015
154015
154015
154015
154015
154015
154015
154015
154015
154015
154015
152254
152254
152254
152254
152254
152254
152254
152254
152254
152073
152073
151907
151907
151907
151907
151907
151907
151907
151907
151907
151907
151907
151907
151907
151907
150889
150889
150889
150889
150889
148613
148613
148613
148613
148613
148613
148613
148613
147382
147382
147382
147382
147382
147382
147382
147382
147382
147382
147382
147382
147382
147382
147382
147382
147382
145863
145863
145863
145863
145863
145863
145863
145863
145863
145863
145863
145863
145863
145863
145863
145863
145863
145863
145090
145090
145090
145090
145090
145090
145090
145090
145090
145090
145090
145090
145090
145090
145090
144994
144994
144994
144994
144994
144994
144994
144994
144994
144994
144994
144463
144463
144463
144463
144463
144463
144463
144463
144463
144463
144463
144463
144463
144463
144463
144346
144346
144346
144346
144346
144346
144346
144346
144346
144346
144346
144346
144346
143937
143937
143937
143937
143792
143792
143792
143792
143792
143792
143792
143792
143792
143792
143792
143792
143792
143792
143792
143792
143792
143792
143432
143432
143432
143432
142035
142035
142035
142035
141966
141966
141966
141966
141966
141966
141966
141966
141966
141966
141966
141966
141966
141966
141966
141966
140185
140185
139659
139659
139659
139659
139659
139659
139659
139659
139659
139659
139659
139659
139659
139659
139659
139659
139659
139659
139659
139322
139322
139322
139322
139322
139322
139322
139322
139322
139322
139322
138784
138784
138784
138784
138784
138784
138784
138784
138784
138784
138784
138784
138784
138784
138784
138784
138784
138784
137450
137450
137450
137450
137450
137450
137450
137450
137450
137450
137450
137034
137034
137034
137034
137034
137034
137034
137034
137034
137034
137034
136511
136511
136511
136511
136511
136511
136511
136511
136511
136511
135436
135436
135436
135436
135436
135436
135436
135436
135436
135436
135436
135436
135436
135436
135436
135436
134673
134673
134673
134673
134673
134673
134673
134673
134673
134673
134673
134673
134673
134673
134673
134646
134646
134646
134646
134646
134646
134646
134646
134646
134646
134646
134646
134646
134646
134646
134646
134646
134646
131299
131299
131299
131299
131299
131299
131299
131299
131299
131299
131299
131299
131299
131260
131260
131260
131260
129511
129511
129511
129009
127407
127407
127407
127407
127407
127407
127407
127407
127407
127407
127407
127407
126840
126840
126840
126840
126840
126840
126840
126840
126840
126840
126840
126840
126840
126840
126840
126840
126840
126840
126840
126840
121701
121701
121701
121701
121701
121701
121701
121355
121355
121355
121355
121355
121355
121355
121355
121355
118467
118467
118467
118467
118467
118467
118467
118467
118467
118467
118467
118467
118467
118467
118467
118467
118467
118467
118467
114628
114628
114628
114628
114628
114628
114628
114628
114628
114628
114628
114628
114628
114628
114628
114628
114628
114395
114395
114395
114395
114395
114395
114395
114395
114395
113689
113385
113385
113385
113385
113385
113385
113385
113385
109414
109414
109414
109414
109414
109414
109414
109414
109414
109414
108852
108852
108852
108852
108852
108852
108852
108852
108852
107729
107729
107729
107729
107729
107729
107729
107729
107729
107729
107729
107729
107729
107729
107729
107729
107729
107729
107729
107395
107395
107395
107395
107395
107395
105142
102639
102639
102639
102639
102639
102639
102639
102639
102639
102639
102639
102639
102639
102639
102639
100679
100604
100604
100604
100604
100604
100604
100604
100604
100604
100604
100604
100604
100604
100604
100604
100604
100604
100604
100604
98199
98199
98199
98199
98199
98199
98199
98199
97782
97782
97782
97782
97782
97782
97782
97782
97782
97782
97782
97782
97782
97782
97782
97782
97782
97190
97190
97190
97190
97190
97190
97190
97190
97190
96576
96576
96576
96576
96576
96576
96576
96576
96576
96576
96576
96576
96576
96576
96576
96576
96576
96576
96576
96576
96155
96155
96155
96155
96155
96155
96155
96155
96155
96155
96155
96155
96155
95278
95092
95092
95092
95092
95092
94997
94997
94785
94785
94785
94785
94785
94785
94785
94785
94785
94785
94785
94785
94785
94785
94785
94785
94736
94736
94736
94736
94736
94736
94736
94736
94736
94736
94669
94669
94669
94669
94669
94669
94669
94669
94669
94131
94131
92580
92580
92580
92580
92580
92580
92580
92580
92580
92580
92580
92580
92580
89818
89818
89818
89818
89818
89818
89818
89818
89818
89818
89818
89818
89818
89818
89818
89818
89818
89818
88817
88817
88817
88817
88817
88817
88817
87771
87771
86433
86433
86433
86433
86433
86433
86433
86433
86433
85474
85474
85474
84602
84602
83250
83250
83250
83250
83250
83250
83250
82267
82267
82267
82267
76564
76564
76564
76564
76564
76564
76564
76564
76564
76564
76564
76564
76564
76564
76520
76520
76520
74411
74411
74411
73169
73169
73169
73169
73169
73169
72774
72774
72774
72774
72774
72774
72774
72774
72774
72774
72774
72774
72774
72774
72774
72774
72774
70543
70543
70543
70543
70543
70543
70543
70543
70543
70543
70543
68392
68392
68392
68392
68392
68392
68392
68392
68392
68392
68392
68392
68392
68392
68392
68392
68392
68392
68392
