2551
500000
333207
333207
333207
333207
333207
333207
333207
333207
333207
333207
333207
333207
333207
333207
333207
331547
331547
331547
331360
331360
331360
331360
331360
331360
331360
331360
331360
331360
331360
331360
331360
330527
330527
330527
330527
330527
330527
330527
330527
330527
330527
330527
330527
330527
330527
330527
330467
330467
330467
330467
330467
330467
330467
330467
330467
330467
330467
330467
330467
330467
330467
330467
330467
330467
330467
330179
330179
330179
330179
330179
330179
330179
330179
330179
330179
330179
330179
330179
330179
329404
329404
329404
329404
329404
329404
329404
329404
329404
328719
328719
328719
328719
328719
328719
328719
328719
328719
328719
328719
328719
328719
328719
328719
327885
327885
327885
327885
327885
327885
327885
327885
327885
327885
327885
327885
327885
327716
327716
327716
327716
327716
327716
327716
327716
327716
327716
327716
327716
327716
327716
327716
327503
327503
327503
327503
327503
327503
327503
327503
327503
327503
327503
327503
327268
327268
327268
327268
327268
327268
327268
327268
327268
327268
327268
327268
327268
325426
325426
325426
325426
325426
325426
325426
325426
325426
325426
325426
325426
325426
325426
325426
325426
325426
325426
325420
325420
325420
325420
325420
325420
325420
325420
325420
325420
325420
325420
325420
325420
325420
325420
324387
324322
324322
324322
324322
324322
324322
324322
324322
324322
324322
324322
324322
323394
323394
323394
323394
323394
323394
323394
323394
323394
323394
323394
323394
323394
323394
323054
323054
323054
323054
323054
321037
321037
321037
321037
321037
321037
321037
321037
321037
321037
321037
321037
321037
321037
321037
321037
321037
320250
320250
320250
320250
320250
320250
320250
320250
320250
320250
320250
320250
319656
319656
319656
319656
319656
319656
319656
319656
319656
319538
319538
319538
319538
319538
319538
319538
319538
319538
319538
319538
319538
319538
319538
319538
319538
319538
319277
319277
319277
319277
319277
319277
319277
319277
319277
319277
319277
319277
319277
319277
317720
317720
317720
317720
317720
317720
317720
317720
317720
317720
317720
317720
317720
317187
317187
317187
317187
317187
317187
317187
317187
317187
317052
317052
317052
317052
317052
317052
317052
317052
313725
313725
313725
313725
313725
313725
313725
313725
313725
313725
313725
313725
313610
313610
313610
313610
313610
313610
313610
313610
313610
313610
313610
313610
313610
313610
313610
313610
313610
313610
313610
313610
311626
311626
311626
311626
311626
311626
311626
311626
311626
311626
311626
311626
311626
311626
311626
311626
311626
311571
311571
311571
311571
311571
311571
311571
311571
311571
311024
311024
311024
311024
311024
311024
311024
311024
311024
311024
311024
311024
311024
311024
311024
311024
311024
311024
306564
306564
305508
305508
305508
305508
305508
305508
305508
305508
305508
305508
305508
305508
305508
305508
305508
305508
305508
305508
305508
305317
305317
305317
305317
305317
305317
305317
305317
305317
305317
305317
305317
305317
305317
305317
305317
305317
305317
305317
304837
304837
304837
304837
304837
304837
304837
304837
303947
303947
303947
303947
303947
303947
302180
302180
302180
302180
302180
302180
302180
302180
302180
302180
302180
302180
301536
301536
301536
301536
301536
301536
301536
301536
301536
300411
300411
300411
300411
300411
300411
300411
300411
300411
300411
300411
300411
300411
300411
300411
300411
300411
300411
298929
298929
298929
298929
297379
297379
297379
297379
297379
297379
297379
297379
297379
297379
297379
297316
297316
297316
297316
297316
297316
297316
297316
297316
297316
297316
297316
297316
297316
297316
297316
297316
297316
297316
297316
296786
294718
294718
294718
294718
294718
294718
294718
294718
294718
294718
294718
293738
293738
293738
293738
293738
293738
293738
293738
293738
293738
293738
293738
293738
293738
293738
293738
293738
293738
293738
293385
293385
293385
293385
293385
293385
293385
293385
293385
291410
291410
291410
291410
291410
291410
291410
291410
291410
291410
291410
291155
291155
291155
291155
291155
291155
291114
291114
291114
291114
291114
291114
291114
291114
291114
291114
291114
291114
291114
291114
291114
291114
290967
290967
290967
290967
290967
290967
288232
288232
288232
284739
284739
284739
284739
284739
284739
284739
284739
284739
284739
283492
283492
283492
283492
283492
283492
283492
283492
283492
283492
283492
283492
283492
283492
283492
283492
283492
283492
283180
283180
283180
283180
283180
283180
283180
283180
283180
283180
283180
283180
283180
283180
283180
283180
283180
283180
282912
282912
282631
282631
282631
282631
282631
282631
282631
282631
282631
282346
282346
282346
282346
282346
282346
282346
282346
282346
282346
282346
282346
282346
282346
280691
280691
280691
278684
278684
278684
278684
278684
278684
278684
278684
278684
278684
278684
278684
278684
278684
278684
278684
277902
277600
277600
277600
277600
277600
277600
277600
277600
277600
277600
277600
277600
277600
276280
276280
276280
276280
275695
275695
275695
275695
275695
275695
275695
275695
275695
275695
275695
275695
275695
275695
275695
275242
275242
275242
275242
275242
275242
275242
273949
273613
273613
273613
273613
273613
273613
273613
273613
273613
273613
273613
273613
273240
273240
273240
273240
273240
273240
273240
273240
273240
273240
273240
273240
273240
273240
273240
273240
272109
272109
272109
272109
272109
272109
272109
272109
272109
272109
272109
272109
272109
272109
272109
272109
270205
270205
270205
270205
270205
270205
270205
263518
263518
263518
263518
263518
260966
260966
260966
260966
260966
260966
260403
260403
260403
260403
260403
260403
260403
260403
260403
260403
260403
260403
260403
260403
257856
257856
257856
257856
257856
257856
257856
257856
257856
257856
257856
257856
257856
257856
257856
257856
257856
250742
250742
250742
248791
248791
248791
248791
248791
248791
248791
248791
248791
248791
248791
248791
248791
247192
247192
247192
247192
247192
247192
247192
247192
247192
247192
247192
247192
247192
247192
247192
247192
247192
247192
247192
247192
246288
246288
246288
246288
246288
246288
246288
246288
246288
246288
246288
246288
246288
246288
246288
245693
245693
245693
245693
245693
245693
245693
245693
245693
245693
245693
245693
245184
245184
245184
244339
244339
244339
244339
244339
244339
244339
244309
244309
244309
244309
244309
244309
244309
244309
244309
244309
244309
244309
244309
244309
244309
244309
243467
243467
243467
243467
242995
242995
242995
242995
242995
242995
242995
242995
242995
242995
242995
242995
242647
242647
242647
240388
240388
240388
240388
240388
240388
240388
240388
240388
240388
240388
240388
240388
240388
240388
240388
240388
240388
240388
239795
239795
239795
239795
237004
237004
237004
237004
237004
237004
237004
237004
237004
236257
236257
236257
236257
235587
235587
235587
235587
235587
235587
235587
235587
235587
235587
235587
235587
235587
234223
234223
234223
234223
234223
234223
234223
234223
234223
234223
234223
234223
234223
234223
234223
234223
234223
233195
233195
233195
233195
233195
233195
233195
233195
233195
233195
233195
233195
231411
231411
231411
231411
231411
231411
231411
231411
231411
231411
231411
231411
231411
231411
231411
230010
230010
230010
230010
230010
230010
230010
230010
230010
230010
230010
230010
230010
230010
230010
228737
228737
228737
228737
227864
227864
227864
227864
227864
227864
227864
227864
227864
227864
227864
227864
227864
227864
227166
227166
227166
227166
227166
227166
227166
227166
227166
227166
227166
227166
227166
227166
227166
227166
227166
227166
227166
227043
227043
227043
227043
227043
227043
227043
227043
227043
227043
227043
227043
227043
227043
227043
227043
227043
227043
226137
226137
226137
226137
226137
226137
226137
226137
226137
226137
226137
226137
226137
226137
226137
225218
225218
225218
225218
225218
225218
225218
225218
222557
222541
222541
222541
222541
222541
222541
222541
222541
222541
222541
222541
222541
222541
222541
222368
222368
222368
222368
222368
222368
222368
222368
222368
222368
222368
222368
222368
222368
222368
222368
222368
222368
222368
222368
221018
221018
221018
221018
220631
220631
220631
220285
220285
220285
220285
220285
220285
220285
220285
220285
220285
220285
220285
220285
220285
220285
220285
220169
220169
220169
218608
218608
218608
218608
218608
218608
218608
218608
218608
218608
218608
216297
215969
215969
215969
215969
215969
215969
215969
215969
215969
215969
215969
215969
215086
215086
215086
215086
215086
215086
215086
214859
214859
214859
214859
214859
214859
214859
214859
214859
211424
211424
211424
211424
211424
211424
211424
211424
211424
211424
211424
211424
211424
211424
211424
211424
211424
211424
211424
210818
210818
208480
208480
208410
208410
208410
208410
207412
207412
207412
207412
207412
207412
207412
207412
207256
205842
205842
205842
205842
205842
205842
205842
205842
205842
205842
205842
205842
205842
205842
205842
205842
205842
205842
205842
204386
204386
202972
202972
202972
202972
202972
202972
202972
202972
202972
202972
202972
202972
202972
202972
202483
202483
202483
202483
202483
202483
202483
202483
202483
202483
202483
200761
200761
200761
200761
198634
198419
196668
196668
196668
196668
196668
196668
196668
196668
196668
196668
196668
196668
196668
196668
196668
196668
195480
195480
195480
195480
195480
195480
195480
195480
195480
195480
195480
195480
195480
195480
195480
195480
195093
195093
195093
195093
195093
195093
195093
195093
195093
195093
195093
194435
194435
194435
193699
193699
193699
193699
193699
193699
193699
193699
193699
193699
193699
193699
193699
193699
193699
193699
193425
193425
193425
193425
193425
193425
193425
193425
193425
193425
193425
193425
193425
193425
193425
192679
192679
192679
192679
192484
192484
192484
192484
191567
191567
191567
191567
191567
191567
191567
191567
191567
191567
191567
191567
191567
191567
191567
191083
191083
191083
191083
191083
191083
191083
191083
191083
191083
191083
191083
191083
191083
191083
191007
191007
191007
191007
191007
191007
191007
191007
191007
191007
191007
191007
190018
190018
190018
190018
190018
190018
190018
190018
190018
190018
190018
190018
190018
190018
190018
190018
190018
188592
188592
188592
188133
188133
188133
188133
188133
188133
188133
188133
188133
188133
188133
188133
188133
188133
188133
186534
186534
186534
186534
186534
186534
186534
186534
186534
186525
186525
186525
186525
186525
186525
186525
186525
186525
186525
186525
186525
186525
186525
186290
186290
186290
186290
186290
186290
186290
186033
186033
186033
186033
186033
186033
186033
186033
185065
185065
185065
185065
185065
185065
185065
185065
183324
183324
183324
183324
183324
183324
183324
183324
183324
183324
183324
183324
183324
183324
183324
183324
183324
183324
183324
183324
183057
183057
183057
183057
183057
182244
182244
182244
182244
182244
182244
182244
182244
182244
182244
181544
181544
181544
181544
181544
181544
181544
181544
181544
181544
181544
181544
181544
181544
179634
179634
179634
179634
179634
179634
179634
179634
179200
179200
179200
179200
179200
179200
178658
178658
178658
178658
176486
176486
176486
176486
176486
176486
176486
176486
176486
176486
176486
176486
176486
176486
176486
176486
176486
176486
176486
176486
176154
176154
176154
176154
176154
176154
176154
176154
176154
176154
176154
176154
176154
176154
176154
176154
176128
176128
176128
176128
176128
176128
176128
176128
176128
176128
176128
176128
176128
176128
176128
176128
175102
173519
173519
173232
173232
170910
170910
170910
170910
170910
170910
170910
170910
170910
170910
170910
170910
170910
170910
170910
167696
167696
167696
167696
167696
167696
166401
166401
166401
166401
166401
166401
166401
166401
166401
166401
166401
166401
166401
166401
166401
166401
166401
166401
166401
166401
165138
165138
165138
165138
165138
165138
165138
165138
165138
165138
165138
164893
164893
164893
164893
162923
162923
162923
162923
162923
162923
162923
162923
162923
162923
162923
162923
162923
158887
158887
158887
158887
158887
158887
158235
158235
157563
157563
157563
157563
157466
157466
157466
157466
157466
156910
156910
156910
156910
154541
154541
154541
154541
154541
154541
154541
154541
154541
154541
154541
154541
152772
152772
152772
152772
152772
152772
152772
152772
152772
152772
152772
152772
152772
152772
152008
152008
152008
152008
152008
152008
152008
152008
152008
152008
152008
152008
152008
152008
152008
152008
152008
152008
151682
151682
151682
151682
151682
150542
150542
150542
150542
150542
150542
150542
150542
150542
150542
150542
150542
150542
150542
150542
150542
150542
150443
150443
150443
150443
150443
150443
150443
150443
150443
150443
150443
150443
150443
150443
149014
149014
149014
149014
149014
149014
149014
149014
149014
149014
149014
149014
149014
149014
149014
149014
149014
148276
148276
148276
148276
148276
148276
148276
148276
146164
146164
146164
146164
146164
146164
146164
146164
146164
146164
146164
146164
146164
146164
145130
145130
145130
145130
145130
145130
145130
145130
145130
145130
145130
145130
145130
145130
143817
143817
143817
143817
143817
143817
143817
143817
143817
143817
143817
143624
143624
143624
143624
143624
143624
143624
143624
142625
142625
142625
142625
142625
142625
142625
142625
142625
142625
142625
142625
142625
142625
142625
142625
141536
141536
141536
141536
141536
141536
141536
141536
141536
141536
141536
141536
141536
141536
141536
141536
141536
141536
139480
139480
139480
139480
139480
139480
139480
139409
139409
139409
139409
139409
139409
139409
139409
139409
139409
139409
139409
139409
139409
139409
139342
139342
139342
139342
139342
139342
139342
139342
139342
139342
139342
139342
139342
139342
139342
137433
137433
137433
137433
137433
137433
137433
137433
137433
137433
137433
137433
137433
136954
136954
136954
136954
136954
136954
136954
136954
136954
136954
136954
136954
136954
136954
136954
136954
136954
135047
135047
135047
135047
135047
135047
129079
129079
129079
129079
129079
129079
128062
128062
128062
128062
128062
128062
127488
127488
127488
127488
127488
127488
127488
127488
127488
127488
127488
127488
127488
127352
127352
127352
127352
127352
127352
127352
127352
127352
127352
127352
127352
127352
127352
127352
124993
124993
124993
124993
124993
124993
124535
124535
124535
124535
124535
124535
124535
124535
124527
124527
124527
124527
124527
124527
124527
124527
124527
124527
124505
124505
124150
124150
124150
124150
124150
124150
123218
123218
123218
122835
122835
122835
122835
122474
122474
119560
119560
119560
119560
119560
119560
119560
119560
119497
119497
119497
119497
119497
119497
119497
119497
119497
119497
119497
119497
119497
119497
119497
119497
119497
119497
119255
119255
119255
119255
119255
119255
119255
119255
116707
116707
116707
116707
116707
116707
116707
116707
116337
116337
116337
115898
115898
115898
115898
115898
115898
115898
115864
115864
115864
115864
115864
115864
115864
115864
115864
115864
115864
115864
115864
114920
114920
114920
114920
114920
114920
114920
114920
114920
114920
114920
114920
114920
114920
114920
114669
114669
114669
114669
114669
114669
114669
114669
114437
114437
114437
114437
114437
114437
114437
114437
114437
114437
114437
114437
114437
112014
112014
112014
112014
112014
112014
112014
112014
112014
111869
111696
111696
111696
111696
111696
111696
111696
111696
111696
111696
111696
111696
111696
111696
111696
111696
111696
111696
110902
110902
110902
110902
110902
110902
110902
110902
110902
109369
109369
109369
109369
109369
109369
109369
109369
109369
109369
109369
109369
109369
109369
108648
108648
108648
107324
107324
107324
107324
107324
106357
106357
106357
106357
106357
106357
106357
106357
106357
106357
106357
106357
106357
106357
106101
106101
106101
106101
105978
105978
105978
105978
105978
105978
105868
105868
105868
105868
105868
105868
105868
105868
105868
105868
105868
105868
105868
105868
105868
105868
105868
105391
105391
105391
105391
105391
105391
105391
105391
105391
105391
105274
105274
105274
105274
105274
101338
101338
101338
101338
101338
101338
99332
99332
99332
99332
99332
99332
99332
99332
99332
99332
97665
97665
97665
97665
97665
97665
97665
97665
97665
97665
97665
97665
97665
97665
97665
95580
95016
95016
94999
94999
94999
94298
94298
94298
94298
94298
94298
94298
94298
94298
94298
94298
94298
94298
94298
94298
94298
94298
87182
87182
87182
87182
87182
87182
87182
87182
87182
86487
86487
86487
86487
86487
86487
85099
85099
85099
85099
83576
83576
83576
83576
83576
83576
83576
83576
83576
83260
83260
83260
80153
80153
80153
80153
80153
80153
80153
80153
80153
80153
80153
78597
78597
78597
78597
78597
78597
78597
77421
77421
77421
77421
77421
77421
77421
77421
77421
77421
77421
77421
77421
77421
76677
76677
76677
75277
75277
75277
75277
75277
75277
75277
75277
75277
75277
75277
75277
75277
75277
74987
74987
74987
74987
74987
74987
74987
74987
74987
74987
74945
74945
74945
74945
74945
74945
74945
74945
74945
74945
74945
74945
74945
74945
74945
74935
74935
74935
74935
74935
74935
74935
74724
74724
74724
74724
74724
74724
74724
74724
72711
72711
72711
72711
72711
72711
72711
72711
72711
72711
72711
72711
72711
72711
72711
72711
72711
72711
72711
69916
69916
69916
69916
69916
69916
69916
69916
69916
69916
69916
69916
69916
69916
69916
69680
69680
69680
69680
69680
69680
69680
67013
67013
67013
67013
67013
67013
67013
67013
67013
67013
67013
67013
67013
67013
67013
67013
67013
67013
66827
66827
66827
66827
66827
66827
66827
66827
66827
66827
66827
66827
66827
66827
66819
66819
66819
66819
66819
66747
66747
66747
66747
66747
66747
66747
