5179
500000
332833
332833
332744
332744
332744
332654
332654
332654
332654
332654
332654
332654
332654
332654
332654
332654
332654
332654
332654
332654
332425
332425
332425
332425
332425
331910
331910
331910
331910
331910
331910
331910
331910
331910
331910
331910
331910
331910
331722
331722
331722
331722
331722
331722
331722
331722
331722
331722
331722
331722
331722
331722
331645
331645
331645
331645
331645
331645
331645
331645
330586
330586
329883
329883
329883
329883
329883
329883
329883
329883
329883
329883
329883
329883
329883
329723
329723
329723
329723
329723
329723
329723
329723
329723
329723
329723
329723
329723
329723
329723
329723
327646
327646
327646
327646
327646
327646
327646
327646
327646
327646
327646
327646
327646
327646
327646
327585
327585
327585
327585
327585
327585
327585
327585
327585
327585
327585
327585
327585
327585
327585
327585
327585
327585
327209
327209
327209
327209
327209
326641
326641
326641
326467
326467
326467
326467
326467
326467
326467
326142
326142
326142
326142
326142
326142
326142
325843
325843
325843
325843
325843
325634
325634
324334
324334
324334
324334
324334
324334
324334
324334
324334
324334
324334
324334
322678
322678
322678
322251
322173
322173
322173
322173
322173
322173
322173
322173
322173
322173
322173
322173
322173
322173
321472
321472
321472
321472
321472
321472
321472
321472
321472
321472
321472
321472
321014
321014
321014
321014
321014
321014
319151
319151
319151
319151
319151
319151
319151
319151
319151
319151
319151
319151
319151
319151
319151
319151
318550
318550
318550
318550
318550
318550
318550
318291
318291
318291
318291
318291
318291
318291
318291
318291
318291
318291
318291
318291
318291
316965
316965
316965
316965
316965
316965
316965
316965
316965
316965
316965
316965
316965
316965
316852
316852
316852
316852
315923
315923
315802
315802
315802
315802
315635
315635
315635
315635
315635
315635
315635
315009
315009
315009
315009
315009
315009
315009
315009
315009
315009
315009
315009
315009
315009
315009
314390
314390
314390
314390
314390
314390
314390
314390
314390
314390
314390
313350
313350
313350
313350
313350
313350
313350
313350
313350
312393
312393
312393
312393
312393
312393
312393
312393
312393
312393
312393
312393
311922
311922
311922
311922
311922
311922
310806
310806
310806
310339
310339
310339
310339
310339
310339
310339
310339
310339
310339
310339
310339
310339
310213
310213
310213
310213
310213
310213
310213
310213
310213
310213
310213
310213
310213
309786
309786
309786
309786
309786
309786
309786
309786
309786
309786
309786
309786
309786
309786
309786
309786
309786
309786
309786
309702
309702
309702
309702
309702
309702
309702
309702
309702
309702
309702
309702
309702
309702
309702
309702
309702
309702
309702
309338
309338
309338
309338
309338
309338
309338
309338
309338
309338
309338
309338
309338
309338
309338
309338
309338
309254
309254
309254
309254
309254
309206
308589
308589
307946
307946
307946
307946
307946
307946
307946
307946
307946
307946
307946
307946
307946
307921
307921
306929
306929
306929
306929
306929
306929
306929
306929
306929
306929
306883
306883
306883
306883
306883
306883
306883
306883
306883
306883
306883
306883
306883
306575
306575
306575
306575
306575
306575
306575
305761
305761
305761
305761
305761
305761
305761
305761
305761
305761
305761
305761
305761
305134
305134
305134
305134
305134
305134
305134
305134
305134
305134
305010
305010
305010
305010
305010
305010
305010
305010
305010
305010
305010
305010
305010
305010
304557
304557
304557
304380
304380
304380
304380
304380
304380
303647
303647
303647
303647
303647
303647
303647
303647
303647
303647
303647
303647
303647
303647
303647
303647
303647
303647
303647
303647
303469
302901
302901
302901
302901
302901
302901
302901
302901
302901
302901
302644
302644
302644
302644
302644
302644
302644
302644
302644
302137
301492
301492
301492
301492
301492
301492
301492
301492
301492
301492
301492
301492
301492
301492
301492
301492
301492
301452
301452
301452
301452
301452
301452
301452
301452
301452
301277
301277
301277
301277
301277
301277
301277
301277
301277
301277
301277
301277
301277
301277
301277
301277
301277
301277
301277
301277
300569
300569
300569
300569
300569
300569
300569
300569
300569
300569
300569
300569
300569
300569
298706
298706
298706
298706
298706
298706
298706
298706
298706
298706
298706
298706
298706
298706
298706
298706
298706
298706
298706
298706
298636
298636
298636
298636
298636
298636
298636
298636
298636
298636
298636
298550
298550
298550
298550
298550
298550
298550
298550
298056
298056
298056
298056
298056
298056
298056
298056
298056
298056
298056
298056
298056
297664
297664
297664
297664
297664
297664
297664
297664
297664
297664
297664
297664
297664
297664
297664
297664
295989
295989
295989
295989
295989
295989
295989
295989
295989
295989
295989
295989
295989
295676
295676
295676
295676
295676
295676
295676
295676
295676
295676
295676
295621
295621
294668
294668
294668
294668
294513
294513
294513
294513
294513
294513
294513
294189
294189
294189
294189
294189
294189
294189
294189
294189
294189
294189
294189
294189
294189
294189
294189
294189
294189
294189
294189
294072
294072
294072
294072
294072
294072
294072
294072
294072
294072
294072
294072
294072
294072
294072
294072
294072
294072
294072
293350
293350
293350
293350
293350
293350
293350
293350
293350
293350
293350
293350
293350
293350
293350
293350
293350
291385
291385
291385
291385
291385
291385
290641
290641
290641
290641
290641
290641
290641
290641
290641
290641
290641
290641
290641
290641
290641
290641
290641
290641
290641
289534
289534
289534
289534
289534
289534
289534
289534
289534
289534
289534
289534
289534
289534
289534
289534
287485
287485
287392
287392
287392
287392
287392
287392
287392
287392
287392
287392
287392
287392
287392
287392
287392
287392
287392
287392
287281
287228
287228
287228
287228
287228
287228
287228
287228
287228
287228
287228
287228
287228
287228
287228
286224
286224
286224
286224
286224
286224
286224
286224
286224
286224
286224
286224
286224
286224
286224
286224
286224
286224
283422
283422
283422
283422
283422
283422
283422
283422
283422
283422
283422
283422
281377
281377
281377
281377
281377
281377
281377
281377
281377
281377
281377
281377
281377
281377
281377
281377
281377
281377
281377
281109
281109
281109
281109
281109
281109
281109
281109
281109
281109
281109
281109
281109
281109
281109
281057
281057
281057
281057
281057
281057
281057
281057
281057
281057
281057
281057
279997
279997
279149
279149
279149
279149
279149
279149
279149
279149
279149
279149
279149
279149
279149
279149
279149
279149
279149
277984
277984
277984
277984
277984
277984
277984
277984
277984
277984
277984
277984
277984
277984
277984
277229
277229
277229
277229
277229
274398
274398
274398
274398
274398
274398
274398
274398
274398
273668
273668
273235
273235
272564
272564
272564
272564
272564
272564
272564
272564
272564
272564
272564
272564
272564
272564
272564
272564
272564
272564
272564
272111
272111
272111
272111
272111
272111
272111
272111
272111
272111
272111
271324
271324
271324
271324
271324
271324
271324
271324
271136
271136
271136
271136
271136
271136
271136
270170
270170
270170
270170
270170
270170
270170
270170
270170
270170
270170
270170
270170
270170
270170
270170
270170
270170
270092
270092
270092
270092
270092
270092
270092
270092
270092
270092
269439
269439
269439
269439
269439
269439
269439
269439
269439
269097
269097
269097
269097
269097
269097
269062
269062
269062
269062
269062
269062
269062
269062
269062
269062
269062
268719
268719
268719
268719
268719
268719
268719
268719
268719
268719
268719
268719
268719
268719
268719
268719
268719
268719
268719
267432
267432
267432
267432
267432
267432
267432
267432
267432
267432
267432
267432
267432
267432
267432
266650
266650
266650
266650
266650
266650
266650
266650
266650
266650
266293
266293
266293
266293
266293
266293
266293
266293
266293
266293
266293
266293
266293
266293
266293
266293
265236
265236
265236
265236
265236
265236
265236
265236
265236
265236
265236
265236
265236
265236
265236
263325
263325
263325
263325
263325
263325
263325
263325
263325
263325
263325
263325
263325
263325
263325
262503
262503
262503
262503
262503
262503
262503
262503
262503
262503
262503
261932
261932
261932
261932
261932
261932
261932
261932
261932
261932
261932
261932
261932
261913
261913
261913
261913
261913
261913
261913
261913
261913
261913
261913
260447
260447
260447
260447
260447
260447
260447
260447
260447
260447
260447
260447
260447
260447
260447
260447
260447
259468
259468
259468
259468
259468
259468
259468
259468
259468
259468
259468
259421
259421
259421
259421
259421
259421
259421
259421
259421
259421
259421
259421
259421
259421
259421
259160
259160
259160
259160
259160
259160
258674
258674
258674
258674
258674
258118
258118
258118
258118
258118
258118
258118
258118
258118
258118
258118
258118
258118
258118
258118
258118
258118
257847
257847
257847
257510
257510
257510
257510
257510
257510
257510
256634
256634
256634
256634
256634
256634
256634
256634
256547
256547
256547
256547
256547
256547
256547
256094
256094
256094
256094
256094
256094
255274
255274
255274
255274
255274
255274
255274
255274
255274
255274
255274
255274
255274
255274
255274
255274
255274
255274
255274
255274
254707
254707
254707
254685
254685
254685
254685
254685
254685
254685
254685
254685
254685
254685
254685
254685
254685
254161
254161
254007
254007
254007
254007
254007
252646
252646
252646
252646
252646
252646
252646
252646
252646
251194
251194
251194
251194
251194
251194
251194
251194
251194
251194
251194
251194
251194
251194
251194
251194
251194
251194
250623
250623
250623
250623
250623
250623
250623
250623
250623
250623
250623
250623
250623
250337
250337
250337
250337
250337
250337
250337
250337
247489
247489
247489
247489
247489
247489
247489
247489
247489
247489
247489
247489
247489
247489
247489
247489
246478
246478
246478
246478
246478
246478
246478
246478
246478
246478
246478
246478
246478
246478
246478
246478
245442
245442
245442
245442
245442
245442
245442
245442
245442
244593
244593
244456
244456
244456
244456
243926
243926
243926
243926
243926
243926
243926
242075
242075
242075
242075
242075
242075
240965
240965
240965
240965
240965
240965
240965
240965
240965
240965
240965
240965
240965
240965
240965
240965
240965
240539
240539
240539
240539
240539
240539
240208
240208
240208
240208
240208
240208
240208
240208
239074
239074
238355
238355
238355
238355
238355
238355
238355
238355
238355
238355
238355
238355
238355
238355
238355
238355
238355
235935
235935
235935
235935
235935
235935
235935
235935
235935
235935
235935
235935
235935
235935
235935
235935
235063
235063
235063
235063
235063
233768
233768
233768
233768
233768
233768
233768
233768
233768
233768
233768
233302
233302
233302
233302
233302
233302
233302
233302
233302
233302
233302
233302
233302
233302
233302
233302
233302
233302
233302
232600
232600
232600
232600
232600
232600
232600
232600
232600
232600
232600
232600
232600
232600
232600
232600
232600
232600
231928
231928
231928
231928
231928
231928
231928
231928
231928
231928
231928
231928
231492
231492
231492
231492
231492
231492
231492
231492
231492
231222
231222
231222
231222
231222
231222
231222
231222
231222
231222
231222
231222
231222
231222
231222
231222
231222
231222
231222
230669
230669
230669
230669
230669
230669
230669
230669
230669
230669
230669
230669
230669
230669
230669
230669
230669
230669
229794
229794
229794
229794
229794
229794
229794
229794
229794
229794
229794
229794
229794
229794
229794
228903
228903
228903
228903
228903
228903
228903
228903
228903
228903
228903
228903
228903
228903
228903
228903
228903
228013
228013
228013
228013
228013
228013
228013
228013
228013
228013
228013
228013
228013
228013
228013
228013
228013
228013
228013
228013
227523
227523
227523
227523
227523
227523
227523
227290
227290
227290
227290
227290
227290
227274
227274
227274
227274
227274
227274
227253
227253
227253
227253
227253
226939
226939
226939
226939
226939
226939
226939
226939
226939
226939
226939
226939
226532
226532
226532
226532
226532
226532
226532
226532
226532
226532
226532
226246
226246
226246
226246
226246
226188
225731
225731
225731
225731
225731
225731
225731
225731
225731
225731
225731
225731
225291
225291
225291
225291
225291
225291
225291
225291
225291
225291
225291
225291
225291
225291
225291
225291
224155
224155
224155
224155
224155
224155
224155
224155
224155
224155
224155
224155
224155
224155
222408
222408
222408
222408
222408
222408
222408
222408
222408
222408
222408
222408
222408
222408
222408
222408
222408
222408
221674
221674
221674
221674
221674
221674
221674
221674
221674
221674
221674
221674
221674
221602
221602
221602
221602
221602
221602
221602
221602
221602
221602
221602
221602
221602
221602
221602
221602
221602
221602
220728
220728
220728
220728
220559
220559
220559
220559
220559
220559
220559
220559
220559
220559
220559
220559
220559
220559
220559
220559
220559
220559
219069
219069
219069
219069
219069
219069
217093
217093
217093
217093
217093
217093
217093
217093
217093
217093
216413
216413
216413
216413
216413
216413
216413
216413
216413
216191
216191
216191
216191
216191
216191
216191
216191
216191
216191
216191
216191
215851
215851
215851
215851
215851
215851
215851
215851
215851
215851
215851
215851
215851
215851
215851
215851
215218
215218
215218
215218
215218
215218
215218
215218
215218
215042
215042
215042
215042
215042
215042
214844
214844
214844
214844
214844
214844
214844
214844
214844
214844
214844
214844
214844
213881
213881
213881
213881
213881
213881
213881
213881
213881
213881
213881
213881
213881
213881
213821
213821
213821
213821
213821
213821
213821
213821
213821
213821
213821
213821
213821
213821
213821
213821
213821
213821
213821
213790
213790
213790
213790
213790
212901
212901
212901
212901
212901
212901
212901
212901
212901
212901
212901
212901
212901
212901
212901
212901
212458
212458
212458
212458
212458
212458
212458
212458
212232
212232
212232
212232
212232
212232
212232
212232
212232
212232
211682
211682
211682
211475
211475
211475
211475
211475
211475
211475
211475
211475
211475
211475
211475
211475
211475
211475
211285
211285
211285
211285
211252
211252
211252
211252
211252
211252
211252
211252
211252
211252
211252
211252
211252
211252
211252
211252
211252
211252
209490
209490
209490
209490
209490
209490
209490
209490
209490
209490
209490
209490
209490
209490
209490
209490
209490
209490
209490
209490
206666
206666
206666
206666
206666
206666
206666
206666
206666
206666
206666
206354
206354
206354
206354
206354
206354
206354
206354
206354
206354
206354
206354
206354
206354
206354
203391
203391
203391
203391
203391
203391
203066
203066
203066
203066
203066
203066
202917
202917
202917
202917
201664
201664
201664
201664
201664
201664
201664
201664
201664
201664
201664
201664
201664
201664
201664
201664
201559
201559
201559
201559
201559
201559
201559
201559
201559
201559
201559
201559
201559
201559
201559
201559
201559
201559
199931
199931
199931
199931
199931
199931
199931
199931
199931
199931
199931
199931
199931
199931
199931
199931
198518
198518
198518
197967
197272
197272
197272
197272
197272
197272
196740
196740
196740
196389
196389
196389
196389
196389
196389
196147
196147
196147
196147
196147
196147
196147
196147
196147
196147
196147
196147
196147
196147
196147
196147
196147
196147
196147
196147
193975
193975
193975
193975
193975
193975
193975
193975
193975
193975
192794
192794
192794
192794
192794
191906
191906
191906
191906
191906
191906
191906
191906
191906
191906
191906
191906
191906
191906
191906
191906
191906
191906
191558
191558
191558
191558
191558
191558
191558
191558
191558
190734
190734
190734
190734
190734
190734
190734
190734
190005
190005
190005
190005
190005
190005
190005
190005
190005
190005
190005
188979
188979
188979
188979
188979
188979
188979
188979
188979
188979
188979
188979
188979
188979
188674
188674
188674
188674
188674
188674
188674
188308
188308
188308
188308
188308
188308
188308
188308
188308
188308
188308
188308
188308
188308
188308
188308
187770
187770
187770
187770
187770
187770
187770
187770
187770
187770
187770
187770
187770
187690
187690
187690
187690
187690
187690
187690
187690
187690
187690
187690
187690
187690
187690
187690
187690
187690
187690
187690
187359
187359
187359
187359
187359
187359
187359
187359
187359
187359
187359
187359
187359
185963
185963
185963
185963
185963
185963
185963
185963
185963
185963
185963
185963
185963
185569
185569
185569
185569
185569
185569
184270
184270
184270
184270
184270
184270
184270
184270
184011
184011
184011
184011
184011
184011
184011
184011
183597
183597
183597
183597
183597
183597
183597
183597
183597
183597
183597
183597
183597
183565
183565
183565
183565
183565
183565
183565
183565
183565
183565
183403
183403
183403
183403
183403
183403
183403
183403
181147
181147
181147
181147
181147
179982
179982
179982
179982
179982
179982
179982
179921
179921
179921
179921
179921
179921
179921
179921
179921
179921
179921
179921
179921
179921
179921
179741
179741
179741
179741
178964
178964
178964
178964
178964
178861
178861
178861
178861
178861
178861
178861
178861
178861
178861
178861
178861
178861
178861
178861
178275
178275
176787
176787
176787
176787
176787
174770
174770
174770
174770
174770
174770
174770
174770
174770
174770
174770
174770
174770
174770
174770
174770
174770
174770
174770
174770
173755
173755
173755
173755
173755
173557
173557
173557
173557
173557
173557
173557
173557
173557
173557
173437
173437
173437
173437
173437
173437
173437
173437
173437
173437
173437
173437
173437
173437
173437
173437
173437
173002
173002
173002
173002
173002
173002
173002
173002
173002
173002
173002
173002
173002
173002
171606
171606
171606
171606
171606
171183
171183
171183
171183
171183
171183
171183
171183
171183
171183
171183
171183
171183
169228
169228
169228
169228
169228
169228
169228
169228
169228
169228
169228
169228
169228
169228
168726
168726
168497
168497
168497
168497
168497
168497
168497
168497
168497
168497
168497
168497
168497
168497
168497
168497
167613
167613
167613
167613
167613
167613
167613
167613
167613
167613
167613
167613
167613
167613
167613
167613
167613
167613
167613
167613
167389
167389
167389
167389
167389
167389
167389
167389
167389
167389
167080
167080
167080
167080
167080
167080
166126
166126
166126
166126
166126
166126
166126
166126
166126
166126
166126
166126
165244
165244
165244
165244
165244
165244
165244
165244
165244
165244
165145
165145
165145
165145
165145
165145
165145
165145
165145
165145
165145
165145
165145
165145
165145
165145
165145
164550
164550
164550
164550
164550
164550
164261
164261
164261
164113
164113
164113
164113
164113
164113
164113
164113
164113
164113
164113
164113
164113
164113
163363
163363
163363
163363
163363
163363
163363
163135
162982
162982
162982
162982
162982
162982
162982
162982
162982
162982
162982
162982
162982
162857
162857
162857
162857
162857
162682
162682
162682
162682
162682
162682
162682
162682
162682
162682
162682
162682
162682
162682
161660
161660
161660
161660
161660
161660
160981
160981
160981
160981
160981
160981
160981
160981
160981
160981
160981
160981
160404
160404
160404
160404
160404
160404
160404
160404
160404
160404
160404
160404
160300
160300
160300
160300
160300
160300
160300
160099
160099
160099
160099
160099
160099
160099
158224
158224
158224
158224
158224
158224
158224
158224
158224
158224
158224
158224
158224
158224
158224
158224
158224
158224
157924
157924
157924
157924
157924
157924
157924
157924
157924
157924
157924
157924
157924
157924
157924
157924
157924
157924
157924
157924
157016
157016
157016
157016
157016
157016
157016
157016
157016
156538
156538
156538
156538
156538
156538
156538
156538
156538
155448
155448
155448
155448
155448
155448
155448
155448
155448
155448
155448
155448
155448
155448
155448
155448
155162
155162
155162
155162
155162
155162
155162
155162
155162
155162
155162
155162
155162
155162
155162
155162
155162
155162
155162
155162
154769
154769
154769
154769
154769
154769
154462
154462
154462
154462
154462
154462
154462
154462
154462
154462
154462
154462
154462
154462
154462
154462
153509
153504
153504
153504
153504
153504
153504
153504
153504
153504
153504
153504
153504
153504
153504
153504
153504
153504
153504
153504
153504
152805
152805
152805
152805
152805
152805
152805
152805
152653
152653
150246
150246
150246
149598
149598
149598
148515
148515
148515
148515
148515
148515
148515
148515
148515
148515
148515
147304
147304
147304
147142
147142
147142
147142
147142
147142
147142
147020
147020
147020
147020
147020
147020
147020
147020
147020
147020
147020
147020
147020
146608
146608
146608
146608
146608
146608
146608
146608
146608
146608
146608
146608
146608
146106
146106
146106
146106
146106
146106
146106
146106
146106
146106
146106
146076
146076
146076
146076
146076
146076
146076
146076
146076
146076
146076
146076
146076
146076
146076
146076
146076
146076
146076
145139
145139
145139
145139
145139
145139
145139
145139
145139
145139
145139
145139
145139
144977
144977
144977
144977
144977
144977
144977
144977
144977
144977
144977
144977
144977
144977
144977
144977
144977
144977
144977
144977
144490
144490
144490
144490
144490
144490
144490
144490
144490
144490
144490
144490
144490
144490
144490
144490
144490
144490
144490
144299
144299
144299
144299
144299
144299
144299
144299
144299
144299
144299
144299
144299
144299
144299
144299
144299
143735
143735
143735
140175
140175
140175
140175
140175
140175
140175
140175
140175
140175
140175
140175
140175
140175
140175
140175
140175
140175
140175
139213
139213
139213
139213
139213
139213
139213
139213
139213
139213
138053
138053
138053
138053
138053
138053
138053
138053
138053
138053
138053
138053
138053
138053
136863
136863
136863
136863
136863
136863
136863
136863
136863
136863
136863
136863
136863
136334
136334
136334
136334
136334
136334
136334
136334
136334
136334
136334
136334
136334
135812
135812
135812
135812
135812
135812
135812
135812
135812
135812
135812
135290
135290
135290
135290
135290
135290
135044
135044
135044
135044
134751
134751
134751
134751
134751
134671
134671
134671
134671
134671
134671
134671
134671
134671
134671
134671
134671
134621
134621
134621
134621
134621
134621
134220
134220
134220
134220
134220
134220
133920
133920
133920
133920
133920
133920
133920
133920
133644
133644
133555
133555
133555
133555
133555
133555
133555
133555
133555
133555
133497
133497
133497
133497
133497
133497
133497
133305
133305
133305
133305
133305
133305
131861
131861
131861
131861
131861
131861
131861
131861
131861
131861
131861
131861
131861
131861
131210
130326
130326
130326
130326
130326
130326
130326
130124
130124
130124
130124
129655
129655
129655
129655
129655
129655
129655
129655
129655
129655
129655
129655
129655
129655
129655
129655
129655
129319
129319
129319
129319
129319
129319
129319
129319
129319
129319
129319
129319
129319
129319
128943
128943
128943
128943
128943
128943
128943
128943
128943
128561
128561
128561
128561
128561
128561
128561
128561
128561
128561
128561
128561
128561
128561
127901
127901
127901
127901
127821
127821
127821
127821
127821
127821
127821
127821
127821
127821
126205
126181
126181
126181
126181
126181
126181
126181
126181
126181
126181
125991
125991
125991
125991
125991
125991
125991
125991
125991
125407
125407
125407
125407
125407
125407
125407
125407
125407
125407
125407
125074
125074
125074
125074
125074
125074
125074
125074
125074
125074
125074
125074
125074
125074
125074
124748
124748
124748
124748
124748
124748
124748
124748
124748
124748
124748
124748
124748
124748
124748
124748
124186
124186
124186
124186
124186
124186
124186
124186
124186
124186
124186
124186
124186
123663
123663
123663
123663
123663
123663
123663
123663
123663
123663
123265
123265
123265
123265
123265
121545
121545
121545
121545
121545
121545
121545
121545
121545
121545
121545
121545
121545
121545
120907
120907
120907
120907
120907
120907
120907
120907
120907
120907
120907
120907
120907
120907
120907
120907
120697
120697
120697
120677
120677
120677
120677
120677
120677
120677
119298
119298
119298
119108
118475
118475
118475
118475
118475
118475
118475
118475
118475
118475
118475
118475
118475
118475
118475
118475
118475
118475
118475
118475
117368
117368
117368
117368
117368
117368
117368
117368
117368
117368
117368
117368
117368
117368
117368
117368
117019
117019
117019
117019
117019
117019
117019
117019
117019
117019
117019
117019
117019
117019
117019
117019
117019
116830
116830
116830
116830
116830
116830
116830
116830
116830
116830
116830
116830
116830
115377
115377
115377
115377
115109
115109
115109
115109
115109
115109
115109
115109
115109
115109
115109
115109
114181
114181
114181
114181
114181
113806
113806
113608
113608
113608
113608
113608
113608
113608
113608
113608
112688
112688
112688
112688
112688
112027
112027
112027
112027
112027
112027
112027
112027
112027
112027
112027
112027
112027
112027
112027
111355
111355
111355
111355
111355
109768
109768
107561
107561
107561
107561
107561
107561
107561
107561
107561
107561
107561
107561
107561
107561
106940
106940
106940
106940
106940
106940
106940
106940
106940
106940
106940
106940
106940
106940
106940
106940
106822
106822
106822
106775
106775
106775
106775
106775
106775
106775
106775
106775
106775
106775
106165
106165
106165
106165
106165
106165
106165
105495
105495
105495
105495
105495
105495
105495
105495
105495
105495
105495
105495
105495
105495
105495
105495
105495
105173
105173
105173
105173
105173
105173
105173
105173
105173
105173
105173
105173
105173
105173
105173
105173
105173
105173
104621
104621
104621
104621
104621
104621
104621
104621
104621
104621
104621
104621
104621
104621
104621
104621
104621
104621
104621
103258
103258
103258
103258
103258
103258
103258
103258
103258
103258
103258
103258
103258
103258
103258
102789
102789
102789
102789
102789
102789
102789
102789
102789
102477
102477
102477
102477
102477
102477
102477
102477
102477
102477
102477
102325
102325
102325
102325
102325
102325
102325
102325
101453
101453
101453
101453
101453
101453
101453
101453
101453
101453
101453
101453
101453
101453
101453
101453
101453
100504
100504
100504
100504
100504
100504
100504
100504
100504
100504
99292
99292
99292
99292
99292
99292
99292
99292
99292
99292
99292
99292
99292
99292
99292
99292
99292
99292
99292
99292
98496
98496
98496
98496
98496
98496
98163
98163
98163
98163
98163
98163
98163
98163
98163
98163
98163
98163
98163
98163
98163
98163
98163
98163
98163
97814
97814
97814
97814
97814
97796
97796
97796
97796
97796
97796
97796
97796
97796
97434
97434
97434
97434
97434
97434
97434
97434
97434
97434
97434
97434
97434
97434
97434
97434
97434
97434
97434
96386
96386
96386
96386
96386
96386
96386
96386
95532
95532
95532
95532
95532
95532
95532
95532
95532
95532
95532
95532
95532
95532
95532
95532
95532
94579
94579
94579
94579
94579
94579
94579
94579
94579
94579
94579
94579
94579
94483
94483
94483
94483
94483
94483
94483
94483
94483
94483
94483
94483
94145
94145
93103
93103
93103
93103
93103
93103
93103
93103
93103
92716
92716
92716
92716
92716
92716
92716
92716
92716
92716
92204
92204
92204
92204
92204
92204
92204
92204
92204
90219
90219
90219
90219
90219
90219
90219
90219
90219
90219
90219
90219
90219
90205
89885
89885
89885
89885
89885
89885
89885
89885
89885
89885
89885
89885
89885
89885
89885
89885
89885
89885
88572
88572
88572
88572
88572
88572
88572
88572
88572
88572
88572
88334
88334
88334
88334
88334
88334
88334
88334
86743
86743
86724
86724
86724
86724
86724
86724
86724
86724
86724
86724
86724
86724
86724
86724
86724
86724
86220
86220
86220
86220
86220
86220
86220
85254
85254
85254
85254
83840
83840
83840
83146
83146
83146
83146
83146
83146
83146
83146
83146
83146
83146
83146
83146
83146
83146
83146
82730
82730
82569
82569
82569
82569
82569
82569
82569
82569
82569
82569
82569
82569
82569
82569
82569
82569
82569
82569
82316
82316
82316
82316
82316
82316
82316
82316
82316
82316
82316
82316
82071
82071
82071
82071
82071
82071
82071
82071
82071
82071
81675
81675
81675
81675
81675
81675
81675
81675
81675
81675
81675
81630
81630
81630
81630
81630
81630
81630
79923
79923
79923
79923
79923
79923
79923
79923
79923
79923
79923
79923
79732
79732
79732
79732
79732
79732
79732
79732
79732
79430
79430
79430
79430
79430
79430
79430
79430
79430
78839
78839
78839
78839
78839
78839
78839
78839
78839
78839
78839
78839
78839
78839
78839
78839
78701
78701
78701
78701
78701
78701
78701
78701
78701
78701
78701
78701
78701
78701
78701
78701
78701
78701
78010
78010
78010
78010
78010
78010
78010
78010
78010
76959
76959
76959
76959
76959
76959
76959
76959
76608
76608
76608
76608
76608
76608
76608
76608
76608
76608
76608
76608
76608
76608
76608
76608
76608
76608
76402
74826
74826
74826
74826
74826
74826
74826
74826
74826
74826
74826
74826
74826
74826
74826
74826
74826
74826
74826
74826
74816
74816
74816
74816
74816
74816
74816
74394
74394
74394
74394
74394
73823
73335
73335
73335
73335
73318
72865
72865
72865
72865
72865
72865
72865
72865
72865
72865
72865
72865
72865
72865
72865
72865
72865
72865
72789
72789
72789
72789
72789
72789
72789
72789
72789
72789
72789
72789
72789
72789
72789
72522
72522
72522
72522
72522
72522
71450
71450
71450
71450
71450
71450
71450
71450
71450
71450
71450
71450
71450
71450
71450
71450
71450
71450
71450
71450
71132
71132
71132
71132
71132
70019
70019
70019
70019
70019
68836
68836
68836
68836
68836
68836
68836
68836
68836
68836
68836
67596
67596
67596
67596
67596
67596
67596
67596
67596
67596
67232
67232
67232
67232
67232
67232
67232
67232
67232
67232
67232
67232
67232
67232
67232
67232
67232
67217
67217
67217
67217
67217
67217
67217
67217
67217
67217
67217
67217
67217
67217
67217
67217
66882
66882
66882
66882
66225
66225
66225
66225
66225
66225
66225
66225
66225
66225
66225
66225
66225
66225
66225
66225
66225
66225
66225
66058
66058
66058
66058
66058
66058
66058
65816
65816
65816
65816
65816
65816
65816
65816
65816
65816
65816
65816
65816
65816
65816
65816
65816
65168
65074
65074
65074
65074
65074
65074
65074
65074
65074
65074
65074
65074
65074
65074
65074
65074
65074
65074
65074
65074
64765
64765
64765
64765
64765
64765
64765
64765
64765
64765
64765
64765
64765
64765
64765
64765
64091
64091
64091
64091
64091
64091
64091
64091
64091
64091
64091
64091
64091
64091
64091
64091
64091
64091
64091
63328
63328
63328
63328
63328
63328
63328
63328
63328
63328
63328
63328
63328
63328
63328
63328
63328
63328
63328
63328
63105
63105
63105
63105
63105
63105
63105
63105
62549
62549
62549
62549
62549
62549
62549
62549
62549
62549
62549
60756
60756
60756
60756
60756
60756
60756
60756
60756
60756
60756
60756
60127
60127
60127
60127
60127
60127
60127
60127
60127
59321
59321
59321
59321
59321
59321
59321
59321
59321
59321
59321
59321
59321
59321
59321
59321
59321
59321
59321
58963
58963
58963
58963
58963
58963
58963
58963
58963
58963
56019
56019
56019
56019
56019
56019
56019
56019
56019
56019
56019
56019
55820
55820
55820
55820
55820
55820
55820
55532
55532
55532
55532
55532
55532
55532
55185
55185
55183
55183
55183
55183
55183
55183
55183
55183
55183
55183
55183
54114
54114
54114
54114
54114
54114
54114
54114
54114
54114
54114
53533
53533
53323
53323
53323
53323
53323
53323
53323
53323
53323
52475
52475
52475
52475
52475
52475
52475
52475
52475
52475
52475
52475
52475
52475
52475
52277
52277
52277
52277
52277
52277
52277
52277
52277
52277
52126
52126
52126
52126
52126
52126
52126
51625
51625
51625
51625
51625
51625
51625
51625
51625
51625
51625
51625
51625
51625
51625
51625
51625
51625
50009
50009
50009
49890
49890
49890
49890
49890
49890
49890
49890
49890
49890
49890
49890
49292
49292
49292
49292
49292
49292
49292
49292
49292
49292
49292
49292
49292
49292
49292
48016
48016
48016
48016
47978
47978
47948
47948
47948
47948
47948
47948
47948
47948
47948
47948
46951
46951
46951
46951
46951
46951
46180
46180
46180
45401
45401
45401
45401
45401
44894
44894
44894
44894
44894
44894
44894
44894
44894
44894
44894
44894
44894
44894
44894
44340
44340
44340
44340
44291
44291
44291
44291
44291
44291
44291
44291
44291
43418
43418
43418
43418
43418
43418
43418
43418
43418
43418
43418
43418
43418
42706
42706
42706
42706
42706
42706
42706
42706
42706
42706
42706
42706
42706
42706
41634
41634
41634
41634
41634
40989
40989
40989
40989
40989
40989
40989
40869
40869
40869
40869
40869
40869
40869
40869
40869
40869
40869
40869
40869
40869
40869
40869
40869
40480
40480
40480
40480
40480
40480
40480
40480
40480
40480
40480
40480
40480
40480
40480
40480
39749
39749
38930
38930
38930
38930
38930
38930
38930
38698
38698
38698
38698
38698
38698
38698
38698
38698
38698
38698
38698
38698
38698
38698
38698
36071
36071
36071
36071
36071
36071
36071
36071
36071
36071
34259
34259
34259
34259
34259
34259
34259
34259
34259
34259
34259
34259
34259
34259
34259
33115
33115
33115
33115
33115
33115
33115
33115
33115
33115
33115
33115
33115
33115
33115
33115
32872
32872
32872
32872
32872
32872
32872
32872
32872
31937
31937
31937
31937
31937
31937
29726
29726
29726
29726
29726
29726
29726
29726
29726
29726
29726
29726
29726
29726
29726
29726
29726
29726
29726
29606
29606
29606
29606
29606
29606
29606
29606
29606
29606
29606
29606
29606
29606
27938
27938
27938
27938
27938
27938
27938
27938
27938
27938
27938
27938
27938
27938
26712
26712
26712
26712
26712
26712
26712
26712
26712
26712
26712
26712
26103
26103
26103
26103
26103
26103
26103
26103
26103
25386
25386
25386
25386
25386
25386
25386
25386
25386
25386
25386
25386
25386
25386
25386
25386
24836
24836
24836
24836
24836
24836
24836
24836
24836
24836
24728
24728
24728
24728
24728
24728
24728
24728
24728
24728
24728
24728
24728
24728
23048
22977
22977
22977
22977
22977
22977
22977
22977
22977
21967
21967
21967
21967
21967
21967
21967
21753
21753
21753
21753
21753
21753
21753
21753
21753
21753
20734
20734
20734
20734
20734
20734
20734
20734
20734
19337
19337
19337
19337
19337
19332
19332
19332
19332
19332
19332
19323
19323
19323
19098
19098
19098
19098
19098
19098
19098
19098
19098
19098
19098
19098
19098
19098
19098
19098
19098
19098
19098
18361
18361
18361
18361
18361
18361
18361
18361
18361
18361
18361
18361
18361
18361
18361
16620
16620
16620
16620
16620
16620
16620
16620
16620
16620
16620
16620
16620
15800
15800
15800
15800
15800
15800
15800
15800
15800
15505
15505
15505
15505
15505
15505
15505
15505
15505
15505
15505
15505
14973
14973
14973
14973
14973
14973
14973
14973
14973
14973
14973
14973
14973
14973
14973
14973
14973
14973
14973
14973
13965
13965
13965
13965
13965
13965
13965
13965
13965
13965
13965
13965
13965
13965
13965
13965
13965
13566
13566
13566
13566
13566
13566
13566
13566
10140
10032
10032
10032
10032
9613
9613
9613
9613
9613
9613
9613
9613
9613
8826
8826
8826
8826
8826
6909
6909
6909
6909
6909
6909
6909
6909
6909
6909
6423
6423
6423
6423
6423
5766
5766
5766
5766
5766
5766
5766
5766
5766
5766
5766
5766
5036
5036
5036
5036
5036
5036
