1363
500000
332802
332802
332802
332802
332802
332802
332802
332802
332802
332802
332802
332802
332802
332802
332802
332802
332802
332802
332802
332802
331984
331984
331984
331984
331984
331984
331984
331984
331984
331984
331984
331984
331984
331984
331984
331984
331984
329194
329194
329194
329194
329194
329194
329194
329194
329194
329194
329194
329194
329194
329194
326884
326884
326884
326884
326884
319955
319955
319955
319955
319955
319955
319955
319955
319955
319955
319955
319955
319955
318042
309207
309207
309207
305541
305541
305541
305541
305541
305541
305541
305541
305541
305541
305541
305541
305541
305541
302974
302974
302974
302974
302974
302974
302974
302974
302974
302974
302974
302974
302974
302974
302974
302974
302974
302974
302974
301709
301709
301709
301709
301709
301709
301709
301709
301709
301709
301709
301709
301709
301709
301709
301578
301578
301578
301578
301578
301578
301578
301578
301578
301578
301578
301578
301578
301578
301578
301578
301578
301578
301578
301441
301441
301441
301441
301441
301441
301441
301441
301441
301441
301441
301441
301441
299246
299246
299246
299246
299246
299246
299246
299246
299246
299246
299246
299246
299246
299246
299246
299246
299246
299246
299246
298776
298776
298776
298776
298776
298776
298776
298776
298776
298776
298776
298776
298776
298776
294487
294487
294487
294487
294487
294487
294487
294487
294487
294487
294487
294487
294487
294487
294487
293632
293632
292069
292069
292069
292069
292069
292069
292069
292069
292069
292069
292069
292069
292069
292069
292069
292069
292069
291281
291281
291281
291281
291281
291281
291281
291281
291281
291281
291281
291281
291281
291281
291281
284638
284638
284638
284638
284638
284638
284638
284638
284638
284638
284638
282451
282451
282451
282451
282451
282451
282451
282451
282451
282451
282451
281273
281273
279017
279017
279017
279017
279017
279017
279017
279017
279017
279017
279017
279017
279017
279017
279017
279017
279017
279017
265244
264137
264137
264137
263782
263782
263782
263782
263782
263782
263782
263782
263782
263782
263782
263782
262767
262767
262767
262767
259034
251556
251556
251556
251556
251556
251556
251556
248631
248631
248631
248631
243462
243462
243462
243462
243462
243462
243462
243462
243462
243462
243462
243462
243462
243462
243462
243462
243462
243462
243462
242397
237172
237172
237172
237172
237172
237172
237172
237172
237172
237172
237172
237172
237172
237172
237172
236613
236613
236613
236613
236613
236613
236613
236613
236613
236613
236613
236613
234419
234419
234419
234419
234419
234419
234419
234419
234419
234419
234419
234419
234419
234419
234419
234419
234419
231517
231517
231517
231517
231517
231517
231517
231517
231517
231517
231517
231517
231517
231517
231517
231517
231517
228575
228575
224223
224223
224223
224223
221573
221573
221573
221573
221573
221573
221573
221573
221573
221041
221041
221041
221041
217525
217525
217525
217525
217525
217525
217525
217525
217525
217525
217525
217525
217525
217525
217525
217525
217525
217525
217525
217525
214498
214498
214498
214498
214498
214498
214498
214498
214498
214498
214498
214498
214498
214498
214498
214498
214498
214498
214498
214498
204124
204124
204124
204124
204124
204124
204124
204124
204124
204124
204124
204124
204124
204124
204124
201351
201351
201351
201351
201351
201351
201351
201351
201351
201351
201351
201351
201351
201351
201351
201351
201351
201351
198896
198896
198896
198896
198896
198896
198896
198896
198896
198896
198896
198896
198896
198896
198896
198896
198896
198505
198505
198505
198505
198505
198505
198505
198505
198505
198505
198505
198505
198505
198505
198505
198505
198505
198505
198505
191462
191462
191462
191462
191462
191462
191462
191462
191462
191462
186614
186614
186614
186614
186614
186614
185330
185330
185330
185330
185330
185330
185330
185330
185330
185330
185330
185330
185001
185001
185001
185001
185001
185001
185001
185001
185001
185001
185001
177626
177484
177484
177484
177484
177484
177484
177484
177484
177484
177484
177484
177484
177484
177328
177328
177328
177328
177328
177328
177328
177328
177328
177328
177328
177328
177328
177328
177328
177328
175822
175822
175822
174653
174653
174653
173727
173727
170747
170747
170747
170747
170580
170580
170580
170580
170580
170580
170580
170580
170580
170580
170580
170580
170580
170580
170580
170580
170129
170129
170129
170129
170129
170129
170129
170129
170129
170129
170129
169908
169908
164270
164270
164270
164270
164270
164270
164270
164270
164270
164270
164270
164270
164270
164270
161151
161151
161151
161151
161151
161151
161151
161151
161151
161151
151576
151576
151576
151576
151576
151576
151576
151576
151576
151576
151576
151576
151576
151576
149885
149885
149885
149885
149885
149885
149885
149885
144631
144631
144631
144631
144631
144631
144631
144631
143625
143625
143625
143625
143625
143625
143625
143625
143625
143625
143625
143625
142782
142782
142782
142782
142782
142782
142782
142782
142782
142782
142782
142782
141459
141459
141459
141459
141459
141459
141459
141459
141459
141459
141459
141459
141459
141459
141459
141331
141331
141331
141331
141331
141331
141331
138609
138609
138609
138609
138609
138609
138047
138047
138047
138047
138047
138047
138047
138047
138047
138047
138047
138047
138047
138047
138047
138047
138047
138047
138047
135217
135217
135217
135217
135217
135217
135217
135217
135217
135217
135217
135217
135217
135217
135217
135217
135217
135217
134765
134765
134765
134765
134765
134714
134714
134714
132956
132956
132956
132956
132956
132956
132956
132956
132956
132956
129457
129457
129457
129457
129457
129457
129457
129085
129085
129085
129085
128176
128176
128176
128176
128176
128176
128176
128176
128176
128176
128176
128176
128176
128176
128176
128176
128176
128176
128176
127963
127963
127963
127963
127963
127963
127963
127963
127963
127963
127963
127963
127963
127963
127963
127963
127963
127963
127963
127297
127297
127297
127297
127297
127297
127297
127297
127297
127297
123883
123883
123883
123883
123883
123812
123812
123812
123812
123812
123812
123812
123812
123812
123812
123812
123812
123812
123812
123812
123812
123812
123812
123812
123665
123665
123665
123665
123665
123665
123665
123665
123665
123665
123665
123665
123665
123665
123665
123665
123665
123665
117970
117970
117970
117970
117970
117970
117970
117970
117970
117970
117970
117970
117970
117970
117970
117970
115841
115841
115841
115841
115841
115841
115841
115841
115841
115841
115841
115841
115841
115841
115841
115841
115841
115841
109854
109854
109854
109854
109854
109854
109854
109854
109854
109854
109854
109854
109854
109854
109854
109854
109854
109854
109169
109169
109169
109169
109169
109169
109169
109169
109169
109169
109169
109169
109169
109169
109169
109169
109169
107501
107501
107501
107501
107501
104793
104793
104793
104793
104793
104793
104793
104793
104793
104793
104793
104793
104793
100995
100995
100995
100995
100995
100995
100995
100995
100995
100995
100995
100995
100995
100995
100995
100995
100995
100995
100335
100335
100335
100335
100335
100335
100335
100335
100335
100335
100335
99883
99883
99883
99883
99883
99883
99883
99883
99883
99883
99883
99883
99883
99883
99829
99829
99829
99829
99829
99829
99829
99829
99829
99829
99829
99829
99829
99829
99829
99829
99829
99829
98913
98913
98913
98913
98913
98913
98913
98913
98913
98913
98913
94202
93831
93831
93831
93831
93831
93831
93831
93831
93831
93831
93831
93831
93831
93831
93831
93831
92928
92928
92928
92928
92928
92928
92928
92928
92928
92928
92928
92928
91819
91819
91819
91819
91819
91819
91819
91819
91819
91819
91819
91819
91819
91819
91819
91819
91819
91819
91819
91748
91748
91748
91748
91748
91748
91748
91748
91748
91748
91748
91748
91748
91748
91748
91748
91748
90368
90368
90368
90368
90368
90368
90368
90368
90368
90368
90368
90368
90368
90368
90368
90368
90368
90226
90226
90226
90226
87683
87683
87683
87683
87683
87683
86754
86754
86754
86754
86754
86754
86754
86754
86754
86754
86754
86754
86754
86754
86754
86754
86754
86754
83908
76806
76806
76806
76806
76806
76806
72753
72753
72753
72753
72753
72753
72753
72753
72753
72753
72753
72753
72753
72753
72753
72753
72393
72393
72393
72393
72043
72043
72043
72043
72043
72043
72043
72043
72043
72043
72043
68327
68327
68327
68327
68327
68327
68327
68327
68327
68327
68327
68327
68327
68327
68327
68327
68327
64275
64275
64275
64275
64275
64275
64275
64275
64275
64275
64275
61628
61628
61628
61628
59778
59778
59007
59007
59007
59007
59007
59007
59007
59007
59007
59007
59007
59007
59007
59007
59007
59007
59007
52943
52943
52943
52943
52943
52943
52943
52943
44852
44852
41835
41835
41835
41835
41835
41835
41835
39102
39102
39102
39102
39102
39102
39102
39102
39102
39102
39102
39102
39102
39102
39102
39102
39102
39102
39102
39102
37780
37780
37780
37780
27485
27485
27485
27485
27485
27485
27485
27485
27485
27485
27485
24786
24786
24786
24786
24786
24786
22843
22843
22843
22843
22843
22843
22843
22843
22843
11905
11905
11905
11905
11905
11905
11905
11905
11905
11905
11905
11905
11905
11905
11905
11905
11905
11905
11905
7425
7425
7425
7425
7425
7425
7065
7065
7065
7065
7065
7065
5421
5421
5421
5421
5421
5421
5421
5421
5421
5421
5421
5421
5327
5327
5327
5327
5327
