1337
500000
329422
329422
329422
329422
329422
329422
329422
329422
329422
329422
329422
329422
327273
327273
327273
327273
327273
327273
327273
327273
326840
326840
326840
326840
323117
323117
323117
323117
323117
323117
323117
323117
323117
323117
323117
323117
322912
322912
322912
322912
322912
322912
322912
322912
322912
322912
322912
322912
322912
322912
322912
322912
322912
322912
319485
319485
319485
319485
319485
319485
313925
313925
313925
313925
313925
313925
313925
313925
313925
313925
313925
313925
313925
313925
313925
313925
313925
313925
310815
310815
310815
310815
310815
310815
310815
310815
310815
310815
310815
310815
310815
310815
310815
310815
310815
294403
294403
294403
294403
294403
294403
294403
294403
294403
294403
294403
294403
294403
294403
293572
293572
293572
291256
291256
291256
291256
291256
291256
291256
291256
291256
291256
291256
291256
291256
291256
291256
291256
291256
289976
289976
289976
289976
289976
289976
289976
288204
288204
288204
288204
288204
288204
288204
288204
288204
288204
288204
288204
288204
288204
288204
288204
288204
288204
288204
287073
286802
286802
286802
286802
286802
286802
286802
286802
286802
286108
286108
286108
286108
286108
286108
286108
286108
286108
286108
286108
286108
286108
283572
283572
283572
283572
283572
283572
283572
282927
282927
282927
282927
282927
282927
282927
282927
282927
282927
282927
282927
282927
282927
282927
282927
282927
282927
282927
282927
281898
281898
281898
281898
281898
279743
279743
279743
279743
279743
279743
279743
279743
279743
279743
279743
279743
279743
279743
279032
279032
279032
279032
279032
279032
279032
279032
279032
279032
279032
279032
279032
279032
279032
279032
279032
279032
279032
279032
275230
275230
275230
275230
275230
275230
275230
275230
273390
273390
273390
273390
273390
273390
273390
273390
273390
273390
273390
273390
273390
273390
273390
273390
273374
273374
273374
273374
273374
273374
273374
273374
267445
267445
267445
267445
267445
267445
267445
267445
267445
267445
267445
267445
267445
267445
267445
267445
267445
266119
266119
266119
266119
266119
266119
266119
266119
266119
266119
266119
266119
263071
263071
262935
262935
262935
262935
262935
262935
262935
262935
262935
262935
262935
262935
262935
262935
262935
262935
262935
259913
259913
259913
259913
259913
259913
259913
259913
259913
259913
259913
259913
259913
259913
259913
259913
259913
259913
254248
254248
254248
247756
247756
247756
247756
247756
247756
247756
247756
247756
247756
247756
243484
243484
242917
242917
242917
242917
242917
242917
240234
240234
240234
239383
239383
239383
239383
239383
238328
238328
238328
238328
238328
238328
238328
238328
238328
238328
238328
238328
238328
238328
238328
238328
238328
237752
237752
237752
237752
237752
237752
237752
237752
237752
237752
237752
237752
237752
237752
237752
237752
237752
237752
237752
236960
236960
236960
236960
236960
236960
236960
236960
236960
236960
236960
236960
236960
231519
231519
231519
231519
231519
231519
231519
231519
231519
231519
231519
231519
231519
231519
231519
228878
228878
228878
228878
228878
228878
228878
228878
228878
228878
227214
227214
227214
227214
227214
227214
227214
227214
227214
227214
227214
227214
227180
227180
227180
227180
227180
227180
227180
227180
227180
227180
227180
227180
227180
227180
227180
227180
227180
227180
218354
218354
218354
218354
218354
218354
218354
218354
218354
218354
218354
218354
218354
218354
218323
218323
218323
218323
211702
211702
211702
211702
211702
211702
211702
211702
211702
211702
211702
211702
211702
211702
211702
211702
211604
211604
211604
211604
211604
211604
211604
211604
211604
211604
211604
211604
211604
211604
211604
211604
211604
211604
207990
207990
207990
207990
206268
202785
202785
202785
202785
202785
202785
202785
202785
202785
202785
202785
202785
202785
202785
202785
202785
202785
202785
190381
190381
190381
190381
190381
190381
190381
190381
190381
190093
190093
190093
190093
190093
190093
185314
185314
185314
185314
185314
185314
185314
185314
185314
185314
185314
185314
185314
185314
185314
185314
185314
185314
185314
182430
182430
182430
182430
182430
182430
180311
180311
180311
180311
180311
180311
180311
180311
180311
180311
180311
180311
180311
180311
180311
180311
180311
180311
180017
180017
177656
177656
177656
177656
177656
177656
177656
177656
177656
177656
177656
177656
177656
177656
175314
175314
175314
175314
175314
175314
175314
175314
175314
175314
175314
175314
175314
175314
175314
175314
175314
175314
175314
175314
171255
171255
169173
169173
169173
169173
169173
168073
168073
168073
168073
168073
168073
168073
168073
168073
168073
168073
168073
168073
168073
168073
168073
168073
168073
166640
166640
166640
166640
166640
166640
166640
166640
166640
166640
164074
164074
164074
164074
164074
164074
164074
164074
163751
163751
163751
163751
163751
163751
163751
163751
163751
163751
163751
163751
163751
163751
163751
163664
163664
163664
155598
155598
155598
155598
155598
155568
155568
155568
155568
155568
155568
155568
155568
155568
155568
155568
155568
155568
155568
155568
155568
155568
155568
155568
154246
154246
154246
154246
154246
154246
154246
144656
144656
144656
144656
144656
144656
144656
144656
143398
143398
143398
143398
143398
143398
143398
143398
143398
143398
143398
143398
143398
143398
143398
143398
139537
139537
139537
139537
139537
139537
139537
139537
139537
137792
137792
137200
137200
137200
137200
137200
137200
137200
137200
137200
137200
137200
137200
137200
137200
137200
137200
129746
129746
129746
129746
129746
129746
129746
129746
129746
129746
129746
129746
129746
129746
129746
129746
129746
129746
129654
129654
129654
129654
129654
129654
129654
129654
129654
129274
129274
129274
129274
128172
128172
128172
128172
128172
128172
128172
128172
128172
128172
128172
128172
127223
127223
127223
127223
127223
127223
127223
127223
127223
127223
127223
123793
123793
123793
123793
123793
123793
123793
123793
121483
121483
121483
121483
121483
121483
121483
121483
121483
121483
121483
121483
121483
121483
121483
121483
121483
121483
119808
119808
119808
119808
119808
119808
119808
119808
119808
119808
119808
119808
119808
119808
119808
119808
119808
119808
119808
119808
119006
119006
119006
119006
119006
119006
119006
119006
119006
119006
119006
119006
119006
119006
119006
118475
118475
118475
118475
118475
118475
118475
118475
118475
118475
118475
118475
118475
118475
118431
118431
118431
118431
118431
118431
118431
118431
118431
118431
118431
118431
118431
114267
114267
114267
114267
114267
113880
113880
113880
113880
113880
113880
113880
113880
113880
113880
113656
113656
113656
113656
113656
113656
113656
113656
113656
113656
113656
113656
113656
111195
111195
111195
111195
111195
111195
111195
111195
111195
111195
111195
111195
111195
111195
111195
111195
111195
111195
106112
106112
106112
106112
106112
105564
105564
105564
105564
105564
105564
105564
105564
105564
105564
105564
105564
105564
104393
104393
104393
104393
104393
104393
104393
104393
104393
104393
104393
104393
104393
104393
104393
104393
104393
104393
104393
104393
98229
98229
98229
98229
98229
98229
98229
95514
95514
95514
95514
95514
95514
95514
95514
95514
95514
95514
95514
93863
93863
93863
89590
89590
89590
89590
89182
89182
89182
88878
88878
88878
88878
88878
88878
88878
88878
88878
88878
88878
88878
88878
88878
88878
88878
88878
88878
87314
87314
87314
87314
87314
87314
87314
87314
87314
87314
87314
87314
85868
85868
85868
85868
85868
85868
85868
85868
85868
85868
85868
85868
85868
85868
85263
85263
78970
78970
78970
78970
78970
78970
78970
78970
78970
78970
78970
78143
78081
78081
78081
76405
76405
76405
76405
76405
76405
76405
76405
76405
76405
76405
76405
76405
76405
76405
76405
76405
76405
75064
75064
75064
75064
75064
75064
75064
75064
75064
75064
75064
75064
75064
75064
75064
75064
75064
70897
70897
70897
70897
70897
70897
69517
69517
69517
69517
69517
69517
69517
69517
69517
69517
69517
59678
59678
57455
57455
57455
57455
57455
57455
57455
57455
57455
57455
57455
57455
54942
54942
54942
54942
54942
54942
54942
54942
54942
54942
54942
54942
46876
46876
46876
46876
46876
46876
46876
46876
46876
46876
46876
46876
46876
46876
46876
46876
46876
46876
46876
42251
42251
42251
42251
42251
42251
39217
39217
39217
39217
39217
39217
39217
39217
39217
39217
39217
39217
39217
39217
39217
39217
35041
35041
35041
35041
35041
35041
35041
35041
35041
35041
35041
35041
35041
32485
32485
32485
32485
32485
32485
32485
32485
32485
32485
32485
32485
29060
29060
29060
29060
29060
29060
29060
29060
29060
29060
29060
29060
29060
29060
29060
29060
29060
29060
29060
28875
28875
28875
28875
28875
28875
28875
28875
28875
28875
28875
28875
28875
28875
28875
28875
28875
28875
28875
23255
23255
22853
22853
22853
22853
20587
20152
20152
20152
20152
20152
20152
9683
9683
8784
8784
8784
8784
8784
8784
8784
5835
5835
5835
5835
5835
5835
5835
5835
5835
5835
5835
5639
5639
4028
4028
4028
4028
4028
4028
4028
4028
4028
4028
4028
4028
4028
4028
4028
4028
