5203
500000
332925
332925
332925
332925
332925
332925
332925
332925
332925
332925
332925
332925
332790
332790
332790
332790
332790
332790
332790
332790
332790
332790
332790
332790
332790
332790
332790
332790
332790
332790
332790
331926
331926
331926
331926
331926
331926
331926
331926
331926
331926
331869
331869
331869
331869
331869
331869
331869
331869
331869
331869
331869
331869
331399
331399
331399
331399
331399
331399
331399
331399
331399
331399
331399
331399
331366
331366
331366
331366
331366
331366
331366
331366
331366
331366
331366
331366
331366
330497
330497
330497
330497
329905
329905
329905
329905
329905
329905
329905
329905
329905
329905
329905
329905
329905
329905
329905
329905
329905
329905
329905
329229
329229
329229
329229
329229
329229
329229
329229
329229
329229
329229
328621
328621
328621
328621
328621
328621
328621
328621
328621
328621
328621
328621
328621
328621
327509
327509
327509
327509
327509
327509
327509
327509
327509
327509
327509
327509
326096
326096
326096
326096
326096
326096
325325
325325
325325
325325
325325
325325
325325
325325
325325
325325
325325
325325
325325
325325
325325
325325
325325
325031
325031
325031
325031
324188
324188
324188
324188
324188
324188
324188
324188
324188
324188
324135
324135
324135
324135
324135
324135
324135
324135
324135
324135
324135
324135
323952
323952
323952
323952
323952
323952
323952
323952
323952
323952
323798
323798
323798
323742
323742
323742
323742
323742
323742
323742
323742
323742
323742
323742
323742
323742
323742
323742
323742
323742
323742
323742
323742
323646
323646
323646
323646
323646
323646
323646
323646
323646
323646
323646
323646
323646
323525
323525
323525
323525
323525
323525
323525
323525
323525
323525
323525
323525
323525
323525
323525
323525
323525
323195
323195
323195
322797
322797
322797
322797
322797
322797
322797
322797
322797
322797
322797
322797
322797
321871
321871
321871
321871
321871
321871
321871
321871
321829
321829
321829
321829
321829
321829
321829
321590
321590
321590
321590
321590
321590
321590
321590
321590
321590
321590
321590
321590
321590
321590
319937
319937
319937
319937
319937
319937
319937
319937
319937
319889
319889
319889
319889
319889
319889
319889
319889
319889
319889
319889
319889
319889
319889
319889
319889
319889
319889
319889
319679
319679
319679
319679
319679
319679
319679
319679
319679
319679
319679
319679
319679
319679
319679
319679
319679
319679
319679
319679
319574
319574
319574
319007
319007
319007
319007
318655
318655
318655
318655
318655
318655
318655
318655
318655
318655
318655
318655
318655
318655
318647
318647
318647
318647
318647
318647
318647
318647
318647
318647
318647
318647
318647
318647
318647
318647
318647
318647
318407
318407
317326
317326
317326
317326
317326
317326
317326
317326
317326
317326
317326
317326
317326
317326
317326
317326
316634
316634
316634
316634
316634
316634
316634
316634
316634
316634
316634
316634
316634
316634
316634
316634
316634
316634
316634
315956
315956
315956
315956
315956
315956
315956
315956
315956
315101
315101
315101
315101
315101
315101
311133
311133
311133
311133
311133
311133
311133
311133
311133
311133
311133
311133
309928
309928
309928
309928
309928
309928
309928
309928
309928
309928
309928
309928
309928
309434
309434
309434
309434
309434
309434
309434
309434
309434
309434
309434
307351
307351
307351
307351
307351
307351
307351
307351
307351
307351
307351
307351
307351
307351
307351
307351
307351
307351
307351
306784
306784
306784
306784
306784
306784
306784
306784
306784
306784
306784
306784
306784
306784
306784
306784
306451
306451
306451
306451
306451
306451
306451
306451
306451
306451
306451
305150
305150
305150
305150
304982
304982
304982
304982
303724
303724
303724
303724
303724
303724
303724
302930
302930
302930
302930
302930
302930
302930
302930
302754
302754
302754
302754
302754
302754
302754
302754
302754
302754
302754
302754
302754
302754
302451
302451
302451
302451
302451
302329
302329
302329
302329
302329
302329
302329
302329
302329
302329
302329
302329
302329
302329
302329
302329
302329
302329
302329
301358
301358
301358
301358
301358
301358
301358
301358
301358
301358
301358
301358
301358
301358
301358
301358
301358
301358
301358
299710
299710
299710
299710
299710
299710
299710
299710
299054
299054
299054
299054
299054
299054
299054
299054
299054
299054
297891
297891
297891
297891
297891
297891
297891
297891
297891
297891
297891
297891
297891
297891
297685
297685
297685
297685
297685
297176
297176
297176
297176
297176
297176
297176
297176
297176
297176
297176
297176
297176
297176
297176
297176
297176
297176
297176
297176
297016
297016
297016
297016
297016
297016
297016
296116
296116
296116
296116
296116
296116
296116
296116
296116
296116
296116
296116
296116
296116
296116
296116
296116
295275
295275
295275
294056
292430
292430
292430
292430
292430
292430
292430
292430
292430
292430
292430
292430
292430
292430
292430
292430
292430
292430
292430
291622
291622
291622
291622
291622
291622
291622
291622
291622
291622
290636
290636
290636
290636
290636
290636
290636
290636
290636
290636
289853
289853
289853
289853
289853
289853
289853
288605
288605
288605
288605
288605
288605
288605
288605
288605
288605
288605
288605
288605
288605
288605
286897
286897
286897
286897
286897
286897
286897
286897
286897
286897
286897
286897
286272
286272
286272
286272
286272
285004
285004
285004
285004
285004
285004
285004
285004
285004
285004
285004
285004
285004
285004
285004
285004
285004
285004
284778
284778
284778
284778
284778
284778
284778
284778
284778
284778
284778
284778
284778
284778
284778
284778
284475
284475
284475
284475
284475
284475
284475
284475
284475
284475
284475
284475
284475
284475
284475
284475
284475
284475
284329
284329
284329
284329
284329
284329
284329
284329
284329
284329
284329
284329
284329
284329
284329
284329
284329
284329
284329
284329
283619
283108
283108
283108
283108
283108
283108
283108
283108
283108
283108
283108
283108
283108
283108
283108
283108
283108
283108
282978
282944
282944
282944
282944
282944
282944
282944
282944
282944
282944
282944
282944
282944
282944
282944
282944
282944
282944
281582
281582
281582
281582
281582
281145
281145
281145
281145
281145
281145
281145
281145
281145
281145
281145
281145
281145
281145
281145
281145
281145
281145
281145
280581
280581
280581
280581
280581
280581
280581
280581
280581
280581
280581
280581
280581
280581
280581
280581
279915
279915
279915
279915
279915
279915
279915
279915
279915
279915
279915
279915
279915
279915
279915
279915
279915
279714
279714
279714
279714
279555
279555
279555
279555
279555
278955
278955
278932
278932
278932
278406
278406
278406
278406
278406
278406
278406
278406
278406
278406
278406
278406
278406
278406
278406
278406
278406
278406
278406
278406
277081
277081
277081
277081
277081
277081
277081
277081
277081
277081
277081
277081
277081
277081
276907
276554
276554
276554
276554
276554
276554
276554
276554
276554
276538
276538
276538
276538
276538
276538
276538
276538
276538
274996
274996
274996
274924
274924
274924
274924
274924
274924
274924
274921
274921
274921
274921
274921
274921
274921
274921
274921
274921
274921
274921
274921
274921
274921
274730
274730
274730
274730
274730
274730
274730
274730
274730
274730
274730
274730
274730
273511
273511
273511
273511
273511
273511
273511
273511
273511
273511
273511
273511
273511
273511
273511
273511
273511
273511
273275
273275
273275
273275
273275
273275
273275
273275
273275
273275
273275
273275
273275
273275
273275
273275
272031
272031
272031
272031
271714
271714
271714
271714
271714
271714
271714
271714
271714
271714
271714
271714
271714
271714
271714
271401
271401
271401
271401
271401
271401
271401
271401
271401
271401
271401
271401
271401
271401
271401
271401
271401
271239
271239
271239
271239
271239
271239
271239
271239
271239
271239
271239
271239
271239
271239
271207
271207
271207
271207
270188
270188
270188
270188
270188
270188
270188
270188
270188
270143
270143
270143
270143
268681
268681
268681
268681
268257
268257
268257
268257
268257
268257
268257
268257
268257
268257
268257
268257
268257
268257
268257
268257
267676
266043
266043
266043
266043
266043
266043
266043
266043
266043
266043
266043
266043
266043
266043
266043
266043
266043
266043
266043
266043
265073
265073
265073
264232
264232
264232
264232
264232
264232
264232
264232
264232
264232
263983
263983
263983
263983
263293
263293
263147
263147
263147
263147
263147
263147
263147
263147
263147
263147
261727
261727
261727
261727
261727
261727
261727
261727
261727
261727
261727
261436
261436
261436
261436
261436
261436
261436
261436
260175
260175
260175
260175
260175
260175
260175
260175
259212
259212
259212
259212
259212
259212
259212
259212
259212
259212
259212
259212
259212
259212
259212
259212
259212
258760
258525
258525
258525
258525
258517
258517
258517
258517
258517
258517
258517
258517
258517
258517
258065
258065
258065
258065
258065
258065
258065
258065
258065
258065
258065
258019
258019
258019
258019
258019
258019
258019
258019
258019
258019
258019
258019
258019
258019
258019
257971
257971
257971
257971
257971
257971
257971
257971
257971
257971
257971
257971
257971
257971
257752
257752
257752
257752
257752
257752
257752
257752
257752
257752
257752
257752
257752
257752
257752
257752
257752
257752
257752
257752
256113
256113
256113
256113
256113
256113
256113
256113
256113
256113
256113
256113
256113
256113
256113
256113
255556
255556
255556
255556
255556
255556
255556
255556
255556
255556
255556
255556
255556
255556
255556
255556
255556
255556
255556
255556
255447
255447
255447
255237
255237
255237
255237
255237
255237
255237
255237
255237
255237
255237
255237
255237
255034
255034
255034
255034
255034
255034
255034
255034
255034
255034
255034
255034
254485
254485
254485
254485
254485
254485
254485
254485
254485
254485
254485
254163
254163
254163
254163
254163
254163
254163
254163
254163
254163
254163
254163
254163
254163
254163
254163
254163
254163
254163
254163
252408
252408
252408
252408
252408
252408
252408
252408
252408
252408
252408
252408
252408
252215
252215
252215
252215
252215
252215
252215
252215
252215
252215
252215
252215
252215
252215
252215
252215
252215
252215
251387
251387
251387
251387
251387
251387
251387
251387
251387
251387
251387
251387
251345
251345
251345
251345
251345
251345
251345
251345
251294
251294
251294
251294
251294
251294
251294
251294
251294
251294
251294
251294
251294
251294
251294
251294
251294
251294
251294
251294
251194
251194
251194
251194
251194
251194
250690
250690
250690
250690
250690
250690
250575
250575
250575
250575
250575
249304
249304
249304
249304
249304
249304
249304
249304
249304
248825
248825
248825
248825
248825
248825
248825
248825
248825
248825
248825
248825
248825
248825
248079
248079
248079
247612
247612
247612
247612
247612
247612
247612
247612
247612
247612
247612
247612
247612
247612
247612
247612
247612
247612
247612
247612
247379
247379
247379
247379
247379
247379
247379
247379
247379
247379
247379
247379
247379
247379
247379
247379
247379
246608
246608
246608
246608
246608
246608
246608
246608
246238
246238
246238
246238
246238
246238
246238
246238
246238
246238
246238
246238
246238
246238
246238
246238
246238
246238
246238
246188
246188
246188
246188
246188
246188
246188
246188
246188
246139
246139
246139
245351
245351
245351
245351
245351
245351
245351
245351
245351
245351
245351
245351
245351
245351
245351
245351
245351
245351
245351
245136
245136
245136
245136
245136
245136
245136
245136
245136
245136
245136
245136
244421
244421
244421
244421
244421
244421
244421
244421
244421
244421
243346
243346
243346
243346
243346
242931
242931
242931
242931
242931
242931
242894
242894
241378
241378
241378
241378
241378
241378
241378
241378
241378
241378
241378
241378
241378
241207
241207
241207
241207
241207
241207
241207
241207
241207
241207
241207
241207
241207
240793
240793
240793
240793
240793
240793
240793
240566
240566
240566
240566
240566
240566
240566
240566
240566
240566
240566
240566
240566
240566
240566
240566
240182
238623
238623
238623
238623
238623
238623
238623
238623
238623
238623
238623
238623
238623
238623
238623
238623
237863
237863
237863
237863
237863
237863
237863
237863
237863
237863
237863
237863
237863
237863
237863
237863
237863
237863
237863
237234
237234
237234
237234
237234
237234
237234
237234
237234
237234
237234
237234
237234
236817
236817
236817
236817
236817
236817
236817
235143
235143
235143
235143
235143
235143
235143
235143
235143
235143
235143
235143
235143
235143
235143
233785
233785
233785
233785
232941
232941
232941
232941
232941
232941
232550
232550
232550
232550
232550
232550
232550
232121
232121
232121
232121
232121
232121
232121
232121
231807
231807
231807
231807
231807
231807
231807
231807
231807
231807
231807
231807
231807
231807
231807
231715
231715
231715
231715
231715
231715
231715
231063
231063
231063
231063
231063
231063
231063
231063
231063
231063
227917
227917
227917
227917
227917
227917
227917
227917
227917
227917
227917
227917
227917
227917
227917
227250
227250
227250
227250
227250
227250
227250
226443
226443
226443
226443
226443
226328
226328
226328
226328
226328
224979
224924
224924
224924
224820
224820
224820
224820
224820
224820
224820
224820
224820
224773
224773
224773
224773
224773
224773
224625
224625
224625
224625
224625
224273
224273
224273
224273
224273
224273
224273
224273
224273
224273
224273
224273
224273
224273
224273
223630
223630
223630
223630
223630
223630
223467
223467
223467
223467
223467
223467
223467
223467
223467
223467
223467
223467
223467
223284
223284
223284
223284
223284
223284
223284
223284
223284
223284
221440
221440
221440
221440
221440
221440
221440
221440
221440
221440
221440
221440
221440
221440
221440
220482
220482
220482
220482
220482
220482
220482
220482
220482
220482
220482
220482
220482
220482
220482
220482
220482
220482
220482
218822
218822
218822
218822
218822
218822
218822
218822
218822
218822
218822
218822
218822
218822
218822
218595
218595
216002
216002
216002
216002
216002
216002
216002
216002
216002
216002
216002
216002
216002
216002
216002
216002
215014
215014
215014
215014
215014
215014
212212
212212
212212
212212
212212
212212
212212
212212
212212
212150
212150
212150
212150
212150
212150
212150
212150
212150
212150
212150
212150
212150
212150
212150
212022
212022
212022
212022
212022
212022
211547
211547
211547
211327
211327
211327
211327
211108
211108
211108
211108
211108
211108
211108
211108
211108
211108
211108
211108
211108
210739
210739
210739
210739
210739
210739
210739
210406
210406
210406
210406
210406
210406
210368
210368
210368
210368
210368
210368
210368
210368
210368
210368
210368
210368
207532
207532
207532
207532
207532
207532
207532
207532
207532
207532
207532
207532
207532
207532
207532
207532
207532
207532
207532
207532
207096
207096
207096
207096
207096
207096
207096
207096
207096
207096
207096
207096
207096
207096
207096
207096
207096
207096
206601
206601
206601
206601
206601
206601
206601
206601
206601
206601
206601
206601
206601
206601
206601
206601
206601
206455
206455
206455
206455
206455
206455
206455
206455
206455
206455
206455
206455
206455
206455
206455
206455
206455
206455
206455
206455
203670
203670
203670
203670
203670
203670
203670
203670
203670
203670
203670
203670
203670
203449
203449
203323
203323
203323
203323
203323
203323
203323
203323
203323
203323
203323
203323
203323
203323
203323
203323
203323
202690
202690
202690
202690
202690
202272
202272
202272
202272
202272
202272
202272
202272
202272
202272
202272
202272
202272
202272
202272
201945
201945
201945
201945
201945
201945
201945
201945
201945
201945
201945
201945
201945
201945
201945
201945
201945
201945
201945
201945
201584
200401
200401
200401
200401
200401
200401
200401
200401
200401
200401
200401
200401
200401
200401
200401
199732
199732
199732
199732
199732
199318
199318
199318
199318
199318
199318
199318
199318
199318
199318
199318
199318
199318
199318
199318
199318
199206
198710
198710
198710
198710
198710
198710
198710
198710
198710
198710
198710
198710
198710
198710
198710
198710
198710
198710
197751
197751
197751
197751
197751
197751
197751
197751
197751
197751
197751
197751
197751
197751
197751
197751
197751
197751
197751
197210
197210
197210
197210
197210
197210
197210
197210
197210
197210
197210
197210
196359
195936
195936
195936
193723
193723
193723
193723
193723
193723
193723
193723
193723
193723
193295
193295
193295
193295
193295
193295
193295
193295
193295
193295
193295
193295
193295
193295
193295
193295
193295
192779
192779
192779
192779
192779
191462
191462
191462
191462
191462
191462
191462
191462
191462
191462
191462
191462
191462
191462
191462
191462
191462
191462
191462
191462
190868
190868
190868
190868
190868
190868
190868
190868
190868
190868
190868
190868
190868
190868
190868
190868
190868
190868
190868
189905
189905
189905
189905
189600
189600
189600
189600
189600
189600
189600
189600
189600
189600
189321
189321
189321
189321
189321
189321
189321
189321
189321
189321
189321
189321
189147
189147
189147
189147
189147
189147
189147
188081
188081
188081
188081
188081
188081
188081
187561
187561
187561
187561
187561
187561
187561
187561
187561
187561
187561
187561
187561
187561
187561
186977
186977
186977
186977
186977
186977
186977
186977
186977
186977
186977
186977
186977
186977
186977
186977
186977
186977
186202
186202
186202
186202
186202
186202
186202
186202
186202
186202
186202
186073
186073
186073
186073
186073
186073
186073
186073
186073
186073
186073
186073
186073
186073
186073
186073
186073
186073
186073
185648
185648
184718
184718
184718
184718
184718
184718
184718
183704
183704
183704
183704
183704
183704
183704
183704
183704
183704
183704
183704
183704
183704
183704
183704
183704
183704
183704
183460
183460
183460
183460
183460
183460
183460
183460
183460
183460
183460
183460
183460
183460
183460
183460
183460
183460
183204
183204
183204
183204
183204
183204
183204
183204
183204
183204
183204
183204
183204
183204
183204
183204
183204
183204
183161
183161
183161
183161
183161
182976
182976
182976
182976
182976
182976
182976
182976
182976
182976
182976
182976
182976
182976
182976
182976
182976
182976
182631
182491
182491
182491
182491
182491
182452
182452
182452
181371
181371
181371
181371
181371
181371
181371
181371
181371
181371
180152
180152
180152
180152
180152
180152
179622
179622
179622
179622
179622
179622
179622
179622
179622
179382
179382
179382
179382
179382
179382
179382
179382
177645
177645
177645
177645
177645
177645
177645
177645
177645
177645
177645
177645
177645
177645
177645
177645
177165
177165
177165
177165
177165
177165
177165
177165
177165
177165
177165
177165
177165
177165
177165
177165
177165
177150
177150
177150
177150
177150
177150
177150
177150
177150
177150
177150
177150
177150
175917
175917
175435
175435
175435
175435
175435
175435
175435
175435
175435
175435
175435
175435
175435
175435
175435
175435
175435
175435
175435
175084
175084
175084
175084
175084
175084
175084
175084
175084
175084
175084
175084
175084
175084
175084
175084
174981
174981
174981
174981
174981
174955
174955
174955
174955
174955
174955
174955
174955
174955
174955
174955
174955
174955
174955
174955
174955
174955
174955
174791
174786
174786
174786
174786
174786
174786
174786
174786
174786
174786
174786
174786
174786
173671
173284
173284
173284
173284
173284
173284
173284
173284
173284
173284
173284
173284
173284
173284
173284
173284
172923
172923
172923
172923
172923
172923
172923
172923
172923
172864
172864
172864
172864
172864
172864
172864
172864
172864
172864
172864
172864
172815
172815
172815
172815
172815
172815
172815
172765
172765
172765
172765
172765
172765
172765
172765
172765
172765
172765
172765
172765
172741
169710
169710
169710
169710
169710
169710
169710
168980
168980
166219
166219
166219
166219
166219
166219
166219
166219
166219
166219
166219
166219
166219
166219
164431
164431
164431
164431
164431
163406
163406
163406
163406
163406
163406
163406
163406
163406
163406
163406
163406
163406
163406
163406
163406
163406
163406
161142
160871
160871
160871
160871
160871
160871
160871
160871
160871
160871
160871
160105
160105
159308
156595
156595
156595
156595
156595
156595
155314
155314
155314
155314
155314
155314
155314
155314
155314
155314
155314
155314
155314
155314
155314
155314
155314
155314
155314
155314
152919
152919
152919
152919
152919
152919
152919
152919
152919
152798
152798
152798
152798
152798
152798
152798
152798
152798
152798
152798
152798
152798
152798
152798
150709
150709
150709
150709
150709
150709
150709
149719
149719
149218
149218
149218
149218
149218
149218
149218
149218
149218
149218
149218
149218
149218
149218
149218
149218
149218
148504
148504
148504
148504
148504
148504
148504
148504
148504
148129
148129
148129
148129
148129
148129
148129
148129
148129
148129
148129
148129
148129
148126
148126
148126
148126
148126
148126
148126
148126
147649
147649
147649
147649
147649
147649
147649
147649
147649
147649
147649
147649
147649
147649
147649
147649
147649
147649
147649
147649
147577
147577
147577
147577
147577
147577
147577
147577
147577
147577
147577
147577
147194
147194
147194
147194
147194
147194
147194
147194
147194
147194
147194
147194
146689
146604
146604
146604
146604
146604
146603
146588
146588
146588
146588
146588
146588
146588
146588
146588
146588
146588
146588
146588
146588
146588
146588
146341
146341
146341
146341
146341
146341
146341
146341
146341
145070
145070
145070
144941
144941
144941
144941
144941
144941
144941
144941
144941
144941
143777
143777
143777
143777
143777
143777
143777
143777
143777
143777
143777
143777
143777
143151
143151
143151
143151
143151
143151
143151
143151
143151
143151
143151
143151
142982
142982
142982
142982
142982
142982
142982
142982
142982
142982
142982
142982
142982
142982
142982
142982
142593
141787
141787
141787
141787
141787
141787
141787
141787
141787
141787
141787
141787
141787
141787
141787
141567
141567
141567
141567
141567
141567
141567
141567
141567
141567
141567
141567
141567
141567
141567
141567
141567
141567
141567
141567
141004
141004
141004
141004
141004
141004
141004
141004
141004
141004
141004
140722
140722
140722
140722
140722
140722
140722
140722
140722
140722
140722
140722
140722
140455
140455
140455
140455
140455
140455
140455
140455
140455
140455
140455
140455
140455
140455
140455
140455
140455
140455
140455
140455
140111
140111
140111
140111
140111
140111
139564
139564
139564
139403
139403
139403
139403
139403
139403
139403
139403
139403
139403
139403
139403
139403
139403
139403
139403
139175
139175
139175
139175
139175
139175
139175
139175
139175
139175
139175
139175
139175
139175
139175
139175
138279
138279
138279
138279
138279
138279
138279
138115
138115
138115
138115
138115
138115
138115
138115
137825
137825
137825
137825
137825
137825
137825
137825
137825
137825
137825
137825
137825
137095
137095
137095
137095
135836
135836
135836
135836
135836
135836
135836
135836
135836
135202
135202
135202
135202
135202
135202
135202
135202
135202
135202
135202
135202
135202
134770
134770
134770
134770
134770
134770
134770
134770
134770
134770
133851
133851
133851
133851
133851
133851
133851
133851
133851
133851
133851
133851
133851
133851
133207
133207
133207
133207
133207
133207
133207
132138
132138
132138
132138
132138
132138
132138
132138
129908
129908
129908
129908
128340
128340
128340
128340
128340
126777
126777
126777
126777
126777
126777
126777
126777
126777
126777
126777
126777
126777
126777
126777
126777
126777
126777
126315
126315
126315
126315
126315
126315
126315
126315
126315
126315
126315
126315
126315
126315
126315
126315
126315
126315
125703
125703
125703
125703
125703
125703
125703
125703
125703
125703
125703
125703
125703
125703
125703
125703
125703
125703
125670
125670
125670
125670
123861
123861
123861
123861
123861
123861
123773
123773
123773
123773
123773
123773
123773
123773
123773
122975
122975
122975
122975
122975
122975
122530
122530
122530
122530
122530
122530
122530
122530
122530
122530
122530
122530
120661
120661
120661
120661
120661
120661
120661
120661
120661
120661
120661
120661
119297
119297
119297
119297
119297
119297
118863
118863
118863
118863
118863
118863
118863
118863
118863
118863
118855
118855
118855
118855
118855
118855
118855
118855
118855
118855
118654
118654
118654
118654
118654
118654
118654
118654
118654
118627
118627
118627
118627
118627
118627
118627
118627
118627
118627
118627
118627
118627
118297
118297
118297
118297
118297
118297
118297
118297
118297
118297
118297
118297
118297
117202
117202
117202
117202
117202
117202
117202
117202
117202
117202
117202
117202
117202
117202
116526
116526
116526
116526
116251
116251
116251
116251
116251
116251
116251
116251
116251
116251
116251
116251
116251
116251
116251
116251
116251
116251
116251
115345
115345
115345
115345
115345
115345
115345
115259
115259
115259
115259
115259
115259
115259
115259
115259
115259
115259
115259
115259
115259
115259
115259
115259
115259
115259
115259
114480
114480
114480
114480
114480
114480
114480
114480
114480
114480
114480
114480
114480
114480
114480
114480
114480
113901
113901
113901
113901
113901
113901
113901
113901
113901
113901
113167
113167
113167
113167
113167
113167
113167
112934
112934
112934
112934
112934
112934
112934
112934
112934
112934
112254
112254
112254
112254
112254
112254
112254
112254
112254
112254
112254
112254
112254
112254
112254
112254
112254
112027
112027
112027
112027
112027
112016
112016
112016
112016
112016
112016
112016
112016
112016
112016
112016
112016
112016
111355
111355
111355
111355
111355
111355
111355
111355
111355
111355
111355
111355
111355
111355
111355
111355
111355
111355
111355
111355
110216
110216
110216
110216
110216
110216
110216
110216
110216
110216
110216
110216
109955
109955
109955
109955
109955
109955
109955
109327
109327
109327
108528
108528
108528
108528
108528
108528
108528
108528
108528
108528
108528
108528
108528
108528
108528
108528
108528
108432
108432
108432
108432
108432
108432
108432
108432
108432
108432
108432
108432
108432
107823
107823
107823
107823
107823
107823
107823
107823
107823
107823
107823
107479
107479
107479
107479
107479
107479
107479
107479
107479
107479
107479
107479
107479
107479
107479
107479
107479
107479
107479
106891
106891
106891
106891
106625
106625
106625
106625
106625
106625
106625
106625
106625
106625
106625
106625
105569
105569
105569
105569
105569
105569
105569
105569
105569
105569
105569
105491
104939
104939
104939
104939
104939
104939
104755
104755
104755
104755
104755
104755
104755
104755
104755
104755
104755
104755
104755
104755
104755
104755
104755
104755
104455
104455
104455
104455
104455
104455
104026
104026
104026
104026
104026
104026
104026
104026
104026
104026
104026
104026
104026
104026
104026
104026
104026
104026
104026
104026
101990
101990
101990
101990
101990
101990
101990
101990
101283
101283
101283
101283
101283
101283
101283
101283
101283
100574
100574
100574
100574
100574
100574
100574
100574
100574
100574
100574
100574
100574
100574
100574
100574
100426
100426
100426
100426
100426
98781
98781
98781
98781
98781
98781
98781
98781
95144
95144
95144
95144
95144
95144
95144
94746
94746
94746
94746
94746
94746
94646
94646
94646
94646
94646
94646
94646
94646
94259
94259
94259
94259
94259
94259
94259
94259
94259
94259
94259
94259
94259
94259
94259
94259
94259
94259
94258
94258
94258
94258
94258
94258
94258
94258
94123
94123
94123
94123
94123
94123
94123
94123
94123
94123
93444
93444
93444
93444
93444
93444
93444
93444
93444
93444
93444
93444
93444
92224
92224
92224
92224
92224
92224
92224
92224
92224
92224
92224
91551
91551
91551
91551
91551
91551
91551
91551
91551
91551
91551
91551
91119
91119
91119
91119
91119
91119
91119
91119
91119
91119
91119
91119
91119
89500
89500
89500
89500
89500
89500
89500
89500
88046
88046
88046
88046
88046
88046
88046
88046
88046
88046
86082
86082
86082
86082
86082
86082
86082
86082
86082
86082
86082
86082
86082
86082
86032
86032
86032
86032
86032
86032
86032
86032
86032
86032
86032
86032
86032
86032
85619
85619
85619
85619
85619
85619
85619
85619
85619
85619
85619
85619
84894
84894
84894
84894
84894
84894
84894
84894
84894
84894
84894
84894
84894
83655
83655
83282
83282
83282
81777
81777
81777
81777
81777
81777
81777
81777
81777
81777
81567
81567
81567
81567
80441
80441
80441
80441
80441
80441
80441
80006
80006
80006
80006
80006
80006
80006
80006
80006
80006
80006
80006
80006
80006
78420
78420
78420
78420
78420
78420
78420
77844
77844
77844
76281
76281
76281
75897
75897
75897
75897
75897
75897
75897
75897
75897
75897
75897
75897
75897
75897
75855
75855
75855
75855
75855
75855
75855
75855
75855
75855
75855
75855
75855
75855
75855
75855
75511
75511
75511
73680
73680
73680
73680
72871
72871
70667
70667
70667
70667
70667
70667
70667
70643
70643
70643
70643
70643
70643
70643
70643
70643
70643
70643
70643
70643
70643
70397
70397
70397
70397
70397
70397
70397
70397
70397
70288
70288
70288
70288
70288
70288
70288
70288
70288
70288
70288
70288
69385
69385
68626
68626
68626
68626
68626
68626
68626
68626
68626
68626
68626
68626
68626
68626
68626
68626
67230
67230
67230
67230
67230
67230
67230
67230
67230
67230
67230
67230
67230
67230
67230
67230
67230
67230
67230
66472
66472
66472
66472
66216
66216
65693
65693
65693
65693
65693
65693
65693
65693
65693
65693
65693
65693
65693
65693
65693
65693
65693
65491
64289
64289
64289
64289
64289
64289
64289
64289
64289
64289
64289
64289
64289
64289
64289
64289
64040
64040
64040
64040
64040
63630
63630
63630
63630
63630
63630
63630
63630
63630
63630
63630
63630
63630
63630
63630
63630
63630
63630
63208
63208
63208
63208
63208
63208
63208
63208
63208
63208
63208
63208
63208
63208
63208
63208
63208
63208
61021
61021
61021
61021
61021
61021
61021
61021
61021
61021
61021
61021
61021
60658
60658
60658
60658
60658
60658
60658
60658
60658
60658
60658
60658
60658
60658
60658
60658
60658
60658
60658
60658
60618
60618
60618
60618
60618
60618
60618
60618
60618
60618
60618
60618
60618
59615
59615
59615
59615
59615
59615
59615
59615
59615
58879
58879
58879
58879
58879
58879
58879
58879
58879
58879
58879
58879
58879
58879
58879
58879
58879
57362
57362
57362
57362
57362
57362
57362
57362
57362
57362
57362
57362
57362
57362
57362
57362
57362
57362
57362
56496
56496
56496
56496
56496
56496
56496
56313
56313
56313
56313
56313
56313
56006
55552
55552
55552
55552
55552
55552
55552
55552
55552
55552
55552
55552
55552
55552
55552
55552
55552
55552
55552
55552
54769
54769
54769
54769
54769
54769
54769
54769
54769
54769
54769
54109
54109
54109
54109
50916
50916
50916
50916
50916
50916
50916
50916
50916
50916
50916
50916
50916
50916
50916
50916
50916
50310
50310
50310
50310
50310
50310
50310
50310
50310
50310
50310
50310
50310
50310
50310
49760
49760
49760
49760
49760
49760
49760
49760
49760
49760
49760
49760
49760
49760
49760
49760
49760
49760
49760
48756
48756
48756
48756
48756
48756
48756
48756
48756
48756
48756
48756
48756
48756
48604
48604
48604
48604
48604
48604
48604
48604
48604
48604
48604
48604
48604
48604
48604
48604
48604
48604
48286
48286
48286
48286
48286
48038
48038
48038
48038
48038
48038
48038
48038
48038
48038
48038
48038
48038
48038
48038
48038
48038
48038
48038
47230
47230
47230
47230
47230
47230
47230
47230
47230
46721
46721
46721
46721
46721
46721
46721
46721
46721
46721
46721
46721
46721
46721
46721
45994
45994
45994
45994
45994
45994
45994
45840
45840
45840
45840
45840
45840
45840
45840
45840
45840
45840
45840
45840
45840
45840
45840
45840
45840
45618
45618
45618
45618
45240
45240
45240
45240
45240
45240
45240
45240
45240
45240
45240
45240
45240
45240
45240
45240
44500
44500
44500
44500
44500
44500
44500
44500
44500
44500
44500
44500
44500
44500
44500
44500
44500
44500
44500
44500
43626
43626
43626
43626
43626
43626
43626
43626
43626
43626
43626
43626
43528
43528
43528
43528
43528
43528
43528
42868
42868
42868
42868
42868
42766
42766
42766
42766
42766
42766
42766
42553
42553
42553
42553
42553
42553
42553
42553
42263
42263
40562
40562
40562
40562
40562
40562
40562
40562
40562
40534
40534
40534
40534
40534
40534
40534
40534
40534
40534
40534
40534
40534
40534
40534
40534
40534
40534
40518
40518
40518
40518
39809
39809
39809
39809
39809
39750
39750
39750
39750
39750
39750
39750
39750
39750
39750
39750
39750
39750
39750
39750
39750
39750
39750
39750
39750
39235
39235
39235
39235
39235
39235
39059
39059
39059
39059
39059
39059
38992
38189
38189
38189
38189
38189
38189
38189
38189
38189
38189
38189
38189
38189
38189
38189
38189
38189
36868
36868
36868
36868
36868
36868
36868
36868
36868
36868
36868
36868
36868
36868
36868
36868
36868
36868
36052
36052
35610
35610
35610
35610
35610
35610
35384
35384
35384
35384
35384
35384
35384
35384
35384
35384
35384
35384
35384
35384
35384
35384
34941
34941
34941
33845
33845
33845
33768
33768
33768
33768
33768
33768
33768
33768
33768
33768
33768
33768
33768
33768
33358
33358
33358
33358
33358
33358
33358
33358
33358
33358
33358
33358
31349
31349
31349
31349
31349
31349
30918
30918
30918
30918
30918
30918
30918
30918
30918
30918
30918
30918
30918
30918
30918
30918
30918
30918
30918
30918
30143
30143
30143
29570
29570
29570
29570
29570
29570
29570
29570
29570
29570
29570
29570
29570
29570
29570
29570
29570
29306
29306
29306
29306
29153
28867
28867
28867
28867
28867
28867
28867
28812
28178
28178
28178
28178
28178
28178
28178
28178
28111
28111
28111
28111
28111
28111
28111
28111
28111
28111
27786
27786
27786
27786
27786
27786
27786
27786
27786
27786
27786
27786
27786
27786
27786
27786
27786
26175
26171
26171
26171
26171
26171
26171
26171
26171
26171
26171
26171
26171
25849
25849
25849
25849
25849
25849
25849
25849
25849
25849
25849
25849
25849
25350
25350
25350
25350
25350
25350
25350
25350
25350
25350
25350
25350
25350
25350
25350
25350
25350
25255
25255
25255
25255
25255
25255
25255
25255
25255
25255
25255
25255
25255
25255
25255
25255
25255
25255
25255
23971
23971
23971
23971
23971
23971
23971
23971
23971
23971
23971
23440
23440
23440
23440
23440
23440
22857
22857
22857
22857
22857
22857
22857
22857
22857
22857
22763
22763
22763
22763
22763
22763
22763
22763
22763
22763
22763
22763
22763
21637
21637
21637
21637
21637
21637
21637
21637
21637
21637
20360
20360
20360
19533
19533
19533
19533
19533
19533
19533
19533
19533
19533
18968
18553
18553
18553
18553
18553
18553
18553
18382
18382
18382
18382
18382
18382
18382
18382
18382
18382
18382
17924
17924
17924
17924
17924
17924
17924
17924
17924
17924
17924
17924
17924
17924
17924
17924
17924
17924
17924
17924
17403
17403
17403
17403
17403
17403
17403
17403
13793
13793
13793
13793
13793
13793
13793
13793
13787
13787
13787
13787
13787
13787
13787
13787
13787
13787
12313
12313
12313
12313
12313
12313
12313
12313
12312
12312
12256
12256
12256
12256
11971
11971
11971
11971
11971
11971
11971
9147
9147
9147
9147
9147
9147
9147
9147
9147
9147
9147
9147
9147
9147
9147
9147
8932
8932
8932
8932
8932
8932
8932
8932
8932
8932
8932
7140
7140
7140
7140
7140
7140
7140
7140
7140
7140
7140
7140
7140
7140
7140
6833
6833
6833
6833
6833
6833
6833
6832
6832
6832
6832
6832
6515
6515
6515
6515
6515
6515
6515
6515
6515
4608
4608
4608
4608
4608
3427
3427
3427
3427
3427
