2759
500000
332849
332849
332849
332849
332849
332849
332849
329651
329651
329651
329651
329651
329651
329651
329651
329651
329651
329651
329651
329651
329651
329651
329651
325748
325748
325748
325748
325748
325748
325748
325748
325748
325748
325748
325748
325748
325748
325748
325195
325195
325195
325195
325195
325195
325195
325195
325195
322733
322733
322733
322733
322733
322733
322733
322733
322733
322733
322733
322733
322733
321927
321927
321593
321593
321593
321593
321593
321593
321593
321593
321593
321593
321593
319867
319867
319867
317540
317540
317540
317540
317540
317540
317540
317540
317540
317540
317540
314702
314702
314702
314702
314702
314702
314702
314702
314702
314702
314702
314702
314702
313964
313964
313964
311942
311942
311942
311942
311942
311026
311026
311026
311026
311026
311026
311026
311026
311026
311026
311026
311026
311026
310896
310896
310896
310896
310896
310896
310896
310774
310774
310774
308536
308536
308536
308536
308536
308536
308536
308536
308536
308536
308536
308536
308536
304551
304551
304551
304551
304551
304551
304551
304551
304551
303524
303524
303524
303524
303524
303524
303524
303524
303524
303524
303524
303524
303524
303524
303524
303524
303412
303412
303412
303412
303412
303412
303412
303412
303412
303412
303412
303412
303412
303412
303412
303412
303412
303412
303412
303412
303036
303036
303036
303036
303036
302292
302292
302292
302292
302292
302292
302292
302292
302292
302292
302292
302292
302292
302292
302292
302292
302292
302292
301922
301922
301922
301922
301922
301922
301922
301401
301401
301401
301401
301401
301401
301362
301362
301362
301362
301362
301362
301362
301362
301362
301362
301362
301362
301362
299763
299763
299763
299763
299763
299763
299763
299763
299234
299234
299234
299234
299234
299234
297446
297446
297446
297446
297446
297446
296038
296038
296038
296038
296038
296038
296038
295734
295734
295734
295734
295734
295734
295734
295734
295734
295734
295734
295734
293960
292301
292301
292301
292301
292301
292301
292256
292256
292256
291056
291056
291056
291056
291056
291056
291056
291056
291056
291056
291056
291056
290371
290371
290371
290371
290371
290371
290371
290371
290371
290371
290371
290371
290371
290371
290371
290371
289193
289193
289193
289193
289193
289193
289193
289193
289193
289193
289193
289193
289193
289193
289193
289193
289193
289193
288716
288716
288716
288716
288716
288716
288716
288716
287832
287832
287832
287832
287832
287832
287832
287832
287832
287832
287832
287832
287832
287832
287832
287832
287832
287342
287342
287342
287342
287342
287342
287342
287342
287342
287342
287342
287342
287342
287342
286723
286723
286723
286723
286723
286723
286723
286723
286723
286723
286723
286723
286723
286723
286723
286723
286723
282400
282400
282400
282400
282400
282400
282400
282400
282400
282400
282400
282400
282400
282400
282400
282400
282400
282400
282400
282400
277842
277842
277842
277842
277842
277842
277842
277842
277842
277842
277842
277842
277842
277842
277842
276020
276020
276020
276020
276020
276020
276020
276020
276020
276020
276020
276020
276020
276020
276020
276020
276020
276020
276020
276020
275765
275765
275765
275765
275765
275765
275765
275765
275765
275765
275765
275699
275699
275699
275699
275699
275699
274619
274619
274619
274619
274619
274619
274619
274619
274619
274616
274616
274616
274616
274616
274616
274616
274616
274616
274616
274616
274616
274616
274616
274616
274616
273415
273415
273415
273415
273415
273415
273415
273415
273415
273415
273415
273415
273415
273415
273415
273415
273415
273415
273415
273273
273273
273273
273273
273273
273273
273273
273273
273273
273273
273273
273273
273273
273273
273273
273273
273273
273273
273273
271104
271104
271104
271104
271104
271104
271104
271104
271104
271012
271012
271012
271012
271012
271012
271012
271012
271012
271012
271012
269918
269918
269918
269918
269918
269918
269918
269918
269918
269918
269918
269918
269918
269918
269918
269918
269918
269918
269918
269918
268578
268578
268578
268578
268578
268578
268578
268578
268578
268578
267444
267444
267444
267444
267444
267444
267444
267444
267444
267444
267444
267444
267444
267444
267444
267251
267251
267251
267251
267251
267251
267251
267251
266860
266860
266860
266860
266860
266860
266860
266860
266174
266174
266174
266174
266174
266174
266174
266174
266174
266174
266174
266174
266174
266174
266174
266174
266174
266174
263055
263055
263055
263055
263055
262791
262791
262791
262791
262665
262665
262665
262665
262665
262665
262665
262665
262665
262665
262665
262321
262321
262321
262321
262321
262321
262321
262321
262321
262321
262321
262321
262321
260945
260945
260945
260945
260945
260945
260945
260945
260945
260945
260945
260945
260945
260945
260945
260945
260945
260225
260225
260225
260225
260225
259370
259370
259370
259370
259370
259370
259370
259370
259370
259370
259370
259200
259200
259200
259200
259200
259200
259200
259200
259200
259200
259200
257701
257701
257701
257701
257701
257701
257701
257701
257701
257701
257701
257701
257701
257701
257701
257701
257561
257561
257561
254883
254883
254883
254883
254883
254883
254883
254883
254883
254883
254883
254883
254883
253769
253769
253769
253769
253769
253769
253769
253769
253769
253769
253769
253769
253769
253769
253769
253769
253769
253769
253769
250027
250027
250027
250027
250027
250027
250027
250027
250027
250027
250027
250027
250027
250027
250027
250027
246005
246005
246005
246005
246005
246005
246005
246005
246005
246005
246005
246005
246005
246005
246005
241325
241325
241325
241325
241325
241325
241325
241325
241325
241325
241325
241325
241325
241325
241325
241325
241325
241325
241325
241325
240483
240483
240483
240483
240483
240483
240483
240483
240483
240483
240483
240483
240483
240483
240483
240483
239648
239648
239648
239648
239648
239648
237129
237129
237129
237129
237129
237129
237129
237129
237129
237129
237129
237129
237129
237129
237129
236438
236438
236438
236438
236438
236186
236186
236186
236186
236186
236186
236186
236186
236186
236186
236186
236186
236186
235910
235910
235910
235910
235910
235910
235910
235910
235910
235910
235910
235910
235910
235910
235910
235910
234874
232899
232899
232899
232899
232899
232899
232899
232899
232899
232899
232899
232899
232899
232899
232899
232899
232899
232899
229782
229782
229782
229782
229782
229782
229782
229782
229782
229782
229782
229674
229674
229674
229674
229674
229674
229674
229674
229066
229066
229066
229066
229066
229066
229066
228473
228473
228473
228473
228473
228473
228473
228473
228473
228473
228473
228473
228473
228473
227765
227765
227765
227765
227765
227765
227765
227765
227431
227431
227431
227431
227431
227431
227431
227431
227431
227431
227431
227431
227431
227431
227431
227431
226648
226648
226569
226569
226569
226569
226569
226569
226569
226569
226569
226569
226569
226569
224091
224091
224091
224091
224091
224091
224091
224091
224091
224091
224091
224091
224091
224091
224091
224091
224091
224091
223378
223378
223378
223378
223378
223378
223378
223378
223378
223378
222139
222139
222139
222139
222139
222139
222139
222139
222139
222139
222139
222139
222139
222139
222139
222139
222139
222139
222139
222139
221379
221379
221379
221379
221379
221379
221379
221379
221379
221379
221379
221379
221379
221379
221379
221379
221379
221379
221379
221379
219180
219180
219180
219180
219180
219180
219180
219180
219180
219180
219180
219180
219180
219180
219180
219180
217076
217076
217076
217076
217076
217076
217076
217076
217076
217076
217076
216019
216019
216019
216019
215669
215669
215669
215669
215669
215669
213763
213763
213763
213763
213763
213448
213448
213448
213448
213448
213448
213448
213448
213448
213448
213448
213448
213448
213448
213448
213448
213448
213448
213448
213448
213318
213318
213318
213318
213318
213318
213318
213318
213318
213318
213318
213318
213318
213318
213318
212073
212073
212073
212073
212073
212073
212073
212073
212073
212073
212073
212073
212073
209684
209684
209684
209684
209684
209684
209684
209684
209684
209684
209684
209684
209684
209684
209684
209684
209684
207956
207956
207956
207956
207956
207956
205976
205976
205976
205976
205976
205777
205777
205777
205777
205704
205704
205704
205704
205704
205704
205704
205704
205704
205704
205704
205704
205704
205704
205297
205297
205297
205297
205297
205297
205297
205297
205297
205297
205297
204045
204045
204045
204045
204045
200565
200565
200565
200565
200565
200565
200565
200565
200565
200565
198978
198978
198978
198978
198978
198978
198978
198978
198978
198978
198978
198978
198978
197329
197044
197044
197044
197044
197044
197044
197044
197044
197044
197044
197044
197044
197044
197044
197044
197044
197044
197044
197044
197044
196886
196886
196886
196886
196886
196886
196886
196886
196886
196218
196218
196218
196218
196218
196218
196218
196218
196218
196218
196218
196218
196218
196218
196218
191784
191784
191784
191784
191784
191784
191784
191784
191784
191784
191784
191784
191784
191784
191784
191784
191784
188199
188199
188199
188199
188199
188199
188199
188199
188199
188199
188199
188199
188199
188199
188199
188199
188199
188199
188199
187581
187581
187581
187581
187581
187581
187581
187581
187581
187581
187581
187581
187581
187581
187581
187581
187581
187581
187581
186569
186569
186569
185075
185075
185075
185075
185075
185075
185075
185075
185075
185075
185075
185075
185075
185075
185075
184119
184119
184119
184119
184119
184119
184119
184119
184119
184119
184119
184119
184119
184119
184119
184119
183444
183444
183444
182479
182479
182111
182111
182111
182111
182111
182111
182111
182111
182111
182111
182111
182111
182111
180800
180800
180800
180800
180800
180800
180800
180800
178653
178653
178653
178653
178653
178653
178653
178653
178653
178653
178653
178653
178653
178653
178653
178653
177726
177726
177726
177726
177726
177726
177726
177726
177726
177726
177726
177726
177726
177726
177726
177726
177726
176538
176538
176538
176538
176538
176538
176538
176538
176538
176538
176538
176538
176538
176221
176221
176221
176221
176221
176221
176221
176221
176221
176221
176221
176221
176221
176221
176221
176221
174755
174755
174755
174755
174755
174755
174755
174755
174755
174755
174755
174755
174755
174755
174755
174755
174755
174755
172913
172913
172913
172913
171285
171285
171285
171285
171285
171285
171285
168869
168869
168869
168869
167426
167426
167426
167426
167426
167426
167426
167426
167426
167426
165455
165455
165455
165455
165455
165455
165455
165455
165455
165455
165455
165208
165208
165208
165208
165208
165208
165208
165208
165208
165208
165208
165208
165208
165208
165208
165208
165208
165208
165208
165208
164542
164542
164542
164542
164542
164542
164542
164542
164542
158720
158720
158720
158720
158720
158720
158720
158720
158720
158720
158720
158720
158720
158720
158720
158720
158720
158720
158720
158720
158529
158529
158529
158529
158529
158529
158529
158529
158529
158529
158529
158529
158529
158529
158529
157589
157589
157589
157589
157589
157589
157589
157589
157589
157589
157589
157589
157589
157589
157589
157589
157589
156836
153557
153557
153557
153557
153557
153557
153557
153557
153557
153557
153557
153557
153557
153557
152889
152889
152889
152889
152889
152889
152889
152097
152097
152097
152097
152097
152097
152097
152097
152097
152097
152097
152097
152097
152097
152097
149694
149694
149694
149694
149694
149694
149694
149694
149694
149694
149694
149694
149694
149694
149694
149694
149694
149293
149293
149293
149293
149293
149293
149293
149293
149293
149293
149293
149293
149293
149293
149293
149293
149293
149054
149054
149054
149054
148772
148772
148772
142462
142462
142462
142462
142462
142462
142462
142011
142011
142011
142011
142011
142011
142011
142011
142011
142011
140604
140604
140604
140604
140604
140604
140604
140604
140604
140604
140604
140604
140604
138345
138345
138345
138345
138345
138345
138345
138345
138345
138345
138345
138345
138345
138345
138345
138345
138345
138345
138345
137588
137588
137588
137588
137588
137588
137588
137588
137588
137588
136874
136874
136874
136874
136874
136874
136874
136874
132407
132407
132407
132407
132407
132407
132407
132072
132072
132072
132072
132072
132072
132072
132072
132072
132072
132072
132072
132072
131789
131789
131789
127922
127922
127922
127922
127922
127922
127922
127922
127922
127922
127922
127644
127644
127644
127644
127644
127644
127644
127644
127644
127644
127644
127644
127644
127644
127644
127644
127644
127644
127644
127644
127529
126619
126619
126619
126619
126619
126619
126619
123005
123005
123005
123005
123005
123005
123005
123005
123005
123005
123005
123005
123005
123005
121361
121361
121361
121361
121361
121361
121361
121361
121361
120998
120998
120998
120998
120998
120998
120998
120998
120998
120998
120998
120998
120998
118464
118464
118464
118464
118464
118464
118464
118464
118464
118184
118184
118184
118184
118184
118184
118184
118184
118184
118184
118184
118184
118184
118184
118184
118184
118184
118120
118120
118120
118120
118120
117187
117187
117187
117187
117187
117187
117187
117187
117077
117077
117077
117077
117077
117077
117077
117077
117077
117077
117077
117077
117077
117077
117077
117077
117077
114074
114074
114074
114074
114074
113224
113224
113224
113224
113224
113224
112276
112276
112276
112276
112276
112276
112276
112276
111447
111447
111447
111447
111447
111447
111447
111447
111447
111447
111447
111447
111447
111447
105154
105154
105154
105154
105154
105154
105154
105154
105154
105154
105154
105154
105154
105154
105154
105154
105154
105154
104730
104730
104730
104730
104730
104730
103751
103751
98610
98527
98527
98527
98527
98527
98527
98527
98527
98527
98527
98527
98527
98527
98527
98385
98385
98385
98385
98385
98385
98385
98385
97851
97851
96600
96600
96600
96600
96600
96600
96600
96600
96600
96600
96600
96600
96600
96600
96600
95987
95987
95987
95987
95987
95987
95987
95987
95987
95987
95987
95987
95987
95987
95987
95987
95987
95770
95770
95770
95770
95770
95770
95770
95770
95770
95770
95770
95770
94819
94819
94819
94819
94819
94819
94819
94819
94819
94819
94819
94819
94724
94724
94724
94724
94724
94724
94724
94724
94724
94724
94724
94676
94676
94676
94676
94676
94046
94046
94046
94046
94046
94046
94046
94046
94046
94046
94046
94046
94046
94046
94046
94046
94046
94046
94046
93284
93284
93284
93284
93284
93284
93284
93284
93284
93284
93284
93284
93284
93284
93284
92099
92099
92099
92099
92099
92099
92099
91727
91727
91727
91727
91727
91727
91727
91727
86322
86322
86322
86322
86322
86322
86322
86322
86322
86322
86052
86052
86052
86052
86052
86052
86052
86052
81869
81869
81869
81869
81869
81869
81869
80642
80642
80642
80642
80642
80642
80642
80642
80642
80642
80642
80397
80397
80397
80397
80397
80397
80397
80397
80397
78854
78854
78854
78854
78854
78854
78854
78854
78854
78854
78854
78854
78854
78854
78854
78854
78854
78854
78854
78490
78490
78490
78490
78490
78490
73302
73302
73302
73302
73302
73302
73302
73302
73302
73302
73302
73302
73302
73302
73302
73302
71653
71653
71653
71653
71653
71653
71653
71653
71653
71653
69160
69160
69160
68464
68464
68464
68464
68464
68464
68464
68464
68464
68464
68464
68464
68464
68464
68464
68464
66607
66607
66607
66157
66157
66157
66157
66157
66157
66157
66157
66157
66022
66022
66022
66022
66022
66022
66022
66022
66022
66022
66022
66022
66022
66022
66022
66022
66022
65227
65227
65227
65227
65227
65227
65227
65227
65227
65227
65227
65227
65227
65227
65227
65227
64958
64958
64958
64958
64958
64958
64958
64958
64958
64958
64958
64958
64958
64958
64958
64958
64958
64958
64752
64752
64752
64752
64752
63308
63308
63308
63308
63308
63308
62381
62381
62381
62381
62381
62381
62381
62381
62381
62150
62150
62150
62150
62150
62150
62150
62150
62150
62150
62150
62150
62150
62150
62150
62150
62150
58998
58998
58998
58998
57194
57194
57194
57194
57194
57194
57194
57194
57194
57194
57194
57194
57194
57194
57194
54705
54705
54705
54705
54705
54705
54705
54705
54705
54705
54705
54705
54705
54705
51069
51069
51069
51069
51069
51069
50899
50899
50899
50899
50899
50899
50899
50899
50899
50899
50899
50899
50899
49473
49473
49473
49473
49473
49473
49473
49473
49473
49473
49473
49473
49473
49473
48915
48915
48915
48915
48915
48915
48915
48915
48915
47396
47396
47249
47249
47249
47249
47249
47249
47249
47249
47249
47249
47249
47249
47249
47249
47184
47184
47184
47184
47184
47184
47184
47184
47184
47184
47184
47184
47184
47184
47184
47184
47184
47184
47184
47184
45278
45278
45278
45278
45278
45278
45278
44081
44081
44081
44081
44081
44081
44081
44081
44081
43156
43156
43156
43156
43156
43156
43156
43156
43156
43156
43156
43156
43156
43156
43151
43151
43151
43151
43151
43151
43151
43151
43151
43151
43151
43151
38494
37562
37562
37562
37562
37562
37562
37562
37562
37562
37562
37562
37562
37562
37562
37562
37562
37562
37562
37562
37427
35900
35900
35900
35900
35900
35900
35900
35900
35900
35900
35900
35900
35718
35718
35718
35718
35718
35718
35718
35718
35718
35718
35718
35718
35718
35718
35718
35718
34151
34151
34151
34151
34151
34151
34151
34151
34151
34151
34151
34151
34151
34151
34151
34151
34151
34151
34151
34151
33653
33653
33653
33653
33653
33653
33653
33653
33653
33653
33653
33653
33653
33653
33653
33653
33653
33653
32037
32037
32037
32037
32037
32037
32037
32037
30252
30252
30252
30252
30252
30252
30252
30252
30252
29661
29661
29661
29661
29661
29661
29661
29661
29661
29661
29661
29661
29661
29661
29661
29661
29284
29284
29284
29284
29284
29284
29284
29284
29284
29284
29284
29284
29284
29284
29284
29284
28168
28168
28168
28168
28168
28168
28168
28168
25626
25626
25626
25626
25626
25626
25626
25626
25626
25626
25626
25626
25626
25626
25626
25626
25560
25560
25560
25560
25560
25560
25560
25560
25560
25560
25560
25560
25560
25560
25560
25560
25560
25560
25560
25560
24241
24241
24241
24241
24241
24241
22288
22288
20781
20781
20781
20781
20781
20781
20781
20781
20781
20781
20781
20781
20781
20523
20523
20523
20523
20523
20523
17844
17844
17844
17844
17844
17844
17844
17844
17844
17844
17388
17388
16628
16628
16628
16628
16628
16628
16628
16628
16628
16628
16628
16628
16628
16628
16628
10341
10341
10341
10341
10341
10341
10341
10341
10341
10341
10341
10341
10341
10341
10341
7512
7512
7512
7512
7512
7512
5705
5705
5705
5705
5705
5602
5602
5602
5602
5602
5602
5602
5602
5602
5241
5241
5241
5241
5241
5241
5241
5241
5241
5241
5241
5241
5241
5241
5241
5152
5152
5152
5152
5152
5152
5152
5152
5152
5152
5152
4056
4056
4056
4056
4056
4056
4056
3336
3336
3336
3336
3336
3336
3336
3336
3336
3336
3336
3336
3336
3336
3336
