1287
500000
330774
330774
330774
330774
330774
330774
330774
330774
330774
330774
330774
330662
330662
330662
330662
330662
330662
330662
330662
330662
330662
330662
330662
330662
330662
330548
330548
330548
330548
330548
330548
330548
330548
330548
330548
330548
330548
330548
330548
330548
330548
323317
323317
323317
323317
323317
323317
323317
323317
323317
323317
323317
323317
323230
323230
323230
323230
323230
323230
323230
323230
323230
323230
323230
323230
323230
323230
323230
323230
323230
322277
322277
322277
322131
322131
322131
322131
322131
322131
322131
322131
320669
320669
320669
320669
320669
320669
319651
319651
319651
319651
319651
319651
319651
319651
319651
319651
319651
319651
319651
319651
319651
314067
314067
314067
314067
314067
314067
314067
314067
314067
314067
314067
312260
312260
312260
312260
312260
312260
312260
312260
312260
312260
312260
312260
312260
312260
312260
312260
312260
312260
312260
312260
312112
312112
312112
312112
312112
312112
312112
312112
312112
312112
306478
306478
306478
306478
306478
306478
306478
306478
306478
306478
306478
306478
306478
306478
306478
306478
306478
306478
306478
304064
304064
304064
304064
304064
304064
304064
304064
302403
302403
302403
302403
302403
302403
302403
302403
302403
302403
302403
302403
302403
302403
302403
302403
294240
294240
294240
294240
290897
290897
290897
290897
290897
290897
290897
290897
290897
289799
289799
289799
289799
289799
289799
289799
289799
289799
289799
289799
289799
289799
289799
289799
289799
289799
289799
276319
276319
276319
276319
276319
273933
273933
273933
273933
273933
273933
273933
273933
273933
273933
273933
273933
273933
273933
273933
272191
272191
270418
270418
270418
270418
270418
270418
266708
266708
266708
266708
266159
266159
266159
266159
266159
266159
266159
266159
263273
263273
263273
263273
263273
260343
260343
260343
260343
260343
260343
260343
260343
260343
253270
253270
253270
253270
253270
253270
253270
253270
253270
251616
251616
251616
251616
251616
250921
250921
250921
250921
250921
250921
250921
250921
250921
250921
250921
250921
250921
250921
250921
250921
250921
250420
250420
250420
250420
250420
250420
250420
250420
250420
250420
250420
250420
250420
250420
250420
250420
250420
250420
250420
250420
246745
246745
246745
246745
246745
246745
246745
244224
244224
244224
244224
244224
244224
244224
244224
244224
244224
242533
242533
242533
242533
242533
242533
242533
242533
242533
242533
242533
242533
241310
241310
241310
241310
241310
241310
241310
241310
241310
241310
240522
240522
240522
240522
240522
240522
240522
240522
240522
240522
240522
240522
240522
240522
240522
240522
240522
239653
239653
239653
239653
239653
239653
239653
239653
239653
239653
239653
239653
239653
239653
238939
238939
238939
238939
238939
238939
238939
238939
238939
238939
238939
238939
238939
238939
238939
238939
238939
238689
238689
238689
238689
238689
238689
238689
238689
238689
238689
238689
238689
238689
238689
236526
236526
236526
236526
236526
236526
236526
236526
236526
236526
236526
234653
234653
234653
234653
234653
234653
234653
234653
234653
234653
234653
234653
232930
232930
232930
232930
232930
232930
232930
232930
232930
232930
232930
232930
232930
232846
232846
232846
232846
232846
232846
232846
230553
230553
230553
230553
230553
230553
230553
230553
230553
230553
230553
230553
228082
228082
228082
228082
228082
228082
228082
228082
228082
228082
228082
228082
228082
228082
228082
228082
228082
228082
228082
228082
225167
225167
225167
225167
225167
225167
225167
225167
225167
225167
225167
225167
225167
225167
225167
223821
223821
219621
219621
219621
219621
219621
219621
219621
219621
219621
219621
219621
219621
219621
219621
219621
219621
218987
218987
218987
218987
218987
218987
218987
218987
218987
218987
218987
218987
218987
218987
218001
218001
218001
218001
218001
218001
211793
211793
211793
211793
211793
211793
211793
211793
211793
211793
211793
211793
211793
211793
211793
209616
209616
209616
208291
208291
208291
208291
208291
208291
208291
208291
208291
208291
206544
206544
206544
206544
206544
206544
206544
206544
206544
206544
206544
203573
203573
203573
203573
203573
203573
203573
203573
203573
203573
203573
203573
202698
202698
202698
202698
202698
202698
202698
202698
202698
202698
202698
202698
202698
202698
202698
202698
202698
199989
199989
199989
199989
199989
199989
199989
199989
199766
199766
199766
199766
186021
186021
186021
186021
186021
186021
186021
186021
186021
186021
186021
186021
186021
186021
186021
186021
186021
181248
181248
181248
181248
181248
180361
180361
173554
173554
173554
173554
173554
173554
173554
173554
173554
173554
173554
169601
169601
169601
169601
169601
168716
168716
168716
168663
168663
167986
167986
167986
167986
167986
167986
167986
167986
167986
167986
167986
167986
167986
167986
167986
167986
167986
166570
166570
166570
166570
166570
166570
166570
166570
166570
166570
166570
166570
166570
166570
166570
166570
166570
166570
164608
164608
164608
164608
164608
164608
164608
164608
157327
157327
157327
157327
157327
157327
157327
157327
157327
157327
154230
154230
154230
154230
154230
154230
154230
154230
154230
154230
154230
148736
148736
148736
148736
148736
148736
148736
148736
148736
148736
148736
148736
148736
148736
148736
143673
143673
143673
143673
143673
143673
143673
143673
143673
143673
143673
143673
143673
142596
142596
142596
142596
142596
142596
142596
142596
142596
142596
142596
142596
142596
142596
142596
142596
142158
142158
142158
142158
142158
142158
142158
142158
142158
142158
142158
142158
142158
142158
142158
142158
141237
141237
141237
141237
141171
141171
141171
141171
141171
141171
141171
141171
141171
141171
141171
141171
136748
136748
136748
136748
136748
136748
136748
136748
136748
136748
136450
136450
136450
136347
136347
136347
136347
130367
130367
130367
130367
130367
130367
130367
130367
130367
130367
130367
130367
130367
130367
130367
130367
130367
125452
125452
125452
125452
125452
125452
125452
125452
125452
125452
123865
123865
123865
123865
123865
123865
123865
123865
123865
120013
120013
120013
120013
120013
120013
120013
120013
120013
120013
119327
119327
119327
119327
119327
119327
119327
119327
119327
119327
119327
119327
119327
119327
114878
108640
108640
108640
101539
101539
101539
101539
101539
101539
100554
100554
100554
100554
100554
100554
100554
100554
100554
100554
100554
100554
100554
100554
100554
100554
100280
99521
99521
99521
99521
99521
99521
99521
99521
99521
99521
99521
99521
99521
99521
99521
98544
98544
97808
97808
97808
97808
97808
97808
97808
97808
97808
96969
96969
96969
96969
96969
96969
96969
89159
89159
89159
89159
89159
89159
89159
89159
89159
89159
89159
89159
89159
89159
89159
89159
89058
89058
89058
89058
89058
89058
89058
84809
84809
84809
84809
84809
84809
84809
84809
79065
79065
79065
79065
75773
75773
75773
75773
75773
75773
75324
75324
75324
75324
75324
75324
75324
75324
75324
75324
75324
75324
75324
75324
75324
75324
75324
75324
75324
75324
74047
74047
74047
74047
74047
74047
74047
74047
74047
74047
72177
72177
72177
72177
72177
72177
71778
69861
69861
69861
69861
69861
66537
66537
66537
66537
66537
66537
66537
66537
66537
66537
66537
66537
63019
63019
63019
63019
63019
63019
63019
63019
63019
63019
63019
63019
63019
62367
62367
62367
62367
62367
62367
62367
62367
62367
62367
60385
60385
60385
60385
60385
60385
60385
60385
60385
60385
60385
60385
60385
60102
60102
60102
60102
60102
60102
60102
60102
60102
60102
60102
60102
60102
60102
60102
60102
60102
60102
60102
58788
58788
58788
58788
58788
58788
58788
58788
58788
58788
58788
58788
58788
58788
55319
55319
55319
54496
54496
54496
54496
54496
54496
54496
52636
52636
52636
52636
52636
52636
52636
52636
52636
52636
52636
52636
52636
52636
51467
51467
51467
51467
51467
51467
51467
51467
51467
51467
51467
51467
51467
51467
51467
51467
51467
51467
44881
44881
44881
44881
44881
44881
44881
44881
44881
44881
44881
44881
44881
44881
43859
43859
43859
42845
42845
42845
42845
42845
42845
42845
42845
42845
42845
42845
42845
42845
42845
42845
42845
42845
38269
38269
38269
38269
38269
38269
38269
38269
38269
38269
38269
38269
38269
34146
34146
34146
34146
34146
34146
34146
34146
33690
33690
33690
33690
33690
33690
33690
33690
33690
33690
33690
33690
33690
33690
30902
26827
26827
26827
26827
26827
26827
26827
26827
26827
24379
24379
24379
24379
24379
24379
24379
24379
24379
24379
24379
24379
24379
24379
21483
21483
21483
21483
21205
21205
21205
21205
21205
21205
21205
21205
21205
21205
21205
21205
14613
14613
14613
14613
14613
14613
14613
14613
14613
14613
14613
14613
14613
14613
7214
7214
7214
7214
7214
