5184
500000
332932
332932
332932
332575
332575
332575
332575
332575
332575
332575
332575
332575
332575
332575
331165
331165
331165
331165
331165
331165
331165
331165
331165
331165
331165
331165
330511
330511
330511
330511
330511
330511
330511
330511
330511
330511
330511
330511
330511
330511
330511
330511
330511
330511
330511
330511
329369
329369
329369
329369
329369
329369
329369
329369
329369
329369
329369
329369
329369
329369
329369
329369
329369
329369
329369
329369
327812
327812
327812
327812
327812
327421
327421
326256
326256
326256
326256
326256
326256
326256
326256
325279
325279
325279
325279
325279
325279
325279
325279
325279
325279
325279
325279
325279
325279
325019
325019
325019
325019
325019
325019
325019
325019
325019
324989
324989
324989
324989
324917
324917
324917
324917
324917
324917
324917
324917
324917
324917
324917
324917
324917
324917
324917
324917
324917
323131
323131
323131
323131
323131
323131
323131
323098
323098
323098
323098
323098
323098
323098
323098
323098
323098
323098
323098
323098
323098
323098
323098
323098
323098
323098
323098
322769
322769
322769
322569
322569
322569
322569
321780
321780
321780
321780
321747
321747
321747
321747
321747
321747
321747
321418
321418
321418
321418
321418
321418
321418
321418
321418
321418
321418
321356
321356
321356
321356
321356
321356
321356
321356
321356
321356
321356
321356
321356
321356
321356
321356
321356
321356
321356
320897
320897
320897
320897
320897
320897
320897
320897
320897
320897
320897
319613
319613
319613
319613
319613
319613
319613
319460
319460
319460
319460
319460
319460
319460
319460
319460
319460
319460
319460
319460
319460
319460
319460
318526
318526
318526
318526
318526
318526
318526
318526
318277
318277
318277
318277
318277
318277
318277
318277
318277
318277
318277
318277
318277
318277
318277
316820
316820
316820
316820
316558
316558
316558
316558
316558
316558
316301
316301
316301
316301
316301
316301
316301
316301
316301
316301
316301
316301
316301
316301
316018
316018
316018
316018
316018
316018
316018
316018
316018
316018
314382
314382
314382
314382
314382
314382
314382
314382
314382
314382
314382
314382
314382
314382
314382
314382
314382
313370
313370
313370
313370
313370
313370
313370
313370
313370
313370
313370
313370
313370
313370
313370
313370
313370
313370
313244
313244
313244
313244
313244
313244
313244
312699
312699
312699
312699
312699
312699
312699
312699
312699
312699
312215
312215
312215
312215
312215
312215
312215
312215
312215
312215
312215
312215
312112
312112
312112
312112
312112
312112
312112
312112
312112
312112
312112
312112
312112
312112
311950
311950
311950
311950
311950
311950
311950
311950
311950
311950
311950
311950
311950
311950
311950
311950
311950
311950
311950
311609
311609
311609
311609
311609
311609
311609
311609
311609
311137
311137
311137
311137
311137
311137
311137
311137
311137
311137
311137
311137
311137
311137
311137
311137
311137
311137
311137
310098
310098
309822
309822
309822
309822
309822
309822
309822
308866
308866
308866
308460
308460
308460
308460
308460
308460
308460
308460
308460
308460
308389
308389
308389
308389
308389
308389
308389
308389
308389
307233
307233
307233
307233
307233
307233
307233
307233
307233
307233
307233
307233
307233
307233
307233
306895
306895
306895
306895
306895
306895
306895
306895
306260
306260
306260
306260
306260
306260
306260
306260
306260
306260
306260
306260
306260
306260
306260
306260
306260
306260
306250
306250
306250
306250
306250
306250
306250
306250
306250
306250
306250
306250
306250
306250
306250
305824
305824
305824
305824
305824
305824
305824
305824
305421
305421
305421
305421
305421
305421
305421
305421
305421
305421
305421
305421
303529
302405
302405
302405
302405
302405
302405
302405
302405
302405
302405
302405
302405
302405
302405
302405
302405
302405
302050
302050
302050
301715
301715
301715
301715
301156
301156
301156
301156
301156
301156
301156
301156
301156
301156
301156
301156
301156
301156
301156
301156
301156
301156
301156
301156
297806
297806
297806
297806
297806
297806
297806
297806
297806
297806
297806
297806
297806
297805
297805
297805
297805
297805
297805
297805
297805
297805
297805
297805
297805
297805
296078
296078
296078
296078
296078
296078
296078
296078
296078
296078
296078
296078
296078
295621
295621
295621
295621
295621
295621
295621
295621
295621
295621
295621
295621
295552
295552
295552
295552
295552
295552
295552
295552
295552
295552
295552
295552
295552
295343
295343
295343
295343
295343
295343
295343
295343
295343
293792
293792
293792
293792
293437
293437
293437
293437
293437
293437
293437
293437
293437
293437
293437
293437
293437
293437
293437
293293
293293
293293
293293
293293
293293
293293
293293
293293
292300
292300
292300
292300
290106
290106
289526
289526
289526
289526
289526
289526
289526
289526
289526
289526
289526
289526
289526
289526
289526
289526
289526
287309
287309
287309
287309
287309
287309
287309
287309
287309
287309
287309
287309
287309
287309
287309
287309
287309
287309
287309
287309
286198
286198
286198
286198
286198
286198
286198
286198
286198
286198
286198
286198
286198
286198
286198
286198
286198
286198
286198
286198
284761
284761
284761
284761
284761
284761
284761
284761
284761
284761
284761
284761
284761
284728
284728
284728
284155
284155
284155
284155
284155
283429
283429
283429
283429
283429
283429
283429
283429
283429
283429
283333
283333
283333
283333
283333
283333
283333
283333
283333
283333
283333
283333
283333
283333
283333
283333
282670
282670
282670
282670
282670
282670
282670
282670
282670
282670
282670
282670
282128
282128
282128
282128
282128
282128
282128
282128
282128
282128
282128
282128
282128
282128
281930
281930
281930
281930
281930
281930
281930
281930
281930
281930
281930
281713
281713
281713
281713
281713
281713
281713
281713
281244
281244
281244
281244
281244
281244
281244
281244
281244
281244
281244
281244
281244
281244
281244
281244
281244
281244
281043
281043
281043
281043
281043
281043
281043
281043
281043
281043
281043
281043
281043
281043
279851
279851
279851
279851
279851
279851
279851
279851
279851
279851
279851
279851
279851
279851
279851
279772
279772
279772
279772
279772
279772
279772
279772
279772
279772
279772
279772
279772
279772
279772
279772
279772
279772
279283
279283
279283
279283
279283
279283
279283
279283
279283
279283
277496
277496
277496
277496
277496
277496
277496
277496
277496
277496
277496
277496
277496
277496
277496
277496
277496
277496
277496
277496
277341
277341
277341
277341
277341
277341
277341
277341
276968
276968
276968
276968
276968
276968
276570
276570
276570
276570
276570
276570
276570
276570
276570
276570
276570
276570
276570
276570
276570
276570
275642
275642
275642
275642
275432
275432
275432
275432
275432
275432
275432
275317
275317
275317
275317
275317
275317
275317
275317
275317
275317
275228
275228
275228
275228
275228
275228
275228
275228
275228
275228
275228
275228
275228
273076
273076
273076
273076
273076
273076
273076
273076
273076
273076
273076
273076
273076
273076
273076
273076
273076
272789
272789
272789
272789
272789
272789
272789
272789
272789
272789
272789
272789
272789
272789
272789
272789
272789
272789
272789
272789
272404
272404
272404
272404
272404
272404
272404
272404
272404
272404
272404
272404
272404
272404
272404
272404
272404
272404
271790
271790
271790
271790
271790
271790
271790
271790
271790
271790
271790
271790
271790
271790
271790
271790
271790
271790
271790
270980
270980
270980
270980
270980
270980
270980
270980
270980
270980
270980
270980
270980
270980
270980
270506
270506
270506
270506
270506
270506
270506
270506
270506
270506
270506
270506
270506
270506
270430
270430
270430
267784
267784
267784
267784
267784
267784
267784
267784
267784
267784
267784
267784
267784
267784
267784
267784
267784
267784
267784
267339
267339
267339
267339
267339
267299
267299
267116
267116
267116
267116
267116
267116
267116
267116
267116
267116
266148
266148
266148
264291
264291
264291
264291
264291
264291
264291
264291
260835
260835
260835
260835
260835
260835
260835
260835
260835
260835
260835
260835
260835
259068
259068
259068
259068
259068
259068
259068
257181
255467
255467
255337
255337
255337
255337
255337
255337
255337
255337
255337
255337
255337
255337
255337
255337
255337
254686
254686
254686
254686
254686
254686
254686
254686
254686
254686
253268
253268
253268
253268
253258
253258
253258
253258
253258
253258
252618
252618
252258
252258
252258
252258
252258
252258
252258
252258
252258
252258
252258
252258
252258
252258
252258
252258
251417
251417
251417
251417
251417
251417
251417
251417
251417
251417
251417
251417
251417
251417
251417
251417
251417
250644
250644
250644
250644
248171
248171
248171
248171
248171
248171
248171
248171
248171
248171
248171
248171
246528
246528
246528
246528
246528
246528
246528
246528
246528
246528
246528
246528
246528
246528
245964
245964
245964
245964
245964
245964
245964
245964
245964
245964
245342
245342
245342
245342
245342
245342
245342
245342
245342
245342
245342
245342
245342
245342
245342
245342
245221
245221
245221
245221
245221
245221
245221
245221
245221
245221
245221
245221
245221
245221
245221
245221
243396
243396
243396
243396
243396
243396
243396
243396
242497
242497
242497
241616
241616
241616
241616
241616
241616
241616
241616
241616
241616
241616
241616
241616
241616
241616
241616
241616
241616
241616
241239
241239
241239
241239
241239
241239
241239
241239
241239
241239
241239
241239
241239
241239
241239
241239
241239
241239
241025
241025
241025
241025
241025
241025
241025
241025
241025
241025
240862
240862
240862
240862
240862
240862
240862
240862
240862
240862
240862
240862
240862
240862
240802
240802
240802
240802
240802
240802
240802
240802
240802
240802
240802
240802
240802
240802
240802
240802
240802
240802
240063
240063
240063
240063
240063
240063
240063
240063
240063
240063
240063
240063
240063
240063
240063
240063
240063
240063
238893
238893
237688
237688
237192
237192
237192
237192
237192
237192
237192
237192
237192
237192
237192
237192
237192
237192
237192
237192
237192
237192
237192
237140
237140
237140
237140
237140
237140
237140
236879
236879
236879
236879
236271
236271
236271
236271
236271
236137
236137
236137
236092
236092
236092
236092
236092
235606
235606
235606
235606
235606
235606
235606
235606
235606
235606
235606
235606
235606
235606
235381
235381
235381
235381
235381
235302
235302
235302
235302
235302
235302
235302
235302
235302
235302
235302
235141
235141
235141
235141
235141
235141
235141
235141
235141
235141
235141
235141
235141
235141
235141
235141
234627
234627
234627
234627
234627
234627
234627
234627
233567
233567
233567
233567
233567
233567
233567
233567
233423
233423
233423
233423
233423
233423
233423
233423
233423
233423
233423
233423
233423
233423
232152
232152
232152
232152
232152
232152
232152
232152
232152
232152
232152
232152
232152
232152
231396
231396
231396
231396
231396
231396
231396
231396
231396
231396
231396
231396
231396
231396
231396
231396
231396
231396
231396
230267
230267
230267
230267
230267
230267
230267
230267
230267
230267
230267
230036
230036
230036
229472
229472
229472
229472
229366
229366
229366
229366
229366
229366
229366
229366
229366
229366
229366
229366
229366
229366
229366
229366
229366
229366
229366
229366
229307
229307
229307
229307
229307
229293
229293
229293
229293
229293
229293
229293
229293
229293
229293
228659
228659
228659
228659
228659
228659
228659
228659
228659
228659
228659
228659
228659
228066
228066
228066
228066
228066
228066
228066
228066
228066
228066
228066
228066
228066
228066
228066
227773
227773
227773
227773
227773
227773
227773
227773
227773
227773
227773
227654
227654
227654
227654
227654
227654
227654
226960
226960
226960
226960
226960
226960
226960
226960
226921
226921
226921
226921
226921
226921
226921
226921
226705
226705
226705
226705
226705
226705
226705
226705
226705
226705
226705
226705
226705
226705
225702
225702
225702
225702
225702
225702
225702
225702
225702
225702
225702
224977
224977
224977
224977
223307
223307
223307
223307
223307
223307
223307
223307
223307
223307
223307
223307
223307
223307
223084
222882
221520
221520
221520
221520
221520
221520
221520
221520
221520
221520
221520
221520
221520
221401
221401
221401
221401
221401
221401
221401
221401
221401
221401
221401
221401
221401
221401
221401
221401
221401
221401
221401
221401
221233
221233
221233
221233
221233
221233
221233
221233
220012
220012
220012
220012
220012
220012
220012
220012
220012
220012
220012
220012
220012
220012
220012
219810
219810
219810
219810
219810
219810
219810
219810
219810
219810
219810
219810
219810
219810
219810
219810
219810
219810
219810
219584
219584
219584
219584
219584
219584
218967
218967
218967
218967
218967
218967
218698
218698
218230
218230
218230
218230
218230
218225
218225
218225
218225
218225
218225
218225
218225
218225
218225
218225
218225
218225
218225
218225
218225
218225
218225
218037
218037
218037
218037
216652
216652
216372
216372
216372
216372
216372
216372
216372
216372
216372
216372
216372
216372
216372
216372
216372
216372
216372
216372
215020
215020
215020
215020
215020
214650
214650
214650
214650
214650
214650
214650
214650
214650
214650
214650
214650
214650
214650
214650
214400
214400
214400
214085
214085
214085
214085
214085
214085
213930
213930
213930
213930
212590
212590
212590
212590
212590
212590
212590
212590
212557
212557
212557
212557
211740
211740
211740
211740
211740
211740
211740
211740
211740
211740
211740
211740
211740
211740
211144
211144
211144
211144
211144
211144
210811
210811
210811
210811
210811
210811
210811
210811
210811
210811
210811
210811
210811
209599
209599
209599
209599
209599
209599
209599
209599
209599
209599
209599
209599
209599
209599
209599
209504
209504
209504
209504
209504
209504
209504
209504
209504
209504
209504
209504
209504
209504
209504
209504
209504
209504
206143
206143
206143
206143
206143
206143
206143
206143
206143
206143
206143
206143
205972
205972
205972
205972
205972
205972
205972
205972
205972
205972
205972
205972
205972
205972
205972
205972
205887
205887
205887
205887
205887
205887
205887
205887
205569
205569
205569
205569
205569
205569
205569
205569
205569
205569
205569
205569
205569
204591
204591
204591
204591
204591
204591
204591
204394
204394
204394
204394
204394
204394
204394
204394
204394
204394
204394
204353
204353
204353
204353
204353
204353
204353
204353
204353
204353
204353
204353
204353
204353
204353
204353
204353
204353
204353
204353
203896
203896
203896
203896
203896
203896
203896
203896
203896
203896
203896
203896
203896
203896
203896
203896
203896
203896
203599
203599
203599
203599
203599
203599
203599
203599
203599
203599
203599
203599
203599
203599
203599
202935
202935
202935
202935
202935
202935
202935
202935
202935
202935
202935
202935
202935
202935
202935
202935
202605
202037
202037
202037
202037
201338
201338
201338
201338
201338
201338
201338
201338
201338
201338
201338
201338
201338
200420
200420
200420
200420
200420
200420
200420
198768
198768
198768
198768
198768
198768
198768
198768
198768
198768
198768
198768
198768
198768
197944
197944
197944
197944
197944
197944
197944
197944
197944
197944
197944
197944
197944
197944
197944
197944
197845
197845
197845
197845
197845
197845
197845
197845
197845
197845
197845
197845
197845
197845
197845
197845
197845
197845
197845
197845
197343
197343
197343
197343
197343
197343
197343
197343
197343
197343
197343
197343
197343
197343
197343
197343
197343
196001
196001
196001
196001
196001
196001
196001
196001
196001
195713
195713
195713
195713
195713
195713
194943
193835
193835
193835
193835
193835
193835
193835
193835
193835
193835
193835
193835
193835
193835
193835
193835
193835
193835
193509
193509
193509
193509
193509
193509
193509
192045
192045
192045
192045
192045
192045
191709
191709
191709
191709
191709
191709
191709
191709
191709
191709
191709
191709
191709
191619
191619
191619
191619
191619
191619
191619
191619
190586
190586
190586
190586
190586
190586
190586
190586
190586
190586
190586
190586
190586
190586
190586
190586
190108
190108
190108
190108
190108
190108
190108
190108
189759
188980
188980
188980
188980
188980
188980
188980
188980
188980
188980
188980
188980
188980
188714
188714
188714
188714
188714
188714
188714
188714
188714
188714
188436
188436
188436
188436
188436
188436
188436
188436
188436
188436
187351
187351
187351
187351
187351
187085
187085
187085
187085
187085
187085
187085
187085
187085
187085
187085
187085
187085
187085
186736
186736
186736
186736
186736
186736
186736
186736
186736
186736
185610
185610
184997
184997
184997
184997
184997
184997
184997
184997
184997
184997
184997
184997
184997
184997
184997
184997
184997
184790
184790
184790
184790
184790
184790
184790
184790
184790
182361
182361
182361
182361
182361
182361
182361
182361
182361
182361
182361
182361
182361
182361
182361
182361
182361
182361
182361
182361
182294
182294
182294
182294
182294
182294
182294
182294
182294
182294
182294
182294
182294
182294
182294
182294
182294
182294
182294
181667
181667
181667
181667
181667
181667
181667
181667
181667
181667
181444
181444
181444
181444
181444
181444
181444
181444
181444
179882
179882
179882
179882
179882
179882
179882
179882
179882
179882
179882
179882
179733
179733
179733
179733
179733
179580
179580
179580
179580
178657
178657
178657
178657
178657
178657
178657
178657
178657
178657
178657
178657
178657
178657
178657
178657
178657
178657
178657
178657
177472
177472
177472
177472
177472
177472
177472
177472
177472
177472
177472
177472
177472
177472
177472
177472
177472
177472
177307
177307
177307
177307
177307
177307
177307
177307
176181
176181
176181
176181
174698
174698
174698
174698
174698
174698
174698
174562
174562
174562
174562
174562
174562
174562
174562
174562
174562
174562
174562
174562
174562
174457
174457
174457
174457
174457
172235
172235
172235
172235
172235
172235
172235
172235
172235
172235
172235
172062
172062
172062
172062
172062
172062
172062
172062
172062
172062
172062
172062
172062
172062
171731
171731
171731
171731
171731
171731
171731
171731
171731
171731
171731
171731
171731
171731
171731
171731
171731
171731
171731
171731
170825
170825
170825
170817
170817
170817
170817
170817
170817
170817
170817
170817
170817
170817
170817
170636
170636
170636
170636
170636
170636
170636
170636
170636
170636
170636
170636
170636
170636
170516
170516
170516
170516
170516
170516
170516
170516
170516
170516
170516
170516
170516
169641
169641
169641
169641
169641
169641
169641
169641
169641
169641
169641
169641
169641
169641
169641
169641
169641
169641
169641
169641
168870
168870
168870
168870
168870
167680
167680
167680
167616
167616
167616
167616
167616
167616
167616
167616
167616
167616
167616
167616
167616
167616
167616
167616
167616
167616
167616
167532
167532
167532
167532
167532
167532
167532
167532
167532
167532
167532
167532
167532
167532
167193
167193
167193
167193
167193
167193
167193
167193
167193
167193
167193
166677
166677
166677
166677
166677
166677
166677
166643
166592
166592
166592
166592
166592
166592
166592
166592
166592
166592
166592
166592
166592
166592
166397
166397
166397
166397
166397
166397
166397
166397
166397
166397
166397
165835
165835
165835
165835
165835
165835
165835
164959
164959
164959
164959
164959
164959
164959
164959
164959
164959
164959
164959
164959
164959
164959
164959
164959
164959
164959
164250
164250
164250
164250
164250
164250
164250
164250
164250
164250
164250
164250
164250
163947
163947
163947
163947
163947
163947
163947
163947
163947
163947
163947
163947
163947
163947
163947
163947
163947
163947
163947
162778
162778
162778
162778
162778
161841
161841
161841
161841
161841
161841
161045
161045
161045
161045
161045
161045
161045
161045
161045
161045
161045
161045
161045
161045
161045
161045
161045
161045
161045
161045
160954
160954
160954
160954
160954
160954
160954
160954
160954
160954
160954
160954
160954
160317
160317
160317
160317
160317
159205
159205
159205
158339
158339
158339
158339
158339
158339
158055
158055
158055
158055
158055
158055
158055
158055
158055
158055
158055
158055
158055
158055
157746
157746
157746
157708
157708
157708
157708
157708
157708
157708
157708
157708
157562
157562
157562
157562
157562
156971
156971
156971
156971
156971
156971
156971
156971
156971
156971
156971
156971
156971
156534
156534
156534
156534
156534
156534
156534
156271
156271
156271
156271
156271
156271
156271
156271
156271
156271
156271
156271
156271
156271
156271
156271
155922
155922
155922
155922
155922
155922
155922
155922
155922
155922
155922
155922
155922
155922
155922
155922
155922
155922
155922
155922
155248
155248
155248
155248
155248
155248
155248
155248
155248
155248
155248
155248
155248
155248
155248
155248
155248
154455
154455
154455
154455
154455
154455
154455
154455
154455
154455
154455
154455
154455
154455
154455
154455
154455
154455
154455
153878
153878
153878
151954
151954
151954
151954
151954
151954
151954
151954
151954
150478
150478
150478
150478
150478
150478
150478
150478
150478
150478
150384
150384
150384
150384
150384
150384
150384
150384
150384
150384
150384
150384
149969
149969
149969
149969
149969
149969
149458
149458
149458
149458
149458
149458
149458
149458
149458
149458
149458
149458
149458
149458
149458
149226
146910
146910
146910
146910
146910
146910
146910
146910
146910
146910
146910
146910
146910
146910
146910
145706
145706
145706
145706
145706
145706
145706
145706
145706
145706
145706
145706
145706
145706
145706
145706
145706
144876
144876
144876
144876
144876
144876
144876
144876
144478
143936
143936
143936
143936
143936
143936
143936
143813
143813
143813
143813
143813
143813
143813
143813
142685
142685
142685
142685
142685
141560
141560
141560
141560
141560
141560
141560
141560
141560
141560
141560
141560
140716
140716
140716
140716
140164
140164
140164
140164
140164
140164
140164
140164
140164
140164
140164
140164
140164
140164
140164
140164
140164
140164
140164
140164
139281
139281
138792
138792
138792
138792
138792
138792
138792
138110
138110
138110
138110
138110
138110
138110
138110
138110
138110
138110
138110
138110
138110
138110
138034
138034
138034
138034
138034
138034
138034
138034
138034
138034
138034
138034
138034
138034
138034
138034
137768
137768
136751
136751
136751
136751
136751
136751
136751
136751
135720
135720
135720
135720
135720
135720
135720
135720
135720
135720
134465
134465
134465
134465
134465
134465
134465
134465
134465
134465
134465
134465
134465
134465
134465
134465
134465
134465
134465
134465
132980
132980
132506
132506
132506
132506
132506
132360
132360
132360
132360
132360
132360
132360
132360
132360
132360
132360
132360
132360
130669
130669
130669
128682
128682
128682
128443
128443
128443
128443
128443
128443
128443
128443
128095
128095
128095
128095
128095
126791
126791
126791
126791
126791
126791
126049
126049
126049
126049
125595
125595
125595
125595
125595
125595
125595
125595
125595
125595
125595
125595
125595
125595
125595
124203
124203
124203
124203
124203
124203
124203
124203
124203
124203
124203
124203
124203
124203
124203
124203
124203
124203
124203
124203
123481
123481
123481
122963
122963
122963
122963
122963
122963
122963
122963
122963
122963
122963
122963
122963
122963
122963
122963
122963
122177
122177
122177
122177
122177
122177
122177
121546
121546
121546
121546
121546
121546
121546
121546
121546
121546
121546
121546
121546
121546
121546
120825
120825
120825
120825
120825
120825
120825
120825
120465
120465
120465
120465
120465
120465
120465
120465
120465
120465
120465
120465
120465
120445
120445
120445
120445
120445
120445
120445
120445
120445
120445
120445
120445
120445
120445
120445
120445
120445
120445
120445
120431
120431
120431
120431
120431
120276
120276
120276
119654
119654
119654
119654
119654
119654
119654
119654
119654
119654
119654
119654
119654
119429
119429
119429
119429
119429
119110
119110
119110
119110
119110
119110
119110
119110
119110
119110
119110
119110
118770
118770
118770
118770
118770
118770
118770
118770
118770
118770
118770
118770
118770
118770
118770
118770
118770
115101
115101
115101
115101
115101
115101
115101
115101
114031
114031
114031
112968
112968
112968
112968
112968
112968
112968
112968
112968
111361
111361
111361
111361
111361
111361
111361
111361
111361
111361
111361
111361
111361
111361
111361
111361
111361
111361
111110
111110
111110
111110
111110
111110
111110
111110
111110
111110
111110
111110
111110
109771
109771
109771
109771
109771
109771
109771
109771
109771
109771
109771
109771
109771
109465
109465
108518
108518
108518
108518
107967
107967
107967
107967
107967
107252
106961
106961
106961
106961
106961
106961
106961
106961
106961
106961
106961
106961
106961
106961
106961
106961
106961
106961
106961
106961
106293
106293
106293
106293
106293
106293
106293
106293
106293
106293
106293
106293
106293
106293
106293
106257
106257
106257
106257
106257
106186
106186
106186
106186
106186
106186
106186
106186
106186
106180
105689
105689
105436
105436
105436
105436
105436
105356
105356
104979
104979
104979
104979
104979
104979
104979
104979
104979
104979
104979
104979
104979
104979
104979
104979
104979
104979
104979
102284
102284
102284
101941
101941
101818
101818
101818
101818
101818
101818
101818
101818
101818
101576
101576
101576
101576
101576
101576
101576
101576
101576
101576
101576
101576
100723
100723
100723
100723
100723
100723
100723
100723
100723
100723
100723
100723
100723
100723
100723
100723
100723
100723
100723
100723
99680
99680
99680
99680
99680
99680
99037
99037
99037
99037
99037
99037
99037
99037
98443
98443
98443
98443
98443
98443
98443
98443
98443
98443
98443
98443
98443
97772
97772
97772
97772
97772
97772
97772
97772
97772
97772
97772
97772
97772
97772
97772
97772
97772
96628
96628
96628
96628
96628
96628
96628
96628
96628
96628
96628
96628
96628
96628
96628
96628
95699
95699
95699
95699
95699
95699
95699
95699
95699
95699
95699
95699
95699
95699
95699
95699
95699
95699
94850
94850
94850
94850
94740
94740
94740
94740
94740
94740
94740
94740
94740
94740
94740
94740
94740
94740
94740
94740
94740
94740
94325
94325
94325
94325
94325
94325
94325
94325
94325
94325
94325
94325
94325
94325
94325
94325
94325
94325
94325
93142
93142
93142
93142
93142
93142
93142
93142
93142
93142
91476
91476
91476
91476
91476
91476
91476
91476
91476
91476
91476
91476
91476
91476
91476
91476
91476
91476
91476
90045
90045
90045
90045
90045
90045
90045
90045
90045
90045
90045
90045
90045
90045
90045
90045
90045
90045
90045
90045
89780
89780
89780
89780
89780
89780
89780
89780
89780
89780
89780
89780
89780
89780
89780
89346
89346
89346
89346
89346
89346
89346
89346
89346
89336
89336
89336
89336
89336
87556
87556
87556
87556
87556
87556
86877
86877
86877
86877
86877
86877
86877
86032
86032
86032
86032
86032
86032
86032
86032
86032
86032
86032
85884
85884
85884
85884
85884
85884
85884
85884
85884
85884
85884
85884
85884
85884
85884
85884
85884
85884
85884
85884
85761
85761
85761
85761
85761
85761
85761
85761
85761
85761
85761
85761
85761
85761
85761
84813
84813
84813
84813
84813
84813
84813
84813
84757
84757
84757
84757
84757
84757
84198
84198
84198
84198
84198
84198
84198
84198
84198
84198
84198
84198
84198
84198
84198
84198
84198
84198
84198
83938
83938
83938
83938
83938
83938
83938
83938
83938
83938
83938
83938
83938
82377
82377
82377
82377
82377
82376
82376
82376
82376
82376
82376
82376
82376
81336
81336
81336
81336
81336
81336
81336
81336
81336
81336
81336
81336
81336
81336
81336
81336
81336
81336
81336
81336
81335
81335
81335
81335
80720
80720
80720
80720
80720
80720
80720
80720
80720
80720
80720
80720
80720
80720
80720
80720
80720
80720
80720
80299
80299
80299
80299
80299
80126
80126
80126
80126
80126
80126
80126
80126
80126
80126
80126
80126
80126
80126
79092
79092
79092
79092
79092
79092
79092
79092
79092
79092
79092
79092
79092
79092
79092
79092
79092
79092
79092
79092
78727
78727
78727
78727
78727
78727
77824
77824
77824
77235
77235
77235
77235
77235
77235
77235
77235
77235
77235
77235
76803
76803
76803
76803
76803
76803
76803
75914
75914
75914
75914
75472
75472
75472
75472
75472
75472
75472
75472
75472
75472
75472
74337
74337
74337
74337
74337
74337
74337
74337
74337
74337
74337
74337
74337
74337
74337
74140
74021
74021
74021
72690
72690
72690
72690
72690
72690
72690
72690
72690
72690
72690
72690
72690
72690
72690
72690
72325
72325
71822
71822
71822
71822
71533
71533
71123
71123
71123
71123
71123
71123
71123
71123
71123
71123
71123
71123
71123
71123
71123
69026
69026
68651
68651
68651
68651
68651
68651
68651
68651
68651
68651
68651
68651
68651
68651
68651
68200
68200
68200
68200
68198
68198
68198
68198
68198
68198
68198
68198
68198
67926
67926
67926
67926
67926
67926
67926
67926
67926
67926
67926
67926
67926
67926
67926
67926
67926
67627
67627
67627
67627
67627
67627
67627
67627
67627
67627
67627
67627
67627
67627
67627
67627
67627
67627
67627
67394
67394
67394
67394
67394
67394
67394
67394
67394
67394
67216
67216
67216
67216
67216
65310
65310
65310
65310
65310
65310
64917
64917
64917
64917
64917
64917
64423
64423
64423
64423
64423
64423
64423
64423
64423
64423
64423
64423
64423
64423
64423
64423
64423
64423
64423
64423
63969
63969
63969
63969
63969
63969
63969
63969
63969
63969
63969
63969
63931
63931
63931
63931
63931
63931
63931
63931
63931
63931
63931
63931
63931
63931
63931
63931
63931
63931
63634
63634
63634
63634
63634
63634
63634
63634
63634
63634
63634
63634
63634
63634
63634
63448
63448
63448
63448
63448
63448
63448
63448
63448
63448
63448
61821
61821
61821
61821
60774
60774
60774
60774
58964
58964
58964
58964
58964
58117
58117
58117
58117
58117
58117
58117
58117
58117
58117
58117
58117
58117
58117
57976
57976
57976
57976
57976
57976
57622
57622
57622
57622
57622
57622
57622
57622
57622
57622
56934
56934
56934
56934
56934
56934
56934
56934
56934
56934
56934
56934
56934
56934
56934
56934
56258
56258
56258
56258
56258
56258
56258
56258
56258
56258
56258
56258
56258
56258
56258
56216
56216
56216
56216
56216
56216
56216
56216
56216
56216
56216
56216
56216
56050
56050
56050
56050
56050
56050
56050
56050
56050
55671
55671
55671
55671
55671
55322
55322
55322
55322
55322
55322
55322
55322
55322
55322
55322
55322
55322
53963
53963
53963
53963
53963
53963
53963
53963
53963
53963
53963
53963
53963
53963
53963
53963
53963
53317
53317
52674
52674
52359
52359
52359
52359
52359
52359
52359
52359
52359
52359
50760
50760
50760
50760
50760
50760
50760
50760
50760
50760
50760
50760
50760
50760
50760
50760
50760
50760
50760
50441
50441
50441
50441
50441
50441
50441
50441
50441
50441
50217
50217
50217
50217
50217
50217
50217
50217
50217
50217
50217
50217
50217
50217
50217
50217
50217
50217
50217
50052
50052
50052
50052
50052
50052
50052
49631
49631
49631
49631
49631
49631
49631
49631
49631
49631
49631
49631
49631
48995
48995
48995
48995
48995
48995
48995
48995
48995
48995
48995
48995
48995
48995
48995
48995
48995
48995
48995
48995
47482
47482
47482
47482
47482
45968
45968
45968
45968
45968
45968
45968
45968
45968
45968
45968
45968
45968
45968
45968
45968
45968
45968
45968
45968
45692
45692
45692
45692
45692
45352
45352
45352
45352
45352
45010
45010
45010
45010
45010
45010
45010
45010
45010
45010
45010
45010
45010
45010
45010
45010
44832
44832
44832
44832
44832
44832
44832
44832
44832
44832
44832
44832
44832
44832
44832
43570
43570
43570
43570
43570
43570
43570
43570
43570
43570
43570
43570
43283
43283
43283
43283
43283
43283
43283
42267
42267
42267
42267
42267
42267
42267
42267
42267
42267
42267
42267
41694
41694
41694
41694
41694
41449
41449
41449
41449
41449
41449
41016
41016
41016
40871
40871
40871
40871
40871
40871
40871
40871
40871
40871
40871
40871
40871
40871
40871
40871
40871
38713
38713
38713
38713
38713
38713
38713
38713
38713
38713
38713
38713
38713
38713
38713
38713
38713
38713
38713
36497
36497
36497
36497
36497
36497
36497
36497
36497
36497
36497
36497
36497
36497
35859
35859
35859
35859
35859
35859
35859
35859
35859
34509
34509
34509
34509
34509
34509
34509
34509
34509
34509
34509
34509
34509
34509
34509
34509
34509
34509
34509
34509
32978
32978
32978
32978
32978
32978
32978
32978
32978
32978
32978
32978
32978
32978
32978
32978
32869
32869
32869
32869
32869
32869
32869
32869
32869
32869
32869
32869
32869
32869
32869
32869
32869
32869
32869
32799
32799
32799
32799
32799
32799
32799
32799
32799
32799
32799
32799
32799
32799
32799
32799
31528
31528
31528
31528
31528
31528
31528
31528
31528
31528
31528
31528
31528
31528
31528
31528
30543
30543
30543
30543
30543
30543
30332
30332
30332
30161
30161
30161
30161
30161
30161
30161
30161
30161
30161
30161
29794
29794
29794
29794
29794
29794
29794
29794
29794
29794
29794
29794
29794
29794
29794
29794
29794
29217
29217
29217
29217
29217
29217
29217
29217
29217
29217
27292
27292
27292
27292
27292
27292
27292
27292
27292
27292
27292
27292
27292
27292
27292
27292
27292
27292
27292
26555
26555
26555
26555
26555
26555
26555
26555
26555
24964
24964
24964
24964
24964
24964
24964
24964
24964
24964
24964
24964
24964
24964
24964
24964
24508
24508
24508
24508
24508
24508
24508
24508
24508
23562
23562
23562
23562
22765
22765
22765
22765
22765
22765
22765
22765
22765
22765
22765
22765
22765
22765
22765
22765
22765
22765
22765
21918
21918
21918
21918
21918
21098
21098
21098
21098
21098
20662
20662
20662
20662
20662
20354
20354
20354
20354
20354
20283
19766
18305
18305
18305
18305
18240
18187
18187
18187
18187
18187
18187
18187
17634
17634
17449
17449
17449
17449
16771
16771
16771
16771
16771
16771
15594
15594
15594
15594
15594
15594
15594
15594
15594
15594
15594
15594
15594
15594
15143
15143
15143
15143
15143
15143
14992
14992
14992
14734
14734
14734
14734
14734
14734
14734
14620
14620
14620
14620
14620
14620
14620
14620
14620
14193
14193
14193
14193
14193
14193
14193
13447
13447
13447
13447
13447
13447
13447
13447
13447
13447
13447
13447
13447
13447
13447
13447
13447
11641
11641
11641
11641
11641
11641
11641
11641
11641
11641
11641
11641
11641
11585
11585
11585
11585
11585
11585
11585
11585
11585
11585
11585
11585
11549
11549
11549
11549
11549
11549
11549
11446
11446
11446
11446
11206
11206
11206
11206
11206
11206
9730
9730
9730
9730
9730
9730
9730
9730
9730
9730
9730
9730
9730
9730
9730
9730
9730
9730
9730
9730
8876
8876
8876
8876
8876
8876
8876
8876
8876
8876
8876
8876
8876
8876
7097
7097
7097
7097
7097
7097
7097
7097
7097
7097
7097
7097
6782
6782
6782
6782
6782
6782
6782
6782
6782
6782
6029
6029
6029
6029
6029
6029
5680
5680
5680
5680
5680
5680
5680
4692
4692
4692
4692
4692
4692
4692
4692
4470
4470
4470
4470
4470
4470
4470
4470
4470
4470
4470
4470
4470
4470
4470
4470
4470
4470
4470
3952
3952
3952
3952
3952
3952
3952
3952
3952
3952
3952
3952
3952
3952
3952
3587
3587
3587
3587
3587
3587
3587
3587
3587
3587
3587
3587
3587
3587
3587
3587
3587
3587
3587
3587
