5186
500000
332743
332743
332743
332743
332743
332743
332743
332743
332743
332743
332743
332743
332743
332743
332743
332743
331304
331304
331304
331304
331304
331304
331304
331304
331304
331304
331304
331304
331304
331304
331304
330913
330913
330913
330913
330913
330913
330913
330913
330913
330913
330913
330823
330823
330823
330823
330823
330823
330541
330260
330260
330260
330260
330260
330260
330260
330260
330216
330216
330216
330216
330124
330124
330124
330124
330124
330124
330124
330124
330124
328552
328552
328552
328552
328552
328552
328552
328552
328552
328552
328552
328552
327903
327903
327903
327903
327903
327903
327860
327860
327860
327860
327860
327860
327860
327860
327860
327860
327860
327211
327211
327211
327211
327211
327211
327211
327211
327211
327211
327211
327211
327211
327211
327211
327211
326961
326961
326961
326961
326961
326961
326961
326961
326961
326961
326961
326961
326961
326961
326961
326961
326870
326870
324005
324005
324005
324005
324005
323838
323838
323838
323838
323838
323838
323838
323838
323101
323101
320389
320389
320389
320389
320389
320389
320389
320389
320389
320389
320389
320389
320389
320389
320389
320389
320389
320389
320389
320389
318986
318986
318986
318986
318986
318986
318986
318986
318986
318986
318726
318726
318726
318726
318726
318726
318726
318726
318726
318726
318726
318726
318726
318726
318726
317979
317979
317979
317979
317979
317979
317954
317954
317954
317954
317954
317954
317954
317954
317954
317954
317954
317954
317954
317954
317954
317954
317831
317831
317831
317831
317831
317831
317831
317831
317831
317831
317831
317831
317831
317799
317799
317799
317799
317799
317799
317799
317799
317799
317799
317799
317799
317799
317799
317799
317799
317799
317474
317474
317474
317474
317474
317474
317474
317474
317474
317474
317474
317474
317474
317115
317115
317115
317115
317115
317115
317106
317106
317106
317106
317106
317106
317106
317106
317106
317106
317106
317106
317106
317106
317106
317106
317106
317106
317106
317106
315568
315568
315568
315568
315568
315568
315568
315568
315568
315568
315568
314115
314115
314115
314115
313454
313454
312644
312644
312644
312644
312644
312644
312644
312644
312644
312644
312644
312644
312644
312644
312644
312644
312644
312644
312644
312644
312407
312407
312407
312407
312407
312407
312407
312407
312407
312407
312407
312407
312407
312407
312407
312407
311116
311116
311116
311116
310790
310744
310744
310744
310744
310744
310744
310744
309702
309702
309702
309702
309702
309702
309702
309702
309702
309702
309702
309702
309370
309370
309370
309370
309352
309352
309352
309352
309352
309352
309352
309352
309352
309352
309352
309352
309352
309352
309352
309352
309352
309352
309352
309160
309160
309160
309160
309160
309160
309160
309160
309160
309160
309160
309160
309160
309160
309160
309160
309160
309160
309160
309160
308260
308260
308260
308260
308260
308260
308260
308260
308260
307679
307679
307679
307679
307679
307679
307679
307679
307679
307679
307679
307679
307679
307679
307679
307319
307319
307319
307319
307319
307319
307319
307319
307319
307319
307319
307098
307098
307098
307098
307098
307098
307098
307098
307050
307050
307050
307050
307050
307050
307050
307050
307050
306455
306455
306455
306455
306455
306455
306455
306455
306455
305755
305755
305368
303421
303421
303421
303421
303421
303421
303421
303421
303421
303421
303421
303421
303421
303120
303120
303120
303120
303120
303120
303120
303120
303120
303120
301825
301825
301825
301825
301825
301825
301825
301825
301825
300353
300320
300320
300320
300320
300320
300320
300320
300320
298105
298105
298105
298105
298105
298105
298105
295700
295700
295700
295700
295700
295700
295700
295700
295700
295700
295700
295700
295700
295700
295700
295700
295700
295700
295632
295632
295632
295632
295632
295632
295632
295632
295632
295632
295562
295562
295309
295309
295309
294434
294434
294434
294434
294434
294434
294434
294434
294221
294221
294221
294221
294221
294221
294221
294221
294221
294221
294166
294166
294166
294166
294166
294166
294166
294050
294050
294050
294050
294050
293829
293829
293829
293829
293829
292909
292909
292909
292909
292909
292909
292909
292909
292909
292909
292909
292909
292909
292909
292909
292909
292909
292909
292909
292909
292904
292904
292190
292190
292190
292190
292190
292190
292190
292190
292190
292190
292190
292190
292190
292190
292190
292190
292190
292190
291751
291751
291751
291751
291751
291751
291751
291751
291751
291751
291751
291751
291751
290898
290898
290898
290898
290898
290898
290898
290898
289761
289761
289761
289761
289761
289761
289761
289761
289761
289761
289761
289761
289176
289176
289176
289176
289176
289176
289176
289176
289049
289049
289049
289049
289031
289031
289031
289031
288926
288926
288926
288926
288926
288926
288926
288926
288926
288926
288926
288926
288926
288926
288926
288926
288782
288782
288782
288782
288782
288782
288782
288782
288782
288782
288782
288782
288782
288782
288782
288782
288782
288782
288782
288782
288208
288208
288208
288208
288208
288208
288208
288208
288208
288208
288208
288208
288208
288208
288080
288080
288080
287830
287830
287830
287830
287830
287830
287830
287830
287830
287830
287830
287830
287830
287830
287830
287731
287731
287731
287731
287731
287731
287731
287731
287731
287731
287731
287731
287731
287731
287537
287537
287537
287537
287537
287537
287537
287537
287537
287537
287537
287537
287537
287537
287537
287537
287537
287537
287537
286024
286024
286024
286024
286024
286024
286024
285148
285148
285148
284962
284962
284962
284962
284962
284962
284962
284962
284962
284962
284962
284962
284962
284455
284455
284455
284455
284455
284455
284455
284455
284455
284455
282957
282957
282957
282957
282957
282957
282559
282559
282559
282559
282559
282559
282559
282559
282559
282559
282344
282344
282344
282344
282344
282344
282344
282344
282344
282344
282344
281951
281951
281951
281951
281951
281951
281951
281951
281951
281951
281951
281951
281951
280834
280834
280834
280834
280834
280834
280834
280834
280834
280834
280834
280834
280834
280747
280747
280747
280747
280747
280747
280747
280747
280747
280747
280747
280747
280747
280747
280747
280747
280747
280747
280747
280504
280504
280504
280504
280504
280504
280504
280504
280504
280504
280383
279839
279839
279839
278336
278336
278336
278336
278336
278336
278336
278336
278336
278336
278336
278336
275412
275412
275412
275412
275412
275412
275412
275412
275412
275412
275412
275412
275412
275412
275412
275412
275412
275412
275412
275412
273752
273752
273752
273752
273752
273752
273752
273752
273752
273752
273752
273752
272917
272917
272917
272917
272917
272917
272917
272917
272917
272917
272917
272917
272917
272649
272649
272649
272649
272649
272649
272649
271765
271765
271765
271765
271487
271487
271487
271487
269559
269559
269559
269559
269559
269559
269559
269559
269559
269559
269559
269559
269559
269559
269559
269559
269559
269559
269559
269496
269496
269496
269496
269175
269175
269175
269175
269175
269175
269175
269175
269175
269175
269175
269175
269175
268903
268903
268903
268903
268903
268903
268903
268903
268903
268903
268903
268903
268903
268795
268795
268795
268795
268488
268488
268488
268488
268488
268488
268488
268488
268488
268488
268488
268488
268488
268488
267699
267699
267699
267699
267699
267699
267699
267699
267699
267699
267699
267699
267699
267699
267699
267699
267699
267699
266430
266430
264753
264753
264753
264753
264753
264753
264753
264753
264753
264753
264753
264753
264753
264753
264753
264671
264671
264671
264671
264671
264671
264671
264671
264671
264671
264671
264671
264671
264671
264671
264671
264671
264671
264671
264024
264024
264024
264024
263648
263648
263648
263648
263648
263648
263648
263648
263648
263648
263648
263648
262984
262984
262984
262984
262984
262984
262984
261964
261964
261964
261964
261964
261964
261510
261510
261510
261510
261510
261510
260276
259446
259446
259446
259446
259446
259446
259446
259446
259446
259446
259446
259446
259446
259446
259446
259446
259446
256000
256000
256000
256000
256000
256000
256000
256000
256000
256000
256000
256000
256000
256000
256000
256000
256000
255637
255637
255637
255637
255637
255637
255637
255637
255637
255637
255637
255637
255637
254661
254661
254661
254661
254661
254661
254661
254661
254661
254661
254661
254661
254661
254661
254207
254207
254207
254207
254207
254207
254207
254207
254207
254207
254069
254069
254069
254069
254069
254069
254069
254069
254069
254069
253741
253741
253741
253741
253741
253741
253741
253741
253741
253358
253358
253358
253358
253358
253358
252270
252270
252270
252270
252270
252270
252270
252270
252270
252081
252081
252081
252081
252081
251953
251953
251953
251953
251676
251676
251676
251676
251676
251676
251676
251676
251676
251676
251676
251676
251676
251676
251676
251676
251676
251676
251676
251676
250846
250846
250846
250846
250846
250846
250846
250846
250846
250846
250846
250846
250846
250846
250846
250846
250846
250846
249883
249883
249883
249883
249883
249883
249883
249883
249883
249883
249883
249883
249883
249883
249883
249883
249883
249883
249883
249883
248824
248824
248824
248824
248824
248824
248824
248824
248824
248824
248824
248824
248824
248824
248824
248824
248824
248364
248364
248364
248364
248364
248364
248364
248364
248364
248364
248364
248364
248364
248364
248364
248364
248364
247590
247590
247590
247590
247590
247590
246543
246543
246543
246543
246543
246543
246543
246543
245781
245781
245781
244548
244548
244548
244548
244548
244548
244548
244548
244548
244548
244548
244548
244548
244548
244372
244372
244372
244372
244372
244372
244372
244372
244372
244372
244372
244372
244372
244372
244372
244319
244319
244319
244319
244319
244319
244319
244319
244319
244319
244319
244319
244319
244319
244319
244162
244162
244162
244162
244162
244162
244162
243853
243853
243853
243853
243853
243853
243853
243853
243853
243853
243853
243853
243853
242820
242820
242820
242820
242820
242820
242713
242713
242713
242713
242713
242713
242713
242713
242713
242713
241903
241903
241903
241903
241903
241903
241903
241903
241903
241903
241903
241903
241903
241903
241903
241903
241903
241903
241903
241670
241670
241670
241670
241670
241670
241670
241390
241390
241390
241390
241390
241390
241390
241390
241390
241390
241390
241390
241390
241390
241390
241390
240778
240778
240778
240778
240778
240778
240778
240778
240778
240778
240778
240778
240778
240778
240778
240778
239889
239889
239889
239889
239889
239889
239889
239889
239889
239471
239471
239471
239471
239471
239471
239471
239471
239471
239471
239471
239471
239471
239471
239471
239471
239471
239471
239471
238748
238748
238748
238748
238748
238748
238748
238748
238748
237813
237813
237813
237813
236479
236479
236434
236434
236434
236434
236434
236434
236434
236434
236434
236434
236434
236434
236434
236325
236325
236325
236325
235565
235565
235565
235565
235565
235565
234444
234444
234444
234444
234444
234444
234444
234444
234444
234444
234444
234444
234444
234444
234444
234444
234444
234444
234287
234287
233754
233754
233754
233754
233754
233754
233754
233754
233754
233754
233754
233754
233754
233754
232954
232954
232828
232828
232828
232828
232828
232828
232534
232534
232534
232534
232534
232534
232534
232534
232534
232534
232534
232534
232534
232534
232534
232534
232534
231541
231541
231541
231541
231541
231541
231541
231541
231541
231541
231541
231541
231541
231541
231372
231372
231372
231372
231372
231372
231372
231372
231372
231309
231309
231309
231309
231309
231309
231304
231304
231304
231304
231304
231304
231304
231304
231304
231304
231304
231304
231304
231304
231304
231304
231304
231304
231304
231173
231173
231173
231173
231173
231173
231173
230851
230851
230851
230851
230851
230851
230851
230851
230851
230851
230851
230851
230851
230851
230851
230851
230851
230851
230851
230851
229825
229825
229825
229825
229825
229825
229825
229825
229825
229825
229825
229825
228921
228921
228921
228921
228921
228921
228921
228882
228882
228882
228882
228882
228882
228882
228882
228882
228617
228617
228617
228617
228617
228617
228617
228617
228617
228617
228617
228463
228463
228463
228463
228463
228463
228463
228355
228355
228355
228355
228355
227914
227914
227914
227914
226338
226338
226338
226338
226276
226276
226276
226276
226276
226276
226276
226151
224188
224188
224188
224188
224188
223054
223054
223054
223054
223054
223054
223054
223054
222809
222809
222809
222809
222809
222809
222809
222809
222809
222809
222809
222809
222809
222809
222809
222809
222809
220984
220984
220984
220984
220984
220984
220984
220984
220984
220155
220155
220155
220155
220155
220155
220155
220155
220155
220155
220155
220155
220155
219966
219966
219966
219966
219966
219966
219966
219966
219966
219966
219409
219409
219409
219390
219390
219390
216764
216764
216764
216764
216764
216764
216764
216764
216764
216764
216764
216764
216764
216764
216764
216764
216764
216363
216363
216363
216363
216363
216363
215390
215390
215390
215390
215390
215390
215390
215390
215390
215390
215390
215390
215390
215390
215390
215390
215390
215390
215390
215181
215181
215181
215181
215181
215181
215181
215181
215181
215181
215181
214944
214944
214944
214944
214944
214944
214944
214944
214944
214944
214146
214146
214146
214146
214146
214146
214146
214146
214146
214146
214146
214146
214146
214146
211369
211369
211369
211369
211369
211369
211369
211369
211369
211369
211369
211369
211369
211369
211369
211369
211369
211369
211281
211281
211281
211281
211281
211281
211281
211281
211281
211281
211281
209110
209110
209110
209110
209110
209110
209110
208922
208922
208922
208922
208922
208922
208234
208234
208234
208234
208234
208234
208234
208234
208234
208234
208234
206935
206878
206878
206878
206878
205925
205925
205925
205925
205925
205925
205925
205925
205925
205925
205925
205925
205925
205925
205925
205925
205925
205925
205925
205925
204346
204346
204346
204346
204346
204346
204346
204346
204346
204346
204346
204346
204346
204346
204256
204256
204256
203828
203828
203828
203828
203828
203828
203828
203161
203161
201676
201676
201048
201048
200924
200924
200924
200924
200924
200924
200924
200924
200924
200924
200924
200924
200924
200924
200924
200924
199428
199428
199428
199428
199428
199428
199428
199428
199428
199428
199428
199428
199428
199428
199428
199428
199428
199428
199226
199226
199226
199226
199226
199226
199226
199226
199226
199226
199226
199226
199226
199226
199226
199226
199226
199226
198972
198972
198972
198972
198972
198972
198972
197867
197867
197867
197867
197867
197746
197746
197746
197746
197746
197746
197746
197746
197746
197746
197394
197394
197394
197394
197394
197394
197394
197394
197394
197394
197394
197394
197394
197394
197394
196630
196630
196630
196630
196630
196630
196630
196630
196630
196630
196630
196630
196630
196630
196630
196630
196630
196507
196507
196507
196507
196507
196507
196458
196458
196458
196458
196458
196458
196432
194443
194443
194443
194443
194430
194430
194430
194430
194430
194430
194430
194430
194422
193256
192978
192978
192978
192978
192978
192978
192978
192978
192978
192978
192978
192978
192978
192978
192978
192881
192881
192881
192881
192881
192881
192881
192881
192881
192881
192881
192881
192881
192881
192881
192881
192881
192881
192881
192881
192243
192243
192243
192243
192243
192243
192243
192243
192243
192243
192243
192243
192243
192243
192243
191331
191331
191331
191331
191331
191331
191331
191331
191331
191331
191331
191331
191331
191331
191331
191331
191331
191331
191108
190812
190812
190812
190812
190812
190812
190812
190812
190812
190812
190812
190812
190181
190181
190181
190181
190181
189360
188651
188651
188651
188651
188651
188651
188651
188651
188651
188651
188651
188651
188651
188651
188651
188651
188651
188651
188651
188651
187791
187791
187434
187434
187434
187434
187434
187434
187434
187434
187434
187434
187434
187434
187434
187434
187434
187434
187434
187434
187434
187434
187069
187069
187069
187069
187069
187069
187069
187069
187069
187069
187069
187069
187069
187069
186862
186862
186862
186862
186862
186862
186862
186862
186862
186862
186862
186862
186862
186862
186862
186862
186862
186492
186492
186492
186492
186492
186492
186492
185578
184811
184811
184811
184811
184811
184811
184811
184811
184811
184811
184497
184497
184497
184497
184497
184497
184497
184497
184497
184497
184497
184497
184497
184497
184497
184497
183645
183645
183645
183645
183624
183624
183624
183624
183624
183624
183624
183250
183250
182980
182980
182980
182980
182980
182980
182980
182980
182980
182980
182980
182980
182980
182980
182980
182246
182246
182246
182246
182246
182246
182246
182246
182246
182246
182246
182246
182246
182246
180811
180811
180811
180811
180811
180811
180811
180811
180811
180811
180811
180811
180811
180811
180811
180811
180811
180811
180463
180463
180463
180463
180463
180463
180463
180463
180463
176962
176962
176962
176962
176171
176171
176171
176171
176171
176171
176171
176171
176171
176171
176171
175629
175629
175629
175629
175629
175629
175629
175629
175629
175629
175629
175076
175076
175076
175076
175076
175076
174847
174847
174847
174847
174847
174847
174847
174847
174847
174847
174847
174847
174847
174847
174598
174598
174598
174598
174598
174598
174598
174598
174598
174598
174598
174598
174598
174067
174067
174067
174067
174067
174067
174067
174067
174067
174067
174067
174067
174067
174067
173911
173911
173911
173911
173911
173911
173911
171365
171365
171365
171365
171365
171365
171365
171365
171117
171117
171117
171117
171117
171117
171117
171117
171117
170952
170952
170952
170952
170952
170952
170952
170952
170952
170952
170661
170661
170661
170374
170374
170374
170374
170374
170374
170374
170374
170374
170374
170374
170374
170374
170374
170374
170374
170374
170374
170374
166843
166843
166843
166843
166843
166843
166843
166843
166843
166843
166843
166843
166843
166843
166843
166843
166843
166843
166843
166843
165404
165404
165404
165312
165312
165312
165312
165312
165312
165312
165312
165312
165312
165312
165312
165312
165312
165312
165312
165312
165312
165187
165187
165187
165075
165075
165075
164070
164070
164070
164070
164070
164070
164070
164070
163845
163845
163845
163845
163845
163845
163845
163845
163845
163845
163845
163845
163845
163845
163845
163845
163845
163845
162933
162933
162933
162933
162933
161702
161702
160006
160006
160006
160006
160006
157523
157523
157359
157359
157359
157359
157359
157359
157359
157359
157359
157359
157359
157359
157359
157322
157322
157322
157322
157322
157322
157322
157322
157322
157322
157322
157322
157322
157322
157322
157322
155444
155444
155444
155444
155444
155444
155444
155444
155444
155444
155129
155129
155129
155129
155129
153178
153178
153178
153178
153178
153178
153178
153178
153178
153178
153178
153178
153178
153178
153178
153178
153178
152687
152687
152687
152687
152687
152687
151079
151079
151079
151079
151079
151079
151079
151079
151079
151079
151079
151079
151079
151079
151079
151079
150164
150164
150164
150164
150164
150164
150164
150164
150164
150164
150164
150164
150164
150164
150164
150164
150164
150164
150164
149593
149593
149593
149593
149593
149593
149593
149593
149593
149593
149593
149364
149364
149364
149364
149364
149364
148900
148900
148900
148900
148900
148900
148900
148900
148900
148900
148900
148900
148900
148900
148604
148604
148604
148604
148604
148307
148307
148307
148307
148307
148307
148307
148307
148307
147474
146831
146831
146831
146831
146831
146831
146831
146831
146831
146831
146831
146831
146831
146831
146831
146831
146671
146671
146671
146671
146671
146671
146671
146671
146671
146671
146671
146671
146671
146671
146671
146671
146671
144898
144898
144898
144898
144898
144898
144898
144898
144898
144898
144898
144898
144898
144898
144898
144898
144898
144663
144663
144663
144663
144663
144663
144663
144663
144663
144663
144663
144663
144663
144663
144663
144663
144663
144663
144663
144663
144118
144118
144118
144118
144118
144118
144118
144118
144118
144118
144118
144118
144118
144118
144118
144118
144118
144118
144118
144054
144054
144054
144054
143516
143516
143516
143516
143516
143516
143516
143516
142604
142604
141150
141150
141150
141150
141150
141150
141150
141150
141150
141150
141150
141150
141150
141150
141150
140717
140717
140717
140717
140717
140717
140717
140717
140717
140717
140298
140298
140298
140298
139375
139375
139375
139375
139375
139375
139375
139375
139375
139375
139375
139157
139157
139157
139157
139157
138251
138251
138251
138251
138251
138251
138251
138251
138251
138251
138251
138251
138251
138251
138251
138251
138251
138009
138009
138009
138009
138009
138009
138009
138009
138009
138009
138009
138009
138009
138009
138009
136641
136641
136641
136641
136641
136557
136557
136557
136557
136557
136557
136557
136441
136441
136441
136441
136441
136441
136441
136441
136137
136137
136137
136137
136137
136137
136137
136007
136007
136007
136007
136007
136007
136007
136007
136007
136007
136007
135225
135225
135225
135225
135225
135225
135225
135122
135122
135122
135122
135122
135122
135122
135122
135122
135122
135122
135122
135102
135102
135102
135102
135102
135102
135102
134365
134365
134365
134365
134365
134365
134365
134365
133897
133897
133897
133897
133897
133897
133897
133897
133878
133878
133878
133878
133878
133878
133878
133878
133878
133878
133878
133878
133878
133878
133878
133878
133878
132929
132929
132929
132929
132929
132929
132805
132805
132805
132805
132805
132805
132805
132805
132805
132805
132805
132805
132805
132805
132805
132805
132805
132805
132805
132805
132378
132378
132378
132378
132378
132378
132378
132378
132378
132378
132378
132378
132378
132378
132378
132378
132378
131664
131664
131664
131664
131664
131664
131664
130531
130531
130531
130531
130531
130531
130531
130531
130531
130531
130531
130531
130531
130531
130531
130497
130497
130497
130497
130497
130497
130497
130497
128653
128653
128653
128653
128653
128653
128653
128653
126697
126697
126697
126697
126697
126697
126697
126697
126697
126697
126697
126697
126697
126697
126399
126399
126399
126399
126399
126399
126399
126399
126399
126399
126399
126399
126399
126399
126399
126399
126399
126399
126399
126399
126053
126053
126053
126053
126053
126053
126053
126053
126053
126053
125788
125788
125788
125788
125788
125788
125788
125788
125788
125607
125607
125607
125607
125607
125607
125607
125607
125607
125607
125607
125532
125532
125532
125532
125532
125532
125532
125532
125532
125532
125532
125532
125532
125532
125532
123432
123432
123432
123432
123432
123432
123432
123432
123432
123432
123432
123432
123432
123432
123432
123432
123432
123432
123432
123348
123348
123348
123348
123348
123348
123348
123348
123348
123324
123324
123324
123324
123324
123324
123324
123324
123324
123324
123324
123324
123324
123324
123324
123324
123324
123324
122248
122248
122248
122248
122248
122248
122248
122066
122066
122066
122066
122066
122066
122066
122066
122066
122066
122066
122066
121713
121713
121713
121711
121711
121711
121711
115984
115984
115984
114066
114066
114066
114066
114066
114066
114066
114066
114066
114066
114066
114066
114066
114066
114022
114022
114022
114022
114022
114022
114022
114022
114022
114022
114022
114022
114022
114022
114022
114022
114022
114022
114022
113070
113070
113070
113070
113070
113070
113070
113070
113070
113070
113070
112888
112888
112888
112813
112813
112813
112813
112813
112813
112813
112813
112813
112813
112813
112813
112813
111990
111990
111990
111990
111990
111990
111990
111990
111990
111990
111990
111990
111990
111990
111990
111990
111765
111765
111765
111765
111765
111765
111765
111765
111055
111055
111055
110715
110715
110715
110210
110210
110210
110210
110210
110210
110210
110210
110210
110210
110210
110210
110210
110210
110210
110210
110210
110210
110128
110128
110128
110128
110128
110128
110128
110128
110128
110128
110128
110128
110128
110128
110011
110011
110011
110011
110011
110011
110011
110011
110011
110011
110011
110011
110011
110011
110011
110011
110011
110011
110011
110011
108460
108460
108460
108460
108460
108460
108460
108460
108460
108460
108460
108460
108460
108460
108460
108460
108460
108460
107076
107076
107076
107076
107076
107076
107076
107076
107076
107076
107076
107076
107076
107076
107076
107076
107076
107076
107076
107076
105208
105208
105208
105208
105208
105208
105208
105208
105208
105208
105208
105208
105208
105208
105208
105116
105116
105116
105116
105116
105116
104749
104749
104749
104749
104749
104749
104749
104749
104749
104749
101566
101566
101566
101566
101566
101566
101566
101566
101566
101566
101566
101314
101314
101314
101314
100604
100604
100604
100604
100604
100604
100604
100604
100604
100604
100604
100604
100604
100604
100604
100604
100604
100604
100604
99343
99343
99343
99343
99343
99343
99343
99343
99343
99343
99343
99343
99343
99343
99343
99343
99343
99343
99343
99036
99036
99036
99036
99036
99036
99036
99036
99036
98614
98614
97556
97556
97556
97556
97556
97556
97556
97556
97556
97556
97556
97556
97556
97556
97556
97556
97556
97556
97556
97556
97202
97202
97202
97202
97202
97202
97202
97202
97202
97202
97202
97202
97202
97202
97202
97202
97202
97003
97003
97003
97003
97003
97003
97003
97003
97003
97003
97003
97003
97003
97003
97003
97003
97003
97003
96605
96605
96605
96605
96605
96605
96605
96605
96605
96605
96605
96605
96605
96605
96605
96605
95381
95381
95381
95381
95381
95381
95381
95381
95381
95381
95381
95381
95381
95381
95381
95381
95381
95381
95381
95216
95216
95216
95216
95216
95216
95216
95145
95145
95145
95145
95145
95145
95145
95145
95145
95145
95145
95145
95145
95145
95145
95145
95145
94855
94855
94855
94855
94855
94855
94855
94855
94855
94855
94855
94855
94753
94753
94753
94753
94753
94753
94753
94753
94731
94731
94731
94731
94731
94731
94731
94731
94731
94731
94731
94731
94731
94731
94731
94731
94731
94731
94226
94226
94226
94226
94226
94226
94226
94226
94226
94226
93593
93593
93593
93593
93593
93593
93593
93593
93593
93593
93593
93593
93593
93593
93593
93593
93593
93593
93593
93345
93345
93345
93345
93345
93345
93345
93345
93345
93345
93345
93345
93144
93144
93144
93144
93144
93144
93144
93144
93144
93144
93144
93144
93144
93144
92372
92371
92371
92371
92371
92371
92371
92371
92371
92371
92371
92371
92371
92371
90233
90233
90233
90233
90233
90233
90233
90233
90233
90233
90233
89665
89665
89665
89665
89665
89665
89665
89665
89665
89665
89665
89665
89665
89665
89665
89665
89665
89665
89665
89665
89408
89408
89408
89408
89408
89408
89408
89408
89408
89408
89408
89408
89408
89408
89408
89408
88926
88926
86991
86991
86991
86991
86991
86991
86991
86991
86991
86991
86991
86991
86991
86991
86991
86991
86991
86565
86565
86565
86565
86565
86565
86565
86565
86565
86132
86132
86132
86132
86132
86132
86132
86132
86132
86132
85661
85540
85540
85540
85540
85540
85540
85540
85540
85540
85540
84811
84811
84811
84811
84811
84811
84810
84810
84810
84810
84810
84810
84577
84577
84577
84577
84577
84577
84577
84577
84577
84577
84577
84577
84577
84577
84577
84577
84577
84577
84345
84345
84345
84345
84345
84345
84251
84251
84251
84251
84251
83215
81916
81916
81916
81916
81916
81916
81916
81916
81916
81916
81916
81916
81916
81916
81916
81916
81916
81916
81916
81916
81157
81157
81157
80957
80957
80957
80957
80957
80957
80957
80957
80957
80957
80957
80957
80957
80957
80957
79561
79561
79561
79561
79561
79561
79561
79561
79561
79561
79561
79561
79478
79478
79478
79478
79478
79478
79472
79472
79472
79472
79472
79472
79472
79207
79207
79207
79207
79207
79207
79207
79207
79207
79207
79081
79081
79081
79081
79081
79081
79081
79081
79081
79081
79081
79081
79081
78358
78358
78358
78358
78358
78358
78358
78358
78358
78358
78358
78358
77859
77859
77859
77859
77859
77859
77859
76292
76292
76292
76292
76292
76292
76292
76292
76292
76292
76292
76292
76292
76292
76292
76195
76195
76195
76195
76195
76195
76195
76195
76195
76195
76195
76195
76195
76195
76195
76195
76195
76195
74872
74872
74872
74872
74872
74872
74872
74872
74570
74570
74570
74570
74570
74570
72527
72527
71352
71352
71352
71352
71352
71352
71352
71352
71352
71352
71352
71352
71352
70356
70356
70356
70356
70356
69827
69827
69827
69827
69827
69827
69827
69827
69827
69827
69827
69827
69827
69827
69827
68489
68489
68489
68489
68489
68489
68489
68489
68489
68489
68489
68489
68489
68489
68489
68489
67673
67673
67673
67673
67673
67673
67673
67673
67673
67673
67673
67673
67673
67673
67673
67595
67595
67595
67595
67595
67595
67595
67595
67595
67595
67595
66855
66855
66855
66855
66855
66855
66855
66855
66855
66855
66855
66855
66855
66855
66855
66855
66855
66855
66855
66423
66423
66423
66423
66423
66423
66423
66423
66423
66423
66423
66423
66180
66180
66180
66180
66180
66180
66180
66180
66180
66180
66180
66180
66180
66180
66180
66180
66180
65994
65994
65994
65994
65994
65994
65994
65994
65994
65994
65994
65994
65911
65911
65911
65911
65911
65911
65911
65911
65911
65911
65911
65911
65911
65911
65911
65338
65338
65338
65338
65338
65338
65338
65338
65338
65338
65338
65338
64952
64952
64952
64952
64952
64952
64952
64952
64946
64946
64946
64946
64946
64946
64946
64946
64946
64946
64946
64946
64946
64946
64946
64946
64732
64732
64732
64732
64732
64732
64732
64732
64732
64732
64732
64732
64732
64732
64732
64732
64732
64732
64732
64732
64318
64318
64318
64318
64318
64318
64318
64318
64318
64318
63293
63293
63293
63293
63293
63293
63006
63006
63006
63006
63006
63006
63006
63006
63006
62448
62448
62448
62448
62448
62448
62448
62448
62448
62448
62448
62448
62448
62448
62448
62448
62448
62448
62448
62448
62387
62387
62387
62387
62387
62387
62387
62387
62387
62387
62387
62387
62387
62387
62387
62387
62387
62387
62197
62197
62197
62197
62197
62197
62197
62197
62197
62197
62197
62197
62197
62197
62197
62197
62197
62197
62197
62197
61127
61127
61127
60901
60901
60070
60070
60070
60070
60070
60070
60070
60070
60070
60070
60070
60070
60070
60070
60070
60070
60070
60070
60070
60070
59303
59303
59303
59303
59303
59303
59303
59303
59303
59303
59303
59303
59303
59303
59303
59303
58786
58786
57645
57645
57645
57645
57045
57045
57045
57045
57045
57045
57045
57045
54030
54030
54030
54030
54030
54030
54030
54030
54030
54030
54030
54030
54030
54030
54030
54030
54030
52585
52585
52585
52585
52585
52585
52585
52585
52585
52585
52585
52585
52585
52585
52585
52585
51897
51897
51897
51897
51897
51897
51897
51301
51301
51301
51301
51301
51301
51301
51301
51301
51301
51301
51301
51301
51301
51301
51301
51301
51301
51022
51022
51022
51022
51022
50753
50753
50753
50753
50753
50753
49417
49417
49417
49417
49417
49417
49417
49417
49417
49417
49417
49417
49417
49242
49242
49242
49242
49242
49242
49242
49242
49242
49242
49242
49242
49242
49242
49242
49242
49242
48368
48368
48368
48368
48368
48368
48368
48368
48368
48368
48368
48368
48368
48368
48368
48368
46830
46830
46830
46830
46830
46830
46830
46830
46830
46830
46830
46830
46830
46830
46830
46830
46830
46830
45638
45638
45638
45638
45638
45112
45112
45112
45112
45112
45112
45112
45112
45112
45112
45112
45112
45112
44964
44964
44964
44964
44964
44964
44650
44650
44650
44650
44650
44650
44650
44650
44650
44650
44650
44650
44650
44650
44650
44650
44019
44019
44019
44019
43905
43905
43905
43905
43905
43905
43905
43905
43905
43905
43905
43905
43905
43905
42397
42397
42397
42397
42397
42397
42397
42397
42397
42397
42397
42397
42397
42397
41953
41953
41953
41953
41953
41953
41953
41953
41953
41953
41953
41953
41953
41907
41907
41026
41026
41026
41026
41026
41026
41026
38957
38957
38957
38957
38957
38957
38957
38957
38957
38957
37826
37725
37725
37725
37725
37725
37725
37725
37725
37725
37725
36385
36385
36385
36385
35311
35311
35311
35311
35311
35311
35311
35311
35311
35311
35311
35311
35311
35311
35311
35311
35311
35311
35311
34496
34496
34496
34387
34387
34387
34387
34387
34387
34387
34387
34387
34387
34387
34387
34387
33308
33308
33308
33308
33308
33308
33308
33308
33308
33308
33308
33308
33308
32498
32498
32498
32498
32498
31875
31875
31875
31875
31875
31875
31875
31875
31875
31750
31750
31750
31750
31750
31750
31750
31750
31750
31750
31750
31750
31750
31750
31750
31750
31750
31750
30948
30948
30948
30948
29484
29484
29484
29484
29484
29484
29484
29484
29484
29484
29431
29431
29431
29431
29431
29431
29431
29431
29431
29431
29431
29431
29431
29431
29167
29167
29167
29167
29167
29167
29167
29167
27868
27868
27868
27868
27868
27868
27868
27868
27868
27868
27868
27868
27868
27868
27868
27868
27868
27435
27435
27435
27141
27141
27141
27141
27141
27141
27141
27141
27141
27141
26922
26922
26922
26922
26908
26908
26908
26908
26908
26908
26908
26908
26609
26609
26609
26609
26609
26609
26609
26408
26408
26408
26408
26408
26408
26408
26408
26127
26127
26127
26127
26127
26127
26127
26127
26127
26127
26127
26127
26127
26127
26127
24882
24882
24882
23962
23962
23962
23962
23962
23962
23962
23962
23962
23464
23464
23464
23464
23464
22314
22314
22314
22314
22314
22314
22314
22314
22314
20606
20606
20606
20606
20606
20606
20606
20606
20606
20606
20606
20606
20606
20606
20606
20533
20533
20533
20533
20533
20533
20533
20533
20533
20533
20533
20533
20533
20077
20077
20077
20077
20077
20077
20077
20077
20077
20077
20077
20077
20077
20077
20077
20077
20077
20077
20077
20050
20050
20050
20050
20050
20050
20050
20050
20050
20050
20050
18442
18442
18442
18442
18442
18442
18442
18442
18442
18442
17820
17820
17820
17820
17820
17820
17820
17820
17820
17820
16799
16799
16799
16799
16799
16799
16799
16799
16799
16799
16435
16435
16435
16435
16254
16254
16254
16254
16254
16254
16254
14712
14712
14712
14712
14712
14712
14712
14712
14712
14667
14667
14667
14667
14667
14667
14667
14667
14303
14303
14303
14303
14303
14303
14303
14303
13302
13302
13302
13302
13302
13302
13302
13302
13302
13302
13302
13302
13302
13302
13302
13302
13302
13302
13302
12534
12534
12534
12534
12534
12534
12208
12208
12208
12208
10913
10913
10913
10913
10913
10913
10913
10913
10913
10913
10913
10806
10806
10806
10806
10806
10806
10745
10745
10745
10745
10745
10745
10745
10745
10745
10745
10745
9115
9115
9115
9115
9115
9115
9115
9115
9115
9115
9115
9115
9115
8882
8882
8882
8882
8640
8640
8640
8640
8640
8640
8640
8640
8640
8640
8640
8640
8640
8640
8640
8640
8424
8424
8424
8424
8424
8424
8424
8424
8424
8424
8424
8424
8424
8424
8424
8424
8424
8424
8424
8424
7653
7653
7653
7653
7653
7653
7653
7653
7653
7653
7653
7653
7653
7653
7653
7653
7653
7653
7653
7653
6939
6939
6939
6939
6939
6005
6005
6005
6005
6005
6005
6005
6005
6005
5858
5223
5223
5223
5223
5223
5223
4499
4499
4499
4499
4499
4499
4499
4499
4499
4499
4499
4499
4499
4499
4499
4499
4499
4499
4499
4499
3662
3662
3662
3662
3662
3662
3662
3662
3662
3662
3662
3662
3639
3639
3639
3639
3639
3639
