2731
500000
332397
332397
332397
332397
332397
332397
332397
332397
332397
332397
332397
332397
332397
332397
332397
332256
332256
332256
332256
332256
332256
332256
332256
332256
332256
332256
332256
332256
332256
332256
332256
332256
332256
332019
332019
332019
332019
332019
332019
332019
332019
332019
332019
331949
331949
331949
331949
331949
331949
331949
331949
331949
331949
331949
331949
331949
331949
331601
331601
331368
331368
331368
331368
331368
331368
331368
331192
331192
331192
331192
331192
331192
331192
331192
329590
329590
329590
327457
327457
327457
327457
327457
327457
327206
327206
327206
327206
327206
327206
327206
327206
327206
327206
327206
327206
326016
326016
326016
326016
326016
326016
326016
326016
326016
326016
326016
326016
323685
323685
322770
322770
322770
322770
322770
322770
322770
322770
322770
322770
322770
322770
322217
322217
322217
322217
322217
322217
322217
322217
322217
320791
320791
320791
320791
320791
320791
320791
320791
320791
320791
320791
320791
320791
320791
320791
320791
320791
320791
320791
319414
319414
319414
319414
319414
317888
317888
317708
317708
317708
317708
317708
315618
315618
315618
315618
315618
315618
315618
315618
315618
315618
315618
315618
315618
315618
315618
315561
314375
314375
314375
314375
314375
314375
314375
314375
314375
314375
314375
312243
312243
312243
312243
312243
312243
312243
312243
312243
312243
312243
312243
312243
312243
312243
312243
312076
312076
312076
312076
312076
312076
312076
312076
312076
312076
312076
312076
312076
306641
306641
306641
306641
306641
306641
306641
306641
306641
306641
306641
306641
306641
304537
304537
304537
304537
304537
304537
304537
304537
304537
304537
304537
304537
304537
304537
304537
304537
304537
304537
304537
304537
303690
302975
302975
302975
301134
301134
301134
301134
301134
301134
301134
301134
301134
301134
301134
300888
300888
300888
300888
300888
300888
300888
300888
300888
300888
300888
300888
297230
297230
297230
297230
297230
297230
297230
297230
297230
297230
297230
297230
297230
297230
297230
297230
297230
297230
297230
297230
293510
293510
292722
292722
292722
292722
292722
290150
290150
290150
290150
290150
290150
290150
290150
290150
290150
290150
290150
290150
290150
290150
290150
290150
290150
290150
290150
286307
286307
286307
286307
286307
286307
286307
286307
286307
286307
286307
286307
286307
286307
286307
286307
286307
286307
286307
286239
286239
286239
286239
286239
286239
286239
286239
286239
286239
286239
286239
286239
286239
286239
286239
286239
286239
286239
286239
285502
285502
285502
285502
285502
285502
285502
285502
285502
285502
285502
285502
285502
285502
285502
285502
285502
285502
285502
285461
285461
285461
285461
285461
285461
285461
285461
285461
285461
285461
285461
285461
285461
285461
285461
285461
285417
285417
285417
285417
285417
285417
283461
283461
283461
283461
283461
283461
283461
283461
283461
283371
283371
283371
283371
283371
283371
283371
283371
283371
283371
283371
283371
283371
283371
283371
280090
280090
280090
280090
280090
280090
280090
280090
280090
280090
280090
280090
276602
276602
276602
276602
274139
274139
274139
274139
274139
274139
274139
274139
274139
274139
274139
274139
274139
274139
274139
274139
274139
274139
273915
273915
273915
273422
273422
273422
273422
273422
273422
273422
273422
273422
273422
273422
273422
272878
272878
272878
272878
272816
272816
272816
272816
272816
272816
272816
272816
272816
272816
272816
272816
272816
272816
272816
272816
272816
272360
272360
272360
272360
272360
272360
272360
272360
272360
272360
272360
271387
271387
271387
271387
271387
271387
271387
271387
271387
271114
271114
271114
271114
271114
271114
271114
270935
270935
270935
270935
270935
270935
270935
270935
270935
270935
270935
270935
270935
270935
270935
270935
270935
270935
270510
270510
270335
270335
270335
270335
270335
270335
270335
270335
270335
269016
269016
269016
269016
269016
269016
269016
269016
269016
269016
269016
269016
269016
269016
269016
269016
268834
268834
268834
268834
268834
268834
268834
268834
268834
268834
268834
268834
268338
268338
268338
268338
268338
268338
268338
268338
268338
268338
268338
267468
267468
267468
267468
267468
267468
267468
267468
267468
267468
263225
263225
263225
263225
263225
263225
263225
263225
263225
263225
263225
263225
263225
263225
263225
263225
263225
262043
262043
262043
262043
262043
262043
262043
262043
262043
262043
262043
262043
262043
262043
261889
261889
260998
260998
260998
260998
260998
259111
259111
259111
259111
259111
259111
259111
259111
259111
259111
259111
259111
259111
259111
259111
259111
259111
259111
259111
258487
258487
258487
258487
258487
258487
258487
258487
258475
258475
258475
258475
258475
258475
258475
258475
258475
258475
258475
258475
256803
256803
256803
256803
256803
256803
256803
256803
256803
256803
256803
256803
256803
256803
256803
256803
256803
256803
256803
256763
256763
256763
256763
256763
256763
256763
256763
256763
256763
256763
256763
256763
256763
256763
256763
256763
256763
255743
255743
255743
255743
255743
255743
255743
255743
255743
255743
255743
255743
255743
255743
253820
253820
253820
253820
253820
253820
253820
253820
253820
253820
253820
253820
253820
253820
253820
253820
253820
253820
253201
253201
253201
253201
251207
251207
251207
250651
250651
250651
249185
249185
249185
249185
249185
249185
249185
249185
249185
249185
249185
249185
249185
249185
249185
246851
246851
246851
246851
246851
246851
246851
246851
246851
246851
246851
246851
246851
246851
246851
245167
245167
244359
244359
244359
244359
244359
244359
244359
244359
244359
244359
244359
244359
242865
242865
242865
242865
242865
242865
241769
241769
241769
241769
241769
241769
241769
241092
241092
241092
241092
241092
241092
241092
241092
241092
241092
241092
241092
240589
240589
240589
240589
240589
240589
240589
240589
240589
240589
240589
240589
240589
240589
240589
240589
240589
240589
238910
238910
238910
238910
238079
238079
237777
237777
237777
237777
237777
237777
237777
237777
237777
237777
237777
237777
237777
237777
237777
237777
237777
237777
237777
237222
237222
237222
237222
237222
237222
236211
236211
236211
236211
236211
236211
236211
236211
236211
236211
236211
236211
236211
236211
236211
236211
236211
236211
236211
235546
235546
235546
235546
235546
235546
235546
235546
235546
235546
235546
235546
235546
235546
235546
235546
235546
235546
235546
230108
230108
230108
230045
230045
230045
230045
230045
230045
230045
230045
230045
230045
230045
230045
227659
227207
227207
227207
227207
227207
227207
227207
227207
227207
227207
227207
227207
227207
227207
225597
223608
223608
223608
223608
223608
223608
223608
223608
223608
223608
223608
223608
223608
223608
223608
223608
223608
219352
219297
219297
219297
219297
219297
219297
219297
219297
219297
219297
219195
219195
219195
219195
215426
215426
215426
215426
215426
215426
215426
215426
215426
215426
215426
215426
215426
215426
215426
215426
215426
215426
215004
215004
215004
215004
215004
215004
215004
214956
214956
214956
214956
214956
214956
214956
214956
214956
214956
214956
214956
214003
214003
214003
213621
213621
213621
213621
213621
213621
213621
213621
213621
213621
213621
213621
213621
213621
213621
213621
213621
213074
213074
213074
213074
213074
212294
212294
212294
210324
210324
210324
210324
210324
209668
209668
209668
209668
209668
209668
209668
209668
209668
209668
209668
209668
206320
206320
206320
206320
206320
206320
206320
206320
206320
206320
206320
206320
206320
206320
206320
206320
206320
206320
206320
206320
205756
205756
204951
204951
204951
204951
204588
204588
204588
204588
204588
204588
204588
204588
204588
204588
202958
202958
202958
202958
202958
202958
202816
202816
202816
202816
202816
202816
202816
202816
202816
201309
201309
201309
201309
201309
201309
201309
201309
201309
201309
201309
201309
201309
201309
201309
201309
201309
201309
201309
200680
200680
200680
200680
200680
200680
200680
200680
200680
200680
200680
200680
200680
199759
199759
198249
198249
198249
198249
198249
198249
198249
198249
198249
190205
190205
190205
190205
190205
190205
190205
190205
190205
190205
190205
190114
190114
190114
190114
190114
190114
190114
190114
190114
190114
190114
190114
190114
190114
190114
190114
190114
190114
190114
188097
188097
188097
188097
188097
188097
188097
188097
188097
188097
188097
188097
188097
188097
188097
188097
188097
188097
188097
188013
188013
188013
188013
188013
188013
187808
187808
187808
187808
187808
187808
187808
187808
187808
187808
187808
187808
187808
187808
187808
187808
187808
187808
187808
187102
187102
187102
187102
187102
187102
187102
187102
187102
187102
187102
187102
186868
186868
186868
186868
186868
186868
186868
186868
186868
186868
186868
186868
186868
186868
186868
186868
186868
186868
186868
186868
186743
186743
186743
186743
186743
186743
186743
186743
186743
186743
185966
185966
185966
185966
185966
185966
185966
185966
185966
185966
185966
185966
185966
185966
185966
185966
185966
185966
185966
184535
184535
184535
184535
184535
183688
183688
183688
183688
183688
183688
183688
183688
183688
183688
183688
183688
183688
183688
183688
182853
182853
182853
182623
182623
182623
182623
182623
182623
182623
182623
182623
182623
182623
182623
182623
182623
182623
182623
182623
182607
182607
182607
182607
182607
182607
182607
182607
182607
182607
182607
182607
182607
182607
182607
182607
181501
181501
181501
181501
181501
181501
181501
181501
181501
181501
181501
181501
181501
181501
181501
181501
181501
181501
181501
181363
181363
181363
181363
181363
181363
181363
181363
181363
181363
181363
181363
180134
180134
180134
180134
180134
180134
180134
180134
180134
180134
180134
180134
180134
180134
180134
180134
180134
179193
179193
179193
179193
179193
179193
179193
179193
179193
179193
179193
179193
179193
178265
178265
178265
178265
178265
178265
178265
178265
178265
178265
178265
178265
178265
178265
173613
173613
173613
173613
172975
172975
172975
172975
172975
172975
172975
172975
172975
172975
172975
172975
172975
172975
172975
169475
169475
169475
169475
168917
168917
168917
168917
168917
168917
164922
164922
164922
164922
164922
164922
164922
164922
164922
164922
164922
164922
164922
164922
164922
163730
163730
163730
163730
163730
163730
163730
163730
163730
162029
162029
159790
159790
159790
159790
159790
159790
159790
159790
159790
159790
159790
159790
159790
156390
156390
156390
156390
156390
156390
156390
156390
156390
156390
156390
156390
156390
156390
156390
156390
156197
156197
156197
156197
156197
156197
156197
156197
156197
156197
156197
154891
154891
154891
154891
154891
154891
154891
154891
154891
154891
154891
154891
154891
154891
154891
154891
154891
154891
153620
153620
153620
153620
153620
153620
153620
153620
153620
153620
153620
153620
153620
153620
152165
152165
152165
152165
152165
152165
152165
150970
150970
150970
150970
150970
150970
150970
150970
150970
150970
150970
150970
150970
148872
148872
148872
148872
148872
148872
148872
148872
148872
148872
148872
148872
148872
148872
148872
148872
147812
147812
147812
147812
147812
147812
147812
147812
147812
147812
146924
146924
146924
146924
146924
146924
146924
146924
146924
146924
136128
136128
136128
136128
136128
136128
136128
136128
136128
136128
136128
136128
136128
136128
136128
136128
136128
136128
136128
132462
132462
132462
132462
132462
132462
132462
132462
132462
132462
132462
132462
132462
132462
132462
132462
132462
131309
131309
131309
131309
131309
131309
131309
131309
131309
131309
131309
131309
131309
131309
131309
131309
131309
131309
129665
129665
129665
129665
129665
129665
129665
129665
129665
123661
123661
123661
122946
122946
122946
122946
122946
121401
121401
121401
121401
121401
121401
121401
121401
121401
121401
121401
121401
121401
121401
121401
121401
121401
121401
121401
121401
119994
119994
119994
119994
119994
119293
119293
119293
119293
119293
119293
119293
119293
119293
119293
118581
118581
118581
118581
118581
118581
118581
118581
118581
118581
118581
118581
117427
116320
116320
116320
116320
116320
116320
116320
116320
115488
115488
115488
115488
115488
115488
115488
115488
115488
115488
115488
114791
114791
114791
114791
114791
114791
114791
114791
114791
114791
114791
114791
114000
114000
114000
114000
114000
114000
114000
114000
114000
114000
114000
114000
114000
114000
113743
113743
113743
113743
113743
112526
112526
112526
112526
112526
112526
112526
112526
112526
112526
111004
111004
111004
111004
111004
111004
111004
111004
111004
111004
111004
111004
111004
111004
111004
111004
111004
111004
111004
106108
106108
106108
106108
106108
106108
106108
106108
106108
106108
106108
106108
106108
106108
106108
106108
106108
106108
106108
106108
104102
104102
104102
104102
103177
103177
102680
102215
102215
102215
102215
98826
98826
98826
98826
98826
98826
98826
98826
98826
98826
98826
98826
98757
98757
98757
98757
98757
98757
98757
98757
98757
98757
98757
98757
98757
98480
98480
98480
98480
98480
98480
98480
98480
98480
98480
98480
98480
98480
96804
96804
96804
96804
96804
96804
96497
96497
96497
96497
96497
96497
96497
96497
96497
96497
96497
96136
96136
96136
96136
95799
95799
95799
95799
95799
95799
95799
95799
95799
95799
95799
95799
95799
95799
95799
95799
94826
94826
94826
94826
94826
94826
94826
94826
94826
94826
94617
94617
94617
94617
94617
94617
94617
94617
93463
93365
93365
92540
92540
92540
92540
92540
92540
92540
92540
92540
92540
92540
92540
92540
92540
92540
92540
90694
90694
90694
90694
90694
90694
89618
89618
89618
88253
88253
88253
88253
88253
88253
88253
88253
88253
88253
88253
88253
88253
88253
88253
88253
88253
86830
86830
86830
86830
86830
86830
86830
86830
86830
86090
86090
86090
83965
83965
83965
83965
83965
83965
83965
83965
83965
83965
83965
83646
83646
83646
83646
83646
83646
83646
83646
83646
78355
78355
78355
78355
78355
78355
78355
78327
78327
78327
78327
78327
76723
76723
76723
76723
76723
76723
76723
76723
76723
76723
76723
76723
76723
76723
76723
76621
76621
76621
76621
76621
76621
76621
76621
76621
76621
76621
76621
76621
76621
76621
76621
76621
74582
74582
74582
74582
74582
74582
74115
74115
74115
74115
74115
74115
74115
74115
74115
74115
74115
74115
74115
74063
74063
74063
74063
74063
74063
74063
74063
74063
74063
74063
74063
74063
74063
74063
74063
73339
70446
70446
70446
70446
70446
70446
70446
70446
70446
70446
70446
70446
70446
70446
70446
67905
67905
67905
67905
67905
67905
67905
67905
67905
67905
67905
65756
65756
65756
65756
62586
62586
62586
62586
62586
62586
62586
62586
61130
61130
61130
61130
61130
61130
61130
61130
61130
61130
61130
61130
61130
61130
61130
61130
61130
61130
60262
60262
60262
60262
60262
60262
60262
60262
60262
60262
60262
60262
60262
60262
60262
60262
60262
60262
60262
60262
58066
58066
58066
58066
58066
58066
58066
58066
58066
58066
58066
58066
58066
58066
58066
58066
58066
58066
56452
53800
53800
53800
53800
53800
53800
53800
53800
53800
53800
53800
53800
53800
53800
53800
51702
51702
51425
51425
51425
51425
51425
51425
51425
51425
51425
51425
51425
51425
51425
50385
50385
50385
50385
50385
50385
50385
50385
50385
50385
50385
50385
49610
49610
49610
49610
49610
49610
49610
49610
49610
49610
49610
49610
49610
48038
48038
48038
48038
48038
48038
48038
48038
48038
48038
48038
48038
48038
47764
47764
47764
47764
47764
47764
47764
47764
47764
45481
45481
45481
45481
45481
45481
45481
45481
45481
45481
45481
45481
45481
45481
45481
45481
43496
43496
43496
43496
43496
43496
43496
43496
43496
43496
43496
43496
43496
43496
43496
43496
43496
43496
43496
43496
43134
43134
43134
43134
43134
43134
43134
43134
43134
43134
43134
43134
43134
43134
43134
43134
43134
43134
42419
42419
42419
42419
42419
42419
42419
42419
42419
41931
41931
41931
41931
41931
41931
41931
41931
41931
41931
41931
41931
41254
41254
41254
41254
41254
41254
41254
41254
41254
41254
41254
41254
41254
41254
41254
41254
41254
41254
35159
35159
35159
35159
35159
35159
35159
35159
35159
35159
35159
35159
35159
35159
35159
35159
35159
35159
35159
34317
34317
34317
34317
34317
34317
34317
34317
34317
34317
33313
33313
33313
33313
33313
33313
33313
33313
33313
33313
33313
33313
33313
33313
33313
33313
33313
33313
33313
33313
33007
33007
33007
33007
33007
33007
32562
32562
32562
32562
32528
32528
32528
32528
32528
32528
32528
32528
32528
32528
32528
32528
32528
30338
30338
30338
30338
30338
30338
30338
30338
30338
30338
30338
30338
30338
29973
29973
29973
29973
29973
29973
29973
29973
28736
28736
28736
28736
28736
28736
28736
28736
28736
28736
28736
28736
28736
28736
28736
28736
28736
28736
28736
28736
27697
27697
27697
27697
27697
27697
27697
27697
27697
27697
27697
27697
27697
27697
27697
22099
22099
22099
22099
22099
22099
22099
22099
21833
21833
21833
21833
21833
21833
21833
21833
21833
21833
21833
21833
21833
21833
21833
21833
21833
21833
21833
20998
20998
20998
20998
20998
20998
20998
20998
20998
20998
20998
20998
18854
18854
18854
18854
18532
18532
18532
18447
18447
18447
18447
18447
18447
17363
17363
17363
17363
17363
17363
17363
17363
17363
17363
17363
17363
17363
17363
17363
17363
17363
17363
16106
16106
16106
16106
16106
16106
16106
16106
16106
16106
16106
16106
16106
16106
16106
16106
16061
16061
16061
16061
16061
16061
16061
16061
16061
16061
16061
16061
16061
16061
16061
16061
12407
12407
12407
12407
12407
12407
12407
12407
12407
12407
12407
12407
12407
12407
12407
12407
12407
12407
12391
12391
12391
12391
12391
12391
12391
12391
12391
12391
12391
12391
12391
12391
10612
10612
10612
10612
10612
10612
10612
10612
10612
10612
10612
10612
10612
10127
9804
9804
9804
9804
9804
9804
9804
9804
9804
9804
9804
9804
9804
9334
9334
9334
9334
9334
9334
9334
9334
9334
9334
9334
9334
9334
9334
9334
9334
9334
9334
9334
9334
9283
9283
9283
9283
9283
9283
9283
9283
9283
9283
9283
9283
9283
9283
9283
9283
9283
9283
8968
8968
8968
8968
8968
8968
8968
8968
8968
8968
8968
8968
8963
8963
8963
8963
8963
8963
8963
8963
8963
8963
8963
8963
4931
4931
4931
4931
4931
4931
4931
4931
4931
4931
4931
4931
4931
4931
4931
4931
4931
4931
4931
3868
3868
3868
3868
3868
3868
3868
3868
3868
3868
3868
3868
3868
