5185
500000
332945
332945
332945
332945
332945
332901
332901
332901
332901
332901
332901
332901
332901
332901
332901
332901
332901
332901
332901
332901
332901
332901
332901
332901
332638
332638
332638
332638
332638
332638
332638
332638
332638
332638
332638
332638
332193
332193
332193
332193
332193
332193
331865
331865
331865
331865
331865
331865
331865
331865
331865
331628
331628
330634
330376
330376
330376
330376
330376
330376
330376
330376
330376
330376
330376
330376
330127
330127
330127
330127
330127
330127
330127
330127
330127
330127
330127
330127
330127
330127
330127
330127
330127
330127
330127
329622
329622
329622
329622
329622
329622
329622
329622
329622
329272
329272
329272
329272
329272
329272
329272
329272
329272
329272
329272
329272
329272
329272
329272
328460
328460
328460
328460
328460
327543
327543
327543
327543
327543
327543
327543
327543
327543
327543
327543
326911
326911
326911
326911
326911
326911
326911
326911
326911
326911
326911
326786
326786
326786
326786
326786
326786
326786
326786
326786
326786
326786
326786
326786
326786
326786
326786
326786
326786
326786
325885
325885
325473
325473
325473
325473
325473
325316
325316
325316
325316
325316
325316
325316
325316
324491
324491
324491
324491
324491
324491
324491
324490
324490
324490
324490
324490
324490
324490
324490
324490
324490
324490
324490
324089
324089
324089
324089
324089
324089
324089
324089
324089
324089
324089
323716
323716
323716
323716
323716
323716
323716
323716
323716
323716
323716
323716
323716
323716
323716
323716
323716
323387
323387
323387
323387
323387
323387
323387
323283
323283
323283
323283
323283
323283
323283
323043
323043
323043
323043
323043
323043
323043
323043
322688
322688
322688
322688
322688
322688
322688
322688
322688
322688
322688
322688
322688
322688
322688
322688
322688
322550
322550
322550
322550
322550
322550
322550
322550
322550
322550
322550
322550
322550
322550
322550
322129
322129
322129
322129
322129
322129
322129
320318
320318
320318
320318
320318
320318
320318
320318
320318
320318
320318
320099
320099
320099
320099
320099
320099
320099
320099
320099
320099
320099
320099
320099
320099
320099
320099
318845
318845
318845
318845
318845
318845
318845
318845
318845
318845
318845
318845
318845
318845
318845
318845
318845
318845
318845
318845
316799
316799
316799
316675
316675
316675
316675
315297
315297
315297
315297
315297
315297
315297
315297
315297
315297
315297
315297
315297
315297
315297
314400
314400
314400
314400
314400
314400
314400
314400
314400
314400
314400
314400
314400
314400
314400
314400
312669
312669
312669
312669
312669
312669
312669
312669
312669
312669
312669
312233
312233
312233
312233
312233
312233
312233
312233
312233
312233
312233
312233
312233
312233
312233
311381
311381
311381
311381
311381
311381
311381
311062
311062
311062
311062
311062
311062
311062
311062
311062
311062
311062
311062
311062
311062
311062
311062
311062
310467
310467
310467
310467
310467
310467
309396
309396
308797
308797
308797
308797
308797
308797
308797
308797
308797
308797
308797
308797
308797
306719
306719
305552
305552
305552
305552
305552
305552
305552
305552
305552
305552
305552
305552
305552
305552
305552
305552
305544
305544
305544
305544
305544
305370
305370
303834
303834
303834
303834
303834
303834
303834
303834
303834
303834
303080
303080
303080
303080
303080
303080
303080
303080
303080
303053
303053
303053
303053
303053
303053
303035
303035
303035
303035
301522
301522
301522
301522
301522
301522
301522
301522
301522
301522
301522
301522
301522
301522
301522
301522
301522
300814
300814
300814
300814
300814
300814
300814
300814
300814
300814
300814
300814
300814
300597
300513
300513
300513
300513
300513
300513
300513
300513
300513
300513
300513
300513
300513
300513
300513
300513
300513
297420
297420
297244
296943
296943
296943
296943
296943
296943
296943
296943
296943
296685
296685
296685
296685
296685
296685
296685
296685
296685
296685
296685
296685
296685
296685
296685
296685
296685
296647
296647
296647
296647
296647
296647
296647
295463
295463
295463
295463
295463
295463
295463
295463
295463
295463
295463
295463
295463
294656
294656
294656
294656
294656
294656
294656
294656
294656
294656
294656
294656
292490
292490
292490
292490
292490
292490
292482
292482
292482
292482
292482
292482
292317
292317
292317
292317
292317
292317
292317
292317
292317
292317
292317
292317
292317
292317
292317
291987
291987
291979
291979
291979
291979
291979
290502
290502
290502
290502
290502
290502
290502
289823
289823
289823
289823
289823
287917
287917
287917
287917
287770
287770
287770
287770
287770
287445
287445
287445
287445
287445
287445
287445
287445
287445
287445
287445
287445
287445
287445
287445
287445
287445
287445
287445
286236
286236
286236
286236
286236
286236
286236
286236
286236
286236
286236
286236
286236
286236
286236
286236
286236
286054
286054
286054
286054
286054
286054
286054
286054
286054
286054
284416
284416
284416
284416
284416
284416
284416
284416
284416
284416
284416
284416
284416
283346
283346
283346
283346
283346
283346
283346
283346
283346
282812
282812
282812
282812
282812
282812
282812
282812
282773
282773
282773
282773
282773
282773
282773
282773
282773
282773
281876
281876
281784
281784
281784
281784
281784
281784
281784
281784
281784
281784
281784
281784
281784
281784
281784
281068
281068
281068
281068
281068
281068
281068
281068
281068
280835
280835
280003
280003
280003
280003
278942
278942
278942
278942
278743
278164
278164
278164
278164
278164
278164
278164
278164
278164
278164
278164
277340
277340
277340
277340
277340
276803
276803
276803
276803
276803
276803
276803
276803
276803
276803
276220
276220
276220
276220
276220
276220
276220
276220
276220
276220
276220
276220
276220
276220
276117
276117
276117
276117
276117
276117
276117
276117
276117
276117
276117
276117
276117
276117
276117
276117
276117
276117
275818
275818
275818
275818
275818
275818
275818
275818
275818
275818
275511
275511
275511
275511
275511
275511
275511
275145
275145
275145
275145
275145
275145
275145
275145
275145
275145
275145
275145
275145
275145
274391
274391
274391
274391
274391
274391
272352
272352
272352
272352
272352
272352
272352
272352
272352
272352
272352
272352
272352
272352
272352
272310
272310
272310
272310
272310
272310
272310
272310
272310
272310
271967
271967
271967
271967
271967
271967
271967
271967
271967
271967
271967
271967
271967
271967
271521
271521
271227
271227
271227
271227
271227
271227
271227
271227
271227
271227
271227
271227
271227
271227
271227
271141
271141
271141
271141
271141
271141
271141
271141
271141
271141
271141
271141
271141
271141
271141
271141
271141
271141
269136
269136
268382
268382
268382
268382
268382
268382
268382
268382
268382
268382
268382
268382
268382
268382
268382
268382
268382
267911
267911
267911
267911
267911
267911
267911
267911
267911
267911
267434
267434
267434
267434
267434
267434
267434
267434
267434
267434
267434
267434
267434
267434
267434
267434
267434
267387
267387
267387
267387
267387
267387
267387
267387
267387
267387
267387
267387
267387
266290
266290
266290
266290
266290
266290
265413
265413
265413
265413
265413
265413
265413
265413
265413
265413
265413
265413
265183
265183
265183
265183
265183
265183
265183
265183
265183
265183
265183
265183
265183
265183
264550
264550
264182
264182
264182
264182
264182
264182
264182
264182
264182
264182
264182
263429
262996
262996
262996
262996
262996
262996
262996
262996
262996
262996
262996
262996
262996
262996
262996
262996
262996
262934
262934
262885
262885
262885
262885
262885
262885
262240
262240
262240
262240
262240
262240
262240
262240
262240
262240
262240
262240
262055
262055
262055
262055
262055
262055
261821
261821
261821
261821
261821
261821
261821
261821
261821
261821
261421
261142
261142
261142
261142
261142
261142
261014
261014
261014
261014
261014
261014
261014
261014
261014
261014
261014
261014
261014
261014
261014
261014
261014
261014
260047
260047
260047
260047
260047
260047
260047
260047
260047
259888
259888
259888
259888
259888
259888
259888
259888
259888
259888
259888
259888
259888
259888
259888
259733
257905
257905
257905
257905
257905
257905
257905
257905
257905
257905
257905
257905
257905
257905
257905
257905
257838
257838
257838
257838
257838
257838
257838
257838
257838
256498
256498
256498
256498
256498
256498
256498
256498
256278
256278
256278
256278
256278
256278
256278
256278
256278
256278
255397
255397
255397
255397
255397
253921
253921
253921
253921
253921
253735
253735
253735
253735
253735
253735
253735
253735
253735
253735
253735
253735
253735
253735
253735
253735
253735
253431
253431
253431
253431
253431
253431
253431
253431
252179
252179
252179
252179
252179
252179
252179
252179
252179
252179
252179
252179
252179
252179
252179
251971
251971
251971
251971
251971
251971
250358
250358
250358
250358
250358
250358
250358
250358
250358
250358
250358
250358
250358
250358
250358
250350
250350
250350
250350
250350
250350
250350
250350
250350
250350
250350
250350
250350
250350
250350
250350
250344
250344
250344
250344
250344
250344
250344
250344
250344
250344
250344
250344
250344
247832
247832
247832
247832
247832
247832
247832
247832
247832
247566
247566
247566
247566
247566
247566
247566
247566
247566
247566
247566
247566
247566
247566
247566
247566
247566
247566
247566
247566
246497
246497
246497
246497
246497
246497
246497
246497
246497
246497
246497
246497
246497
246497
246497
245945
245945
245945
245945
245945
245945
245945
245945
245945
245945
245945
245945
245945
245945
245945
245128
245128
245128
245128
245128
245128
245128
245128
245128
245128
245128
245128
245128
245128
245128
245052
245052
245052
245052
245052
244699
244699
244699
244699
244699
244699
244699
244699
244699
244699
244699
244699
244699
244699
243377
243377
243377
243377
243377
243377
243377
243377
243377
243377
243377
243377
243377
243377
243377
243377
243377
241821
241821
241821
241821
241821
241821
241821
241630
241630
241630
241630
241630
241630
241630
241630
241630
241630
241630
241630
241370
241370
241003
241003
241003
240806
240806
240806
240806
240806
240806
240806
240806
240806
240806
240806
240806
240806
240806
240806
240806
240806
240806
240806
240806
240256
240256
240256
240256
240256
240256
240256
240256
240256
240256
240256
240256
240256
240256
240256
240256
240256
240256
240256
239453
239453
239453
239453
239453
239453
239453
239453
239453
239453
239453
239453
239453
239453
239453
239223
239223
239223
239223
239223
237835
237835
237835
237835
237835
237835
237835
237835
237835
237835
237835
237835
237835
237835
237835
237835
237835
237835
237835
237242
237077
237077
237077
237077
237077
237077
237077
236613
236112
236112
236112
236112
236112
236112
236112
236112
235342
235342
235342
235342
235342
235342
235342
235342
235342
235342
235342
235342
234552
234552
234552
234552
234142
234142
234142
234142
234142
234142
234142
234142
234142
234142
234126
234126
234126
234126
234126
234126
233901
233901
233901
233901
233901
233901
233901
233901
233901
233901
233901
233901
233000
233000
233000
233000
233000
233000
233000
233000
232646
232646
232646
232646
232646
232646
232646
232646
232646
232646
232646
232646
232646
232646
232646
232646
232646
232646
231101
227866
227866
227684
227684
227684
227684
227684
227684
227684
227684
227684
227684
227684
227684
227684
227682
227682
227682
227682
227037
227037
227037
227037
227037
227037
227037
227037
227037
227037
227037
227037
227037
227037
226945
226945
226945
226945
226945
226945
226945
226945
226700
226700
226700
226700
226700
226700
226700
226700
226700
226700
226700
226700
226700
226700
226700
226700
226668
226668
226668
226668
226668
226668
226668
226668
226668
226668
226668
226668
226668
226668
226668
226668
226668
226668
226366
226366
223887
223887
223593
223593
223593
223593
223593
223593
223593
223593
223593
223593
223593
223593
223593
223593
223593
223593
223593
223593
223593
223593
223235
223235
223235
223235
222832
222832
222832
222832
222832
222832
222832
222832
222832
222832
222832
222832
222832
222832
221254
221254
221254
221254
221254
221254
221254
221254
221254
221254
221254
221254
221254
220238
220238
220238
219900
219900
219900
219900
219900
219900
219900
219900
219900
219900
219900
219842
219842
219842
219842
219842
219842
219842
219842
219842
219842
219842
219842
219719
219719
219719
219719
219719
219719
219719
219719
219719
219719
219719
219719
219719
219719
218641
218641
218641
218641
218641
218641
218641
218641
218641
218641
218641
218641
218641
218641
218641
218641
218641
218641
218641
218375
218375
218375
218375
218375
218375
218375
218375
218375
218375
218375
218375
218375
218370
218370
218370
218370
218008
218008
218008
218008
218008
218008
218008
218008
218008
216847
216847
216847
216847
216847
216847
216847
216847
216734
216734
216734
216734
216734
216734
216734
216162
216162
216162
216162
216162
216162
214845
214845
214845
214845
214845
214845
214845
214845
214845
214845
213135
213135
213135
213135
213135
213135
213135
213135
213135
213135
213135
213135
213135
213135
213135
213135
213135
213135
213135
213079
213079
213079
213079
213079
213079
213079
213079
213079
213079
213079
213079
213079
213079
213079
213079
212964
212964
212964
212964
212964
212964
212964
212964
210842
210842
210842
210842
209639
209639
209639
209639
209584
209584
209584
209584
209584
209584
209584
209584
209584
209584
209584
209584
209189
209189
209189
209189
209189
209189
209189
209189
209189
209189
209189
209189
209189
209189
209189
209113
209113
209113
209113
209113
209113
209113
209113
209113
208593
208593
208593
208593
208527
207081
207081
207081
207081
207081
207081
207081
207081
207081
207081
206653
206653
206653
206653
206653
206653
206653
206653
206653
206653
206653
206653
206653
206653
206653
206653
205944
205944
205944
205697
205697
205608
205132
205132
205132
205132
204888
204888
204888
204888
204284
204284
204284
204284
204284
204284
204284
204284
204284
204284
204284
203838
203838
203838
203838
203838
203838
203838
203838
203838
203838
203838
203838
203838
203838
203838
203838
203838
203838
202427
202427
202427
202427
202427
202427
202427
202427
202427
202427
202427
202427
202427
202427
202427
202427
202055
202055
201136
201136
201136
201136
201136
201136
201136
201136
200156
200156
200156
200156
200156
200156
200156
199733
199733
199733
199733
199733
199733
199733
198719
198719
198719
198719
198719
198719
198719
198719
198719
198719
198719
198719
198719
198719
197756
197756
197756
197756
197756
197756
196626
196626
196626
196626
196626
194242
194242
194242
194242
194242
194242
194242
194242
194242
194242
194242
194242
194242
194242
194242
194242
194242
194242
194242
194097
194097
194097
194097
194097
194097
194097
194097
194097
194097
194097
194097
194097
194097
194097
194097
194097
194097
194097
193883
193883
193883
193883
193883
193883
193883
193883
193883
193883
193883
193883
193883
193883
193883
193883
193259
193259
193259
193259
193259
193259
193259
193259
193259
193259
193259
193259
193259
193259
193259
193259
193259
193259
193259
192950
192950
192950
192950
192950
192950
192950
192950
192950
192750
192750
192750
192750
192750
192750
192750
192750
192750
192750
192750
192750
192750
192750
192750
192750
192750
192750
192587
192587
191764
191764
191764
191764
191764
191764
191764
191764
191764
191617
191617
191617
191617
190497
190497
190497
190497
190497
190497
190497
190497
190497
190497
190497
190497
190497
190497
190497
190497
187823
187823
187823
186724
186724
186724
186724
186724
186724
186724
185071
185071
185071
185071
185071
185071
184923
184923
184923
184923
184923
184923
184923
184923
184923
184923
184923
184923
184923
184923
184923
184923
184923
184923
184923
184429
184429
184429
184429
184429
184429
184429
184429
184429
184429
184429
184429
184429
184429
183891
183891
183891
183891
183891
183891
183718
183718
183718
183718
183718
183718
183718
183718
183718
183718
183718
182762
182762
182762
182762
182762
182762
182762
182762
182762
182762
182762
182762
182762
182762
182762
182762
182762
182762
182762
182762
181707
181707
181707
181707
181707
181707
181707
181707
181707
181707
181707
181707
181707
181707
181707
181707
181707
181707
181707
181707
180836
180836
180836
180836
180836
180836
180836
180836
180836
180836
180836
180836
180819
180819
180819
180819
180819
180819
180819
180819
180819
180819
180560
180560
180371
180371
180371
180371
180371
180371
180371
180371
180371
180371
180371
180371
180371
180371
180371
180371
180371
180371
180371
180371
179594
179594
178683
178683
178683
178683
178683
178683
178683
177626
177626
177626
177626
177626
177626
177626
177626
177626
177626
177626
177626
177626
177626
177626
177626
176405
176405
176405
176405
176405
176405
176405
176405
176405
176405
176173
176173
176173
176173
176173
176173
176173
176173
176173
176173
176173
176173
176173
176173
175559
175559
175559
175559
175559
175559
175559
175559
175559
175559
175559
175559
175546
175546
175546
175546
175546
175546
175546
175546
175546
175546
175546
175546
175546
175546
175546
175546
175546
175286
175286
175286
175286
174828
174828
174828
174828
174684
174684
174684
174684
174684
173336
173336
173336
173336
173336
173336
172629
172629
172629
172629
172629
172629
172629
172629
172629
172629
172629
172629
172629
172629
170141
170141
170141
170141
170141
170141
170141
170141
170141
170141
170141
170141
170141
170141
170141
170141
170141
170141
170141
170141
170066
170066
170066
170066
170066
170066
170066
170066
170066
170066
170066
170066
170066
170066
170066
170066
170066
170066
169744
169744
169744
169744
169744
169744
169744
169744
169744
169744
169744
169744
169744
169744
169744
169643
169643
169643
169643
169544
169544
169544
169544
169544
169544
169544
169544
169544
169544
169544
169544
169544
169544
169544
169544
169544
169351
169351
169351
169351
169351
169351
169351
169351
169351
169351
169351
169351
169351
169351
169351
169351
168110
168110
168110
168110
168110
168110
168110
168110
168110
168110
168110
168110
167568
167568
167568
167568
167568
167568
167568
167568
167568
167568
167568
167568
167568
167247
167247
167247
167247
167247
167247
167247
167247
167247
167247
167247
167247
167247
167247
166232
166232
166232
166232
166232
166232
166232
166232
166232
166232
166232
166232
166232
166232
166232
166232
166232
165263
165263
165263
165263
165263
165263
165263
165263
165263
165263
165263
165263
165263
165263
165263
165263
165263
165263
165263
165263
163955
163955
163955
163708
163708
163708
163708
163708
163708
163693
163693
163693
163693
163693
163693
163693
163693
163693
163693
163693
163457
163457
163457
163457
163457
163457
163457
163457
163457
163296
163296
163296
163296
162989
162989
162989
162989
162989
162989
162989
162989
162989
162989
162989
162989
162945
162945
162945
161405
161405
161405
160332
160332
160332
160332
160332
160332
160332
160332
160332
160332
160332
160315
160315
160315
156755
156755
156755
156755
156755
156755
156755
156755
156755
156755
156755
156755
156755
156755
156755
156755
156755
156755
156191
156191
156191
156191
156191
156191
156191
156191
156191
156115
156115
156115
156115
156115
156115
156115
156115
156115
156115
156115
156115
156115
156115
156115
156115
156115
156115
156042
156042
156042
156042
156042
156042
156042
156042
156042
156042
156042
156042
156042
156042
156042
156042
156042
154342
154342
154342
154342
154342
154342
154342
154342
154342
154342
154342
154211
154211
154211
154211
154211
154211
154211
154211
154211
154211
153236
153236
153236
153236
153236
153236
153236
153236
153236
153236
153236
153236
153236
153236
152133
151957
151957
151957
151957
151957
151957
151957
151874
151874
151874
151874
151874
151874
151874
151874
151874
151874
151752
151752
151752
151752
151752
151752
151695
151695
151695
151695
151695
151695
151695
151695
151695
151695
151695
151591
151591
151591
151591
151591
151591
151591
151591
151591
151591
151591
151591
151591
151591
151591
151591
151591
151591
150592
150592
150592
150592
150592
150592
150592
150592
150592
150592
150592
150005
150005
150005
149658
149658
149658
149658
149658
149658
149658
149652
149652
149652
149652
149652
149652
149652
149652
149553
149553
149553
149553
149553
149553
149553
149553
149553
149439
149439
149439
149439
149439
149439
149439
149439
149439
149439
149439
149439
147754
147754
147754
147754
147754
147754
147754
147754
147130
147130
147130
147130
147130
147130
147130
147130
147130
147130
147130
147130
146079
146079
146079
146079
145782
145782
145782
145782
145782
143919
143919
143919
143919
143919
143473
143473
143473
143473
143473
143473
143473
143473
143473
143473
143473
143473
142445
142445
142445
142445
142445
142445
141848
141848
141848
141848
141848
141848
141848
141848
141848
141848
141270
141270
141270
141270
141270
141270
141270
141270
141270
141270
141270
140644
140644
140644
140644
140644
140644
140644
140644
140644
140644
140644
140644
140644
140644
140644
140644
140644
140644
140632
140632
140632
140632
140632
140632
140632
140632
140632
140632
140632
140632
140632
140632
140632
140632
140632
140632
140632
140632
140004
140004
140004
140004
140004
140004
140004
140004
140004
140004
140004
140004
140004
140004
140004
139130
139130
139130
139130
139130
139130
139130
139130
139130
139130
139130
139011
139011
139011
139011
139011
139011
139011
139011
139011
139011
139011
139011
139011
139011
139011
139011
139011
139011
139011
139011
138856
138856
138856
138856
138856
138856
138856
138856
136131
136131
136131
136131
136131
136131
136131
136131
136131
136131
136131
135201
135201
135201
135201
135201
135201
135201
135201
135201
135201
135201
135201
135201
135201
135201
135201
135201
135201
135201
135201
135050
135050
135050
135050
135050
135050
135050
135050
135050
135050
135050
135050
135050
135050
135050
135050
135050
135050
135050
135050
134922
134922
134922
134524
133906
133906
133886
133886
133886
133886
133886
133886
133886
133886
133886
133676
133676
132742
132742
132742
132742
132742
132742
132742
132742
132742
132742
132742
132742
132742
132742
132742
132742
132102
132102
132102
132102
132102
132102
132102
132102
132080
132080
132080
132080
132080
132080
132080
132080
131882
131882
131882
131882
131882
131882
131882
131882
131882
131882
131882
131882
131882
131882
131882
131882
131882
131882
131882
131440
131440
131440
131440
131440
131440
131440
131440
131440
131440
131440
131440
131440
130829
130829
130829
130829
130829
130829
130829
130829
130829
130829
130829
130829
130829
130829
130829
130829
130829
130488
130488
130488
130488
130488
130488
130488
130488
130488
130488
130488
130488
130488
130488
130488
130415
130415
130415
130415
130415
130415
130415
130415
130415
130415
130415
130415
130415
130415
130415
130415
130415
129539
129539
129539
129539
129539
129539
129539
129539
129539
129539
129539
129539
129539
129539
129539
129539
129539
129539
128753
128753
128753
128753
128753
128753
128753
128753
128753
128753
128753
128753
128753
128753
128753
128753
128753
128529
127878
127878
127878
127878
127878
127878
127878
127466
127466
127466
127466
127466
127466
127466
127466
127466
127466
127466
127466
127466
127466
127466
126154
126154
126154
124778
124778
124778
124778
124778
124778
124778
124778
124778
124778
124778
124778
124778
124778
124778
124778
124778
124778
123892
123892
123892
123892
123892
123780
123780
123780
123780
123740
123740
123740
123740
123740
123740
123740
123740
123740
123437
123437
123437
123437
123437
123437
123437
123437
123437
123437
123437
123437
123437
123437
123437
123437
123437
123437
123437
122447
122205
122205
122205
122205
122205
122205
122205
122205
122205
122205
122205
122205
121582
121582
121582
121582
121582
121582
121582
121582
121582
121582
121582
121582
121582
121582
121055
120922
120922
120922
120922
120922
120922
120922
120922
120922
120922
120922
120503
120503
120503
120503
120503
120503
120503
120503
120503
120503
120503
120503
120503
120503
120503
120503
120503
120503
119463
119463
119463
119463
119463
119463
119463
119463
119463
119463
119463
119463
117440
117440
117440
117440
117440
117440
117440
117440
117440
117440
117440
117440
117440
117440
117440
117440
117440
117440
117175
117175
117175
117175
115136
115136
115136
115136
115136
115136
115136
114430
114430
114430
114430
114430
114430
114430
114430
114430
114430
114430
114430
114430
114430
114430
114430
114430
114430
114430
114430
114401
114401
114401
114401
114401
114401
114401
114401
114401
114401
114401
114401
114401
114401
114401
114401
114401
114401
114216
114216
114216
112538
112538
112538
112538
112538
112538
112538
112538
112538
112538
112538
112538
112538
112538
112495
112495
112495
112495
112495
112495
112495
112495
112495
112495
112495
112495
112495
112495
112495
112244
112244
112244
112244
112244
112244
112244
112244
112244
112244
112244
112244
112244
112244
112244
112186
112186
112186
112186
112186
112186
112186
111727
111727
111727
111727
111727
111727
111727
111727
111727
111727
111727
111727
111727
111727
111727
111727
111727
111727
111325
111325
111095
111095
111095
111095
111095
111095
111095
111095
111095
111095
111095
111095
110464
110464
110464
110464
110464
110464
110464
110248
110248
110248
110248
110248
110248
110119
110119
110119
110119
110119
110119
110119
110119
110119
109823
109823
109823
109823
109823
109823
109823
109823
109823
109823
109823
109823
109823
109823
109804
109804
109804
109804
109804
109804
109804
109804
109804
108885
108885
107931
107931
107931
107931
107931
107931
106930
106222
106222
106222
106222
106222
106222
106222
106222
106222
106222
106222
106222
106222
104803
104803
104803
104803
104803
104803
104803
104803
104803
104803
104803
104803
104803
104803
104803
104803
104803
104803
104803
104803
104661
104661
104661
104661
104582
104582
104582
104582
104582
104582
104582
104582
104582
104582
104582
104582
104582
104582
104582
104582
104582
104582
104582
104582
104342
104342
104342
104342
104229
104229
104229
104229
103162
103162
103162
103162
103162
103162
103162
103162
103162
103162
103162
103162
103162
103162
103162
103162
101661
101661
101661
101661
101661
101401
101401
101401
101401
101401
101401
101401
101401
100573
100573
100573
100573
100573
100573
100573
100573
100573
100573
100573
100573
100573
100573
100573
100573
100573
100573
100573
100573
99849
99849
99849
99849
99849
99849
99849
99849
99849
99849
99849
99849
99849
99849
99849
99849
99849
99849
99709
99709
99709
99709
99709
99709
99709
99709
99709
99709
99709
99709
99674
99674
99674
99674
99674
99674
99674
99674
99674
99025
99025
99025
99025
99025
99025
99025
99025
99025
99025
99025
99025
99025
99025
99025
99025
99025
99025
99025
98921
98921
98921
98921
98921
98921
98921
98921
98921
98921
98921
98921
98921
98921
98921
98921
98921
98921
98921
98921
98161
98161
98161
98161
98161
98161
98161
98161
98161
96720
96720
96720
96720
96720
96720
94959
94959
94959
94959
94959
94959
94959
94959
94959
94959
94959
94959
94959
94959
94959
93474
93474
93474
93474
93474
93474
93474
93474
93474
93474
93474
92867
92867
92867
92867
92867
92867
92867
92867
92867
92867
92867
92867
92867
92744
92744
92744
92744
92744
92744
92744
92744
92744
92744
92744
92744
92744
92744
92744
92744
91783
91783
91783
91783
91783
91783
91783
91783
91783
91783
91783
91783
91783
91783
91783
90781
90781
90781
90781
90781
90781
90781
90781
90781
90781
90781
90781
90781
90781
90781
90781
90781
89770
89770
89770
89770
89770
89770
89770
89770
89770
89770
89770
89770
89770
89770
89770
89770
89770
89770
88958
88958
88958
88958
88958
88958
88958
87453
87453
87453
87453
87453
87453
87453
87453
87453
87453
87453
87453
87453
87453
87453
87453
87453
87453
87308
87308
87308
87308
87308
87308
87308
87308
87308
87308
87308
86073
86073
86073
86073
86073
86073
86073
83434
83434
83434
83434
83434
83434
83253
83253
83253
83253
83253
83253
83253
83253
83253
82689
82689
82689
82689
82689
82689
82689
82689
82689
82689
82689
82689
82689
82689
82689
82689
82689
82689
82689
81644
81644
81644
81644
81644
81644
81644
81644
81644
81644
81644
81191
81191
81191
81191
81191
81191
81191
81191
81191
81191
81191
81191
81191
81191
81191
81191
81155
81155
81155
81155
81155
81155
80010
80010
80010
80010
80010
80010
80010
80010
80010
80010
80010
80010
80010
80010
79895
79895
79895
79895
79895
79895
79895
79895
79895
79895
79895
79580
79580
79580
79580
79580
79580
79580
79580
79580
79580
79580
79580
79580
79580
79580
79580
79580
79292
79292
79292
79292
79292
79292
79292
79292
79292
79292
79292
79292
79292
79292
79292
79292
79292
78854
78854
78854
78854
78854
78854
78854
78854
78854
77954
77954
77954
77954
77954
77954
77954
77954
77954
77954
77954
77954
77954
77954
77474
77474
77474
77474
77474
77474
77474
77474
77474
77474
77474
77474
76411
76411
76411
76411
76411
76411
76411
76411
76114
76114
76114
76114
76114
76114
76114
76114
76114
76114
76114
76114
76114
76114
76114
76114
76114
76114
75186
75186
75186
75186
75186
75186
75186
75186
75186
74767
74767
74767
74767
74570
74570
74570
74570
74570
74570
74570
74570
74570
74570
74203
72510
72510
72510
72510
72510
72510
72308
72308
72308
72308
72308
72308
72308
72308
72308
72308
71834
71834
71834
71834
71834
71834
71834
71834
71834
71834
71834
71594
71594
71594
71594
71594
71594
71594
71594
71594
71594
71594
71594
71594
71594
71594
71186
71186
71186
71186
71186
71186
71186
71186
71186
71186
71186
71186
70957
70957
70910
70607
70607
70607
70607
70607
70607
70607
70607
70607
70607
70607
70607
70607
70607
70607
70607
70607
70607
70607
69662
69662
69662
69662
69662
69662
69662
69662
69662
69662
68848
68848
68848
68848
68848
68848
68848
67723
67723
67723
67723
67723
67723
67723
67723
67723
67723
67723
67723
67351
67351
66095
66095
64168
64168
64168
64168
64168
64168
64168
64168
64168
64168
64168
64168
64168
64168
64168
64168
64168
64168
64168
64028
64028
64028
64028
64028
64028
63670
63670
63670
63670
63670
63670
63670
63670
63670
63670
63670
63652
63652
63652
63652
63652
63652
63652
63652
63652
63652
63652
63652
63652
63652
63652
63652
63652
62243
62243
62243
62243
62243
62243
62243
62243
62243
62243
62243
62243
62243
62243
62189
62189
62189
62189
62189
62189
62189
59248
58242
58242
58242
58242
58242
58242
58242
58242
58242
58242
58242
58242
58242
58242
57944
57944
57944
57944
57944
57944
57944
57944
57944
57944
57944
57944
57944
57944
57944
57944
57912
57912
57912
57912
57912
57912
57912
57912
57912
57912
57912
57912
57671
57671
57671
57671
57671
57671
57671
57671
57671
57671
57671
57671
57671
57671
57671
57671
57539
57539
57539
57539
57539
57539
57539
57539
55328
55328
55328
55328
55328
55328
55328
55328
55328
55328
55328
55328
55328
55328
55328
55328
55328
55328
55328
55328
55202
55202
55202
55202
55202
55202
55202
55202
55202
55202
55202
54170
54170
54170
54170
54170
54170
54170
54170
54170
54170
54170
54170
54170
54170
53283
53283
53283
53283
53283
53283
53283
53283
53283
53283
53283
53283
53283
53283
53283
53283
53283
53283
53222
53222
53222
53222
53222
53222
53222
53222
53222
53222
53222
53222
53222
53222
51234
51234
51234
51234
51234
51234
51234
51234
51234
51234
51234
51234
51234
51234
51234
51234
51153
51153
51153
51153
51153
51153
51153
51153
51153
51153
51153
51153
51153
51153
50510
50510
49517
49517
49517
49517
49517
49517
49517
49517
49517
49517
49517
49517
49517
49517
49517
48346
48346
48346
48346
48346
48346
48346
48346
48346
48346
48346
48045
48045
48045
48045
48045
48045
48045
48045
48045
48045
48045
48045
48045
48045
48045
48045
48045
48045
48045
48045
47733
47733
47733
47733
47733
47733
47733
47733
47733
47733
47733
47733
47733
47733
47733
47634
47634
47634
47634
47634
47634
47634
47634
47634
47634
47634
47634
47634
47634
47634
47634
47634
47634
47634
47634
46439
46439
46439
46439
46439
46119
46119
46119
46119
46119
46119
46119
46119
46119
46119
46119
46119
46119
46119
46119
46061
46061
46061
46061
46061
46061
46061
46061
46061
46061
46061
46061
46061
45793
45793
45793
45793
45793
45793
45793
45793
45793
45793
45793
45793
45793
45793
45793
45793
45793
44614
44614
44614
44614
44614
44614
42308
42308
42308
42308
42308
42308
42308
42308
42308
42308
42308
42238
42238
42238
42238
42238
42238
42238
42238
42238
42238
42238
42238
42238
42238
42238
42238
42238
41585
41585
41585
41585
41585
41585
41585
41585
41585
41585
41585
41585
41585
41585
41585
41585
41585
41585
41585
41585
40146
40146
40146
40146
40146
40146
40146
40146
40146
40146
40146
40146
40146
40146
40146
40146
40146
40146
40146
40146
39008
39008
37927
37927
37927
37927
37927
37927
37927
37040
37040
37040
37040
37040
37040
37040
37040
37040
37040
37040
37040
37040
37040
37040
36409
36409
36409
36409
36409
36409
36409
36409
36409
36409
36409
36409
36409
36409
36409
36409
35946
35946
35946
35946
35946
35946
35946
35946
35946
35946
35946
35946
35946
35946
35946
35946
35341
35341
35238
35238
35238
35238
35238
35238
35238
35238
35238
35238
35238
35238
35238
35238
35238
35238
35238
34940
34940
34940
34940
34940
34940
34940
34940
33806
33806
33806
33806
33806
33806
33806
33806
33073
33073
33073
33073
33073
33073
33073
33073
33073
33073
32120
32120
32120
32120
32120
32120
32120
32120
32120
32120
32120
32120
32120
32120
32120
32120
32120
32120
31405
31405
31405
31405
31405
31405
31405
31405
31405
31405
31405
31405
31405
30545
30545
30545
30545
30545
30545
30545
30545
30545
30545
30545
30545
30545
30545
30545
30545
29141
29141
29141
29141
29141
29141
29141
29141
29141
29141
29141
29141
29141
29141
29141
27006
27006
27006
27006
27006
27006
26964
26964
25489
25489
25489
25489
25489
25489
25489
25489
25489
25489
25489
25489
25489
25489
25489
25489
22868
20797
20797
20797
20797
20797
20797
20797
20797
20797
20797
19539
19539
19539
19539
19539
19539
19539
19539
19539
19539
19539
19539
19539
19539
19539
18136
17579
17579
17579
17579
17579
17579
17579
17579
17579
16755
16755
16755
16755
16755
16755
16755
16755
16755
16755
16755
16755
16755
16755
16755
16755
16728
16728
16728
16728
16728
16728
16728
16728
16728
16728
16728
16728
16728
16728
16728
16728
16728
16728
16728
16540
16540
16540
16540
16540
16540
16540
16540
16540
16540
16540
16540
16540
16487
16487
16487
16487
16487
16487
16487
16487
16487
16487
16487
16455
15327
15327
15327
15327
15327
15327
15327
15327
15327
15327
15327
15327
14808
14808
14808
14808
14808
14808
14808
14808
14808
14808
14729
14729
14729
13496
13496
13496
13496
13496
13496
12982
12982
12982
12982
12982
12982
12982
12982
12982
12982
12982
12982
12982
12204
11166
11166
11166
11166
11166
11166
11166
11166
11166
10845
10845
10845
10845
10845
10845
10845
10845
10845
10845
10845
10766
10766
10766
10766
10766
10766
10766
10766
10766
10766
10766
10766
10756
10756
8839
8839
8839
8839
8839
8237
8237
8237
8237
8237
8237
8237
8237
8237
7597
7597
7242
7242
7242
7242
7242
7242
7242
7242
7242
7242
7242
7242
7178
7178
7178
7178
7178
7178
7178
7178
7178
7178
7178
7178
7178
7178
7178
7178
7178
7178
7178
6199
6199
6199
6199
6199
6199
6199
6199
6199
6199
5291
5291
4676
4676
4676
4676
4676
4676
