1399
500000
332500
332500
332500
332500
332500
332500
332500
332500
332500
331914
331914
331914
331914
331914
331914
331914
331914
331914
331914
331914
331914
331914
330470
330470
330470
330470
330470
330470
330470
328437
328437
328437
328437
328437
328437
328437
328437
328437
328437
323117
323117
323117
323117
323117
323117
323117
323117
323117
323117
323117
323117
320507
320507
320507
320507
320507
320507
320507
320507
320507
320507
320507
320507
320104
320104
320104
320104
320104
320104
316077
316077
316077
316077
316077
316077
316077
316077
316049
316049
316049
316049
316049
316049
316049
316049
316049
316049
316049
316049
316049
316049
316049
316049
316049
316049
316049
316049
313165
313165
313165
313165
313165
313165
313165
313165
313165
313165
313165
313165
313165
313165
313165
312200
312200
312200
312200
312200
312200
312200
312200
312200
312200
312200
312200
312200
312200
312200
312200
310747
310747
310747
310747
310747
310747
310747
310747
310747
310747
310747
310747
310747
310747
310747
309762
309762
309762
308865
308865
308865
308865
308865
308865
308865
308865
308865
308865
308865
308865
308865
308865
308865
308865
308865
308865
308865
306834
306834
306834
306834
306834
306834
306834
306834
306834
306834
305828
305828
305828
305828
305828
305828
305828
305828
305828
305828
305828
305828
305828
305828
305828
305828
305828
305828
305828
305294
305294
305294
305294
305294
305294
305294
305294
305294
304425
304425
298948
298948
298948
297332
297332
297332
297332
294749
294749
294749
294749
294749
294749
294749
294749
294749
294749
294749
294749
294749
294749
294749
294749
294749
290938
290938
290938
290938
290938
290938
290938
290938
290938
290938
287536
287536
287536
287536
287536
287536
287536
287536
287536
287536
287536
287536
287536
287536
287536
287536
287536
287536
287536
286991
286991
286991
286991
286991
286991
286991
286991
286991
286991
286991
286616
286085
286085
286085
286085
282187
282187
282187
282187
282187
282187
282187
282187
282187
282187
282187
282187
279410
279410
279410
279410
279410
279410
279410
279410
279410
279410
279410
279410
279410
279410
279410
276156
276156
276156
269032
269032
269032
269032
269032
269032
269032
269032
269032
269032
269032
269032
269032
269032
269032
269032
265039
265039
265039
265039
265039
265039
265039
265039
265039
265039
265039
265039
265039
265039
265039
265039
265039
265039
261478
261478
261478
261478
261478
261478
261478
261478
261478
261478
261478
253930
253930
253930
253930
253930
253930
253930
253930
253930
253930
253930
252558
252558
252558
252558
249762
249762
249762
249762
249762
248595
248595
248595
248595
248595
248595
248595
248595
248595
248595
248595
248595
248595
248595
243823
243823
243823
243823
243823
243823
243823
243823
243823
243823
243823
240163
240163
240163
240163
240163
240163
240163
240163
240163
240163
240163
240163
240163
240163
236560
236560
236560
236560
236560
236560
236560
236560
236560
236560
234480
234028
234028
234028
234028
234028
234028
234028
234028
234028
234028
234028
234028
234028
234028
234028
233411
233411
233411
233411
233411
233411
231515
231515
231515
231515
231515
231515
231515
231515
231515
231515
229577
229577
229577
229577
229577
229577
225571
225571
225571
225571
225571
225571
225571
225571
225571
225571
225571
225571
225571
225571
225571
225571
225571
225571
225571
225571
225087
225087
225087
225087
225087
225087
225087
225087
225087
225087
225087
225087
225087
225087
225087
225087
225087
223986
223986
223986
223986
223986
223986
223986
220608
220608
220608
220608
220608
220608
220608
220608
220608
217655
217655
217655
217655
217655
217655
217655
217655
217655
217655
217655
217655
217655
217655
217655
217655
217655
217655
217655
213953
213953
213953
213953
213953
213953
213953
213953
213953
213953
213953
213953
213953
213953
213953
213953
213953
213953
211671
211671
211671
211671
211671
211671
211671
211671
211671
211671
211671
211671
211671
209448
209448
209448
209448
209448
209448
209448
207648
207648
207648
207648
207648
207648
207648
207648
207648
207648
207648
207648
207648
207648
207648
207648
206558
206558
206558
206558
206558
206558
206558
206558
206558
206558
206558
206558
206558
206558
206558
206558
206558
206558
206558
206558
205672
205672
205672
205672
205672
205672
205672
205672
205672
205672
205672
205672
205672
204258
204258
204258
204258
204258
204258
204258
204258
203277
203277
203277
202958
200613
200613
200613
200613
200613
200613
200613
200613
200613
200613
200613
200613
200613
198013
198013
198013
198013
198013
198013
198013
194982
194982
194982
194982
194982
194982
194982
194982
194982
194982
194982
194982
194982
194982
194982
194982
194982
192765
192765
192765
192765
192765
192765
192765
192765
192765
192765
192765
192765
192765
192765
192202
192202
192202
188793
188793
188793
188793
188793
188793
188793
188793
188793
188793
188793
188793
188793
185356
185356
185356
185356
185356
185356
185356
185356
185356
185356
176718
176718
176718
176718
176718
176718
176718
176718
176718
176718
176718
176718
176718
176718
176718
176718
176718
176718
176508
176508
176508
176508
176508
176508
176508
176508
176508
176508
176508
176508
176508
176508
176508
175933
175933
175933
175933
175933
175933
175933
175933
175933
175933
173397
173397
173397
173397
173397
173397
173397
173397
173397
173397
173397
173397
173397
172739
172739
172739
172739
172739
172739
172739
172739
172739
172739
172739
172739
172031
172031
172031
172031
172031
172031
172031
172031
172031
172031
169779
169779
169779
169779
169779
169779
169779
169779
169779
169779
169779
169779
169779
167715
167715
167715
167715
167715
167715
167715
167715
167715
167715
167715
167715
167715
167715
167715
167715
167507
167507
167507
167507
167507
167507
167507
167507
167507
167507
167507
167507
167507
167507
167507
167507
167507
167507
167507
164801
164801
164801
164801
164801
164801
164801
164801
164801
164801
164801
164801
164801
164801
164801
164801
164801
164801
164636
164636
164636
164224
164224
164224
164224
164224
164224
164224
164224
164224
164224
164224
164224
164224
164224
164224
164224
164224
164224
164224
163223
163223
163223
163223
163223
163223
163223
162884
162884
162884
162884
162884
162884
162884
162884
162884
162884
162884
162884
162884
162799
162799
162799
162799
162799
162799
162799
162799
162799
162799
162799
162799
162799
162799
162799
162799
162112
162112
162112
162112
162112
162112
162112
162112
162112
162112
162112
162112
162112
160199
160199
160199
160199
160199
152914
152914
152914
152914
152914
152914
152914
152914
152914
152914
152914
152914
151531
151531
151531
151531
151531
151531
151531
151531
151531
151531
151531
151531
151531
151531
151531
151531
151531
151531
150770
150770
150770
150770
150770
138407
138407
138407
138407
138407
138407
138407
138407
138407
138407
137155
137155
137155
137155
137155
137155
137155
137155
137155
137155
137155
137155
137155
137155
137155
137155
137155
137155
137155
137155
129562
129562
126276
126276
125293
125293
125293
125293
125293
125293
125293
125293
125293
125293
125293
125293
125293
125293
125293
122090
122090
122090
122090
122090
122090
122090
122090
121967
121967
121967
121967
121967
121967
121967
121967
121967
121967
121967
121967
121967
121967
121967
121967
121967
121967
121967
121967
120398
120398
120398
120398
120398
120398
120398
120398
120398
120398
120398
120398
120398
120398
120398
120398
120398
120157
120157
120157
120157
120157
120157
115300
115300
115300
115300
115300
115300
114949
114949
114949
114949
114949
114949
114949
114949
114949
114949
114949
114949
114949
114949
114949
114949
114949
114949
113976
113976
113976
104210
104210
104210
104210
104210
104210
104210
104210
104210
103050
103050
103050
103050
103050
103050
103050
103050
101939
101939
101939
101939
101939
101939
101939
101939
101939
101939
101939
101939
101939
101939
101939
101939
101939
101939
101939
96574
96574
96574
96574
96574
96574
96574
96574
96574
96574
96574
96574
96574
96574
96574
96574
96321
96321
96321
96321
96321
96321
96321
96321
96321
96321
96321
94313
85206
85206
85206
85206
85206
85206
85206
85206
85206
85206
85206
84757
84757
84757
84757
84757
84757
84757
84757
84757
84757
84757
84757
84757
84757
80194
76091
76091
76091
76091
76091
76091
76091
60020
60020
60020
60020
60020
60020
60020
59246
59246
59246
59246
59246
59246
59246
59246
59246
59246
59246
59246
59246
59246
59246
59246
59246
59246
57400
57400
57400
57400
57400
57400
57400
57400
57400
57400
56870
56870
56870
56870
56870
56870
56870
56870
56870
56870
56870
56870
56870
56797
56797
56797
56797
56797
56797
56797
56797
56797
56797
56372
56372
56372
56372
56372
56372
56372
56372
56372
56372
56372
56372
56372
56372
56372
56372
56372
56372
56372
56372
49624
49624
49624
49624
49624
49624
49624
49624
49624
49624
49246
49246
49246
49246
49246
49246
49246
49246
49246
49246
49246
49246
49246
42209
42209
42209
42209
42209
42209
42209
42209
38622
38622
38622
38622
38622
38622
38622
38622
38622
38622
38622
38622
38622
38622
38622
38622
38622
38622
38622
34000
34000
34000
34000
34000
34000
34000
34000
34000
34000
34000
34000
34000
34000
34000
34000
34000
30632
30632
30632
30632
30632
30632
30632
30632
30632
30632
30632
30632
30632
30632
30632
30632
30632
30632
29715
29715
29715
29715
24099
24099
24099
24099
24099
24099
24099
24099
24099
24099
24099
24099
24099
24099
24099
24099
24099
23427
23427
23427
23427
23427
23427
23427
23427
23427
23427
23427
23427
23427
23427
18089
18089
18089
16043
16043
16043
16043
16043
16043
16043
16043
16043
16043
7751
7751
7751
7751
7751
