1342
500000
328086
328086
328086
328086
328086
328086
328086
320463
320463
320463
320463
320463
320463
320463
320463
320463
320463
320463
320463
320463
320463
320463
320463
320463
320463
320463
320463
320430
320430
320430
320430
320430
320430
320430
320430
320280
320280
320280
320280
320280
320280
320280
320280
320280
319078
319078
319078
319078
319078
319078
318830
318830
318830
318830
318830
318830
318830
316012
316012
316012
316012
316012
316012
316012
316012
316012
316012
316012
315028
315028
315028
315028
315028
315028
315028
315028
315028
315028
315028
315028
315028
315028
315028
315028
310425
310425
310425
310425
310425
310425
310425
310425
310425
310425
310425
310425
310425
310247
309942
309942
309942
309942
309942
309942
309942
309942
309942
309942
309942
309942
309942
309151
309151
309151
309151
309151
309151
309151
309151
309151
309151
309151
309151
309151
309151
309151
301711
301711
301711
301711
301711
301711
301711
301711
301711
301711
296285
296285
293476
293476
293476
293476
293476
289047
289047
289047
289047
289047
289047
289047
289047
289047
289047
289047
289047
286631
286631
286631
286631
286631
286631
286631
286631
286631
286631
286631
286631
286631
286631
285169
285169
285169
282867
282867
282867
282867
282867
282867
282867
282867
281447
281447
281447
281447
281447
281447
281447
281447
281447
278985
278985
278985
278985
278985
278910
278910
278910
278910
278910
278910
278910
278910
278910
278888
278888
278888
278888
278888
278888
278888
278888
278888
278888
278888
278888
278888
278888
278888
278888
278888
274315
274315
274315
274315
274315
274315
274315
274315
274315
274315
274315
274315
274315
274315
271442
271442
271442
271442
270721
270721
270721
270721
270721
270721
270721
270721
270721
270721
270721
270721
270721
270721
270721
267213
267213
267213
267213
267213
267213
264750
264750
264750
264750
264750
264269
264269
264269
264269
264269
264269
264269
264269
264269
264269
264269
264269
264269
264269
264269
261324
261324
261324
261324
261324
261324
261324
261324
261324
261324
257716
257716
257716
257716
257716
257716
257716
257716
257716
257716
257716
257716
257716
257716
257716
257716
257716
257716
257716
257716
257357
257357
257357
257357
257357
257357
253108
253108
253108
253108
253108
253108
253108
253108
253108
253108
253108
253108
253108
253108
252637
252637
252637
252637
252637
252637
252637
252637
252637
246136
246136
246136
246136
246136
246136
246136
246136
246136
246136
246136
246136
246136
240356
240356
240356
237221
237221
237221
237221
237221
237221
237221
237221
237221
237221
237221
237221
237221
237221
237221
237221
233827
233827
233827
233827
233827
233827
233827
233827
233827
233827
233827
229361
229361
229361
229361
229361
229361
229361
229361
229361
229361
229361
229361
229361
229361
229361
229361
229361
226320
226320
226320
226320
226320
226320
226320
226320
226320
226320
226320
226320
225990
224651
224651
224651
224651
224651
224651
224651
224651
224651
224651
224651
224651
224651
224651
224651
224651
224651
223694
223694
223694
223694
221958
221958
221958
221958
221958
221958
221958
221958
221958
221958
221958
221958
221958
217171
217171
217171
217171
217171
217171
217171
217171
215803
215803
215803
215803
215803
215803
215803
215803
215803
215803
212224
212224
212224
212224
212224
212224
212224
212224
212224
212224
212224
210904
210904
210904
210904
210904
210904
210904
210904
210174
210174
210174
210174
210174
210174
204994
204994
204994
204994
204994
204994
204994
204994
204994
204994
204994
204994
204994
204994
204994
203258
203258
203258
203258
203258
203258
203258
203258
203258
203258
203258
201412
201412
201412
201412
201412
201412
201412
201412
201412
201412
201412
198318
198318
198318
198318
198318
198318
198318
198318
198318
198318
198318
198318
198318
198318
198318
198318
198318
198318
198318
198318
198277
198277
198277
198277
198277
198277
198277
198277
198277
198277
198277
198277
198277
198277
198277
198277
198277
198277
196717
196717
196717
196717
196717
196717
196717
188718
188718
188718
188718
188718
188718
188718
188718
188718
188718
188718
188718
188718
188718
188556
188556
188556
188556
188556
188556
188556
188556
188556
188556
188556
188556
188556
179211
179211
179211
179211
178859
178859
178859
178859
178859
178859
178859
178859
178859
178859
178859
178859
178859
178859
178859
178859
176610
176610
176610
176610
176610
176610
176610
176610
176610
176610
176610
172819
172819
172819
172819
172819
170568
170568
170568
170568
170568
170568
170568
170568
170568
170568
170568
170568
170568
170568
168027
168027
167070
167070
167070
167070
167070
167070
167070
167070
167070
167070
167070
167070
167070
167070
167070
167070
167070
167070
160606
160606
160606
160606
160606
160606
160606
160606
160606
160606
160606
160606
160606
160606
160606
157934
157934
157934
157934
157934
157934
157934
157934
157934
157934
157934
157934
157934
157934
157934
157934
157934
157934
157934
157934
155733
155733
155733
155733
155733
155733
155733
155733
155733
155733
155733
155733
155733
155733
155733
155733
154473
154473
154473
154473
154473
154473
154473
154473
154473
154473
154473
154473
154473
154473
154473
154473
154473
154473
151697
151697
151697
151697
151697
151697
151697
151697
151697
148217
148217
145350
145350
145350
145350
145350
145350
145350
145350
145350
145350
145350
145350
145350
145350
143989
143989
143989
143989
143989
143989
143989
143989
143989
143989
143989
143989
143989
143989
143989
143989
143989
143989
142793
142793
142793
142793
142793
142793
142793
142793
142793
142793
142793
142793
142793
142793
142793
142793
142793
141955
141955
141955
141955
141955
140964
140964
140964
140964
140964
140964
140964
140964
140964
140964
140964
140964
140964
140964
140964
140964
140367
140367
140367
138458
138458
138458
138458
138458
138458
138458
137397
137397
137397
137397
137397
136779
136779
136779
136779
136779
136779
136779
136779
136779
136779
136102
136102
136102
136102
136102
136102
136102
136102
136102
136102
136102
135086
135086
128682
128682
128682
128682
128682
128682
128682
128682
128682
128682
128682
128682
128682
128682
128682
128682
128682
124975
124975
124975
124975
124975
124975
124975
124975
124975
124713
124713
124713
124713
124713
124713
124713
124713
124713
124713
124713
124078
124078
124078
124078
124078
124078
124078
124078
124078
124078
124078
124078
124078
124078
123709
123709
123709
122338
122338
122338
122338
122338
122338
122338
122338
122338
122338
122338
122338
122338
122338
122338
122338
115358
115358
115358
115358
115358
115358
115358
115358
115358
115358
115358
115358
115358
115358
115358
112880
112880
112880
112880
112880
112880
112880
112880
112880
112880
112880
112880
112880
112880
112880
112880
112880
112880
112880
104466
104466
104466
104466
104466
104466
104466
104466
104466
104466
104466
104466
102993
102993
102993
102993
102993
102993
102993
102993
102993
102993
102993
102993
102993
92227
92227
92227
92227
92227
92227
92227
92227
92227
92227
92227
92227
92227
92227
92227
86896
86896
86896
86896
86896
86896
86896
86896
86896
86896
86896
86896
86896
86896
86896
86896
86896
86896
86896
85287
85287
85287
85287
85287
85287
85287
85287
85287
85287
85287
85287
85287
85287
85287
85287
78450
78450
78450
78450
78450
78450
78450
78450
78450
78450
78450
78450
78450
78450
73173
73173
68833
68833
68833
68833
68833
68016
68016
68016
68016
68016
68016
68016
68016
68016
68016
68016
68016
68016
68016
68016
68016
68016
66043
66043
66043
66043
66043
66043
66043
66043
66043
65033
65033
65033
65033
65033
64207
64207
64207
64207
64207
64207
64207
64207
64207
64207
64207
64207
63731
63731
63731
63731
63731
63731
63731
63731
63731
63731
63731
63731
63731
63731
63731
63731
63731
59772
59772
59772
59772
59772
59772
59772
59772
57113
57113
57113
57113
57113
57113
57113
57113
57113
57113
57113
57113
57113
57113
57113
57113
57113
57113
57113
55326
55326
55326
55326
55326
55326
53998
53998
53998
50832
50832
50832
50832
50832
50832
50832
50832
50832
50832
50832
50832
50832
50832
50832
50832
50832
50832
50832
50832
47074
47074
47074
47074
43767
43767
43767
43767
43767
43767
43767
43767
42597
42597
42597
42597
42597
42597
42597
42597
42597
42597
42597
42597
42597
42365
42365
42365
42365
42365
42365
42365
42365
42365
42365
42365
42365
42365
42365
42365
42365
42365
40535
40535
40535
40535
40535
35747
35747
35747
35747
35747
35747
35747
35747
34497
34497
34497
34497
34497
34497
34497
32023
32023
32023
26667
20926
20926
15724
15724
15724
15724
15724
15724
15724
15724
15724
15724
13082
13082
13082
13082
13082
13082
13082
13082
13082
13082
13082
13082
13082
13082
11961
11961
11961
11961
11961
11961
11961
11961
11961
11961
11961
11961
11961
11961
11961
11961
11961
11961
11961
11961
10428
10428
10428
10428
10428
10428
10428
10428
10428
10428
10428
10428
10428
10428
10428
6267
6267
6267
6267
6267
6267
6267
4407
4407
4407
4407
4407
4407
4202
4202
4202
4202
4202
4202
4202
4202
4202
4202
4202
4202
4202
4202
4202
4202
3702
3702
3702
3702
3702
3702
3702
3702
3702
3702
3702
3702
3702
3702
3702
