5486
500000
333068
333068
333068
333068
333068
333068
333068
333068
333068
333068
333068
333068
333068
333068
333068
333068
332311
332311
332311
332311
332311
332311
332311
331776
331776
331776
331776
331776
331776
331776
331776
331776
331776
331776
331776
331776
331776
331776
331776
331776
331776
331776
331776
331519
331519
331519
331519
330372
330372
330335
330335
330335
330335
329546
329546
329546
329546
329546
328059
328059
328059
328059
328059
328059
328059
328059
328059
328059
328059
327078
326663
326263
326263
326263
326263
326263
326263
326263
326263
326263
324807
324807
324807
324807
324807
324807
324807
324807
324807
324807
324807
324807
324807
324807
324676
324676
324676
324676
324676
324676
324676
324676
324676
324676
324676
324676
324676
324676
324202
324202
324202
324119
324119
324119
324119
324119
324119
324119
324119
324119
323172
323172
323172
323172
323172
323172
323172
323172
323172
323172
323172
323172
323172
323172
323172
322087
322087
322087
322087
322087
322087
322087
322087
322087
322087
322087
322087
322087
322087
321989
321989
321989
321908
321908
321908
321908
321908
321908
321908
321575
321575
321575
321575
321575
321575
321575
321575
321575
321575
321575
321575
321283
321283
321283
321283
320502
320502
320502
320502
320502
320502
320502
320502
320502
320301
320301
320301
320301
320301
320301
320301
320301
320301
320301
320301
320301
320301
320301
320301
320301
320301
320182
320182
320182
320182
320182
320182
320182
320182
320182
320182
320182
320182
320182
320182
319373
319373
319373
319373
319373
319373
319373
319373
319373
319373
319373
319373
319373
319373
319373
319373
319373
319373
319373
319373
318804
318804
318804
318804
318804
318804
318804
318804
318804
318804
318804
318804
318804
318329
318329
318329
318329
318329
318329
318329
318329
318329
318199
318199
318199
318199
318199
318199
318199
318199
318199
318199
318199
318199
318199
318199
318199
318199
315309
315309
315309
315309
315309
315309
315309
315309
315309
315309
315309
315309
315309
315309
315309
314741
314741
314741
314741
314741
314741
314741
314741
314741
314741
314741
314258
314258
314258
314258
314258
314258
314258
314258
314258
314258
314258
314258
314258
314258
314258
314258
314255
314255
314255
314255
314255
314255
314255
314255
313963
313963
313963
313963
313963
313963
313963
313963
313963
313963
313963
313963
313963
313963
313963
313963
312754
312754
312754
312754
312754
312754
312754
312754
312754
312754
312754
312754
312754
312754
312754
312754
312540
312540
312540
312540
312540
312540
312540
312540
312540
312540
312540
312212
312212
312212
312212
312212
312212
312212
312212
312212
312212
312212
311959
311959
311959
311959
311959
311959
311959
311959
311959
311669
311669
311669
311669
311669
311669
311669
311669
311669
311669
311669
311669
311669
311669
311669
311669
311669
311669
310625
310625
310625
310625
310625
310625
310625
310625
310625
310625
310625
310625
310625
310625
310625
310625
310625
310625
310625
310625
310433
310433
310433
310433
310433
310433
310433
310433
310433
310433
310433
310433
310433
310433
310433
310433
310433
310433
310433
310433
309748
309748
309748
309748
309748
309748
309748
309748
309748
309748
308643
308643
308643
308643
308643
308643
308643
308643
308643
308643
308643
308643
308643
308619
308619
308619
308619
308619
308619
308619
308619
308619
308619
308619
308619
308619
308619
308619
308619
308619
308615
307658
307658
307658
307658
307658
307658
307658
307658
307658
307658
307658
307658
307658
307658
307658
307520
307520
307520
307520
307520
307520
307520
307520
307520
307520
307520
307520
307520
307520
307520
307520
307520
307520
307520
307520
305807
305807
305807
305807
305807
305807
305807
305807
305807
305807
305807
305807
305807
305807
305807
305807
305807
305807
305807
305807
304833
304833
304833
304833
304833
304833
304833
304833
304833
304833
304833
304833
304833
304833
303985
303985
303985
303985
303985
303985
302605
302605
302605
302605
302605
302605
302605
302605
302605
302605
302605
302605
302605
302605
302605
302489
302489
302489
302489
302489
302489
302489
302489
301578
301578
301578
301578
301578
301578
301578
301268
301268
301268
301268
301268
301268
301268
301268
301208
301208
301208
301208
301208
301208
301208
301208
301208
301208
301208
301208
301208
301208
301208
300434
300434
300434
300434
300434
300434
300434
300434
300434
300434
300434
300434
300434
300434
300434
300434
300434
300379
300379
300379
300379
300379
300379
300379
300379
300379
300379
300379
300379
300379
299866
299866
299866
299866
299866
299866
299866
299866
299866
299866
299866
299866
299866
299866
299866
299866
299866
299865
299865
299865
299278
299278
299278
299278
299278
299278
299278
299278
299278
298987
298987
298987
298987
298987
298987
298987
298987
298987
298987
298987
298987
298987
298727
298727
298727
298727
298727
298727
298727
298358
298358
298358
297499
297499
297499
297499
297499
295480
295480
295480
295480
295480
295480
295480
295480
295480
295480
295480
295480
294423
294423
294423
294423
294423
294423
294423
294423
294423
294423
294423
294423
294423
294423
294423
294423
294171
293906
293906
293906
293906
293906
293906
293906
291805
291805
291805
291805
291805
291805
291805
291805
291805
290846
290846
290846
290846
290846
290846
290846
290846
290846
290846
290846
290634
290634
290634
290634
290634
290634
290634
290634
290634
290634
290634
289920
289920
289920
289920
289920
289920
289920
289920
289920
289920
289920
289920
289920
289920
289920
289920
289920
286958
286958
286958
286958
286958
286958
286958
286958
286958
286958
286958
286958
286958
286958
286958
286958
286958
286745
286745
286745
286745
286745
286745
286745
286745
286745
286745
286745
286745
286745
286745
286745
286745
286745
286071
286071
286071
286071
286071
285733
285733
285733
285733
285733
285733
285733
285733
285733
284869
284869
284869
284869
284869
284869
284869
284869
284869
284869
284869
284869
284869
284869
284869
284869
284868
284868
284868
284868
284868
284861
284861
284861
284861
284861
284861
284861
284861
284861
284861
284861
284861
284861
284861
284725
284725
284725
284725
284725
284725
284725
284725
284725
284375
284375
284375
284375
284375
284375
284375
284375
284375
284375
284375
284375
280948
280948
280948
280948
280948
280948
280948
280948
280948
280948
280948
280948
280406
280406
280406
280406
280406
280406
280406
280406
280406
280406
280406
280406
280406
280406
280406
280406
280406
279695
279695
279695
276416
276011
276011
276011
276011
276011
276011
276011
276011
276011
276011
276011
276011
276011
275215
273474
273474
273474
273474
273474
273474
273474
273474
273474
273268
273268
273268
273268
273268
273268
273268
273268
273268
273268
273268
273268
273268
273268
273268
273268
273268
273268
273268
272340
272340
272340
272340
272340
272340
272340
272340
272340
272340
270432
270432
270432
270432
270432
270432
270432
270432
270432
270432
270432
270432
270432
270432
270432
270006
270006
270006
270006
270006
270006
270006
270006
270006
269771
269771
269771
269771
269771
269771
269771
269771
269771
269771
269771
269771
269771
269771
269700
269700
269700
269700
269700
269700
269700
269700
269700
269700
269700
269700
269700
269700
269700
269700
269700
267226
267226
267226
267226
266720
266720
266720
266720
266720
266720
266720
266720
266720
266287
266287
266287
266287
266287
266287
266287
266287
265765
265765
265765
265765
265765
265765
265765
265765
265765
265765
265424
265424
265424
265424
265424
265424
265413
265413
265413
265413
265413
265413
265413
265413
265413
265413
265413
265413
265413
265413
265413
265413
263207
263207
263207
263207
263207
263207
263207
263207
263207
263207
263207
263207
263207
263207
263207
263207
263207
263207
263207
262794
262794
262794
262794
262794
262794
262794
262794
262794
262794
262338
262338
262338
262338
262338
262338
262338
262338
262338
262338
262338
262338
262338
262338
262338
262338
262338
262338
262338
261840
261840
261840
261840
261840
261840
261840
261840
261840
261840
261840
261840
261840
261840
261840
261840
261840
261840
261840
259957
259957
259957
259957
259957
259957
259957
259957
259957
259957
259861
259861
259861
256004
254427
254427
254427
254427
254427
254427
254427
254427
254427
254427
254427
254427
254427
254427
254427
254427
254427
254427
254427
254427
253628
253628
253628
253628
253628
253628
253628
253388
253388
253388
253388
253388
253388
253388
252870
252870
252870
252870
252870
252870
252870
252870
252870
252870
252870
250327
250327
250327
250327
250327
250327
250327
250327
250327
250327
250327
250327
250327
250327
250327
250327
250327
250327
250327
249692
249692
249692
249692
249692
249692
248556
248556
248556
248556
248556
248556
248556
248556
248556
248556
248556
248556
248556
248556
248556
248556
247427
247427
247427
247427
247427
247427
247427
247427
247427
247427
247427
247427
247427
247030
247030
247030
247030
247030
247030
247030
247030
247030
247030
247030
247030
247030
246793
246793
246793
246793
246793
246793
246793
246793
246793
246793
246793
246793
246793
246793
246793
246793
245934
245934
245934
245934
245934
245934
245934
245934
245934
245934
245934
245934
245934
245934
245934
245934
245934
245934
245934
245934
244457
244457
244457
244457
244457
244457
244457
244457
244457
244457
244457
244457
244457
244457
244457
244457
244457
244457
243094
243094
243094
243094
242753
242753
242753
242753
242753
242753
242753
242753
242753
242753
242753
242753
242753
242753
242753
242753
242753
242753
242753
242748
242748
242748
242748
242748
242748
242748
242748
242748
242748
242748
242748
242748
242748
242748
242748
242748
241819
241819
241819
241819
241819
241819
241819
241819
241819
241819
241819
241819
241819
241819
241819
241819
241819
241819
241819
241387
241387
241387
241387
241387
241146
241146
241146
241146
241146
240367
239712
239712
239712
239712
239712
239712
239712
239712
239712
239712
239712
239712
239712
239712
238714
238714
238462
238462
237367
237367
237367
237367
237367
237367
237367
237367
237367
237367
237367
237367
237367
237367
237367
237367
236616
236616
236616
236616
236616
236616
236616
236616
236616
236206
236206
236206
236206
236206
236206
236206
236206
236206
236206
236206
236206
236206
236206
236206
236206
236206
236181
236181
236181
236181
236181
236181
236181
236181
236181
236181
236181
236181
236181
236181
236181
236181
235088
235088
235088
235088
235088
235088
235088
234498
234498
234498
234498
234498
234498
234498
234498
234498
234498
234498
234498
234498
234498
234442
234442
234442
234442
234442
234442
234442
233876
233876
233876
233876
233876
233876
233876
233876
233876
233876
233876
233876
233876
233876
233876
233876
233876
233876
233564
233564
233564
233564
233564
233481
233481
233481
229504
229504
229504
229504
229504
229504
229504
229504
229504
229504
229504
229276
229276
229276
229276
229276
229276
227176
227176
227176
227176
227176
227176
227176
227176
227176
227176
227176
227176
227176
227176
227176
227176
227176
227176
227176
226618
226618
226618
226618
226618
226618
226618
226618
226618
226618
226618
226618
226618
226618
226618
226618
226618
226618
226618
226618
226528
226528
226528
226528
226528
226528
226528
226528
226528
226528
226528
226528
226528
226528
226528
226528
226528
226417
226417
226417
226417
226417
226417
226417
226417
226417
226417
226417
226367
226367
226367
226367
226367
226367
226367
226367
226367
226367
226367
226367
226099
226099
225879
225879
225879
225879
225815
225815
225815
225815
225815
225815
225815
225815
225815
225815
225815
225815
225815
225815
225815
225815
225815
225160
225160
225160
225160
225160
225160
225160
225160
225160
225160
225160
225160
225160
225160
225160
225160
225160
225160
225160
225160
225011
225011
225011
225011
225011
225011
225011
225011
225011
225011
225011
225011
225011
225011
224724
224724
224724
224724
224724
224724
224724
224724
224724
224724
224724
224724
224724
224724
224724
224724
224724
224724
224724
224375
224375
224375
224375
224375
224375
224375
224375
224375
224375
224375
224375
224375
224375
224375
224375
224375
224375
224375
224375
222992
222992
222992
222992
222992
222992
222992
222992
222992
222992
222992
222992
222992
222992
222992
222992
222992
222992
222735
222735
222735
222735
222735
222735
222735
222735
222735
222735
222735
222735
222735
222735
222735
222735
222735
222735
222735
222199
222199
222199
222199
222199
222199
222199
222199
222199
222199
222199
222199
222199
222199
222199
222199
222199
222199
222199
222199
221780
221780
221780
221780
221780
221780
221780
221780
221780
221383
221383
221383
221383
221383
221383
221383
221383
221383
221383
221383
221383
221383
221383
221383
221383
221383
221383
221383
221383
221102
221102
220669
220669
220669
220669
220669
220669
220669
220669
220669
220669
220669
220669
220669
220669
220669
220669
220161
220161
220161
220161
220161
220161
220161
220161
220161
220161
220161
220161
220161
220161
220161
220161
220161
220161
220161
219949
219949
219949
219949
219949
219949
219949
219949
219949
219949
219949
218345
218345
218345
218199
218199
218199
218199
217684
217684
217684
217684
217201
217201
217201
217201
217201
217201
217201
217201
217201
217201
217201
217201
217201
217201
217201
215679
215679
215679
215679
215679
215679
215679
215679
215679
215679
215679
215679
215679
215679
215679
215679
215679
215679
215679
215679
214817
214817
214817
214817
214817
214817
214817
214817
214817
214817
214817
214817
214739
214739
214633
214633
214633
214633
214633
214633
214633
214633
214633
214633
214633
214633
214633
214633
214633
214633
213466
213466
213466
213466
213466
213466
213466
213466
213466
213322
213322
213322
213322
213322
213322
213322
213322
213322
213322
213322
213322
213322
213322
213260
213260
213260
213260
213260
213260
213260
213260
213260
213260
213130
213130
213130
213130
213130
213130
213130
213130
213130
213130
213130
213130
213130
213130
213130
213130
212711
212711
212711
212711
212711
212711
212703
212703
212703
212703
212703
212703
212703
212703
212703
212442
212442
212442
212442
212442
212442
212442
212442
212442
212442
212335
212335
212335
212335
212335
212335
212335
212335
212335
212335
212335
211730
211730
211730
211730
211730
211730
211730
211730
211730
211730
211068
211068
211068
211068
211068
211068
210968
210968
210968
210968
210968
210968
210968
210968
210968
210968
210968
210968
210968
210968
209674
209674
209674
209674
209674
209674
209674
209674
209674
209674
209674
209674
209674
208735
208735
207555
207555
207555
207555
207555
207555
207555
207555
207555
207555
207555
207366
207366
207366
207366
207366
207366
207366
207366
207366
207366
207366
207366
206421
206421
206421
206421
206421
205399
205399
205399
205399
205191
205191
205191
205191
205191
205191
205191
205191
205191
205191
205191
204859
204859
204859
204859
204859
204859
204859
204859
204859
204859
204859
204859
204859
204859
204859
204859
204859
204717
204717
204717
204717
204717
204717
204717
204717
204717
204717
204717
204717
204717
204717
203865
203865
203865
203865
203865
203865
202638
202638
202638
202638
202638
202638
202638
202638
202638
202638
202638
202637
202637
202637
202637
202637
202637
201568
201568
201568
201568
201568
201568
201568
200341
200341
200341
200341
200341
200341
200341
200341
200341
200341
200341
200341
200341
200341
200341
200285
200285
200285
200285
200285
200285
200285
200285
200285
200285
200285
200285
200285
200285
200285
200285
200285
200285
200285
199112
199112
199112
199112
199112
199112
199112
199112
199112
199112
199112
199112
199112
199112
199112
199112
198878
198878
198878
198878
198878
198878
198878
198878
198878
198878
198878
198878
198878
198878
198878
198878
198878
198207
198207
198005
198005
198005
198005
198005
198005
198005
198005
198005
197699
197243
197243
197243
197243
197243
197243
197243
197243
197243
197243
197243
197243
197243
197243
197243
197243
197051
197051
197051
197051
197051
197051
197051
197051
197051
197051
197051
197051
197051
197051
197051
197051
197051
197051
196693
196693
196693
196693
196693
196501
196501
196501
196501
196501
196501
196501
196501
196501
196501
196501
196501
196501
196501
196501
194615
194615
194615
194615
194615
194615
194615
194615
194615
194615
194615
194615
194615
194615
194615
194615
194363
194363
194363
194363
194363
194363
194363
194363
194363
193919
193919
193919
193919
193919
193919
193695
193695
193695
193695
192782
192782
192782
192782
192782
192782
192782
192782
192782
192782
192782
192782
192782
192565
192565
192565
192565
192565
192565
192565
192565
192565
192557
192557
192557
192557
192557
192557
192557
192557
192557
192557
192557
192557
192557
192557
192557
192557
192557
192392
192392
192392
192392
192392
192392
192392
192392
192392
192392
192392
192392
192392
192392
192392
192392
192392
192284
192284
192257
192257
192257
192257
192257
192257
192257
192137
192137
192137
192137
192137
192137
192137
192137
192137
192137
192137
192137
190941
190941
190941
190941
190941
190941
190941
190941
190941
190941
190480
190480
189626
189626
189626
189626
189626
189626
189626
189626
189626
189626
189626
189626
189626
189626
189626
189626
189626
189035
189035
189035
189035
189035
189035
189035
189035
188914
188914
188914
188914
188914
188914
188914
188914
188914
188914
188914
188914
188914
188914
188914
187239
187239
187239
187239
187239
187239
187239
187239
187239
187239
187239
187239
187239
187239
186677
186677
186677
186677
186677
186677
186677
186677
186677
186677
186677
186677
186664
186664
186664
186664
186664
186664
186664
186664
186664
186664
186664
186664
186664
186664
186664
186664
186664
186162
186162
186162
186162
186162
186162
186162
186162
186162
186162
186162
186162
186162
186162
186162
186128
186128
186128
186128
186128
186128
186128
186128
186128
186128
186128
186128
186128
186128
186128
186128
186128
186128
185175
185175
185175
185175
185175
185175
185175
185175
185175
185175
185175
185175
185175
185175
185175
185175
184979
184979
184979
184979
184979
184979
184979
184979
184979
184979
184979
184979
184979
184979
184979
184979
184979
184979
184979
184823
184823
184765
184765
184765
184765
184765
184765
184765
184647
184647
184647
184647
184647
184647
184647
184647
184647
184228
183752
183752
183752
183752
183752
183752
182182
181848
181848
181848
181848
181848
181848
181848
181848
181848
181848
181848
181848
181848
181848
181848
181848
181848
181848
181848
181848
181753
181753
181753
181753
181753
181753
181753
181753
181753
181753
181753
181753
180544
180544
180544
180544
180181
180181
180181
180181
180181
180181
180181
180181
180181
180181
180181
180181
180181
180181
180181
180181
180181
180181
180081
180081
180081
178884
178884
178884
178884
178884
178884
178884
178884
178884
178884
178884
178884
178884
178884
178884
178884
178884
178884
178884
178884
177739
177739
177739
177739
177739
177739
177739
177739
177739
177739
177739
177739
177739
177739
177620
177620
177620
177620
177620
177620
177620
177620
177620
177620
177620
177620
177620
177620
177620
177620
177620
177485
177485
177485
177485
177485
177485
177485
177485
177485
177485
177485
177485
177485
177485
177485
177485
177485
177485
177485
177485
176741
176741
176741
176741
176741
176741
176741
176741
176741
176741
176741
176741
176741
176741
176741
176741
176741
176741
176741
175610
175610
175610
175610
175610
175610
175610
175610
175610
175610
175610
175610
175530
175530
175530
175530
175530
175530
175530
175530
175530
175530
175530
175530
175530
175530
175530
175530
175530
175530
175214
175214
175214
175214
175214
175214
175214
175214
175214
175214
175214
175214
175214
175214
175214
175074
175074
175074
175074
175074
175074
173406
173406
173406
173406
173406
173406
173406
173406
173406
173406
173406
173406
173406
173406
173406
173406
172598
172598
172598
172598
172598
172598
172598
172598
172562
172562
172562
172562
172562
172562
172562
172562
172562
172562
172562
172562
172562
172562
172562
172562
172562
172562
172562
172562
172035
172035
172035
172035
172035
172035
172035
172035
172035
172035
172035
172035
172035
172035
172035
172035
172035
171832
171832
171832
171832
171832
171832
171832
171832
171832
171832
171832
171832
171832
171747
171747
171747
169671
169671
169671
169671
169671
169671
169671
169671
169671
169671
169671
169671
169671
169671
167515
167515
167515
167515
167515
167515
167515
167050
167050
167050
167050
167050
167050
167050
167050
167050
167050
166476
166476
166476
166476
166476
166476
166476
166137
166137
166137
166137
166137
166137
166137
166137
166137
166137
165720
165720
165720
165720
165720
165720
165720
165720
165720
165552
165552
165552
165552
165552
165552
165179
165179
165179
165179
165179
165179
165179
165179
165179
165179
165179
165179
165179
165179
165179
165179
165179
165179
165179
164433
163732
163732
163732
163732
163732
163732
163732
163732
163732
163732
162214
162214
162214
162214
161095
161095
161095
161095
161095
161095
161095
161095
161095
161095
161095
161095
161095
161095
161095
161095
161095
161095
161095
161031
161031
161031
161031
161031
161031
161031
161031
161031
161031
161031
161031
161031
161031
161031
160033
160033
160033
160033
160033
160033
160033
160033
160033
160033
160033
160033
160033
160033
160033
160033
159553
159553
159553
159553
159553
159553
159553
159553
159553
159553
159553
159553
159553
159553
159553
159553
159144
159144
159144
159144
159144
159144
159144
159144
159144
159144
159144
159144
159144
157692
157692
157692
157692
157692
157447
157447
157447
157447
157447
157447
157447
157447
157447
157447
157447
157447
157447
157447
157447
157447
157447
157447
156494
156494
156494
156494
156494
156494
156494
156494
156494
156494
156494
156494
156494
156494
156307
156307
156307
156307
156307
156307
156307
156307
156307
156307
156307
156307
156307
156307
156307
156298
156298
156298
156298
156298
156298
156298
156298
156298
156298
156298
154768
154768
154768
154768
154768
154768
154768
154768
154768
154768
154768
154643
154643
154643
154643
154643
154643
154643
154643
154643
154643
154643
154643
154643
154643
154643
154643
154643
154643
154643
154643
152620
152620
152620
152620
152620
152620
152620
152620
152620
152620
152620
152620
152620
152620
152530
151128
151128
151128
151128
151128
151128
151128
151128
151128
151128
151128
151128
151128
151128
151128
151128
151128
151128
150646
150646
150646
150646
150646
150646
150646
150646
150646
150646
150646
150646
150454
150454
150454
150454
150454
150454
150454
150454
150454
150454
150454
150454
150454
150454
150454
150454
150454
150454
150454
150315
150315
150315
150315
150315
150315
150315
150315
150315
150315
150315
150315
150315
150315
150315
150315
150315
150315
150315
150289
150289
149781
149781
149781
149781
149781
149781
149781
149781
149781
149781
149781
149781
149781
149781
149781
149781
149206
149206
149206
149206
149206
149206
149206
149206
149206
149206
149206
149196
149196
149196
149022
149022
149022
149022
149022
149022
149022
148676
148676
148676
148676
148282
148282
148282
148282
148282
148282
148282
148282
148282
148282
148282
148282
148282
148282
148282
148282
148282
148282
148282
148282
147829
147829
147829
147829
147829
147829
147829
147829
147829
147829
147829
147829
147829
147829
147829
147829
147451
147451
147451
147451
147451
147451
147451
147451
147451
147451
147451
147451
147451
147451
147451
147215
147215
147215
145991
145991
145991
145991
145991
145274
145274
145274
145274
145055
145055
145055
145055
145055
145055
145055
145055
145055
145055
145055
145055
145055
145055
145055
144566
144566
144566
144566
144566
144566
144566
144566
144566
144329
144329
144329
144329
144329
144329
144329
144329
144329
144329
144329
144329
144329
144329
144329
144329
144295
144295
144295
144295
144295
144295
144295
144295
144295
144295
144295
144295
144295
144295
144295
144295
144295
144295
144295
144198
144198
144050
144050
144050
144050
144050
144050
144050
144050
144050
144050
144050
144050
144050
144050
144050
144050
144050
144050
144050
143525
143525
143525
143525
143525
143525
143525
143525
143525
143525
143525
143525
143525
143525
143259
143259
143259
143259
143259
143259
143259
143259
143259
143259
143259
143259
142825
142825
142825
142825
142825
142825
142825
142825
142825
142825
142825
142825
142825
142825
142825
142825
142825
142580
142580
142580
142580
142580
142580
142580
142580
142580
142580
142580
142580
142580
142580
142497
142497
142089
142089
142089
142089
142089
142089
142089
142089
142089
142089
142089
142089
142089
142089
142089
142089
141556
141556
141556
141556
141556
141556
141556
140892
140892
140892
140892
140892
140892
140660
140660
140660
140660
140660
140660
140660
140181
140181
140181
140181
140181
140181
140181
140181
140181
140181
140181
140181
140181
140181
139287
139287
139287
139287
139287
139287
137841
137841
137841
137841
137841
137841
137841
137841
137841
137841
137841
137841
137841
137613
137613
137613
137613
137613
137613
137613
137613
137613
137613
137613
137613
137613
137613
137613
137439
137439
137439
137019
137019
137019
137019
137019
137019
137019
137019
137019
137019
137019
137019
137019
137019
137019
137019
136962
136962
136962
136962
136245
136245
136245
136245
136245
136245
136245
136245
135427
135427
135427
135427
135427
135427
135427
135427
135427
135427
135427
135427
135427
135187
135187
135187
135187
135187
135187
135187
135187
135187
135187
135187
135187
135000
135000
135000
135000
135000
135000
135000
135000
135000
135000
135000
135000
135000
135000
135000
135000
135000
135000
130356
130356
130356
130356
130356
130356
130356
130356
129163
129163
129163
129163
129163
129163
129163
129163
129163
129163
129163
129163
129163
129163
129163
129163
128744
128650
128650
128650
128650
128650
126775
126775
126775
126775
126775
126775
126775
126244
126165
126165
126165
126165
126165
126165
126165
126165
126165
126165
126165
126165
126165
126165
126114
126114
126114
126114
126114
126114
126114
126114
126114
125535
125535
125535
125535
124854
124854
124854
124854
124854
124854
124854
124854
124854
124854
124854
124854
124854
124854
124854
124854
124854
124854
124854
124854
124757
124757
124757
124757
124757
124757
124757
124757
124757
124757
124757
124757
124502
124502
124502
124502
124502
124502
124502
124502
124502
124502
124502
124502
124502
124502
124502
124502
124502
124502
122606
122606
122606
122606
122606
122606
122606
122606
122436
122436
122436
122436
122436
122436
122436
122436
122436
122436
122436
122436
122436
122436
121223
121223
121223
121223
121223
121223
121223
121223
121223
121223
121223
121223
121223
121223
121223
121223
121223
120258
120258
120258
120258
120258
120258
120258
120258
120258
120258
120258
119566
119566
119566
119566
119566
119566
119566
119566
119566
119566
119566
119566
119566
119566
119566
119566
119566
119566
118569
118569
118569
118569
118569
118569
118569
118569
118569
118569
118569
118569
118569
118569
118569
118569
118569
118569
118569
118376
118376
118376
118376
118376
118376
118376
118376
117303
117303
117303
117303
117303
117303
117303
117303
117303
117292
117292
117292
117292
117292
117292
117292
117292
117292
116216
116216
116216
116216
116216
116216
116216
116216
116156
116156
116156
116156
116156
116156
116156
116156
116156
116156
116156
116156
116156
116156
116156
116156
116156
116156
111988
111988
111988
111988
111988
111988
111988
111988
111988
111988
111988
111988
111988
111988
110938
110938
110168
110168
110168
110168
110168
110168
110168
110168
110168
110168
110168
110052
110052
110052
110052
110052
110027
110027
110027
110027
110027
110027
110027
110027
110027
110027
110027
110027
109553
109553
109553
109553
109553
109553
109553
109553
109553
109031
109031
109031
109031
109031
109031
109031
109031
109031
108012
108012
108012
108012
108012
108012
108012
108012
108012
108012
108012
108012
108012
108012
108012
108012
108012
108012
107427
107427
107427
107066
107066
106652
106652
106652
106652
106652
106652
106652
106652
106652
106652
106652
106652
106652
106652
106652
106652
106652
106652
106652
106652
106219
106219
106219
106219
106219
106219
106219
106219
106219
106219
106219
106219
106219
106219
106219
106219
106219
105935
105935
105935
105935
105935
105935
105507
105507
105507
105507
105507
105507
105507
105507
105507
104645
104645
104341
104341
104341
102645
102645
101005
101005
101005
101005
101005
101005
101005
101005
100458
100458
100458
100458
100458
100458
99809
99809
99809
99809
99809
99809
99809
99809
99809
99809
99809
99809
99809
99387
98333
97725
97725
97725
97725
97725
97249
97249
97249
97249
97249
97249
97249
97249
97249
96271
96271
96271
96271
96271
95771
95771
95771
95771
94113
94113
94113
94113
94113
94113
94113
94113
94113
94113
94113
94113
93172
93172
93172
92686
92686
92686
92686
92686
92686
92686
92686
92686
92686
92686
92686
92686
92686
91618
91618
91618
91618
91618
91618
91618
91618
91618
91618
91618
91618
91618
91618
91618
91618
91618
91618
91618
91618
91143
91143
91143
91143
91112
91112
91112
91112
91112
91112
91112
91112
91112
91112
91112
91112
91112
90694
90694
90694
90694
90694
90694
90694
90525
90525
90525
89506
89506
89506
89506
89506
86555
86555
86555
86555
86555
86555
86555
86555
86555
86555
86555
86555
86189
86189
86189
86189
83651
83651
83651
83651
83651
83651
83651
83651
83651
83651
83651
83651
83651
83651
82535
82535
82535
82535
82535
82475
82475
82475
82475
82475
82475
82475
82475
82475
82475
82475
82475
82475
82475
82475
82475
82475
82475
81951
81951
81951
81951
81951
81951
81951
81951
81951
81951
81951
81951
81951
81951
81951
81951
81951
81951
81951
81634
81634
81634
81634
81634
81634
81140
81140
81140
81140
81140
81140
81140
81140
81140
81140
81140
81140
81140
81140
81140
81140
81140
80884
80884
80884
80884
79818
79818
79818
79818
79818
79818
79818
79818
79818
79818
79818
79818
79818
79818
79818
79818
79715
79715
79715
78717
78717
78717
78717
78717
78717
78717
78717
78717
78717
78717
78717
78717
78717
78717
78628
78628
78628
78628
78628
78628
78628
78628
78628
78628
78628
78628
78628
78628
78628
78628
78628
77936
77936
77936
77936
77936
77936
77936
77936
77936
77936
77936
77936
77936
77936
77936
77936
77936
77936
77936
77936
77045
77045
77045
77045
77045
77045
77045
77045
77045
77045
77045
77045
77045
77045
77045
77045
77045
77045
76614
76614
76614
76614
76614
76614
76614
76614
76614
76614
76614
76614
76614
76614
76139
76139
76139
76139
76139
76139
76139
76139
76139
76139
76139
76139
76139
76139
75886
75886
75886
75886
75886
75005
75005
75005
75005
75005
75005
75005
75005
75005
75005
75005
72865
72865
72865
72865
72865
72865
72865
72865
72865
72865
72865
72865
72865
72865
72865
72865
72865
72865
72865
72865
72799
72799
72799
72799
72799
72799
72799
72799
72799
72799
72799
72677
72677
72677
72677
72677
72677
72677
72677
72677
72677
72677
70959
70959
70381
70381
70381
69579
69579
69579
69579
69579
69579
69579
69579
69579
69579
69579
69156
69156
69156
69156
69156
69156
69156
69156
69156
68626
68626
68626
68626
68626
68626
68626
68626
68626
68626
68626
68626
68626
68626
68626
68626
68626
68626
68626
67882
67882
67882
67882
67882
67882
67882
67882
67882
67882
67882
67882
66884
66730
66730
66730
66730
66730
66730
66730
66730
66730
66730
66730
66730
66730
66730
66730
66730
66730
66685
66409
66409
66237
66237
66237
66237
66237
66237
66237
66237
66237
66237
66237
66237
66237
66087
66087
66087
66087
66087
66087
66087
66087
66087
66087
66087
66087
62253
62253
62253
62253
62253
62253
62253
62253
62253
62253
62253
62253
62253
62253
62253
62253
62253
62253
62253
61580
61580
61580
61580
61580
61580
61580
61580
61580
61580
61580
61580
61580
61580
61580
61580
61580
61580
61580
61580
59425
58010
58010
58010
58010
58010
58010
58010
58010
58010
58010
58010
58010
57016
57016
57016
57016
57016
57016
57016
57016
57016
57016
57016
57016
57016
57016
56396
56396
56396
56396
56396
56396
56396
56011
56011
56011
56011
56011
56011
56011
56011
56011
54521
54521
54521
54521
54521
54521
54521
54521
54521
54521
54521
54521
54521
54521
54521
54521
53628
53628
53628
53628
53628
53628
53628
53628
53628
53628
53499
53499
53499
53499
53499
53499
53499
53499
53499
53499
53499
53499
53499
49874
49874
49874
49874
49874
49874
49874
49874
49874
49874
49874
49874
49673
49673
49673
49673
49197
49197
49197
49197
48850
48850
48850
48850
48850
48850
48850
48850
48850
48850
48850
48850
48850
48850
48850
48850
48850
48850
47462
47462
47462
47462
47462
47462
47462
47462
47462
47203
47203
47203
47203
47203
47203
47203
47203
47203
47203
47203
47203
46373
46373
46373
46373
46373
46373
46373
46373
45853
45853
45853
45853
45853
45853
45853
45853
45853
45853
45853
45853
45853
45853
45853
45853
45502
45502
45502
45502
45502
45502
45502
45502
45502
45502
45502
45317
45317
45317
45317
45317
45317
45317
44925
44925
43781
43781
43781
43781
43781
43781
43781
43781
43781
43781
43781
43781
43781
43781
43781
43781
43781
43781
42741
42741
42741
42741
42622
42622
42622
42622
42622
42622
42574
42574
42574
42574
42574
42574
42574
42574
42574
42574
42574
42574
42574
42574
42574
42574
42574
42574
42405
42405
42405
42405
42405
42405
42405
42405
42405
42405
41454
41454
41454
41454
41454
41454
41454
41454
41454
41454
41454
41454
41454
41454
41454
40255
40255
40255
40255
40255
40255
40255
40255
40255
40255
40255
40255
40255
40255
39988
39988
39988
39988
39988
39988
39988
39988
39988
39988
39988
39988
39988
39988
39593
39593
39593
39593
39593
39593
39593
39593
39593
39541
39541
39541
39541
39541
39541
39541
39541
39541
39541
39541
39541
39541
39541
39541
39541
39541
39541
38483
38483
38483
38483
38483
38483
38483
38483
38483
38483
38483
38483
38483
38483
38483
37835
37835
37835
37835
37835
37835
37835
37835
37835
37835
37835
37835
37835
37835
37835
37835
37835
37835
37835
37835
37506
37506
37506
37506
37506
37506
37506
37506
37506
37506
37506
37506
37506
37506
37506
37506
37506
37506
37506
37354
37354
37354
37354
37354
37354
37354
37354
36141
36090
36090
36090
36090
36090
36090
36090
36090
36090
36090
36090
36090
36090
36090
36090
36090
36090
36090
35679
35679
35679
35679
35679
35679
35679
35679
35679
35679
35679
35679
35679
35679
35531
35531
35531
35531
35531
35531
35531
35531
35531
35531
35531
35531
35531
35531
35531
35531
35531
35531
35531
35531
35292
35292
35292
35292
35292
35292
35292
35292
35292
35042
35042
35042
35042
35042
35042
35042
35042
35042
35042
35042
35042
35042
35042
35042
35042
33699
33699
33699
33699
33699
33699
33134
33134
33134
33134
33134
33134
33134
33134
33134
33134
33134
33134
33134
33134
33091
33091
33091
33091
33091
33091
33091
33091
33091
33091
33091
33091
33091
32532
32532
32532
32532
32532
32532
32532
32532
32532
32532
32532
32532
32532
32532
32532
32532
32532
32532
32505
32505
32505
32505
32505
32505
32505
32505
32505
32505
32505
32505
31691
31691
31691
31691
31691
31691
31691
31691
31691
31691
31691
31691
31691
31691
31691
31691
31691
30856
30856
30856
30856
30856
30856
30856
30856
30856
30856
30856
30856
30798
29550
29550
29550
29550
29550
29550
29550
29550
29550
29550
29550
28266
28266
28266
28266
28253
28253
28253
28253
28253
26418
26418
26418
26418
26418
26418
26418
26418
26418
26418
26418
26198
26198
26198
26198
26198
26198
26198
26198
26198
26198
25930
25930
25930
25930
25930
25930
25930
25930
25930
25930
25930
25930
25930
25930
25930
25930
25930
25930
25930
25930
25673
25476
25476
25476
25476
25476
25476
24507
24507
24507
24507
24507
24507
24507
24507
24507
24507
24155
24155
24155
24155
24155
24155
24155
24155
24155
24155
24155
24155
24155
24155
24155
24155
24155
24155
24155
23999
23999
23999
23999
23999
23999
22464
22194
22194
22194
22194
22194
22194
21330
21330
21330
21330
21330
21330
21330
21330
21330
21330
20349
20349
20349
20349
20349
20349
20349
20349
20349
20349
20349
20349
20099
20099
20099
20099
18502
18502
18502
18502
18502
18502
18502
18502
18502
18502
18287
18287
18287
18287
18287
18287
18287
18287
17595
17595
17595
17595
17595
17595
17595
17595
17595
17595
17595
17595
17595
17595
17595
17595
17595
17595
17595
17315
17315
17315
17315
17315
17315
16087
16087
16087
16087
16087
16087
15953
15953
15953
15953
15953
15953
15953
15953
15953
15953
15953
15953
15953
15953
15953
15953
15923
15923
15923
15923
15923
15923
15923
15923
15923
15923
15923
15923
15435
15435
15435
15435
15435
15435
15435
15435
15435
15435
13542
13542
13438
13438
13438
13438
13438
13438
13438
12264
12264
12264
12264
12264
12264
12264
12264
12264
12264
12264
12264
12264
12264
12264
12264
12264
12264
12177
12177
12177
12177
12177
12177
12177
12177
12177
12177
12177
12177
12177
12177
11748
11748
11748
11539
11539
11539
11539
11539
11539
11539
11539
11539
11539
11539
11539
10517
9967
9967
9967
9967
9967
9967
9956
9956
9956
9956
9956
9956
9956
9956
8502
8502
8502
8502
8502
8502
8502
8502
7676
7676
7676
7676
7676
7676
7676
7676
7676
7375
7375
7375
7375
7375
7375
7375
7375
7375
7375
6466
6466
6466
6466
6466
6466
6466
6466
6466
6466
6466
6466
6466
6466
6466
6466
5151
5151
5151
5151
5151
5151
5151
5151
5151
5151
5151
5151
5151
5151
5151
5151
5151
4042
4042
4042
4042
4042
4042
4042
4042
4042
4042
4042
4042
4042
