2551
500000
333229
333229
333229
333229
333229
333229
333229
333229
333229
333229
333229
333229
332021
332021
332021
332021
332021
332021
332021
327639
327639
327639
327639
327639
327639
327639
327639
327639
327639
327639
327639
327639
327639
325465
325465
323982
323982
323982
321950
321950
321950
321950
321950
321950
321950
321674
321674
321674
321674
321674
321674
321674
321674
321674
321674
321674
320631
320631
316794
316794
316794
316794
316794
316794
316794
316794
315225
315225
315225
315225
315225
315225
315225
315099
315099
315099
315099
315099
315099
315099
315099
315099
315099
315099
315099
315099
315099
315099
315099
314387
314387
314387
314387
314387
314387
314387
313546
313546
313546
313546
313546
313546
313546
313546
313546
313546
313546
312753
312753
312753
312753
312753
312753
312753
312753
312753
312753
312753
312753
312753
312753
312753
312753
311542
311542
311542
311542
311542
311542
311542
311542
311542
311542
311211
311211
311211
311211
311211
311211
311211
311211
311211
311211
311211
311211
311211
311211
310451
310451
310451
310451
310451
310451
310451
310451
310451
310451
310451
310451
310451
310451
310451
310451
310451
310451
309783
309783
309783
309783
309783
309783
309783
309783
309783
309783
309783
309774
309774
309774
309774
309774
309774
309774
309774
309774
309774
309774
309774
309774
309774
309774
309774
309774
308607
308607
308607
308607
308607
308607
308607
308607
307251
307251
307251
307251
307251
307251
307251
307251
304772
304772
304772
304772
304772
304772
304772
304772
304772
304696
304696
304696
304696
304696
303680
303680
303680
303680
303680
303680
303680
303680
303680
303680
303680
303680
303680
303680
303680
303680
303680
303680
302977
302977
302977
302977
302977
302977
302977
302977
302977
302977
302977
302977
302977
302977
302977
302977
302977
302977
300751
300751
300751
300751
300751
300751
300751
299180
299180
299180
299180
299180
299180
298786
298786
298786
298786
298786
298786
298326
298326
298326
298326
298326
298326
298326
298326
298326
298326
298326
298326
298326
298326
298326
297853
297853
297853
297853
297853
297853
297853
297853
297853
297853
297425
297425
294935
294935
294935
294935
294935
294935
294935
294935
294935
294935
294935
294935
294935
294935
294935
294935
294935
293578
293578
293578
293578
293578
293578
293578
293578
293578
293578
293578
293578
293578
293578
293578
293578
292997
292997
292997
292997
292997
292997
292997
292997
292366
292366
292366
292366
292366
292366
292366
292366
292366
289879
289879
289879
289879
289879
289879
289879
289879
289879
289879
289879
289879
289879
289879
289267
289267
289267
289267
289267
289267
289267
289267
289267
289134
289134
289134
289134
289134
289134
287001
287001
287001
287001
287001
287001
287001
287001
287001
285789
285789
285789
285789
285789
285789
285789
285789
284935
284935
284935
284935
284935
284935
284567
284567
284567
284567
284567
284567
284567
284567
284567
284567
282509
282509
282509
282509
282509
282509
282509
282399
282399
281337
281337
281337
281337
281337
281337
281337
281337
281337
281337
281337
281337
279893
279893
279893
279893
279893
276040
276040
276040
276040
276040
276040
276040
276040
276040
276040
276040
276040
276040
276040
275478
275478
275478
275478
275478
275478
275478
275478
275478
275478
275478
275478
275478
275478
275478
275478
274548
274548
274548
274548
274548
274548
274548
274548
274548
274548
274548
274548
274225
274225
274225
274225
274225
274225
273650
273650
273650
273650
273650
273650
273650
273650
273650
273650
273650
273650
273650
273650
273650
273650
273321
273321
273321
273321
272517
272517
272517
272517
272517
272517
272517
272517
272517
272517
272517
272192
272192
272192
272192
272192
272192
272192
272192
272192
272192
272192
272192
272192
272192
272192
272192
272192
272192
272192
270825
270825
270825
270825
270825
270825
270825
270825
270213
270213
270213
270213
270213
270213
270213
270213
270213
270213
270213
270213
270213
270213
270213
270213
270213
269478
269478
269478
269478
269478
269478
269478
269478
269478
269478
269478
269478
269478
269478
269478
269478
269478
268349
268349
268349
268349
268349
268349
268349
268349
268349
268349
268349
268349
268349
268349
268349
268349
268152
268152
268152
268152
268152
268152
268152
268152
268152
268152
268152
267540
267540
267540
265622
265622
265589
265589
265589
265589
265589
265589
265589
265589
264701
264701
264701
264701
264701
264701
264701
264701
264701
264701
264701
264701
264701
260854
260854
260854
260854
260854
260854
260854
260854
260854
260854
260854
260854
260854
260854
260854
260230
260230
260230
259085
259085
259085
259085
259085
259085
259085
259085
259085
253889
253889
253889
253889
253889
253889
253889
253889
253385
253385
253385
253385
253385
253385
253385
253385
253385
253385
253385
253385
253385
253385
253385
250757
250757
250757
250757
250757
250757
250757
250757
250757
250757
250757
250757
250757
250757
250746
247976
247976
247976
243105
243105
243105
243105
243105
243105
243105
243105
243105
239116
239116
239116
239116
239116
239116
239116
239116
239116
239116
239116
239116
239116
239116
237424
236326
235886
235886
235886
235886
235886
235886
235886
235886
235886
235886
235886
235886
235886
235886
235886
233041
233041
233041
231610
231610
231530
231530
231530
231530
231530
231530
231530
231530
231530
231530
231530
231530
231530
231530
231530
231530
231530
231530
231530
228922
228922
228922
228922
228922
228922
228922
228922
228922
228922
228922
228922
228922
228922
228922
228922
228922
228922
228652
228652
228652
228652
227746
227746
227746
227746
227746
227746
227746
227746
227746
227746
227746
227746
227746
227746
227746
227746
227746
227746
226994
226994
226994
226994
226994
226994
226994
226994
226994
226994
226994
225951
225951
225951
225951
225951
225951
225951
225951
225951
225951
225914
225914
225914
225914
225914
225914
225914
225336
225336
225336
225336
225336
225336
225315
225315
225315
225315
225315
225315
225315
225315
225315
224804
224804
224804
224804
224804
224804
224804
224804
224804
224804
224804
224804
224804
224804
224804
224804
224804
224804
224804
223667
223667
223667
223667
223667
223667
223667
223667
223667
223667
223667
223667
223667
223667
223667
223667
223667
223667
223667
221489
221062
221062
221062
221062
221062
221062
221062
221062
221062
220546
220546
220546
220546
220546
220546
219923
219923
219923
219923
219923
219923
219923
219923
219923
219923
219923
217375
217375
217375
217375
217375
217375
217375
217375
217375
217375
217375
217375
215741
215741
215741
215741
215741
215741
215741
215741
215741
215741
215741
215741
215741
215741
215741
215741
215741
215741
215741
215741
214811
214811
214811
214811
214811
214811
214811
214811
214811
214811
214811
214811
213525
213525
213525
213525
213525
213502
213502
213502
213502
213502
213502
213502
213502
210827
210827
210827
210827
210827
210827
210827
207740
205582
205582
205582
205582
205582
205582
205582
205582
205175
205175
205175
205175
205175
205175
205175
205175
205175
205175
205175
205175
205175
205175
205002
205002
205002
205002
205002
205002
205002
205002
205002
205002
205002
205002
205002
205002
205002
205002
205002
205002
205002
203954
203954
203954
203954
203954
203954
203954
203954
203954
203954
203954
203954
203954
203954
203954
203954
203954
203954
203954
203171
203171
203171
203171
203171
203171
203171
203171
203171
203171
203171
203171
203171
203171
199679
199679
199679
199679
199679
199679
199679
199679
199679
199679
199679
199679
199679
199679
199679
199546
199546
199546
199546
199546
199546
199546
195838
194362
194362
194362
194362
194362
194362
194362
194362
194362
194362
194362
194362
194362
194362
194362
194362
194362
194362
194362
194362
190327
185894
185894
185894
185894
185894
185894
185894
185894
185894
185894
185894
185894
185894
185894
185894
185894
185894
185894
185894
185575
185575
185575
185575
185575
185575
185575
185575
185575
185575
185575
185575
185575
185575
185575
185575
184479
179332
175616
175616
175616
175616
175616
172198
172198
172198
172198
172198
172198
172198
172198
172198
172198
172198
172198
172198
172198
172198
172198
172198
171599
171599
171599
171599
171599
171599
171191
171191
171191
170944
170944
170944
170944
170944
170944
170944
170944
170944
170944
170944
170944
170944
170944
170944
170944
169527
169527
169527
169527
169527
169527
169527
169527
169527
169527
169527
169527
167336
167336
167336
167336
167336
167336
167336
167336
167336
167336
167336
165884
165884
165884
165884
165884
165884
165884
165884
165884
164781
164781
164781
164781
164781
164781
164781
164781
162275
162275
162275
162275
162275
162275
162275
162275
162275
162275
162275
162275
162275
162275
161184
161184
161184
161184
161184
161184
161184
161184
161184
161184
161184
161184
161184
161184
161184
161184
161184
161184
161184
160541
160541
160541
160541
160541
160541
160541
160541
160541
160541
160541
160541
160541
160541
160541
160541
160541
160541
160208
160208
159594
159594
159594
159594
159594
159594
159594
159594
159594
159205
159205
159205
159205
159205
158095
158095
158095
158095
158095
158095
158095
158095
158095
158095
158032
156581
156581
156581
156581
156581
156581
156581
155419
155419
155419
155419
155419
155419
155419
155419
155419
155419
155419
155419
155419
154389
154389
154389
154389
154389
153321
153321
153321
153321
153321
151244
151244
151244
151244
151244
151244
151244
151244
151244
151244
151244
151244
151244
151244
151244
147780
147780
147780
141141
141141
141141
141141
141141
141141
141141
141141
141141
141141
141141
141141
141141
141141
141141
141141
139624
139624
139624
139624
139624
139624
139624
139624
139624
139624
139624
139624
139624
139624
139624
139624
139624
139624
139168
139168
139168
139168
139168
139168
139168
139168
137955
137955
137955
137955
137955
137955
137955
137955
137955
137955
137955
137955
136491
136491
136491
136491
136491
136491
136491
136491
136209
136209
135926
135926
135926
135926
135926
135926
135926
132849
132849
132849
132849
132849
132849
132849
132849
130029
130029
130029
130029
130029
128265
128265
128265
128265
128265
128265
127387
127387
127387
127387
127387
127387
127387
127387
125637
125637
125637
125637
125637
125637
125637
125637
125637
125637
125637
125637
125637
125637
125637
125637
125637
125637
125637
125637
123822
123822
123822
123822
123822
123822
123822
120024
120024
120024
120024
120024
120024
120024
120024
120024
120024
120024
119651
119651
119651
119651
119651
119651
119651
119651
119651
118151
118151
118151
118151
118151
118151
118151
118151
118151
118151
118151
118151
118151
118151
118151
118151
118097
118097
118097
118097
118097
118097
118097
118097
118097
118097
115608
115608
115608
115608
115608
115608
115608
115608
115608
115608
115608
115608
115608
115608
115608
115608
115608
115608
115608
113114
113114
113114
113114
112668
112668
112668
112668
112668
112668
112668
112668
112668
112668
112668
112668
112668
111798
111798
111798
111798
111798
111798
111798
111798
111798
111798
111798
111798
111798
111798
111798
111798
111798
111798
109812
109812
109169
108988
108988
108988
108988
108988
108988
108988
108988
108988
108988
108988
108988
108988
108988
108988
108988
108460
108460
108460
108460
108460
108460
108460
108460
108460
108460
108460
108423
106273
106273
106273
106273
106273
100998
100998
100998
100998
100998
100998
100998
100998
100998
100998
100998
100998
100998
100998
100998
100998
100998
99240
99240
99240
99240
99240
99240
99240
97671
97021
97021
97021
97021
97021
97021
97021
97021
97021
97021
97021
97021
97021
97021
97021
97021
97021
97021
97021
97021
95878
95878
95878
95878
95878
95878
95878
95878
95878
95460
95460
95460
95460
95460
95460
95460
95460
95460
95460
95460
95460
95460
95460
95460
95460
95460
95460
95460
95460
94389
94389
94389
94389
94389
94389
94389
94389
94389
94389
94389
94389
94389
94389
94389
94389
94389
94389
94389
94320
94320
94320
94320
94319
94319
94319
94319
94319
94319
94319
94319
94319
94319
94319
94319
93189
93189
93189
93189
93189
93189
92734
92734
92734
92734
92734
92734
91504
91504
91504
91504
91504
91504
91504
90272
90272
90272
90272
90272
90272
90272
90272
90272
90272
90272
90272
88726
88726
88726
88726
88726
88726
88726
86793
86793
86793
86793
86362
86362
86362
86362
86362
86362
86362
86362
86362
86362
86362
86362
85503
85503
85503
85503
85503
85503
85503
85503
85503
84677
84677
84677
84587
84587
84587
84587
84587
84587
84587
84587
84587
84587
84587
84587
84587
84587
84587
84587
84587
82067
82067
82067
82067
82067
82067
82067
82067
82067
79398
79398
79398
79398
79398
79398
79398
79398
79398
79398
79398
79398
79398
79251
79251
79251
79251
79251
79096
79096
79096
79096
79096
79096
79096
79096
79096
79096
79096
79096
78305
78305
78305
78305
78305
78305
78305
78305
78305
78305
78305
78305
78305
78305
78305
78305
78305
78185
78185
78185
78185
78185
78185
78185
78185
78185
78185
78185
78185
78185
78185
78185
78185
78185
78185
78185
78185
78113
78113
74885
74885
74885
74885
74885
74885
74885
74885
74885
74885
74885
74885
74885
74885
74885
74885
74885
74885
74885
74447
74447
72959
72959
72959
72959
72959
72959
72959
72959
72959
72959
72959
72959
72959
72959
71048
70274
70274
70274
70274
70274
70274
70274
70274
70274
70274
70274
70274
70274
70274
70274
70274
69357
69357
69357
69357
69357
69357
69357
69357
69357
69357
69357
69357
69357
69357
69357
69357
69357
69357
68691
68691
68691
68691
68691
68691
68691
67333
67333
67333
67333
67333
67333
67333
67333
67333
67333
67333
67333
67333
67333
67333
67333
67005
67005
66536
66536
66536
66536
66536
66337
66337
66337
66337
66337
66337
66337
66337
66337
66337
66337
66337
66337
66337
66337
66337
66337
66337
65673
65673
65673
65673
65673
65673
65673
65673
65673
65534
65534
65534
65534
65534
65534
65534
65534
65273
65273
65273
65273
65273
65273
65273
65273
65273
65273
65273
65273
65273
65273
65273
65273
65273
64248
64248
64248
64248
64248
64248
58898
58898
58898
58898
58898
58898
58898
58898
58898
58898
58898
58898
58898
58898
58886
58886
58886
58886
58886
58886
58886
58886
58886
58886
58886
58886
58886
58886
58886
58886
58802
58802
58802
58802
58802
58802
58802
58802
58802
58802
58802
58802
58802
58802
58802
58802
58802
58802
58541
58541
58541
58541
58541
58541
58541
58541
58541
58541
58541
56980
56980
56980
56980
56980
55446
55446
55446
55446
55446
55446
55446
55446
55446
55446
55446
55446
55446
55446
55446
55256
55256
55256
55256
55256
55256
55256
55256
55256
55256
55256
55256
55256
55256
55256
55256
55256
55256
55256
53898
53898
53898
53898
53898
53898
53898
52858
52858
52858
52858
52858
52858
51357
51357
51357
51298
51298
51298
51298
51298
51298
51298
51298
51298
51298
51298
51298
51298
51298
51298
51298
51298
51298
51298
51202
51202
51202
51202
51202
51202
51202
51202
51202
51202
49981
49981
49981
49981
49981
49981
49981
49981
49981
49981
49981
49981
49981
49981
49981
49981
49981
49981
49981
49981
41977
41977
41977
41977
41977
41977
41977
41977
41977
41977
41977
41977
41977
41711
41711
41711
41711
41711
41711
41711
41711
41711
41280
41280
41280
41280
41280
41280
41280
41280
41280
41280
41280
41280
39674
39674
39674
39674
39674
39674
39674
39674
39674
39674
39674
39674
39674
39674
39674
39674
39674
39674
38528
37763
37763
37763
37763
37763
37763
37763
37763
37763
37763
37401
37401
37401
37401
37401
37401
37401
37401
36792
36792
36792
36792
36792
36792
36792
36792
36792
36792
36792
36792
36792
36403
36403
36403
36403
36403
36403
36403
36403
36403
36403
36403
36403
36403
36403
36403
34380
34380
34380
34380
34380
34380
34380
34380
34380
34380
34380
34380
34380
34380
34380
34380
34369
34369
34369
34369
34369
34369
34369
34369
34369
34369
34369
34369
34369
34369
34369
34369
34369
34369
34369
34369
31916
31916
31765
31765
31765
31765
31765
31765
31765
31765
31765
31765
31765
30734
30734
30734
30734
30734
30734
30734
30734
30734
30672
30672
30672
30672
30672
28910
28910
28910
28910
28910
28910
28910
28910
28910
28910
28910
28910
28910
28910
26387
26387
26387
26387
26387
26387
26387
26387
26387
26387
26387
26387
26387
26387
26387
26387
26387
26387
24185
24185
24185
24185
24185
24185
24185
24185
24185
24185
24185
24185
24185
24185
24185
24185
20554
20554
20554
20554
20554
20554
20554
20554
20554
20554
20554
20554
20458
20458
20458
20458
20458
20458
20458
20458
20458
20458
20458
20458
20458
20458
20458
20458
20458
20458
20458
20266
20266
20266
20266
20266
20266
20266
20266
20266
20266
19644
19644
19644
19644
19644
17394
17394
17394
17394
17394
17394
17394
17394
17394
17394
17394
17394
17394
17394
17394
17394
17394
15561
15561
15561
15561
15561
15561
15561
15561
15561
15561
15561
15561
15561
15561
15561
15561
13973
13973
13973
13973
13973
13973
13973
13973
13973
13973
13973
13973
13973
13882
11018
11018
11018
11018
10360
10360
10360
7441
7441
7441
7441
5528
5528
5528
5528
5528
5528
5528
5528
5528
5528
5528
5528
5528
5528
4801
4801
4801
4801
4801
4801
4801
4801
4801
4801
4679
4679
4679
4679
4679
4679
4679
4679
4679
4679
4679
4679
