5302
500000
333245
333245
333245
333245
332236
332236
332236
332223
332223
332223
332223
332223
332223
332223
332055
332055
332055
332055
332055
332055
332055
332055
332055
332055
331691
331691
331691
331691
331691
331691
331691
331691
331691
331691
331691
330610
330610
330610
330610
330610
330610
330610
330610
330610
330610
330610
330610
330610
330610
330610
330610
330610
330610
330315
330315
330315
330315
330315
330315
330315
330315
330315
330315
330315
330315
330315
330315
329997
329997
329997
329997
329997
329997
329997
329997
329997
329997
329997
329997
329997
329939
329939
329558
329558
329558
329558
329558
329558
329558
329558
329558
329558
329558
329499
329499
329499
329499
329499
329499
329461
329461
329461
329461
329461
329461
329461
329461
329461
329461
329461
329461
329461
329258
329258
329258
329258
329258
329258
329258
329258
329258
329258
329258
329258
329258
329258
329258
329258
329258
329258
329258
329258
327860
327860
327860
327860
327860
327860
327860
327860
327860
327860
327860
327860
327860
327860
327578
327578
327578
327578
327578
327578
327578
327578
327578
327578
327578
327578
327578
327578
327578
327578
327578
327578
327176
327176
327176
327176
327176
327176
327176
327176
327176
327176
327176
327176
327176
326415
326415
326415
326415
326415
326415
326415
326415
326415
326415
324106
324106
324106
324106
324106
324106
324106
324106
324106
324106
324106
324106
324106
324106
324106
324106
324106
324106
324106
324039
324039
324039
324039
324039
324039
324006
324006
324006
324006
324006
324006
324006
324006
324006
324006
324006
324006
324006
324006
324006
323739
323739
323739
323739
323739
323739
323739
323739
323739
323739
323739
323739
323739
323739
323739
323739
323433
323433
323282
323282
323282
323282
323282
323282
323282
323282
323282
323282
323282
323282
323282
323282
323282
323282
323282
323282
323282
322239
322239
322239
322239
321873
321873
321873
321873
321873
321873
321873
321873
321873
321873
321873
321873
321873
321873
321873
321873
321873
321873
321873
321653
321653
321653
321653
321653
321653
321653
321653
321653
321653
321653
321653
321653
321653
321653
321653
321653
321653
321653
321048
321048
321048
321048
321048
321048
321048
321048
321048
321048
321048
321048
321048
321048
321048
321048
321048
321048
321048
320685
320685
320685
320685
319742
319742
318982
318982
318982
318982
318982
318982
318982
318982
317189
317189
317189
316137
316137
316137
316137
316137
316137
316137
316137
316137
316137
316063
316063
316063
316063
316063
316033
316033
316033
316033
316033
316033
316033
315850
315850
315850
315850
315850
315850
315850
315850
315850
315850
315850
315850
315850
315850
315850
315850
315850
315797
315797
315797
315797
315797
315797
315797
315797
313738
313738
313738
313738
313738
313738
313738
313503
313503
313503
313503
313503
313503
313503
313503
313503
313503
313503
313503
313348
313348
313348
313348
313348
313348
313348
313348
313301
313301
313301
313301
313301
313301
313301
313301
313301
313301
313301
313301
313301
312200
312200
312200
312200
312200
312200
312200
312200
312200
311199
311199
311199
311199
311199
311199
311199
311199
311199
311199
311199
311199
311199
311199
311199
311199
311199
311199
311162
311162
311162
311162
311162
311162
311162
311162
311162
311162
311162
310276
310276
310276
310276
308620
308620
308620
308620
308620
308620
308620
308620
308620
308620
308620
308620
308620
308620
308620
307386
307386
307386
307386
307104
307104
307104
307104
307104
307104
307069
307069
307069
307069
307069
307069
307069
307069
307069
307069
307069
307069
307069
307069
305767
305767
305767
305767
305767
305767
305767
305767
305767
305732
305732
305732
305732
305732
305732
305732
305732
305732
305732
305732
305732
305732
305732
305732
305732
305732
304230
304230
304230
304230
304230
304230
304230
304230
304230
304230
304202
304202
304202
304202
304202
304202
304202
304202
304202
304202
304202
304202
304202
304202
304202
304202
304202
304202
304202
304202
302816
302816
302816
302816
302816
302816
302816
302816
300350
300350
300350
300350
300350
300350
300350
300350
300350
300350
300292
300292
300292
300292
300292
300292
300292
300292
300292
300292
300292
300292
300292
300292
300292
300292
300292
300292
300026
300026
300026
300026
300026
298326
298090
297921
297921
297921
297921
297921
297921
297921
297921
297921
297652
297652
297652
297652
297652
297652
297652
297652
297652
297652
297652
297253
297253
297253
297253
297253
297253
297253
297253
297253
297253
297253
297253
297253
295475
295475
295475
295475
295475
295475
295475
295475
295475
295475
295475
295475
295475
295475
295253
295253
295253
295253
295253
295253
295253
295253
295253
294693
294693
294693
294693
294693
294693
294693
294483
294483
294483
294483
294483
294483
294483
294483
294483
294483
294483
294483
294483
294483
294483
294311
294311
294311
293350
293350
293350
293350
293350
293350
293350
293350
293350
293350
293350
293350
293350
293350
293350
293350
293238
293238
293238
293238
293238
293238
293238
293238
293238
293238
293238
293174
293144
293144
293144
293144
293144
293144
293144
292838
292838
292838
292838
292838
292838
292838
292838
292838
292769
292769
292769
292769
292769
292769
292769
292769
292769
292769
292769
292769
292769
292769
292769
292769
292769
292769
292359
292359
292359
292359
292359
292359
292359
292359
291507
291507
291507
291507
291507
291507
291507
291507
291507
291507
291507
291507
291507
291507
291507
291507
289910
289910
289021
289021
289021
289021
288201
288201
288201
288201
288201
288201
288201
288201
288201
288201
288201
288201
287604
287604
287604
287604
287604
287604
287604
287268
287268
287268
287268
287268
287268
287268
287268
287268
287268
287268
287268
287268
287268
286808
285531
285531
285531
285531
285531
285531
285531
285531
285531
285531
285531
284324
284324
284324
284324
284324
284324
284324
284324
284324
284324
283968
283968
283968
283968
283968
283968
283968
283968
283968
283968
283968
283968
283968
283968
283968
283968
283968
283968
283968
283968
283817
283817
283817
283817
283817
283817
283817
283817
283118
283118
283118
283118
283118
283118
283118
283118
283118
283118
283118
283118
283118
283118
283118
283118
283118
282183
282183
282183
282183
282183
282183
282183
282183
279694
279694
279694
279694
279694
279694
279694
279694
279694
279231
279231
279231
279231
279231
279231
279231
279231
279231
279231
279231
279095
279095
279095
279095
279095
279095
279095
279095
278667
278667
278667
278667
278667
278667
278667
278667
278667
278667
278667
278667
278667
278667
278667
278667
277925
277925
277925
277925
277925
277925
277925
277925
277925
277925
277925
277925
277436
277436
277436
277436
277436
277436
277436
277436
276500
276500
276500
276500
276500
276500
276500
276500
276500
276500
276500
276500
275569
275569
275569
275569
275569
275569
274338
274338
274338
274338
274338
274338
274338
274338
274338
274338
274338
274338
274338
274338
274338
274338
274338
274338
273612
273612
273612
273612
273612
273612
273466
273466
273466
273466
273466
273466
273466
273466
273466
273466
273466
273466
273466
273466
273466
273466
273466
273466
273466
273034
273034
273034
273034
273034
273034
273034
272914
272914
272914
272914
272914
272914
272914
272914
272914
272914
272914
272914
272914
272914
272914
272914
272914
272914
272914
272914
272342
272342
272342
272342
272342
272342
272342
272342
272342
272342
272342
272342
272342
272342
272159
272159
272159
272159
272159
272159
272159
272159
272159
272159
272159
272159
272159
272027
271021
271021
271021
271021
271021
271021
271021
271021
271021
271021
271021
271021
271021
271021
271021
271021
271021
271021
271021
270220
270220
270220
270220
270220
270220
270220
270220
270220
270220
270220
270220
270220
270220
270220
270220
268274
268274
268274
268274
268274
268274
268274
268274
268274
268274
268274
268274
268274
268274
268274
268274
268274
268274
268274
268010
268010
268010
268010
268010
267659
267659
267659
267659
267659
267659
267659
267659
267659
267659
267659
267659
267659
267659
267659
267659
267659
266961
266961
266961
266961
266961
266961
266961
266961
266961
266961
266961
266961
266961
266961
266961
266961
266961
266961
266961
264767
264767
264767
264767
264767
264767
263477
263477
263477
263477
263477
263477
263477
263477
263477
263477
263477
263477
263477
263477
262787
262787
262787
262787
262787
262787
262787
262787
262787
262787
262787
262787
262787
262787
262787
262058
262058
262058
262058
262058
262058
262058
262058
262058
262058
262058
262058
262058
262058
262058
262058
262058
262058
262058
261905
261905
261905
261905
261905
261905
261905
261905
261905
261905
261669
261669
261669
261669
261346
261346
261346
261346
261346
261346
261346
261346
261303
261303
261303
261303
261303
261303
261303
261303
261303
261303
261303
261303
261303
261303
261303
261303
261303
261303
261238
261238
261238
261151
261151
261151
261151
261151
261151
261151
261151
261151
261151
261151
261151
261151
261151
259860
259860
259860
259860
259860
259860
259860
259860
259860
259860
259860
259860
259860
259860
259860
259860
259860
259860
259860
259319
259319
259319
259319
259319
259319
259319
259319
259319
259319
259319
259319
259319
259319
259319
259319
259118
259118
259118
259118
259118
259118
259118
259118
259118
259004
259004
259004
259004
259004
259004
259004
259004
259004
259004
259004
258862
258862
258862
258862
258862
258862
258862
258862
258862
258862
258862
258862
258488
258488
258488
258488
258488
258488
258488
258488
258488
258488
258488
258488
258488
258488
258488
258488
258488
258450
258450
258450
258450
258450
258450
258450
258450
258450
258450
258450
258417
258417
258417
258417
255845
255845
255845
255845
255845
255845
255845
255845
255845
255845
255845
255845
255845
255845
255845
255845
255845
255643
255643
255643
255643
255643
255643
255643
255643
255643
255643
255643
255643
255643
255643
255643
255643
255643
255643
255643
255643
255531
255531
255531
255531
255531
255531
255531
255531
255531
255531
255531
255531
255531
255531
255531
255531
255531
255531
255531
255070
255070
255070
255070
255070
255070
255070
255070
255070
255070
255070
255070
253519
253519
253519
253519
251613
251613
251613
251341
251341
251341
251341
251341
251243
251243
251165
251165
251165
251165
251165
251165
251165
251165
251165
251165
251165
251165
251165
251165
250644
250644
250644
250644
250644
250644
250644
250644
250644
250644
250644
250644
250644
250644
250644
250644
249875
249875
249875
249875
249875
249875
248826
248826
248826
248826
248826
248826
248826
248826
248564
248564
248564
248564
248564
248564
248564
248564
248564
248108
248108
248108
248108
248108
248108
248073
248073
248073
248073
248073
248073
248073
248073
248073
248073
248073
248073
248073
248073
248073
248073
248073
248073
248073
247997
247997
247997
247997
247997
247997
247997
247997
247997
247997
247997
247997
247997
247997
247997
247997
247997
247997
245412
245412
245412
245273
245273
245273
245273
245273
245273
245273
245273
245273
245273
244936
242258
242258
242258
242258
242258
242258
242258
242258
242258
242258
242258
242258
242258
242258
242258
242258
242258
242258
241677
241677
241677
241677
241677
241677
241677
241677
241677
241677
241677
241677
241677
241677
241677
240780
240780
240780
240780
240780
240780
240780
240780
240780
240780
240617
240617
240617
240617
240617
240617
240617
240617
240617
240617
240617
240617
240617
240617
240617
240617
240617
240617
239238
239238
239238
239238
239238
239238
239238
239238
239238
239238
239238
239238
239238
239238
239238
239238
239238
239202
239202
239202
239202
239202
239202
239202
239202
239202
239202
239202
239202
239202
239202
239202
239202
239202
239202
239202
239202
239113
239113
239113
239113
239113
239113
238591
238591
238591
238591
238591
238322
238322
238322
238322
238322
238322
238322
238322
238262
238262
238262
238262
238262
238262
238262
238262
238262
236515
236515
236515
236515
236515
236515
236511
236511
236511
236511
236511
236511
236511
236511
236511
236511
236511
236511
236511
236511
236511
236511
236511
236511
236511
236511
236336
236336
236336
236336
236336
236336
236336
236336
235756
235756
235756
235756
235756
235756
235756
235756
235756
233712
233712
233712
233712
233712
233712
233712
233712
233712
233712
233712
233712
233712
233712
233712
233712
233712
233712
233410
232899
232631
232631
232631
232631
232631
232631
232631
232631
232631
232631
232631
232631
232631
232631
232631
232631
231089
231089
231089
231089
230061
230061
230061
230061
230061
230061
230061
230061
230061
230061
229702
229702
229702
229702
229702
229702
229702
229702
229702
228688
228688
228688
228688
228688
228688
228688
228688
228688
228688
228688
228688
228688
228688
228688
228688
228688
228688
227628
227628
227628
227628
227628
227628
227628
227628
227628
227628
227628
227628
227628
227628
227628
227628
227628
227628
227628
225361
225361
225361
224223
224223
224223
224223
224223
224223
224223
224223
224223
224223
224223
224223
224223
224161
224161
224161
224161
224161
224161
223729
223729
223729
223729
223729
223729
223729
223729
223729
223729
223729
223729
223729
223729
223729
223729
223729
222824
222824
222824
222824
222824
222824
222824
222824
222824
222824
222824
222824
222824
222824
222824
222824
221843
221715
221715
221715
221715
221283
220905
220905
220905
220905
220905
220905
220905
220905
220905
220905
220905
220905
220905
220905
220905
220905
219681
219681
219681
219681
219681
219681
219681
219681
219681
219681
219251
219251
219251
219251
219251
219251
219251
219251
219251
219251
219251
219251
219251
219251
219251
219251
219251
219251
219251
219112
219112
219112
219112
219112
219112
219112
219112
219112
219112
219112
218327
218327
218327
218327
218327
218327
218327
218327
218327
218327
218327
218327
218327
218327
218327
218327
217395
217395
217395
217395
217395
217395
217395
217395
217395
217395
217395
215739
215739
215739
215739
215739
215739
215739
215492
215492
215492
215492
215492
215492
215492
215492
215492
215492
215492
215492
215492
215492
215492
215492
215492
215492
215492
215492
215062
215062
215062
215062
215062
215062
215062
215062
215062
215062
215062
215062
215062
215062
215062
215062
215062
215062
215062
215062
214904
214904
214904
214904
214904
214904
214854
214854
214854
214854
214854
214854
214854
214854
214854
214854
214854
212453
212453
212453
212453
212453
212453
212453
212453
212453
212453
212453
212453
212453
212453
212453
212453
212453
212453
212453
212371
212371
212371
212371
212371
212371
212371
212273
212273
212273
212273
212273
212273
212273
212273
211117
211117
211117
211117
211117
211117
211117
211117
211117
211117
210348
210348
210348
210348
210348
210348
210348
210348
209140
209001
209001
209001
209001
209001
209001
209001
209001
208720
208720
208720
208720
208720
208720
208720
208720
208720
208720
208720
208720
208720
208720
208419
208206
208206
208206
208206
208206
207674
207674
207674
207674
207674
207674
207674
207674
207674
207674
207674
207674
207674
207674
207674
207674
207674
207674
207674
205767
205767
205767
205767
205767
205767
205767
205767
205767
205767
205767
205767
205767
205767
205767
205767
205534
205534
205534
205534
205534
205534
205534
205534
205534
205534
205534
205534
205534
205534
205534
205534
205534
205534
205534
204587
204587
204587
204587
204587
204587
204587
204587
203653
203653
203653
203653
203653
202682
202682
202682
202682
202682
202682
202682
202682
202682
202567
202567
202567
201312
201312
201312
201312
201312
201089
201089
201089
201089
201089
201089
201089
201089
201089
201089
201089
201089
201089
201089
201089
201089
201089
200927
200927
200927
200927
200927
200927
200927
200927
200927
200927
200927
200927
200927
200927
200927
200927
200203
200203
200203
200203
200203
199956
199956
199956
199956
199956
199956
199956
199956
199956
199956
199956
199233
199233
199233
199233
199233
199233
199233
199233
199233
199233
199233
199233
199233
199233
199233
199233
199233
199233
199233
197016
197016
197016
197016
197016
197016
197016
197016
197016
196791
196791
196791
196791
196791
196791
196791
196345
196345
196345
196308
196308
195880
195880
195880
195880
195880
195880
195880
195880
195880
195880
195880
195880
195880
195880
195880
195880
195880
195797
195797
195797
195797
195797
195797
195797
195797
195797
195797
195797
195797
195797
195797
195797
195299
195299
195299
195299
195299
195299
195299
195299
195299
195299
195299
195299
195299
195188
195188
194659
194659
194659
194659
194659
194590
194354
194354
194354
194354
194354
194354
194354
194354
194354
193929
193929
193929
193929
193929
193929
193929
193929
193929
192707
192707
192707
192707
192707
192707
192707
192707
192707
192707
192707
192707
192707
192707
192707
192707
192707
192707
192707
192707
192680
192680
192680
192680
192680
192680
192680
192680
192680
192680
192680
192680
192680
192680
192680
192680
192680
192290
192290
192290
192290
192290
192290
192290
192290
192290
192290
192290
192286
192286
191795
191795
191795
191795
191795
191795
191795
191795
191795
191795
191795
191795
191795
190847
190847
190847
190847
190847
190847
190847
190847
190847
190847
190847
190847
190847
190847
190847
190847
188674
188674
188674
188674
188674
188674
188674
188674
188674
188230
188230
188230
188230
188230
188230
188230
188230
188230
187173
187173
187173
186929
186929
186929
186929
186929
186929
186929
186929
186929
186929
186929
186929
186929
186929
186929
186929
186929
186929
185932
185932
185932
185932
185932
185932
185932
185932
185932
185932
185932
185932
185932
185932
185665
185665
185665
185665
185665
185665
185665
185665
185665
185665
185665
185665
185665
185665
185665
185665
185665
185665
185665
185665
185564
185564
185564
185564
185564
185564
185564
185564
185564
185564
185564
185564
185564
185564
185564
185564
185564
185564
185180
185180
185180
185180
185180
185180
185180
184885
184885
182650
182650
182650
182598
182598
182598
182598
182598
182598
182598
182598
182598
182598
182598
182598
181131
181131
181131
181131
181131
181131
181131
180647
180647
180647
180647
180647
180647
180647
180647
180647
180647
180543
180543
180449
180449
180449
180449
180449
180449
180449
180449
180449
180449
180449
180449
180449
180449
179921
179921
179921
179921
179921
179921
179217
179217
179217
179217
179145
179145
179145
179145
179145
179145
179145
179145
179145
179145
179145
179145
179145
179145
179145
179145
179145
178285
178285
178285
178285
178285
178285
178285
178285
178285
178285
178285
177896
177896
177896
177896
177896
177896
177896
177678
177678
177678
177678
177678
177205
177205
177205
177205
177205
177205
176725
176725
176725
176725
176725
176725
176725
176725
176725
176725
176725
176725
176725
176725
176725
176725
176725
176725
176725
176725
175807
175807
175807
175807
175807
175807
175807
175807
175807
172427
172427
172427
172427
172427
172427
172427
172427
172427
172427
172427
172427
171033
171033
171033
171033
171033
171033
170884
170884
170884
170884
170884
170884
170884
170884
170884
170884
170884
170884
170884
170884
170482
170482
170482
170482
170482
170480
170480
170480
170480
170480
170480
170480
170480
170480
170480
170480
170480
170480
170480
170480
170480
170480
170480
170480
169383
169383
169383
169383
169082
169082
169082
169082
169082
169082
169082
169082
169082
169082
169082
169082
169082
168824
168824
168824
168824
168824
168824
168824
168824
168824
168824
168824
168708
168429
168429
168429
168429
168429
168429
168429
168429
168429
168429
168429
168429
168429
168429
168429
168429
168429
168429
168429
168429
167577
167577
167577
167577
167577
167577
167577
167577
167577
167577
167577
167577
167577
167577
167346
167346
167346
167346
167346
167346
167346
167346
167346
167346
167346
167346
167346
167334
167334
167085
167085
167085
167085
167085
167085
167085
167085
167085
167085
167085
167085
167085
167085
167085
167085
167085
166725
166725
166725
166725
166725
166725
166725
166725
166725
166725
166725
166725
166725
166725
166725
166725
166725
165966
165966
165966
165966
165966
165966
165966
165966
165966
165966
164334
164334
164334
164334
164334
164334
164334
164334
164334
164334
164334
164334
162902
162902
162902
162902
162902
162902
162902
162902
162902
162902
162902
162902
162902
162902
162902
162902
162902
162902
162791
162791
162594
162594
162594
162594
162594
162594
162594
162594
162594
162594
162594
162594
162594
162594
162594
162594
161240
161240
161240
161240
161240
161240
159577
159577
159577
159577
159577
159577
159577
159577
159577
159577
159577
159577
159577
159577
159577
159577
159577
159171
159171
159162
159162
159162
159162
159162
159162
159162
157973
157973
157973
157973
157973
157737
157737
157737
157737
157737
157737
157737
157737
157737
157737
157737
157737
157737
157737
157737
157737
157378
157378
157378
157378
157378
157378
157378
157378
157378
157378
157378
157378
157378
156584
155862
155862
155862
155862
155862
155458
155458
155458
155458
155458
155458
155458
154803
154803
154803
154803
154803
154803
154803
154803
154803
154803
154803
154803
154803
154095
154095
154095
154095
154095
154095
154095
154095
154095
154095
154095
153645
153645
153645
153645
153645
153645
153645
153645
153645
153645
153645
153645
153645
153645
153645
153645
153220
153220
153220
153220
152205
152205
152205
152205
152205
152205
152205
152205
152205
152205
152205
152205
152205
152205
152205
152205
152205
152109
152109
152109
152109
152109
152109
152109
152109
152109
152109
152109
150175
150175
150175
150175
149889
149889
149889
149889
149889
149889
149889
149889
149889
149889
149889
149889
149889
149889
149889
149889
149889
149889
149043
149043
149043
149043
149043
149043
149043
149043
149043
149043
148941
148941
148941
148941
148941
148941
148941
148941
148941
148941
148941
147254
147254
147254
147254
147254
147254
147254
147254
147254
147254
147254
147254
147254
147254
147254
146960
146960
146960
146960
146960
146960
146960
146960
146960
146960
146960
146960
146960
146960
146960
146960
146960
146960
146862
146862
146862
146862
146862
146862
146862
146862
146862
146726
146726
146726
146726
146726
146726
146726
146726
146726
146726
146726
146726
146726
146726
146726
146726
146363
146363
146363
146363
146363
146363
146363
146363
146363
146363
146363
146363
146363
146363
145453
145453
145453
145453
145453
145453
145453
145453
145453
145453
145453
145453
145453
145038
145038
145038
145038
145038
145038
145038
145038
145038
145038
145038
145038
145038
145038
145038
145038
144147
144147
144147
144147
144147
144147
144147
144147
144147
144147
144147
144147
144147
144147
144147
144147
143832
143832
143832
143832
143832
143832
143832
143832
143832
143832
143832
143832
143456
143456
143456
143456
143456
143456
143456
143456
143456
143456
143456
143456
142145
142145
142145
142145
142145
142145
142145
142145
142145
142145
142145
142145
142145
142145
142145
141485
141485
141485
141485
141485
141485
141485
141485
141485
141485
141485
141485
141485
141485
141485
141485
141485
141485
141410
141410
141410
141410
141410
141410
141410
141410
141410
141410
141410
141410
141410
141410
141410
141410
141410
141410
141410
141407
141407
141407
141407
141407
141407
141407
141407
141407
141407
141407
141407
141407
141407
141407
141407
141407
141407
141342
141342
141342
141342
141342
141342
141342
141342
141342
141342
141342
141342
141342
140990
140990
140990
140990
140990
140990
140990
140990
140990
140990
140990
140990
140990
140990
140990
140990
140990
140990
140928
140928
140928
140928
140817
140817
140817
140817
140817
140817
140817
140817
140817
140397
140397
140397
140397
140397
140397
140397
140397
140397
140397
140397
140397
140088
140088
140088
140088
140088
140088
140088
140088
140088
140088
139337
139337
139337
139337
139337
139337
139337
139337
139337
139337
139337
139337
139337
139337
139337
139337
139337
139337
139337
139304
139304
139304
139304
139304
139304
139304
139304
139304
139297
139297
139297
139297
139297
139297
139297
139297
139297
139297
139297
139297
139297
139297
139297
139297
139297
139297
139261
139261
139261
139261
139261
139261
139261
139261
139261
139261
139261
139261
139261
139261
139261
137921
137921
137921
137921
137921
137921
137921
137381
137381
137381
137381
137381
137381
137381
137381
137381
137381
137381
137381
137381
137381
137381
137381
137381
137381
137381
137381
136401
136401
136401
136401
136401
136401
136401
136340
136340
136340
136340
136340
136340
136340
136340
136340
136340
136340
136340
136340
136340
136340
136340
136274
135970
135970
135970
135970
135970
135970
135970
135970
135928
135928
135928
135928
135928
135928
135928
135928
135928
135928
135928
135928
135928
135928
135276
135276
135276
135276
135276
135276
135186
135186
135186
135186
135186
135186
135186
135186
135186
135186
135186
135186
135186
135186
135186
134291
134291
134291
134291
134291
134291
134291
134291
134291
134291
134291
134291
134291
134291
133014
133014
133014
133014
133014
133014
132486
132486
132486
132486
132441
132441
132441
132441
132441
132441
132441
132441
132441
132441
132441
132441
132441
132441
132441
132441
131755
131755
131755
131755
131755
130984
130984
130984
130984
130984
130984
130984
130984
130984
130984
130294
130294
130294
130294
130294
130294
130294
130294
130294
130294
128879
128879
128879
128879
128879
128879
128879
128879
128879
128879
128879
128879
128879
128879
128879
127489
127489
127489
127489
127489
127489
127489
127489
127489
127489
127489
127489
127489
127370
127370
127370
127370
127370
127370
127370
127370
127370
127370
127302
127302
127302
127302
127302
127302
127302
127302
127302
127302
127302
127302
127302
127230
127230
127230
127230
127066
127066
127066
127066
127066
127066
127066
127066
127066
127066
127066
127066
127066
127066
127066
127066
127066
127066
127066
126939
126939
126939
126197
126197
126197
126197
126197
126197
126197
126197
123312
123312
123312
123312
123312
123312
123312
123312
123312
123312
123312
123312
123312
123312
121667
121667
121667
121667
121667
121667
121667
121667
121667
121667
121667
121330
121330
121330
118821
118821
118821
118821
118821
118821
117813
117813
117813
117813
117813
117813
117813
117813
117813
117813
117813
117813
117813
117813
117813
117813
116580
116580
116580
116580
116580
116580
116580
116580
116580
116580
116381
116381
116381
116381
116381
116381
115896
115896
115896
115896
115896
115896
115896
115896
115896
115896
115896
115896
115896
114279
114279
114279
114279
114279
114279
114279
114279
114279
113895
113895
113895
113895
113895
113895
113895
113895
113895
113895
113895
113895
113895
113895
113895
113895
113895
113895
113895
113512
113512
113512
113512
113512
113512
113512
113512
113512
113512
113512
112467
112467
112467
112467
112467
112467
112467
112467
112467
112467
112467
112467
112467
112467
112467
112467
112467
112467
112467
112467
111615
111615
111615
111615
111615
111615
111615
110541
110541
110541
110541
109618
109618
109618
109618
109618
109618
109618
109618
109618
109618
106809
106809
106809
106809
106809
106809
106809
106809
106809
106809
106809
106463
106463
106463
106463
106463
106463
106463
106463
106463
106463
106463
106463
106463
106463
106463
106115
106115
106115
106115
106115
106115
106115
106115
106115
106115
106115
106115
106115
106115
106115
106115
106115
106115
106115
105245
105245
105245
105245
105245
105245
105245
105070
105070
105070
105070
105070
105070
105070
105070
105070
105070
105070
105070
105070
105039
105039
105039
104713
104713
104713
104713
104713
104713
104713
104713
104713
104713
104713
104713
104713
104713
104713
104713
103953
103953
103953
103953
103953
103953
103953
103953
103953
103953
103953
103953
103953
103265
103265
103265
103265
103265
103265
103265
103265
103265
103265
103265
103265
103265
103265
103265
103265
103265
102198
102198
102198
102198
102198
102198
102198
102198
102198
102198
102198
101118
101118
101118
101118
101118
101118
101118
101118
101118
101118
101118
101118
101118
101118
97272
97272
97237
97237
97237
97237
97237
97237
97237
97237
97237
97174
97174
97174
97174
97174
97174
97174
96619
96619
96619
96619
96619
96619
96619
96619
96619
96619
96619
96619
96619
96619
96619
96619
96251
96251
96251
96251
96251
96251
96251
96251
96251
96251
96251
96104
96104
96104
96104
96104
96104
96104
96104
95976
95976
95976
95976
95976
95976
95976
95976
95976
95976
95976
95263
95263
95263
95263
95263
95263
95263
95263
95263
95263
95263
95263
95263
95263
95263
95263
95263
95263
95263
94614
94614
94614
94614
94614
94614
94614
94614
94614
94614
94614
94614
94461
94461
94461
94461
94461
94461
94461
94461
94461
94461
94461
94461
92940
92940
92940
92940
92940
92940
92940
92940
92940
92940
92940
92940
92940
92940
92940
92726
92726
92726
92726
92726
92726
91685
91685
91685
91685
91656
91656
91656
91656
91656
91490
91215
91141
91141
91141
91141
91141
91141
91141
91141
91141
91141
89595
89595
89595
88846
88846
88846
88846
88846
88846
88846
88846
88846
88846
88846
88846
88846
88846
88846
88846
88846
88846
88846
88846
87973
87973
87973
87973
87973
87973
87973
87973
87973
87973
87973
87973
87973
87973
86825
86825
86825
86825
85453
85453
85453
85453
85453
85453
85453
85453
85453
85453
85453
85453
85453
85453
85453
85453
85453
85412
85412
85412
85412
85412
85412
85412
85412
85412
85412
85412
85412
85412
85412
85412
85412
85412
85412
85268
85268
85268
85268
85268
85268
85268
85268
85268
84125
84125
84125
84125
84125
84125
84125
81453
81453
81453
81453
81453
81453
81453
81453
81453
81453
81453
81453
80798
80798
80798
80798
80798
80798
80798
80798
80798
80798
80798
80798
80798
80798
80798
80798
80798
80798
80798
80107
80107
80107
80107
80107
80107
80107
79630
79630
79630
79630
79630
79630
79630
79630
79630
79630
79630
79630
79630
79630
79630
79630
79265
79265
78521
78521
78521
78521
78521
78487
78487
78487
78200
78200
78200
78200
78200
78200
78200
78200
78200
78200
78200
78200
78200
77116
77116
77116
77116
77116
77116
77066
77066
77066
74763
74763
74763
74763
74763
74763
74763
74763
74763
74763
74322
74322
74322
74322
74322
74322
74322
74322
74322
74322
74322
74322
74322
74322
74322
74322
74322
74322
74322
71953
71282
71282
71282
71282
71282
71282
71282
71282
71282
71282
71282
71282
71282
69885
69340
69340
69340
69340
69340
69340
69340
69340
69340
69340
68615
68615
68615
68615
68615
68615
68615
68615
68615
68615
68615
68615
68615
68615
68615
68615
68615
68615
68615
68590
68590
68590
68590
68590
68590
68590
68590
68590
68590
68590
68120
68120
68120
68120
68120
68120
68120
68120
68120
68120
68120
68120
68120
68120
68120
68120
68120
68120
68120
68120
67916
67916
67916
67916
67916
67916
67916
67916
67916
67916
67916
67916
67875
67875
67875
67875
67875
67788
67788
67788
67788
67788
67788
67788
67788
67788
67788
67788
67788
67788
67788
67788
67788
67788
67788
67075
67075
67075
67075
67075
67075
67075
67075
67075
67075
67075
67075
67022
67022
67022
67022
67022
66801
66801
66582
66582
66582
66582
66582
66582
66582
66582
66582
66582
65314
65314
65314
65314
65314
65314
65314
65314
65314
64719
64719
64719
64719
64719
64719
64719
64719
64719
64719
64719
64719
64719
63750
63750
63218
63218
63218
63218
63218
63218
63218
63218
63218
63218
63218
63218
61584
61584
61584
61584
61584
61584
61584
61584
61584
61584
61584
60806
60806
60806
60806
60806
60806
60806
60806
60806
60806
60806
60806
60806
60806
60806
60806
60806
60806
60767
60767
60767
60767
60767
60767
58760
58760
58371
58371
58371
58371
58371
58371
58371
57782
57782
57782
57782
57782
57782
57782
57394
57394
57394
57394
57394
57394
57394
57394
57394
56740
56740
56740
56740
56740
56740
56740
56740
56740
56740
56740
56740
56740
56740
56740
56740
56740
56740
56740
56740
56239
56239
56239
56196
56196
56196
56196
56196
56196
56196
56196
56196
56196
53910
53910
53910
53910
53910
53910
52892
52892
52892
52892
52892
52892
52892
52892
52892
52892
52892
52892
52892
52892
52892
52892
52892
52892
52892
50226
50226
50226
50226
50226
50226
50226
50226
50226
50226
50226
50226
50226
50226
49080
49080
49080
49080
49080
49080
49080
49080
49080
48323
48323
48323
48323
48323
48323
48323
48323
48323
48323
48323
48323
48323
48323
48323
48323
48323
48323
48323
48323
47437
47437
47412
47412
47412
47412
47412
47412
47412
47412
44864
44864
44864
44864
44864
44864
44864
44864
44864
44864
44864
44864
44864
44864
44864
44864
44864
44864
43754
43754
43754
43754
43754
43754
43644
43644
43644
43644
43644
43644
43644
43644
43644
43644
43644
43644
43644
43644
42986
42986
42986
42986
42856
42856
42856
42856
42856
42856
42856
42856
42856
42856
42856
42856
42856
42856
42856
42856
42856
42856
42856
42856
42802
42802
42802
42802
42802
42802
42802
42802
42802
42802
42802
42802
42802
42802
42802
42802
42802
42802
42593
42593
42593
42593
42593
42593
42593
42593
42593
42593
42593
42405
42405
42405
42405
42405
42103
42103
42103
42103
42103
42103
42103
42103
42103
42103
42103
42103
42103
42103
42103
40073
40073
40073
40073
40073
40073
40073
40073
40073
40073
40073
40073
40073
40073
40073
40073
38412
38412
38412
38412
38412
38412
38412
38412
38412
37916
37916
37916
37916
37916
37916
37916
37916
37645
37645
37645
37645
37645
37645
36225
36225
36064
36064
36064
36064
35346
35346
35346
34672
34672
34672
34672
34558
33543
33543
33543
33543
33543
33543
33543
33543
33543
33543
33543
32547
32547
32547
32547
32547
32547
32547
32547
32547
32547
32547
32547
32547
32547
32547
32547
32547
32547
32547
32547
31893
31893
31893
31893
31893
31893
31362
31362
31362
31362
31362
31362
31362
31362
31362
31362
31362
31362
31362
31362
31362
31362
31362
31362
30060
30060
30060
30060
30060
30060
30060
30060
30060
30060
30060
30060
30060
30060
30060
30060
30060
30032
30032
30032
30032
30032
30032
30032
30032
30032
30032
30032
30032
30032
30032
30032
30032
30032
30032
30032
30032
29419
29419
29419
29419
29419
29419
29419
29419
29419
29419
29419
29419
29419
29419
29419
29419
28582
28582
28582
28582
28582
28582
28582
28582
28582
28582
28582
28582
28582
28582
28582
28582
28582
28582
28582
28494
28494
28494
28494
28494
28494
28494
28494
28494
28494
28494
28160
28160
28160
28160
28160
27525
27525
27525
27525
27525
27525
27525
27525
27525
27525
27525
27525
27525
27407
27407
27407
27407
27407
27407
27407
27407
27407
27407
27407
27407
27407
27407
27407
27407
27407
27407
27407
27377
27377
27377
27377
27377
27377
27377
27377
27377
27377
27377
27377
27377
27377
27377
27377
27311
27311
27311
27311
27311
27311
26999
26999
26999
26999
26999
26999
26999
26999
26999
26999
26999
26999
26999
26999
26999
26293
26293
26293
26293
26293
26293
26293
26293
26293
26293
26293
26293
26293
26293
26293
26293
26293
26293
26293
26240
26240
26240
26240
26240
26240
26240
26240
26240
26240
26240
26240
26240
26240
25998
25998
25493
25493
25493
25493
25493
25493
25493
25493
25493
25493
25493
25493
25493
25493
25493
25493
25493
25493
25493
25493
23170
23170
23170
21667
21644
21644
21644
21644
21644
21644
21644
21644
21644
21644
21644
21644
21408
21408
21408
21408
21408
21408
21408
21408
21408
21408
21408
21408
21408
21244
21244
21244
21244
21244
21244
21244
21244
21244
21244
21244
21244
21244
21244
21244
19449
19449
19449
19449
19449
19241
19241
19241
19241
19241
19241
19241
18443
18443
17860
17860
17860
17860
17860
17860
16650
16650
16650
16380
16380
16380
16380
16380
16380
16380
16380
14704
14704
14704
14704
14704
14704
14704
14704
14704
14704
14704
14704
14704
14704
14704
14704
14704
14704
14704
14618
14618
14618
14618
14618
14618
14618
14618
14618
14618
14618
14618
14618
14618
14618
14618
14618
14618
14605
12506
12506
12382
12382
12382
12382
12382
12382
12382
12382
12382
12382
12382
12382
9989
9989
9989
9332
9332
9289
9289
9289
9289
9289
9289
9289
9289
8737
8737
8737
8737
8737
8737
8737
8737
8737
8737
8737
8737
8737
8737
8737
6120
6120
6120
6120
6120
6120
6120
4824
4824
4824
4824
4824
4824
4824
4824
4824
4824
4824
4824
4824
4824
4824
4824
4824
4824
4166
4166
4166
4092
4092
4092
4092
4092
3459
3459
3459
3459
