1290
500000
331790
331790
331790
331790
331790
331790
331790
331790
331790
331790
331790
331790
331790
331298
331298
331298
331298
331298
331298
331298
331298
331298
331298
331298
331298
331298
331298
331298
331298
329851
329851
329851
329851
329851
329851
329851
329851
329851
326323
326323
326323
326323
326323
326323
326323
326323
326323
326323
326323
326323
326323
321885
321885
321885
321885
321885
321885
321885
321885
321885
321885
321885
321885
321885
321885
321885
321885
321885
321885
321885
321885
321882
321882
321882
321882
321882
321882
321882
321882
321882
321882
319359
319359
319359
319359
319359
319359
319359
319359
319359
319359
319359
319359
319359
319359
319359
318869
318869
318869
318869
318869
318869
318869
318869
315503
315503
315503
315503
315503
315503
315503
315503
315503
315193
315193
315193
314935
314935
314935
314935
314935
314935
314935
314935
314935
314935
314935
314935
314935
314935
314935
314935
314935
314935
314210
314210
314210
314210
314210
314210
314210
314210
314210
314210
314210
314210
314210
314210
314210
314210
312241
312241
312241
312241
312241
312241
312241
312241
312241
312241
311947
311947
311947
311322
311322
311322
311322
311322
311322
311322
311322
311322
311322
303130
303130
303130
303130
303130
303130
303130
302524
302524
302524
302524
302524
302524
302524
302524
302524
302524
302524
302524
302524
302524
302524
302524
302524
302524
300449
300449
300449
300449
300449
291065
291065
291065
291065
291065
291065
291065
291065
291065
291065
291065
290932
290932
290932
290932
290932
290932
290932
290932
290932
290932
290932
290932
290932
290932
290932
290932
286010
286010
286010
286010
286010
286010
286010
286010
286010
286010
286010
286010
286010
286010
286010
281039
281039
281039
281039
281039
281039
281039
281039
281039
281039
281039
281039
281039
281039
280610
280610
280610
280610
280610
280610
280610
280610
280610
280610
280610
280610
280442
278716
278716
278716
278716
278716
278716
278716
278716
278716
278716
278716
278716
278716
278716
278716
278716
278716
278716
278716
276988
276988
276988
276988
276368
276368
276368
276368
276368
276368
276368
276368
276368
276368
276368
276368
276368
276368
275179
273433
273433
273433
273433
273433
273433
273433
273433
273433
273433
273433
273433
271929
271929
271929
271929
271929
271929
271929
271929
271929
271929
271929
271929
271929
271929
271929
271929
271929
271929
270879
270879
270879
270879
270879
270879
267759
267759
267759
267759
267759
267759
267759
267759
267759
267759
267759
267759
267759
267759
267759
267759
264099
264099
264099
264099
264099
264099
264099
264099
263059
259911
259911
259911
259911
259911
259911
259911
259911
259911
259911
259911
259911
259911
259911
259911
259911
259911
259911
251992
251992
251992
251992
251992
251992
251992
251992
251992
251992
251992
251992
251992
251992
251992
251992
251992
251992
251992
248923
248923
248923
248923
248923
248923
238542
238542
238542
238542
238542
238542
238542
238542
238542
236142
236142
236142
236142
236142
236142
236142
236142
236142
236142
236142
236142
236142
236142
236142
236142
234711
234711
234711
234711
234711
233632
233632
233632
232075
229186
229186
229186
229186
229186
229186
229186
229186
229186
229186
229186
229186
229186
227256
227256
227256
226176
226176
226176
212651
212651
212651
212651
212651
212651
212651
212651
212651
212651
212651
212651
212651
212651
212651
212651
212651
212651
210635
210635
210635
210635
210635
210635
210635
210635
205702
203207
203207
201129
201129
201129
201129
201129
201129
201129
201129
201129
201129
201129
201129
201129
201129
201129
201129
201129
201129
200162
200162
200162
200162
200162
200162
200162
200162
200162
200162
200162
200162
200162
200162
200162
199616
191634
186985
186985
186985
186985
186985
186985
186985
186985
186985
186985
185222
185222
183033
183033
183033
177085
177085
177085
177085
177085
177085
177085
177085
177085
177085
177085
177085
177085
177085
177085
177085
177085
177085
174846
174846
174846
174846
174846
174846
174846
174846
174284
174284
174284
174284
174284
174284
174284
174284
174284
174284
174284
174284
174284
174284
174284
174284
174284
174284
174284
169079
169079
169079
169079
169079
169011
169011
169011
169011
169011
169011
169011
169011
169011
169011
169011
169011
169011
169011
169011
169011
169011
169011
169011
169011
168778
168778
168778
168778
168778
168778
168778
168778
163950
163950
163950
163950
163950
163950
163950
163950
163950
163950
163950
163950
163950
162809
162809
162809
162809
162809
162809
162809
162809
162809
162809
162809
162809
162809
162809
162809
162809
162809
162809
155153
155153
155153
155153
155153
155153
155153
155153
155153
155153
155153
155153
155153
155153
154345
154345
154345
154345
151367
151367
151367
151367
151367
151367
151367
151367
151367
151367
151367
151367
151367
151367
151367
151367
151367
151367
151367
145158
145158
145158
145158
144933
144933
144933
144933
144933
144933
144933
144933
144933
144933
144933
144933
144933
144933
144933
144758
144758
144758
144758
144758
144758
144758
144758
144758
144758
144758
144758
141016
141016
141016
141016
141016
141016
141016
141016
141016
141016
141016
141016
141016
141016
141016
141016
141016
140933
140933
140933
140933
140933
140933
140933
133303
133303
133303
133303
133303
133303
133303
133303
133303
133303
133303
133303
133303
133303
133303
133303
133303
133303
133303
133303
131157
131157
131157
131157
131157
131157
131157
131157
131157
131157
131157
131157
131157
131157
131157
131157
131157
131157
131157
131157
125763
125763
124921
122645
122645
122645
122645
122645
122645
122645
122645
122645
122645
122645
122645
118293
118293
118293
118293
118293
118293
118293
118293
118293
118293
115766
115766
115766
115766
109554
109554
109554
109554
109554
109554
109554
109554
109554
109554
109554
108259
108259
108259
108259
108259
108259
108259
106962
106962
106962
106962
106962
106962
106962
105859
105859
105859
105859
105859
105859
105859
105859
105859
105859
105859
105859
105859
105859
105859
105859
105859
105859
101176
101176
101176
101176
101176
101176
101176
101176
101176
101176
100450
100450
100450
100450
100450
100450
100450
100450
95342
95342
95342
95342
95342
95342
95342
95342
95342
95342
95342
95342
95342
95342
95342
95342
95342
95342
95342
93397
93397
93397
93397
93397
93397
93397
93397
93397
93397
93397
93397
93397
93397
93397
93397
93397
93397
93397
89972
89972
89972
89972
89972
89972
89972
89972
85935
85935
85935
85935
85935
85935
85935
84790
84790
84790
82322
82322
82322
78496
78496
78496
78496
78496
78496
78496
78496
78496
78496
78496
78496
78496
78496
78496
78496
74512
74512
74512
74512
74512
72668
72668
72668
72668
72668
72668
72668
72668
72668
72668
72668
72668
72668
72079
72079
72079
69597
69597
69597
69597
69597
69597
69597
69597
69597
69597
69597
69597
69597
69597
69597
69597
68741
68741
68741
68741
68741
68741
68741
68741
68741
68741
68741
68317
68317
68317
68317
68317
68317
66124
66124
66124
66124
66124
66124
66124
66124
66124
66124
66124
66124
66124
66124
63964
63964
63964
63964
63964
63964
63964
63964
63964
63964
63964
63964
63964
63964
63964
63964
63964
60842
60842
60842
60842
60842
60842
60842
60842
60842
60842
60842
60842
60842
60842
60842
60842
60842
60842
60842
60842
60687
60687
60687
60687
60687
60687
60687
60687
60687
60687
60687
60687
60687
60687
60687
60517
60517
60517
60517
60517
60517
60517
58475
58475
58475
58475
58475
58475
58475
58475
58475
55799
55799
55799
55799
55799
55799
55799
55799
55799
55799
55799
55799
52048
52048
52048
52048
52048
52048
52048
52048
52048
52048
52048
52048
52048
49964
41378
41378
41378
41378
41378
41378
41378
41378
36416
36416
36416
36416
36416
36416
35669
35669
35669
35669
35669
35669
35669
35669
35669
35669
35669
35669
35669
35669
35669
35669
35669
34007
34007
34007
34007
34007
34007
33969
33969
33969
33969
33969
33969
33969
33969
33969
33969
33969
33969
33969
33969
33969
33969
33969
33969
33969
32963
32963
32963
32963
32963
28646
28646
28646
28212
28212
28212
28212
28212
28212
24848
24848
24848
24848
24848
24848
24848
24848
24848
24848
24848
24848
24848
24848
24848
24848
24848
24457
24457
24457
24457
24457
24457
24457
16885
16885
16885
16885
16885
16885
16885
16885
16885
16885
16885
16885
16885
16885
16885
16885
16885
15754
15754
11768
11768
11768
11768
11768
11768
11768
7287
7287
7287
7287
7287
7287
7287
7287
7287
7287
7287
7287
7287
7038
7038
7038
7038
7038
7038
7038
7038
6932
6932
6932
6932
6932
6932
6932
6932
6932
6932
6932
6873
6873
6873
6873
6873
6873
6873
6873
6873
6873
6873
6873
6873
6873
6873
6873
6873
6873
6873
6873
3896
3896
3896
3896
