5381
500000
333300
333300
333300
333300
333300
333300
333300
333300
333300
333300
333300
333300
333300
333300
333300
333300
333300
332765
331414
331414
331414
331414
331414
331414
331414
331414
331414
331414
331414
331414
331028
331028
330331
330331
330331
330331
330331
330331
330331
330331
330331
330331
330331
330331
330331
329449
329449
329449
329449
329449
329449
329449
329449
329449
329449
329449
329449
328886
328886
328886
328886
328886
328886
328886
328886
328886
328886
328706
328706
328706
328706
328706
328706
328706
328706
328706
328706
328706
328706
328246
328246
328246
328246
328246
328246
328246
328246
327399
327399
327399
327399
327399
327399
327399
327357
327357
327357
327357
327357
327257
327257
327257
327257
327257
327257
327257
327257
327257
327257
327257
327257
327257
327257
326652
326652
326652
326652
326652
326652
326652
326652
326652
326652
326652
326652
326652
326652
326652
326652
326652
326652
325448
325448
325448
325448
325448
323764
323764
323359
323359
323359
323359
323359
323359
323359
323359
323359
323359
323359
323359
323359
323359
323359
323359
323359
323124
323124
323124
323124
323124
323124
323124
323124
323124
323124
323124
323124
322563
322563
322563
322563
322563
322563
322563
322563
322563
322563
322563
322563
322429
321827
321827
320801
320523
320523
320523
320523
320523
320523
320523
320523
320523
320523
320523
320523
320523
320523
320523
320258
320258
320258
320258
320258
320258
320258
320258
320258
320258
320258
320258
320258
320258
320258
320258
320258
320258
320258
320258
320067
320067
320067
320067
320067
320067
320067
320067
320067
320067
320067
320067
320067
320067
320067
320067
320067
319968
319968
319968
319968
319968
319968
319968
319968
319968
319968
319968
319968
319968
319968
319968
319968
319968
319556
319556
319556
319556
319556
319556
319556
319556
319556
319556
319556
319556
319556
319556
319556
319556
319556
319556
319246
319246
319246
319246
319246
319246
319246
319246
319246
319246
319246
319246
319246
319246
319246
319246
319246
319246
318955
318955
318955
318955
318955
318955
318955
318955
318955
318955
318368
318368
318368
317829
317829
317308
317308
317308
317308
317308
317308
317308
317308
317308
317308
316955
316955
316955
316955
316955
316955
316955
316955
316955
316955
316955
316955
316955
316955
316955
316955
316955
316955
316955
316574
316574
316574
316574
316574
316574
316574
316574
316574
316574
314955
314955
314955
314955
314955
314955
314955
314955
314955
314955
314955
314955
314955
314955
314955
314955
314955
314955
314955
313924
313924
313924
313924
313924
313924
313924
313924
313924
313924
313924
313924
313924
313924
313924
313924
313924
313924
313924
313924
313323
313323
313323
313323
313323
313323
313323
313323
313323
313323
313323
313323
313323
313323
313323
313323
313323
312595
312595
312595
312595
312595
312595
312595
312595
312595
312595
312595
312595
312595
312595
312595
312389
312389
312389
312275
312275
312275
312275
312275
312275
312275
312275
312275
312275
312275
312275
311191
311191
311191
311191
311191
311191
311191
311191
309688
309688
309688
309688
309688
309688
309688
309688
309688
309688
309688
309688
309688
309688
309688
309688
309144
309144
309144
309144
306673
306673
306673
306673
306673
306673
306673
305496
305496
305496
305496
305496
305496
304896
304896
304896
304896
304896
304896
304819
304819
304819
304819
304819
304819
304819
303202
303202
303202
303202
303202
303202
303202
303202
303202
303202
303062
303062
303062
303062
302819
302819
302819
302819
302819
302819
302819
302572
302572
302572
302572
302572
302001
302001
302001
302001
302001
302001
302001
302001
302001
302001
302001
302001
302001
301111
301111
301111
301111
301111
300703
300703
300703
300703
300703
300703
300703
300703
300703
300703
300703
300703
300703
300703
300703
299002
299002
299002
299002
299002
299002
299002
299002
299002
299002
299002
299002
299002
299002
299002
298519
298519
298519
298519
298519
298519
298519
298519
298519
298519
298519
298519
298519
298519
298519
298519
298519
298519
298519
298454
298454
298454
298454
298454
298454
298454
298454
298454
298454
298454
298454
298454
298454
298454
298454
298454
298454
298366
298366
298366
298092
297876
297876
297876
297876
297876
297876
297876
297876
297876
297876
297876
297876
297876
297876
297876
297876
297876
297876
297876
297876
296993
296993
296993
296993
296993
296993
296993
296993
296993
296993
296993
296993
296993
296993
296993
296993
296993
296993
296993
296567
296567
296567
296567
296567
296567
296567
296567
296567
296567
296567
296567
296567
296567
296567
296567
296172
296172
296172
296172
296172
296172
296172
296172
296172
296172
296172
296172
296172
296172
296172
295368
295368
295368
295368
295368
295368
295368
295368
295368
295368
295368
295368
295368
295368
295368
295368
293679
293679
293679
293679
293679
293679
292172
292172
292172
292172
292172
292172
292172
292172
292172
292172
292172
292172
292172
292172
291396
291396
291396
291396
291396
291396
291396
291396
291396
291396
291396
291396
291396
291396
291396
291396
291396
291396
291396
291247
291247
291247
291247
291247
291247
291247
291247
291247
291247
291247
291247
291247
291247
291160
291160
291160
291160
291160
291160
291160
291160
289697
289697
289697
289697
289697
289697
289697
289697
289697
289697
289697
289697
289697
289659
289659
289659
289659
289659
289659
289659
289659
289659
289659
289659
289631
289631
289631
289631
289631
289631
289631
289631
289631
289631
289631
289631
289212
289212
289212
289212
289212
289212
289212
289212
289212
289212
289212
289212
289212
289212
289212
289212
289212
289212
289212
288664
288664
288664
288664
288664
288664
288664
288427
288427
288427
288427
288427
288427
288427
288427
288427
288427
288427
288427
288427
288427
288427
288427
288427
288427
288427
287735
287735
287735
287735
287735
287735
287735
287591
287591
287591
287591
287591
287591
287591
287591
287591
287591
287591
287189
287083
287083
287083
287083
287083
287083
287083
287083
287083
287083
287083
286595
286595
286595
286595
286595
286595
286595
286595
286595
286595
286595
286595
286595
286595
286595
286595
286595
286595
286595
286595
286245
286245
286245
286245
286245
286245
286245
286245
286245
286245
286245
286245
285452
285452
285452
285452
285452
284343
284343
284343
284343
284343
284343
284343
284343
284343
284343
284343
284343
284343
284343
283947
283947
283947
283947
283947
283783
282680
282680
282680
282680
282680
282680
282680
282680
282680
282680
282680
282680
282680
282680
282426
282426
282426
282426
282426
282426
282426
282426
282426
282426
281085
281085
281085
281085
281085
281085
281085
281085
281085
281085
278436
278436
278436
278436
278436
278436
278436
278436
278436
278436
278436
278436
278436
278436
278436
278436
278436
278436
278436
277810
277810
277810
277810
277810
277810
277810
277810
277810
277810
277810
277810
277810
277810
277810
277810
277810
277207
275916
275916
275916
275916
275916
275916
275916
275916
275916
275916
275916
275916
275916
275916
275319
275319
275319
275319
275319
275319
275319
275319
274299
274299
274299
274299
274299
274299
274299
274299
274299
274299
274299
274299
274299
274299
274299
274299
274299
274299
273957
273957
273957
273957
273957
273957
273957
273957
273957
273957
273957
273957
273815
273815
273815
273815
273815
273815
273815
273815
272202
272202
272202
272202
272202
271406
271406
271406
271406
271406
271406
271406
270636
270342
270342
270342
270342
270342
270342
270342
270342
270342
270342
270342
270342
270342
270342
270342
270342
270342
270342
270342
270342
270015
270015
270015
269854
269854
269854
269766
269766
269766
269766
269766
269766
269766
269766
269766
269766
269766
269766
269766
269766
269766
269766
268499
268499
268499
268499
268479
268479
268479
268479
268479
268479
268479
268479
268479
268479
268479
268479
268030
268030
268030
268030
268030
268030
268030
268030
268030
268030
268030
268030
268030
268030
268030
268030
268030
266546
266546
266546
266546
266546
266503
266503
266500
266500
266500
266500
266500
266500
266500
266500
266500
266500
266500
266500
266491
266491
266491
266491
266491
266491
266491
266491
266491
266491
266491
266491
266491
266491
266491
266491
266491
266491
266115
266115
266115
266115
266115
266115
266115
266115
266115
266115
266115
266115
265890
265890
265890
265890
265890
265243
264423
264423
264423
264423
264423
264423
264423
264423
264423
264423
264423
264423
264423
264423
264423
264423
263913
263913
263913
263913
263913
263913
262299
262299
262299
262299
262299
262299
261185
261185
261185
261185
261185
261185
261185
261073
261073
261073
261073
261073
261073
261073
261073
261073
261073
261073
261073
261073
261073
261073
261073
261047
261047
261047
261047
261047
261047
261047
261047
261047
261047
261047
261047
261047
261047
261047
261047
261047
261047
261047
260734
260734
260734
260734
260734
260734
260734
260734
260734
260734
260734
260734
260734
260734
260734
260734
259512
259512
259512
259512
259512
259512
259512
259512
259512
259512
259512
259512
258813
258813
258813
258813
258813
258813
258813
258813
258813
258813
258813
257836
257836
257836
257836
257836
257836
257836
257836
257836
257836
257836
257836
257836
257836
257094
257094
257094
257094
257094
257094
257094
257094
257094
257094
257094
257094
257094
257094
256750
256750
256750
256750
256750
256750
256750
256750
256750
256750
256750
256750
256750
256750
256750
256750
256750
256584
256584
256584
256584
256584
256584
256584
256584
256584
256584
256584
256584
256584
256584
256584
256584
254342
254342
254342
254342
254342
254342
254342
254342
254342
254342
254342
254342
254342
254342
254342
254342
254342
254170
254170
254170
254170
254170
254170
254170
254170
254170
254170
254170
254170
254170
254170
254170
254170
254170
254170
254170
253673
253673
253673
253673
253673
253673
253673
253673
253673
253673
253673
253673
253673
252294
252294
252294
252294
252294
252294
252294
252294
252294
252294
252294
252294
252294
252294
252294
252294
252294
251989
251989
251540
251540
251540
251540
250423
250423
250423
250423
250423
250423
250423
250423
250423
250423
250423
250423
250423
250423
250423
250423
250423
250423
250423
250423
248404
248404
248404
248404
248404
248404
248404
248404
248404
248404
248404
248404
248404
248404
248404
248404
248404
248404
246792
246792
246792
246792
246792
246792
246792
246581
246581
246581
246581
246581
246581
246581
246581
246581
246581
246581
246581
246581
246581
246581
246581
246581
246581
246562
246562
246562
246562
246562
246562
246562
246562
246562
246562
246079
246079
246079
246079
245656
245656
245656
245656
245656
245656
245656
245656
245656
245656
245656
245656
245656
245656
245656
245656
245656
245656
245656
245313
245313
245313
245313
245313
245313
245313
245313
245313
245313
245313
245313
245313
245197
245197
245197
245197
245197
245197
245197
245197
245197
245197
245197
245197
245197
245197
244540
244540
244540
244540
244540
244540
244540
244540
244540
244540
244540
244540
244540
244540
242589
242589
242589
242589
242589
242589
242589
242589
242589
242589
242589
242589
242589
242589
242589
242589
242073
242073
242073
242073
242073
242073
242073
242073
242073
242073
242073
242073
242073
242073
242073
242073
242073
242073
242073
240983
240983
240983
240983
240983
240983
240983
240983
240983
240983
240983
240983
240983
240983
240983
240983
240983
240983
240983
240983
238888
238888
236698
236698
236698
236698
236698
236698
236698
236698
236698
236698
236698
236381
236381
236381
236381
236381
236381
236381
236381
236381
236381
236381
236381
236381
236381
236381
236381
235825
235825
235825
235825
235825
235825
235825
235825
235825
235825
235825
235825
235825
235825
235825
235825
235825
235269
235269
235269
235269
235269
233627
233627
233384
233384
233384
233384
233384
233384
233384
233384
233384
233384
233384
233384
233384
233384
232307
232307
232307
232307
232307
232307
232307
232307
232307
232161
232161
232161
232161
232161
232161
232161
232161
232161
232161
231054
231054
231054
230866
230866
230866
230866
230866
230866
230866
230866
230866
230866
229434
229434
229434
229434
229434
229434
229434
229434
229434
229434
229434
229434
229434
228805
228805
228805
228805
228805
228805
228805
228805
228805
228805
228805
228805
228805
228604
228604
228604
228466
228466
228466
228466
228466
228466
228466
228466
228466
228145
228145
228145
228145
228145
228145
228145
228145
228145
228145
228145
228145
227668
227668
227471
227471
227471
227170
227170
227170
227170
227170
227170
227170
227170
227170
227170
227170
227170
227170
227170
227170
227170
227170
227170
226979
226979
226979
226979
226979
226979
226979
226979
226979
226979
226700
226700
226700
226700
226700
226700
226700
226700
226700
226700
226700
226700
226700
226700
226269
226269
226269
226269
226269
226269
226269
226269
226269
226269
226269
226269
226244
226244
226244
226244
226244
226244
226244
226244
226190
226190
226190
226190
226190
226190
226190
226190
226190
226190
226190
226190
226190
226190
224782
224782
224782
224782
224782
224782
224782
224782
224782
224782
224782
224520
224520
224520
224520
224520
224520
221933
221933
221933
221933
221933
221933
221933
221933
221604
221604
221604
221604
221604
221604
221604
221604
221604
221604
221604
221604
221604
221604
221604
221548
221548
221548
221548
221548
221548
221548
221548
221548
221548
221548
221548
221548
221548
221548
221548
221045
221045
221045
221045
221045
221045
221045
220501
220501
220501
220501
220501
220501
220501
220501
220501
220501
220501
219861
219861
219861
219861
219861
219861
219861
219861
218957
218957
218957
218957
218957
218957
218957
218957
218957
218957
218957
218957
218957
218957
218957
218957
218957
218957
218957
218957
218360
218360
218360
218360
217994
217994
217994
217994
217994
217994
217994
217994
217994
217994
217994
217994
217994
217994
217384
217384
217384
217384
217384
217384
217384
217384
217384
217384
217384
217384
217384
217384
217384
217384
217384
217384
217384
217384
216973
216973
216973
216973
216973
216973
216973
216973
216973
216973
216973
216973
216973
216973
216621
216621
216621
216621
216621
216621
216621
216621
216621
216621
216621
216621
216621
216621
216621
216621
216621
216381
216381
216381
216381
216381
216381
216247
216247
216247
216247
216247
216247
216247
216247
216247
216219
216219
216219
216219
216219
216219
216219
216219
216219
216219
216219
216219
216219
216219
216219
216219
216219
216219
216219
214085
214085
214085
214085
214085
214085
214085
214085
214085
214085
214085
212727
212727
212727
212727
212727
211889
211889
211889
211889
211889
211889
211889
211889
211889
211889
211809
211809
211809
211809
211809
211809
211809
211809
211809
211140
211140
211140
211140
211140
211140
211140
211140
211140
211140
210493
210493
210493
210493
210493
210493
210493
210302
210302
210302
210302
210302
210302
210302
210302
210302
210302
209559
209559
209559
209559
209559
209559
209559
209559
209559
207741
206732
206732
206732
206732
206732
206732
205940
205940
205940
205261
204150
204150
204150
204150
204150
203933
203933
203933
203933
203933
203933
203933
203933
202054
201323
201323
201323
199964
199964
199964
199964
199964
199964
199964
199964
199964
199964
199964
199964
199964
199964
198370
198370
198370
198370
198370
198370
198370
198370
198370
198370
198370
198370
198370
198370
198370
198370
198370
198370
197659
197659
197659
197659
197659
197659
197659
197659
197659
197659
196527
196527
196527
196291
196291
196291
196291
196291
196291
196291
196291
196291
196291
196291
196236
196236
196236
196236
196236
196236
195500
195500
195500
195500
195500
195500
195500
195500
195500
195420
195420
195420
195420
195420
195420
195420
195420
195420
195420
195420
195420
195420
195420
195420
195420
195420
195420
195420
195420
195393
195393
195393
195393
195393
195393
195393
195393
195393
195393
195393
195393
195393
195393
195393
193997
193678
193678
193678
193678
193678
193678
193678
193678
193678
193678
193678
193678
193678
193678
193678
193678
193450
193450
192868
192868
192868
192868
192868
192868
191466
191466
191322
191322
191322
191322
191322
191322
191322
191322
191322
191322
191322
191322
191322
191322
189781
189781
189781
189781
189781
189781
189781
189781
189781
189781
189781
189781
189781
189781
189781
189781
189781
189781
189781
188901
188901
188901
188901
188901
188901
188901
188901
188901
188901
188901
188901
188901
188901
188901
188901
188901
188901
188382
188382
188382
188382
188382
188382
188382
188382
188382
188382
188382
188382
188382
188382
188382
187909
187909
187909
187909
187429
187429
187429
187429
187429
187429
187429
187429
187429
187429
187429
187429
185834
185834
185834
185834
185834
185476
185476
185476
185476
185394
185394
185394
185394
185394
185394
185394
185394
185394
185370
185370
185370
185370
185370
185370
185370
185370
185370
185370
185370
185370
185370
185370
185370
184632
184632
184632
182868
181853
181853
181853
181853
181853
181853
181853
181853
181853
181853
181853
181853
181597
181597
181597
181597
181597
181597
181597
181597
181597
181597
181597
181597
181597
181597
181597
181588
181588
181588
181588
181588
180960
180960
180960
180960
180960
180685
180685
180685
180685
180685
180685
180685
180685
180685
180685
180685
180685
180685
180449
180449
180449
180449
180449
180449
180449
180449
180449
180449
180449
180449
180449
180449
180449
180386
180386
180386
180386
180386
180386
180386
180386
180386
180386
180386
178823
178823
178823
178823
178823
178823
178823
178823
178823
178823
178823
178267
178267
176982
176982
176982
176982
176982
176982
176982
176982
176982
176982
176982
176982
176982
176982
176982
176229
176229
176229
176229
176229
176229
176229
176229
176229
176229
176229
176229
176229
176229
176229
176229
176229
176229
176229
176229
175637
175637
175637
175637
175637
175637
175587
175587
175257
175257
175257
175257
175257
175257
174042
174042
174042
174042
174042
174042
174042
174042
174042
173792
173792
173792
173792
173792
173792
173792
173792
173792
173792
173792
173792
173177
173177
173177
173177
173177
173177
173177
173177
173177
173177
173177
173177
173177
173177
173177
173177
173177
172617
172617
172617
172617
172617
172617
172617
172617
172617
172617
172617
172027
172027
172027
171962
171962
171962
171962
171962
171962
171962
171962
171962
171962
171962
171962
171962
171962
171962
171962
171962
171723
171723
171723
171723
171723
171723
171723
171723
171723
171723
171723
171000
171000
168520
168520
168520
168520
168520
168520
168520
168520
167133
167133
167133
167133
167133
167133
167133
167133
166198
166198
166198
166198
166198
166198
166198
166198
166198
166198
166198
166198
166198
166198
166198
166198
166198
166198
166198
165472
165472
165472
165472
165472
165472
165472
165472
165472
165472
165472
165472
165472
165472
165472
165472
165122
165122
165122
165122
165122
165122
165122
163016
163016
163016
163016
163016
163016
163016
163016
163016
161430
161430
161430
161430
161430
161430
161430
160442
160442
160442
160442
160442
160442
160442
160442
160442
160442
160442
160442
160442
160442
160442
160442
160442
160442
160442
160442
159718
159718
159718
159718
159718
159718
159718
159718
159718
159718
159718
159702
159702
159702
159702
159702
159702
159702
159680
159680
159604
159604
159604
159604
159604
159604
159604
159604
159604
159604
159604
159604
159604
159604
159604
159604
159604
159604
159604
159284
159284
159284
159284
159284
159284
159284
159284
159284
159284
159284
159284
159284
159284
159284
158805
158805
158805
158805
158805
158805
158805
158805
158805
158805
158805
158805
158805
158805
158805
158805
158662
158662
158662
158662
158662
158662
158662
158662
158662
158662
158662
158662
158662
158662
158662
158541
158541
158541
158541
158541
158541
158541
158541
158541
158541
158541
158541
158541
158541
158541
158541
158411
155989
155989
155989
155989
155989
155989
155893
155893
155893
155893
155893
155893
155893
155893
155893
155128
155128
155128
155128
155128
155128
155128
155128
154253
154253
154253
154253
154253
154253
154253
154253
154253
154253
154253
154253
154253
154253
154253
154119
154119
154119
154119
154119
154119
154119
154119
154119
154119
154119
153825
153825
153825
153825
153825
153825
153825
153825
153825
153825
153825
153825
153226
153226
153226
153226
153226
153226
153226
153226
153226
153226
153211
153211
153211
153211
153211
153211
153211
153006
153006
153006
152891
152891
152891
152891
152891
152891
152891
152891
152891
152891
152891
152891
152891
152891
152891
152545
152545
152545
152545
152545
152545
152545
152545
152545
152545
152545
152545
152545
152545
152545
152545
151614
150899
150899
150899
150899
150899
150899
150899
150899
150899
150899
150899
150899
150899
150899
150899
150899
150899
150899
149638
149638
149638
149638
149638
149638
149638
149638
149638
149638
149638
149638
149638
149638
149638
149638
149638
149638
149638
149441
149441
149441
149441
149441
149441
149441
149441
149441
149441
149441
149441
149441
149441
149441
149441
149441
149441
148901
148901
148901
148901
148901
148901
148901
148901
148901
148901
148901
148901
148901
148351
148351
148351
148351
148351
148351
148351
148351
148351
148351
148351
148351
148351
148351
148351
148351
147669
147669
147669
147669
147669
147669
147669
147669
147669
147669
147669
147581
147581
147581
147581
147581
147581
147581
147581
147581
147581
147581
147581
147581
146820
146820
146820
146820
145986
145986
145986
145986
145986
145986
145986
145986
145986
145986
145986
145986
145986
145986
145694
145694
145694
145694
145694
145694
145694
145694
145694
145694
145694
145430
145430
145430
145430
145430
145430
145297
145297
145297
145297
144998
144998
144998
144998
144998
144998
144998
144998
144998
144998
144998
144998
144998
144998
144998
144853
144853
144853
144853
144853
143976
143976
143976
143976
143976
143976
143976
143976
143976
143976
143976
143976
143976
143471
143471
143471
143471
143471
143471
143471
142902
142902
142902
142902
142902
142902
142902
142902
142902
142902
142902
142902
142902
142902
142902
142902
142902
142902
142560
142560
142277
142277
142277
142277
142277
142277
142241
142241
142241
142241
142241
142241
142241
142241
142241
141353
141353
141353
140790
140790
140790
140790
140790
140790
140790
140790
140790
140790
140790
140790
140154
140154
140154
140154
140154
140154
140154
140154
140154
140154
140154
140154
140154
140154
140154
140154
140154
139930
139930
139930
139930
139930
139930
139930
139930
139930
139930
139930
139930
139930
139930
139930
139775
139775
139775
139775
139775
139508
139508
139508
139508
139508
139508
139508
139508
139508
139463
139463
139463
139463
139463
139463
139463
139463
139463
139463
139463
139463
138319
138319
138319
138319
138319
138319
138319
138319
138319
138319
138319
138319
138319
138319
138319
138319
138319
138319
138319
138319
136897
136897
136897
136897
136897
136897
136897
136897
136897
136897
136293
136293
136293
136293
136293
136293
136293
136293
136293
136293
136293
136293
136293
136293
136293
136293
136293
136293
136293
136293
134628
134628
134628
134628
134628
134628
134628
134628
134628
134628
134628
134628
134628
134628
134628
134628
134628
134628
134628
134628
134300
134300
134300
134300
134300
134300
133428
133428
133428
133428
133428
133428
133428
133428
133428
133428
133428
133428
133428
133428
133428
133428
133428
133428
133428
133428
131547
130793
130793
130793
130591
130591
130591
130591
130591
130591
130591
130591
130591
130591
130591
130591
130591
129876
129876
129876
129876
129876
129876
129876
129876
129876
129876
129876
129876
128076
128076
128076
128076
128076
128076
128076
128076
128076
128076
128076
128076
128076
128024
128024
128024
128024
128024
128024
128024
128024
128024
128024
128024
128024
128024
128024
128024
128024
127387
127387
127387
127387
127387
127387
127387
127387
127387
127387
127387
127387
127387
127223
127223
126692
126692
126692
126408
126408
126408
126408
126408
126408
126408
126408
126408
126408
126408
126408
126408
126408
126408
126408
126408
125543
125543
125543
125543
125543
125543
125543
125543
125543
125543
125543
125543
125543
125543
124895
124895
124895
124895
124895
124895
123850
123850
123850
123850
123850
123850
123850
123850
123850
123850
123850
123850
123850
123850
123850
123850
123850
123850
123850
123850
123783
123783
123783
123783
123783
123783
123783
123783
123783
123783
123783
123783
123783
123783
123783
122161
122161
122161
122161
122161
122161
122161
122161
121515
121515
121515
121515
121515
121515
121515
121515
120927
120927
120927
120927
120927
120927
120927
120927
120927
120927
120927
120208
120208
120208
120030
120030
120030
120030
120030
120030
120030
119385
119385
119385
119385
119385
119385
119385
119385
119385
119385
117183
117183
117183
117183
117183
117183
117183
117183
117183
117183
117183
116972
116972
116972
116972
116972
116972
116972
116972
116972
116972
116211
116211
115525
115525
115525
115525
115525
115525
115477
115477
115477
115477
115477
115477
115477
115477
115477
115477
115477
115477
115477
115477
115477
115477
115477
115477
115477
114753
114753
114753
114753
114648
114648
114648
114648
114648
114595
114595
114595
114595
114595
114595
114595
114595
113376
113376
113376
113376
113376
113376
113376
113376
113376
113376
113376
113376
113376
113376
113376
112528
112528
112528
112528
112528
112528
112528
112528
112528
112528
112528
112528
112528
112528
112528
112528
112528
110976
110976
110976
110976
110865
110865
110865
110257
110257
110143
110143
110143
110143
110143
110143
110143
110143
110143
110143
110143
110143
110143
110143
110143
110143
109710
109710
109710
109710
109710
109710
109710
109710
109710
109710
109710
109710
109710
109710
109710
109710
109710
109710
109710
108932
108932
108932
108932
108350
108350
108350
108350
108350
108350
108350
108350
108350
108350
108350
108350
107720
107720
107720
107720
107720
107720
107720
107720
106008
106008
106008
104916
104916
104916
104916
104916
104916
104916
104916
104916
104916
104916
104916
104916
104916
104282
104282
104282
104282
104282
104282
104282
104282
104282
104282
104282
104212
104212
104212
104212
104212
104212
104212
104212
104212
104212
104212
104212
104212
104212
104212
104212
103234
103234
103234
103234
103174
103174
103174
103174
103174
103174
103174
103174
103174
103174
103174
103174
103174
103174
103174
103174
103174
101650
101650
101650
101650
101650
101650
101650
101650
101650
101650
101650
101650
101650
101650
101650
101326
101326
101326
101326
101326
101326
101326
101326
101326
101326
101326
101326
101326
101326
101326
101326
101326
101326
100515
100515
100515
100515
99746
99746
99746
99746
99746
99746
99746
99746
99746
99746
99284
99284
99284
99284
99284
99284
99284
99284
99284
99284
99284
99284
99284
99284
98103
98103
98103
98103
98103
98103
98103
98103
98103
98103
98103
98103
98103
98103
98103
98103
98103
98103
98103
97837
97837
97837
97837
97837
96874
96874
96874
96874
96874
96268
96268
96268
96268
96268
96268
96268
96268
96268
96268
95680
95680
95680
95680
95680
95680
95680
95680
95680
95680
95680
94866
94866
94866
94866
94866
94866
94866
94866
94866
94866
94866
94278
94278
94278
94278
94278
94278
94278
94278
94278
94278
94278
94278
94278
93660
93660
93660
93660
93660
93660
93660
93660
93660
93660
93660
93660
93660
93660
93660
93660
93587
93587
93587
93587
93587
93587
93587
93587
93587
93587
93059
93059
93059
93059
93059
93059
93059
93059
93059
92807
92807
92807
92807
92807
92807
92807
92807
92807
92807
92807
92217
92217
92217
92217
92217
92217
92217
92217
92072
92072
92072
92072
92072
92072
92072
92072
92072
92072
92072
92072
92072
92072
92072
92072
92072
92072
92072
91513
90988
90988
90988
90988
90988
90988
90988
90988
90988
90988
90988
90988
90988
90988
89744
89744
89744
89744
89744
89744
89744
89744
89744
89744
89744
89744
89744
89744
89744
89744
89744
88325
88325
88325
88325
88325
88325
88325
88325
88325
88325
88325
88325
88325
88325
88325
88325
88325
88325
88325
88325
87978
87978
87978
87978
87978
87978
87978
87978
87978
87978
87978
87978
86489
86489
86489
86489
86489
86489
86489
86489
86489
86489
86489
86489
86489
86489
86489
86489
86489
86489
86369
86369
86180
86180
86180
86180
86180
86180
86180
86180
86180
86180
86012
86012
86012
86012
86012
86012
86012
86012
86012
86012
86012
86012
86012
84079
84079
84079
84079
84079
81232
81232
81232
81232
81232
81232
81188
81188
81188
81188
81188
81188
81188
81188
81188
81188
81188
81188
81188
81188
81188
81188
81188
81188
80983
80983
80983
80983
80983
80983
80983
80983
80983
80983
80983
80983
80983
80983
80983
80983
80983
80983
80983
80983
80807
80807
80807
79020
78928
78928
78845
78845
78845
78845
78845
78845
78845
78845
78845
78845
78845
78845
78845
78845
78823
78823
78823
78823
78823
78823
78823
78823
78823
78823
78823
78823
78771
78771
78771
78771
78771
78771
78771
78617
78617
78617
78617
78617
78617
78617
78617
78617
78617
78617
78617
78617
78617
78617
78617
78617
78617
78617
78495
78495
78495
78495
78435
78435
78435
78435
78435
78435
78435
78435
78435
78435
78435
78435
78435
78435
78435
78435
75446
75446
75446
75446
75446
75446
75446
75446
75446
75446
75446
75446
75446
75446
75446
75446
75446
75446
75446
75446
74626
74626
74626
74626
74626
74626
74626
74626
74626
74626
74626
74626
74626
74626
74626
74626
74626
74626
74626
73633
73633
73633
73633
73633
73633
73633
73633
73633
73633
73633
73633
73633
73633
73633
73633
73293
73219
73219
73219
73219
73219
73219
73219
73219
73219
73219
73219
71125
71125
71125
71125
71125
71125
71125
70455
70455
70455
70455
70455
70455
70455
70455
70455
70455
70455
70455
70455
70420
70420
70420
70185
70185
70185
70185
70185
70185
70185
70185
70185
70185
70185
70001
68589
68589
68589
68589
68589
68589
68589
68589
68589
68589
68589
68589
68589
68589
68589
68589
68589
68589
68588
68588
68588
68588
68588
68588
68588
68588
68588
68588
68588
68588
68588
68588
68588
68588
68588
68588
68588
68588
66385
66385
66385
66385
66385
66385
66173
66173
66173
66058
66058
66058
66058
66058
66058
66058
66058
66058
66058
66058
66058
66058
66058
66058
66058
66058
65327
65327
65327
65327
65327
65327
65327
65251
65251
65251
65251
65251
65251
65251
65251
65251
65251
65251
65167
65167
65167
65167
65167
65167
65167
65167
65167
65167
64858
64858
64858
64858
64858
64858
64858
64858
64858
64858
64858
64858
64858
64136
64136
64136
64136
64136
64136
64136
64136
64136
64136
63489
63489
63489
63489
63489
63489
63489
63489
63489
63489
63489
63489
63489
63407
63407
63407
63407
63407
63407
63407
63407
63407
63407
63407
62472
62472
62311
62311
62311
62311
62311
62311
62311
62311
61991
61991
61991
61991
61991
61991
61991
61991
61991
61991
61991
61991
61991
61991
61991
61991
61991
61991
61968
61968
61968
61968
61968
61968
61968
61968
61968
61968
61968
61968
61968
61968
61968
61968
61968
61968
60319
60319
60319
60319
60319
60319
60319
60319
60319
60319
60319
60319
60319
60319
60319
60319
60319
60319
60319
60274
60274
60274
60274
60274
60274
60274
58536
58536
58536
58536
58536
58536
58536
58536
58536
58536
58536
58536
58036
58036
58036
58036
57861
57861
57861
57861
57861
57861
57861
57861
57861
57861
57861
57861
57861
57861
57425
57425
57425
57425
57425
57425
57425
57425
57425
57425
57425
56848
56848
56848
56848
56848
56848
56848
56848
56848
56848
56848
56848
56848
56848
56848
56629
56629
56629
56629
56629
55553
55553
55553
55553
55553
55553
55553
55553
55553
55553
55553
55553
55553
55553
55330
55330
55330
55330
55330
55330
55330
55330
55330
55330
55330
55330
55330
55330
55330
55260
55260
55260
55260
55260
55260
55260
55260
55260
55260
55260
55260
55260
55260
55260
54791
54791
54791
54791
54791
54791
54791
54791
54791
54791
54791
54791
54791
54791
54791
54791
54791
52574
52574
52574
52574
52574
52574
52574
52574
51593
51593
51593
51593
51593
51593
51593
51593
51593
51593
51593
51593
51593
51593
51593
51593
51593
51593
51593
51593
50415
50308
50308
50308
50308
50308
50308
50308
50308
50308
50308
50308
50308
50308
50308
50308
50308
50308
50308
50124
50124
50124
50124
50124
50124
50124
50124
50124
50124
50124
50124
50124
50124
50124
50124
49924
49924
49924
49924
49924
49924
49924
49924
49924
49924
49924
49924
49924
49924
49924
49924
49924
49924
49924
48192
48192
48192
48192
48192
48192
48192
48192
48192
48192
48192
48192
48192
48192
48192
48192
47044
47044
47044
47044
47044
47044
47044
47044
47044
47044
47044
46653
46653
46653
46653
46653
46653
46450
46450
46450
46450
46450
46450
46450
46450
46450
46450
44391
44391
44391
44391
44391
44391
44391
44391
44391
44391
44391
44391
44391
43554
43554
43554
43554
43554
43554
43554
43554
43554
43554
43554
43554
43554
43554
43554
43554
43554
43554
42614
42614
42614
42614
42614
42614
42614
42614
42614
42614
42614
42586
42586
42586
42586
40489
40489
40489
40489
40489
40489
40489
40489
40489
40489
40489
40489
40489
40489
40489
40489
40489
40489
40202
40202
40202
40202
40202
40202
40202
40202
40202
40202
40202
40202
40202
40202
40202
40202
40202
39464
39464
39464
39464
39464
39464
39464
39464
39464
39464
39464
39464
39464
39464
39464
39464
39464
39464
39464
39464
39292
39292
39292
39292
39292
39292
39292
39292
39292
39292
39292
39292
39292
39292
39292
39292
39292
39292
39292
39292
36322
36322
36322
36322
36322
36322
36322
36322
36322
35975
35975
35975
35975
35975
35975
35975
35975
35975
35975
35975
35975
35975
35975
35975
35252
35252
35252
35252
35252
35252
35252
35252
35252
35252
35252
35252
34877
34877
34877
34877
34877
34877
34877
34877
34877
34877
34877
34877
34877
34877
34877
34877
34877
34877
34877
34877
34766
34766
34766
34766
34766
34298
34298
34298
34298
34298
34298
34298
34298
34298
32676
32676
32676
32676
32676
32676
32676
32676
32676
32676
32676
32676
32676
32676
32676
32676
32676
32676
31666
31666
31666
31666
31349
31349
31349
31349
31349
31349
31349
31349
31349
31349
31349
30618
30618
30618
30618
30618
30618
30618
30618
30618
30618
30618
30618
30618
30618
29373
29373
29373
29373
29373
29373
29373
29373
29373
29373
29373
29373
29373
29373
29373
29373
29373
29373
29373
28726
28726
28726
28726
28726
28726
28726
28527
28527
28527
28527
28527
28527
28527
28527
28510
28510
28510
28510
28510
28435
28435
28435
28435
28435
28435
28435
28435
28435
28435
28435
28421
28421
28421
28042
28042
28042
28042
28042
28042
28042
28042
28042
28042
28042
27176
27176
27176
27176
27176
27176
27176
27176
27176
27176
27176
27176
27176
27176
27176
26817
26817
26817
26817
26817
26817
26817
26817
26817
26817
26817
26817
26817
26817
26817
26817
26817
26817
26817
26492
26492
26492
26492
26492
26492
26492
26492
26492
26492
26492
26492
26492
26492
26169
26169
26169
26169
26169
26169
26169
26169
26169
26169
26169
26169
26169
26169
26169
26169
23826
23826
23826
23826
23573
23329
23329
23329
23329
23329
22934
22934
22934
22934
22934
22934
22373
22373
22373
22373
22373
22373
22243
22243
22243
22243
22243
22243
22226
22226
22226
22226
22226
22226
22226
22226
22226
22226
22226
21902
21902
21902
21902
21902
21902
21902
21902
21902
21902
21902
21902
20025
20025
20025
20025
20025
19232
19232
19232
19232
19007
19007
19007
19007
19007
19007
19007
19007
19007
19007
19007
19007
19007
19007
19007
19007
19007
19007
18033
18033
18033
17613
17613
17613
17613
17613
17613
17272
17272
17272
17272
17272
17272
17272
17272
17272
17272
17272
16624
16624
16624
16624
16624
16624
16624
16624
16624
16624
14426
14426
14426
14426
14426
14426
14426
14426
14426
14426
14426
14426
14426
14426
14426
13161
13161
13161
13161
13161
13161
12608
12608
12608
12608
12608
12608
12608
12608
12608
12608
12608
12608
12608
12608
11719
11719
11719
11719
11719
11719
11719
11719
11719
11719
11719
11719
10372
10372
10372
10372
10372
8779
8779
8779
8779
8779
8779
8779
8779
8779
8779
8779
8779
8779
8779
8779
8779
8779
8779
8779
8779
8453
8453
8453
8453
8453
8453
8453
8453
8453
8453
8453
8453
8453
8453
8453
7744
7744
7744
7744
7744
7744
7744
7744
7744
7744
7744
7744
7744
7744
7744
7391
7391
7391
7391
7391
7391
7391
7391
7391
7391
7391
7391
7391
7391
7391
7391
6851
6851
6851
6851
6851
6851
6851
6851
6851
6851
6396
6396
6396
6396
6396
6396
6396
6396
6396
6396
6396
4295
4295
4295
4295
4295
4295
4295
4295
4295
4295
3589
3589
3589
3589
3589
