2697
500000
333271
333271
333271
333271
333271
333271
333271
333271
333271
333155
333155
333155
333155
333155
333155
333155
333155
333155
333155
333155
330502
330502
330502
330502
330502
330502
330502
330502
330502
330502
330502
330204
330204
330204
330204
330204
330204
330204
330204
330204
330204
330204
330204
330204
330204
330204
330204
330204
330204
330204
327467
327467
327467
327467
327467
327467
327467
327467
327467
327467
327467
327467
327467
327467
327467
327467
327467
327467
327467
327467
324943
324943
324943
324943
324943
324943
324943
324943
324943
324943
324943
324074
324074
324074
324074
324074
324074
322627
322627
322627
322627
322627
322627
322627
322627
322627
322627
322627
322627
322076
322076
322076
322024
322024
322024
322024
322024
322024
322024
322024
322024
322024
322024
322024
322024
322024
321258
321258
321258
321258
321258
321258
321258
321258
320946
320946
320946
320946
320946
320946
320946
320946
320650
320650
320650
320650
320650
320650
320650
320650
320650
320650
320650
320525
320525
320525
320525
320525
320525
320525
320525
320525
320525
320525
320525
320525
320525
320525
320525
320525
320525
320525
320525
319484
319484
319484
319484
319484
319484
319484
319484
319484
319484
319484
319484
318369
318369
318369
318369
318369
318369
318369
318369
318369
318369
318369
318369
318369
318369
318369
316994
316994
316994
316994
316994
316994
316994
316994
316994
316994
316994
316994
316994
316994
316994
316994
316994
316994
316652
314732
314732
314732
314732
314732
314732
314732
310760
310760
310760
310760
310760
310760
310760
310760
310760
310760
310760
310760
310760
310760
310760
310760
308121
308121
308121
308121
308121
308121
308121
308121
308121
308121
308121
308121
308121
308121
308121
308121
308121
307182
307182
307182
307182
307182
307182
307182
305973
305973
305973
305973
305973
305973
305973
305973
305973
305973
305973
305973
305973
305973
305973
305085
305085
305085
305085
302229
302229
302229
302229
302229
302229
302229
302229
302229
302229
302229
302229
302229
302229
302229
302229
302229
302229
302229
302229
301740
301740
301740
301740
301740
301740
301740
301740
301740
301740
301740
301740
301740
301740
301740
301740
301740
301315
301315
301315
301315
301315
301315
301315
301315
301315
300732
300732
300732
300732
300732
300732
300732
300732
300732
300732
300732
300732
300732
300732
300732
300732
300732
300732
298987
298987
298987
298987
298987
298987
298987
298987
298987
298987
298987
298987
298987
298987
298987
298987
298987
298650
298650
298650
298650
298650
298650
298650
298650
298650
298650
298650
298650
298650
298048
298048
298048
298048
298048
298048
298048
294740
294740
294740
294740
294740
294740
294740
294740
294740
294740
294740
294740
294740
294740
294740
294740
294740
294000
294000
294000
294000
294000
294000
294000
294000
294000
293211
293211
293211
293211
293211
293211
293211
293211
293211
293211
293211
292564
292564
292564
288030
288030
288030
288030
288030
288030
288030
288030
288030
288030
288030
288030
288030
288030
288030
288030
288030
286499
286499
286499
286499
286499
286499
286499
286499
286499
286499
286499
286499
286499
286499
286479
286479
286479
286479
286479
286479
286479
286479
286479
286479
286479
284465
284465
284465
283880
283880
283880
283880
283880
283880
283880
283880
283880
283880
283880
283880
283880
283880
283880
283880
283880
283880
283880
283794
283794
283794
283794
283794
283794
283794
283794
283794
283794
283794
283794
283794
281985
281985
281985
280684
280684
280684
280684
279985
279985
279985
279985
279985
275540
275540
275540
275540
275540
275540
275540
275540
275540
275540
275540
275540
275540
275540
275540
275540
275540
275540
275540
275540
267407
267407
267407
267407
267407
267407
267407
267407
267407
267407
267407
267407
267017
267017
267017
267017
267017
267017
267017
267017
267017
267017
267017
267017
267017
267017
267017
267017
267017
264343
264343
264343
264343
264343
264343
264343
264343
264343
264343
264343
264343
264343
264343
264343
264343
264343
264343
263232
263232
263232
263232
263232
263232
263232
263232
263232
263232
263232
263232
263232
263232
263232
263232
263232
263232
263232
263232
261797
261797
261797
261797
261797
261797
261797
261797
261797
261797
261797
260031
260031
260031
260031
260031
260031
260031
260031
260031
260031
260031
260031
260031
260031
260031
260031
259910
259910
259910
259910
258778
258778
258778
258172
258172
258172
258172
258172
258172
258172
258172
258172
258172
258172
258172
258172
258172
258159
258159
258159
258159
258159
258159
258159
258159
258159
258159
258159
258159
258159
258159
258144
258144
258144
258144
258144
258144
258144
258144
258144
258144
258144
258144
258144
258144
258144
258144
258144
258144
258144
258144
257996
257996
257996
257996
257996
257996
257996
257996
257996
257996
257996
257996
257996
257996
257996
257996
256117
256117
256117
256117
256117
256117
256117
255961
255961
255961
255961
255961
255961
255961
255961
255961
255961
255961
255961
255961
255961
255961
255961
255961
255961
255584
255584
255584
255584
255584
255584
255584
255584
255584
255526
255526
255526
255526
255526
255526
255526
255526
255526
255526
255526
255526
255526
255526
255526
255526
255526
255526
254925
254925
254925
254925
254925
254925
254925
254925
254925
254925
254925
254925
254925
254925
254925
254925
254925
254759
254759
254759
254759
254759
254759
254759
254759
254759
254759
254759
254759
253607
251218
251218
251218
251218
251218
251218
251218
251218
251218
251218
251218
251218
250983
250983
250983
250983
250719
250719
250719
250719
250719
250719
250719
250719
250719
250719
250719
250719
250719
249494
249494
249494
249494
249494
249494
249494
249494
249494
249494
249494
248888
248888
248888
248888
248888
248888
248888
248888
248888
248888
248888
248888
248888
248888
248888
248888
248888
248888
248888
248888
248644
248644
248644
248644
248644
248644
248644
248644
248644
248644
248644
248644
248644
248644
248644
248644
248644
248644
248591
248591
248591
248591
248591
248322
248322
248322
248322
248322
248322
248322
246431
246431
246431
246431
246431
246431
246431
246431
246431
246431
246431
244592
244592
244592
244592
244592
244592
244592
244592
244592
244592
244592
244027
244027
244027
244027
244027
241524
241524
241524
241524
241524
241524
241524
241524
241524
241524
241524
241524
241524
241524
241524
241524
241524
241524
241524
238824
238824
238824
238824
238824
238824
238824
238824
238824
238824
238824
238824
238824
238824
238824
238824
238824
238824
238824
238824
237877
237877
237877
237877
237877
237877
237877
237877
237877
237877
237877
237877
235842
235842
235842
235842
235842
235842
235842
235513
235513
235513
235513
235513
235513
235513
235513
235513
235513
235513
235513
234465
234465
234465
234465
234465
234465
234465
228224
228224
228224
228224
228224
228224
228224
228224
228224
228224
228224
228224
227904
227904
227904
227904
227904
227904
227904
227904
227904
227904
227904
227904
227904
227904
227904
226117
226117
226117
226117
226117
224776
224776
224776
224776
224776
224776
224776
224776
224776
224776
224776
224776
224776
224776
224776
224776
224776
224776
224776
223761
223761
223761
223761
223761
223761
223761
223761
223761
223761
223761
223761
223761
223761
223761
223761
222132
222132
222132
222132
222132
222132
222132
222132
222132
222132
222132
222132
221235
221235
221235
221235
221235
221235
221235
221235
221235
221235
221235
221235
221235
221235
221235
221096
221096
221096
221096
221096
221096
221096
220405
220405
220405
220405
220405
220405
220405
220405
220405
220405
220405
220405
220405
220405
220233
220233
220233
220233
220233
218396
218396
218396
218396
218396
218396
218396
218396
218396
218396
216586
216586
216586
216586
216586
216586
214547
214547
214547
214547
214547
214547
214547
214547
214547
214547
214547
214547
214547
214547
213872
213872
213872
213872
213872
213872
213872
213872
213872
213172
213172
213172
213172
213172
213172
213172
213172
213172
213172
213172
213172
212639
212639
212639
212303
212303
212303
212303
212303
212303
211885
211885
211885
211550
211550
211550
211550
211550
211550
211550
211550
211550
211550
211550
211550
211047
211047
211047
211047
211047
211047
211047
211047
211047
210801
210801
210801
210801
210801
210801
210801
210801
210651
208457
208457
208457
208457
208457
208457
208457
208457
207475
207475
205661
205661
205661
205661
205661
205661
205661
205661
205661
205661
205661
205661
205661
205661
205661
205661
205661
205661
205407
205407
205407
205407
205407
205407
205407
205407
205407
203160
203160
203160
203160
203160
203160
203160
203160
203160
203160
202440
202440
202440
202440
202440
202440
202440
202440
202440
202440
202440
202440
202440
200257
200257
200257
200257
200257
200257
200257
200257
200257
200257
200257
200257
199476
199476
199476
199476
199476
197554
197554
195189
195189
195189
195189
195189
195189
195189
195189
195189
195189
195189
195189
195189
195189
193378
193378
193378
193378
193378
193378
193378
193378
193378
193378
193378
193378
193378
193378
193378
193378
193378
193378
193378
192605
192605
192605
192605
192605
192605
192605
192605
192605
192605
192605
192605
192605
192605
192605
192605
192526
192526
192526
192526
192526
192526
192526
192526
192526
192526
192526
192526
192526
192526
192526
192526
192526
192526
192526
192526
191501
191501
191501
191501
191501
191501
191501
191501
191501
191501
189019
189019
189019
189019
189019
189019
189019
189019
189019
189019
189019
189019
189019
189019
189019
189019
189019
188239
188239
188239
188111
188111
188111
188111
188111
188111
188111
188111
188111
188111
188111
188111
187086
187086
187086
187086
187086
187086
187086
187086
187086
187086
187086
187086
186266
186076
186076
186076
186076
186076
186076
186076
186076
186076
186076
186076
186076
186076
184572
184572
184572
184572
184572
184572
184572
181200
181200
181200
181200
181200
178996
178996
178996
178996
178996
178996
178996
178996
178996
178996
178996
178996
178996
177164
177164
177164
177164
177164
177164
174814
174814
174814
174814
174814
174814
174814
174814
174739
174739
174739
174739
174739
174739
174513
174513
174513
174513
174513
174513
174513
174513
174513
174513
174513
174513
174513
174513
174513
174513
174513
174513
174513
173139
173139
173139
169698
169698
169698
169698
169698
169698
169698
167149
167149
167149
167149
167149
167149
167149
167149
167149
167149
166712
166712
166712
166712
166238
166238
166238
164929
164929
164929
164929
164929
164929
164929
164929
164929
164929
164929
164929
164929
164929
164929
164929
164929
164929
164929
164929
162666
162666
162666
162666
162666
162666
162666
162666
161414
161414
161414
161414
161414
161414
161414
161414
161414
161414
161414
161414
161414
161414
161414
161414
161414
161414
161414
161414
160537
160537
160537
160537
160537
160537
160537
155810
155810
155810
155810
155810
155810
155810
155810
155810
154407
154407
154407
154407
154407
154407
154407
154407
154407
154407
154407
154407
154407
154407
154407
154407
154225
154225
154225
154225
154225
154225
154225
154225
154225
154225
154225
154225
154225
154225
154225
149287
149287
149287
149287
149287
149287
149287
149287
149287
141253
141253
141253
141253
141253
141253
141253
141253
141253
141253
140652
140652
140652
140652
140652
140652
140652
140652
140652
140652
140652
140652
140652
140652
140652
138771
138771
138771
138771
138771
138474
138474
138474
138474
138474
138474
136871
136871
136871
136871
136871
136871
136871
136871
136871
131951
131951
131951
131951
131951
131951
131951
131951
131951
131951
131951
131951
131951
131951
131951
131951
129206
129206
129206
129206
128867
128867
128867
128867
128867
128867
128867
128867
128867
128867
128867
128867
128867
128867
128867
128867
127816
127816
127816
127816
127816
127816
127816
127816
127816
127816
127816
127816
127816
127816
127816
127816
127816
127816
125461
125461
125461
125461
125461
125461
125461
125461
125461
125461
125461
125461
125461
125461
125461
125461
125461
125461
125461
125461
125360
125360
125360
125360
125214
125214
125214
125214
125214
125214
125214
125214
125214
125214
125214
125214
125214
125214
122727
122727
122727
122727
122727
122727
122727
122727
122727
122727
122727
122727
122727
120254
120254
120254
120254
120254
120254
120254
120254
120254
120254
120254
119285
119285
119285
119285
119285
119285
118376
118245
118245
118245
118245
118245
118245
117164
117164
117164
117164
117164
117164
117164
117164
117164
117164
117164
117164
115145
115145
115145
115145
115145
115145
115145
115145
115145
115145
115145
115145
115145
115145
115145
115145
115145
115145
114476
114476
114476
114476
114476
114476
114476
114476
114476
114476
114476
114476
114476
114476
114476
114476
114476
114476
112705
112705
112705
110199
110199
110199
110199
110199
110199
110199
110199
110199
110199
108457
105412
105312
105312
105312
105312
105312
105312
105312
105312
105312
105312
105312
104673
104673
104673
104673
104673
104673
104673
104673
104673
104673
104673
102522
102522
102522
102522
102522
102522
102522
101045
101045
101045
101045
101045
101045
101045
101045
101045
101045
101045
101045
101045
98562
98562
98562
98562
98562
98562
98562
98562
98562
98562
98562
98562
98562
98562
98562
97886
97886
97886
97886
97886
97886
97886
97886
97886
97886
97886
97886
97886
97886
97886
92772
92772
92772
92772
92772
92772
92772
92772
92772
92772
92066
92066
92066
92066
92066
92066
92066
92066
92066
92066
92066
92066
92066
92066
89693
89693
89693
89693
89693
89693
89693
89693
89693
89693
89693
89693
89693
89693
89693
89693
89693
89128
89128
89128
89128
87866
87866
87866
87866
87866
87866
87866
87866
87866
87866
87866
87866
87866
87866
87866
87866
87866
86098
86098
86098
86098
86098
86098
86098
86098
86098
84157
84157
84157
84157
84157
84157
84157
84157
84157
84157
84157
84157
84157
84157
84157
84157
84157
84157
84157
84066
84066
84066
84066
84066
84066
84066
84066
84066
84066
84066
83759
83759
83759
83759
83759
83759
83759
83759
83759
83759
83759
83759
83759
81866
81866
81866
81866
81866
81866
81866
81866
81866
81866
81866
81866
81482
81441
81441
81441
78653
78653
78653
78653
78653
78653
78653
78653
78653
78653
78653
78653
78653
77145
77145
77145
77145
77145
77145
77145
77145
77145
77145
77145
77145
77145
77145
77145
77145
77145
77145
74981
74981
74981
74981
74981
74981
74981
74981
74981
74981
74981
74981
74981
74981
74981
74981
74981
74981
74063
74063
71643
69253
69253
69253
69253
69253
69253
69253
68769
68769
68769
68769
68769
68769
68769
68769
68769
68769
68769
68769
68686
68686
68686
68686
68686
68686
68686
68686
68686
68686
68686
68686
68686
68686
68686
68686
68686
68686
68686
66887
66887
66887
66887
66887
66887
66887
66887
66887
66887
66887
66887
66887
66887
65100
65100
65100
65100
65100
65100
65100
65100
65100
65100
65100
65100
65100
65100
63434
63434
63434
63434
63434
63434
63434
63434
63434
63434
63434
63434
63434
63434
63434
63434
62622
62622
62622
62622
62622
62622
62622
62622
62622
62622
62622
62622
62622
62622
62622
62622
62622
62622
59572
59572
59572
59572
59572
59572
59572
59572
59572
58296
57984
57984
57984
57984
57984
57984
55901
54927
54927
54927
54927
54927
54927
54927
54927
54927
54927
52411
52411
52411
52411
52411
52411
52411
52411
52411
52411
50692
50692
50692
50692
50692
50692
50692
50692
50692
50692
50692
50692
50692
50208
50208
50208
50208
50208
50208
50208
50208
50208
50208
50208
50208
50208
50208
50208
50208
50208
50208
50208
50208
48758
48758
48758
48758
48758
48758
48758
48758
48758
48758
48758
48758
47951
47951
47951
47951
44096
44096
44096
44096
44096
44096
42956
42956
42956
42956
42956
42956
42646
42646
42646
42646
41893
41893
37116
37116
37116
37116
37116
37116
37116
37047
37047
37047
37047
37047
37047
37047
36657
36657
36657
36657
36657
36657
36657
36657
36657
36657
36657
36657
36657
36657
36657
36657
36657
36657
36657
35024
35024
35024
35024
35024
35024
35024
34924
34924
34924
34924
34924
34924
32958
32958
32958
32958
32958
32958
32603
32603
32603
32603
32603
32603
32603
32603
32603
32603
32603
32603
32603
32603
32179
32179
32179
32179
31982
26636
26636
26636
26636
26636
26636
26636
26636
26636
26636
26636
26636
26636
26636
26636
26636
26636
26636
26636
26187
26187
24698
24698
24698
24698
24698
24698
24698
24698
24698
24698
24698
24698
24698
24698
24698
24698
24698
24698
24698
24698
24496
24496
24496
24496
24496
24496
24496
24496
24496
24496
24496
24496
24496
24496
24496
24496
24496
24496
24496
24496
23340
23340
23340
23340
23340
23340
23340
23340
23340
23340
23340
23340
23340
23340
23340
23340
23340
22300
22300
22300
22300
22300
22300
22300
22300
22300
22300
22300
22300
21051
21051
21051
21051
21051
21051
21051
21051
21051
21051
21051
21051
21051
21051
21051
21051
21051
20147
20147
20147
20147
20147
19650
19650
19650
19650
19650
19650
18994
18994
18994
18994
18994
18994
18994
16994
16994
16994
16994
16994
16994
16994
16994
16994
16994
16994
16994
16994
16994
16994
16994
16994
16994
16784
16784
16363
16363
16363
16363
16363
16363
16363
16363
16363
16363
16363
16363
16363
15332
15332
15332
15332
15332
14738
14738
14738
14738
14738
14738
14738
14738
14738
14738
14738
14738
14738
14007
14007
14007
14007
14007
14007
14007
14007
14007
14007
14007
14007
14007
14007
14007
14007
14007
13758
13758
13758
13758
13758
13758
13758
13758
13758
13758
13758
13758
13758
13758
13758
13392
13392
13392
13392
13392
13392
13392
13392
13392
13392
13011
13011
13011
13011
13011
13011
13011
13011
13011
13011
12041
12041
12041
12041
12041
12041
12041
12041
12041
12041
12041
12041
12041
12041
12041
12041
12041
12041
12041
11524
11524
11524
11524
11524
11524
11524
11524
11524
10469
10469
10469
10469
10469
10469
10469
10469
10469
10469
10469
10441
10441
10441
10441
10441
10441
10441
10441
10441
10441
10441
10441
10441
10441
10441
10441
10066
10066
10066
10066
10066
10066
10066
10066
10066
9380
9380
9380
9380
9380
9380
9380
9380
9380
9380
9380
9380
9380
9380
7853
7853
7853
5306
5306
5306
5306
5306
5306
5306
5306
5306
5306
5306
5306
5306
5306
5306
5306
5306
5306
5306
5306
4543
4180
4180
4180
4180
4180
4180
4180
4180
3584
3584
3584
