1244
1500000
993792
993792
993792
993792
993792
993792
993792
993792
993792
993792
993792
993246
993246
993246
993246
993246
993246
993246
993246
993246
993246
993246
993246
993246
993246
993246
993246
975504
975504
975504
975504
975504
975504
975504
975504
975504
975504
975504
975504
975504
975504
975504
975504
975504
970568
970568
970568
970568
970568
970568
970568
969297
969297
969297
969297
969297
969297
968985
968985
968985
968985
968985
968985
968985
968985
968985
968985
968985
968985
968985
955235
955235
955235
955235
955235
955235
955235
955235
955235
955235
955235
955235
955235
955235
953291
953291
953291
953291
953291
953291
953291
953291
953291
953291
953291
948912
948912
948912
948912
948912
948912
948912
948912
948912
948912
948912
948912
948912
948912
948912
948912
948912
948912
948912
948912
948551
948551
948551
948551
948551
948551
948551
948551
948551
948551
938088
938088
938088
938088
938088
938088
938088
938088
938088
938088
938088
938088
938088
938088
938088
938088
938088
934895
934895
934895
934895
934895
934895
934895
934895
934895
934895
934895
934895
934895
934895
934895
934895
934895
934895
934895
929042
929042
929042
929042
929042
929042
929042
929042
925016
925016
925016
925016
925016
925016
925016
925016
925016
925016
925016
925016
925016
925016
925016
925016
917447
917447
917447
917447
917447
917447
917447
917447
917447
917447
917447
917447
917447
910843
910843
910843
910843
910843
910843
905225
905225
905225
905225
904917
904917
904917
904917
904917
904917
904917
904917
904917
897121
897121
897121
897121
897121
897121
897121
897121
897121
895132
895132
895132
895132
895132
895132
895132
895132
895132
895132
895132
895132
895132
895132
895132
895132
895132
895132
895132
895132
893767
893767
893767
893767
893767
861781
861781
861781
861781
861781
855997
855997
855997
855997
855997
855997
855997
855997
855997
855997
855997
855997
855997
855997
855997
838748
838748
838748
838748
838748
838748
838748
838748
838748
838748
838748
838748
838748
838748
838748
838748
838483
838483
838483
838483
837150
837150
837150
837150
837150
837150
837150
837150
835741
835741
835741
835741
805905
805905
805905
805905
805905
805905
805905
805905
805905
804633
804633
804633
804633
800210
800210
800210
800210
800210
800210
800210
800210
800210
800210
800210
800210
800210
800210
800210
800210
800210
799380
799380
799380
799380
799380
799380
799380
799380
799380
799380
799380
799380
799380
799380
790086
790086
790086
790086
790086
790086
790086
776912
776912
776912
776912
776912
776912
776912
776912
776912
776912
775002
775002
775002
775002
775002
775002
775002
775002
775002
775002
775002
775002
775002
775002
775002
775002
775002
772893
772893
772893
772893
772893
772893
772893
772893
772893
772893
772893
772893
772893
772893
770557
770557
770557
770557
770557
770557
770557
770557
770557
770557
770557
770557
770557
770557
767997
765313
765313
765313
765313
765313
765313
765313
765313
765313
765313
765313
760773
760773
760773
760773
760773
760773
760773
760773
760773
760773
760773
760773
756393
756393
756393
756393
756393
756393
756393
755170
755170
755170
755170
746186
746186
746186
746186
746186
746186
746186
746186
746186
746186
746186
746186
746186
746186
746186
746186
744842
744842
744842
744842
744842
744842
744842
744842
744842
744842
744842
744842
744842
744842
744842
744842
744842
744842
744842
744842
737776
737776
737776
737776
737776
737776
737776
737776
737776
737776
737776
737776
737776
737776
737776
734515
734515
724333
724333
724333
724333
724333
724333
724333
724333
724333
724333
724333
724333
724333
724333
724333
724333
720405
720405
720405
720405
720405
720405
707802
707802
707802
707802
707802
707802
707802
707802
707802
707802
707802
707802
707802
702159
702159
702159
702159
702159
702159
702159
702159
702159
702159
702159
702159
702159
702159
702159
702159
702159
696865
696865
696865
696865
696865
696865
696865
696865
696865
696865
692630
692630
692630
692630
692630
692630
692630
692630
692630
692630
692630
685428
685428
685428
685428
685428
685428
685428
685428
685428
685428
685428
685428
684306
684306
684306
684306
684306
684306
684306
684306
683305
683305
683305
683305
683305
683305
683305
683305
683305
683305
683305
683305
683305
683305
683305
683305
683305
681708
681708
681708
681708
676739
676739
676739
676739
676739
676739
676739
676739
676199
676199
676199
676199
673505
673505
673505
673505
673505
673505
673505
666017
666017
666017
666017
666017
666017
666017
666017
666017
666017
666017
666017
666017
666017
666017
666017
657447
657447
657447
657447
657447
657447
657447
657447
657447
642878
642878
642878
642878
642878
642878
642878
642878
642878
642878
642878
642878
642878
642878
642878
642878
642878
642384
642384
642384
642384
642384
642384
642384
642384
642384
642384
642384
631306
631306
631306
631306
631306
629157
629157
612655
612655
612655
612655
612655
612655
612655
612655
612655
612655
612655
603072
603072
603072
603072
603072
600925
600925
600925
599157
599157
599157
599157
599157
599157
599157
599157
599157
599157
599157
599157
599157
599157
599157
599157
599157
595724
595724
595724
595724
595724
595724
595724
595724
595724
595724
595724
595724
595724
595724
595724
595724
595724
595724
573725
573725
573725
573725
573725
573725
573317
573317
573317
573317
573317
573317
573317
573317
573317
573317
571548
571548
571548
571548
571548
571548
571548
571548
571548
571548
571548
571548
571548
571548
565807
565807
565807
565807
565807
565807
565807
565807
565807
565807
565807
552490
552490
552490
552490
552490
552490
552490
552490
552490
552490
552490
552490
552490
552490
552490
540216
540216
540216
540216
540216
540216
540216
540216
540216
540216
540216
540216
540216
534312
534312
534312
534312
534149
534149
534149
534149
534149
534149
534149
534149
534149
534149
534149
534149
524596
524596
524596
524596
524596
524596
524596
524596
492198
492198
492198
492198
492198
492198
492198
492198
492198
482859
482859
482859
482859
482859
482859
482859
482859
482859
482859
481195
481195
481195
481195
481195
481195
481195
481195
481195
481195
481195
481195
481195
481195
480038
480038
480038
480038
480038
470409
455709
455709
455709
455709
455709
455709
455709
455709
455709
455709
455709
455709
455709
455289
455289
455289
438072
438072
438072
438072
438072
438072
435684
435684
435684
435684
435684
435684
435684
435684
435684
435684
435684
435684
435684
435684
435684
435684
435022
432375
432375
432375
432375
432375
432375
432375
432375
432375
432375
432375
429029
429029
429029
429029
429029
429029
429029
429029
429029
427873
427873
427873
427873
427873
427873
397516
397516
397516
397516
397516
397516
397516
397516
387679
380185
380185
380185
380185
380185
377137
377137
377137
377137
377137
377137
375611
375611
375611
375611
375611
375611
374778
374778
374778
374778
374778
374778
374778
374778
374778
374778
374778
374778
374778
374778
374778
374778
371426
371426
371426
371426
371426
371426
371426
371426
371426
371426
371063
371063
371063
371063
371063
371063
371063
371063
365925
361277
361277
361277
361277
361277
356797
353220
353220
353220
353220
353220
353220
353220
353220
353220
353220
353220
353220
351235
351235
351235
351235
351235
351235
351235
351235
351235
351235
351235
351235
351235
351235
351235
351235
326025
326025
326025
319521
319521
319521
319521
319521
319521
319521
319521
319521
319521
319521
319521
319521
319521
317412
317412
300722
300722
300722
300722
300722
300722
300722
300722
300722
300722
300722
300722
300722
300722
298242
298242
298242
284692
284692
284692
284692
284692
284692
284692
284692
284692
284692
284692
284692
284692
279146
279146
279146
279146
279146
279146
279146
279146
279146
279146
279146
279146
279146
274695
274695
274695
274695
274695
274695
274695
274695
273591
273591
273591
273591
273591
273591
273591
273591
273591
273591
273591
273591
273591
273591
266833
265378
265378
265378
265378
265378
265378
265378
265378
265378
265378
265378
265378
265378
265378
256953
256953
256953
256953
256953
256953
256953
256953
256953
251018
251018
251018
251018
251018
251018
251018
251018
251018
251018
251018
251018
251018
251018
243997
243997
243997
243997
243714
243714
243714
243714
243714
243714
243714
243714
243324
243324
243324
243324
243324
243324
243324
243324
243324
243324
243324
243324
242861
242861
242861
242861
242861
242861
242861
242861
242861
242861
242861
242861
242861
242861
242861
242861
242861
242861
242861
237744
237744
237744
237744
237744
237744
237744
237744
237744
237744
237744
237744
237744
237744
237744
237744
237744
222684
209408
209408
209408
209408
209408
201910
201910
201910
201910
201910
201910
201910
201910
201910
201910
201910
201910
201910
201910
201910
201910
201910
201910
201910
201910
