1275
1500000
976955
976955
976955
976955
976955
976955
976955
976955
976955
976955
976955
976955
976461
976461
976461
976461
976461
976461
976461
976461
976461
976461
970664
970664
970664
970664
970664
970664
970664
970664
970664
970664
970664
970664
958619
958619
958619
958619
958619
958619
958619
958619
958619
958619
958619
958619
958619
958619
958619
958619
958619
958619
958619
958619
947193
947193
947193
947193
947193
947193
947193
947193
947193
947193
947193
946616
946616
946616
946616
946616
946616
946616
946616
939050
939050
939050
939050
939050
939050
939050
939050
939050
939050
939050
937434
937434
937434
937434
937434
937434
937434
937434
937434
937434
937434
937434
937434
937434
937434
937434
937434
937434
937434
937434
928808
927907
927907
927907
927907
927907
924188
924188
924188
924188
924188
924188
924188
924188
924188
924188
924188
924188
924188
924188
924188
924188
924188
924188
924188
924188
923052
923052
883560
883560
883560
883560
883560
883560
883560
883560
883560
883560
883560
882425
882425
882425
882425
882425
882425
882425
882425
882425
882425
882425
882425
866121
866121
866121
866121
866121
866121
866121
866121
866121
866121
866121
866121
866121
866121
866121
866121
866121
866121
866121
857707
857707
857707
857707
857707
857707
857707
857707
857707
857707
857707
857707
857707
857707
857707
857707
857707
857707
854929
854929
854929
854929
854929
854929
854929
854929
854929
854929
854929
854929
854929
854929
854929
854929
854929
854929
854929
854929
837832
837832
837832
837832
837832
837832
837832
837832
837832
837832
837832
837832
837832
837832
837832
837832
835420
835420
835420
835420
835420
835420
835420
835420
835420
835420
835420
835420
835420
835420
835420
835420
835420
835420
835420
831555
831555
831555
811760
811760
811760
811760
811760
811760
811760
811760
811760
811760
811760
811760
811760
811760
807707
807707
807707
807707
807707
807707
807707
807707
807707
807707
800581
800581
800581
800581
800581
800581
800581
800581
800581
800581
800581
800581
800581
800581
800581
797208
797208
797208
797208
797208
797208
797208
797208
797208
797208
797208
797208
797208
797208
797208
797208
797208
797208
797208
797208
783837
783837
783837
783837
783837
783837
783837
783837
783837
783837
777034
777034
777034
777034
777034
777034
777034
777034
777034
777034
777034
777034
777034
777034
777034
777034
777034
777034
777034
777034
775910
775910
775910
775910
775910
775910
775910
775910
775910
775910
775910
775910
775910
775910
775910
764870
764870
764870
764870
764870
764870
764870
764870
764870
764870
751422
751422
751422
751422
751422
751422
751422
751422
751422
751422
751422
751422
751422
749173
749173
749173
749173
749173
749173
749173
749173
749173
749173
749173
749173
743679
743679
743679
743679
743679
743679
743679
743679
743679
743679
743679
743679
743679
743477
743477
743477
743477
743477
743477
743477
743477
743477
743477
743477
743477
743477
743003
742759
742759
742759
742759
742759
742759
742759
742759
742759
742759
742759
742759
742759
742759
742759
742759
742759
735571
735571
724918
724918
724918
724918
724918
724918
721007
721007
721007
721007
721007
721007
721007
721007
721007
721007
721007
721007
721007
721007
721007
719289
719289
719289
719289
719289
719289
719289
714659
714659
714659
714659
714659
714659
714659
714659
714659
714522
714522
714522
714522
714522
714522
714522
714522
714522
714522
714522
714522
714522
714522
714522
714522
711789
711789
711789
711789
711789
711789
711789
711789
711789
711789
711789
711789
711789
711789
711789
711298
706144
706144
705966
705966
705966
705966
705966
702833
702833
702833
702833
702833
698355
698355
698355
698355
698355
698355
698355
698355
698355
698355
698355
698355
694475
694475
694475
694475
694475
694475
694475
694475
694475
694475
694475
694475
694475
694475
694475
694475
694475
694475
694475
694475
693974
693974
693974
693974
693974
693974
693974
693974
693974
693974
693974
693974
693974
693974
693974
693974
693974
693974
693974
681157
681157
681157
681157
681157
681157
681157
681157
681157
681157
678821
678821
678821
678821
678821
678821
678821
678821
678821
678821
678821
678821
678821
678821
678821
675288
675288
675288
675288
671999
671999
671999
671999
671999
671999
671999
670948
670948
670948
670948
670948
670948
670948
670948
670948
670948
670948
670948
670948
670948
670948
670948
670948
670948
670948
668633
668633
668633
668633
663670
663670
663670
663670
663670
663670
663670
663670
663670
663670
663670
663670
663670
663670
663670
658465
658465
658465
658465
658465
658465
658465
658465
658465
658465
658465
658465
658465
658465
658465
651040
651040
651040
651040
651040
651040
651040
651040
651040
651040
651040
649821
649821
649821
649821
649821
649821
638394
638394
638394
638394
638394
617284
617284
617284
617284
617284
617284
617284
617284
617284
617284
617284
617284
616727
616727
616727
608831
608831
608831
604255
604255
604255
604255
604255
604255
604255
604255
604255
604255
604255
604255
604255
604255
604255
604255
604255
601720
601720
601720
601720
601720
601720
601720
601720
601720
601720
601720
601720
601720
599642
599642
599642
599642
599642
599642
599642
599642
599642
599642
599642
599642
599642
599642
599642
599642
599642
599642
599642
599642
595616
595616
595616
593910
593910
593910
593910
593910
593910
593910
588483
588483
588483
588483
588483
588483
588483
588483
588483
588483
588483
588483
588483
588483
588483
588483
578623
578623
578623
578623
578623
578623
578623
578623
578623
578623
578623
578623
578623
578623
578623
578623
578623
578623
573441
573441
573441
573441
573441
573441
548154
548154
545350
545350
545350
545350
545350
545350
545350
545350
545350
545350
545350
545350
545350
545350
545350
545350
545350
545350
545350
545350
543050
543050
543050
543050
543050
541703
541154
541154
541154
541154
541154
541154
541154
539721
539721
539721
539721
534010
534010
534010
533262
533262
533262
533262
533262
533262
533262
533262
533262
533262
533262
533262
516527
516527
516527
516527
516527
516527
516527
516527
516527
516527
516527
516527
516527
516527
516527
510918
510918
510918
510918
510918
510918
510918
510918
510918
510918
510918
510918
510918
503907
503907
503907
503907
503907
503907
503907
503907
503907
499626
489396
489396
489396
489396
489396
489396
489396
489396
489396
489396
489396
489396
489396
489396
489396
489396
489396
489396
489396
481273
465076
465076
465076
465076
455910
455910
455910
455910
455910
455910
455910
455910
455910
443134
443134
443134
443134
443134
443134
443134
443134
443134
443134
439690
439690
439690
439690
439690
439690
439690
439690
439690
435407
435407
435407
435407
435407
435407
435113
435113
435113
435113
435113
435113
435113
435113
435113
435113
435113
432134
432134
432134
432134
432134
432134
432134
432134
432134
432134
432134
432134
432134
432134
432134
432134
432134
432134
432134
429818
429818
419931
419931
419931
416535
416535
402470
402470
402470
402470
402470
402470
402470
402470
402470
402470
402470
402470
402470
397672
397672
397672
397672
397672
397672
397672
397672
397672
397672
397672
397672
397672
397672
397672
397672
397672
395690
395690
395690
395690
395690
395690
395690
395690
393922
393922
393922
393922
393922
393922
383639
382648
382648
382648
382648
382648
382648
382648
382648
382648
382648
382648
382648
382648
375390
375390
375390
375390
375390
375390
375390
375390
375390
375390
375390
375390
375390
375390
375390
375390
375390
375390
373992
373992
373992
373992
373992
369413
369413
369413
369413
369413
369413
369413
369413
369413
369413
359789
359789
359789
359789
359789
356797
356797
356797
356797
356797
356797
356797
356797
356797
356797
348903
348903
348903
348903
348903
348903
348903
348903
348903
348903
348903
348903
348903
348903
348903
347294
340327
340327
340327
340327
340327
340327
340327
340327
340327
340327
340327
340327
340327
340327
340327
340327
340327
340327
340327
321295
321295
321295
321295
321295
321295
318530
318530
318530
318530
318530
318530
318530
318530
318530
318530
316273
316273
316273
316273
316273
316273
316273
316273
316273
316273
316273
310199
310199
310199
310199
310199
310199
310199
310199
310199
310199
310199
310199
310199
310199
310199
310199
310199
310199
310199
283637
283637
283637
283637
283637
283637
283637
283637
277633
277633
277633
277633
277633
277633
277633
277633
277633
277633
277633
277633
277633
277633
277633
277633
277633
269707
269707
269707
269707
269707
269707
269707
269707
269707
269707
269707
269707
269707
269707
269707
258301
258301
258301
258301
258301
258301
258301
258301
254454
254454
254454
254454
254454
243252
243252
243252
243252
243252
243252
243252
243252
243252
243252
243252
234756
234756
234756
227817
227817
227817
227817
227817
227817
227817
227817
227817
227817
223544
223544
223544
223544
223544
223544
223544
223544
223544
223544
223544
223544
223544
222145
222145
222145
219347
217390
217390
217390
205133
205133
205133
205133
205133
205133
205133
205133
