1388
1500000
993267
993267
993267
993267
993267
993267
993267
984127
984127
967726
967726
967726
967726
967726
967726
967726
967726
967726
967726
967726
967726
967726
967726
967726
966947
966947
966947
966947
963447
963447
963447
963447
963447
963447
963447
963447
963447
963447
950282
945826
945826
945826
945826
945826
945826
945826
945826
945826
945826
945826
944713
944713
944713
944713
944713
944713
944713
944713
942987
942987
942987
942987
942987
942987
942987
942987
942987
942987
942987
942987
942987
942987
942987
933435
933435
933435
933435
933435
933435
933435
933435
933435
933435
933435
933435
931044
931044
908225
908225
908225
908225
908225
908225
906548
906548
906548
906548
906548
906548
906548
906548
899273
899273
899273
899273
899273
899273
899273
899273
899273
899273
899273
899273
899273
899273
899273
899273
897767
897767
897767
897767
897767
897767
897767
897767
897767
897767
897767
897767
897767
897767
897767
897767
897767
897767
897767
895411
895411
895411
895411
895411
895411
895411
895411
895411
895411
895000
895000
895000
895000
895000
895000
895000
895000
895000
895000
895000
895000
895000
895000
895000
895000
895000
895000
892771
892771
892771
892771
892771
892771
892771
880934
880934
880934
880934
880934
880934
880934
880934
880934
880934
880934
880934
880934
880934
880934
880934
863972
863972
863972
863972
863972
863972
863972
863972
863972
863972
863972
863972
863972
863972
863972
861002
861002
861002
861002
861002
861002
861002
861002
861002
861002
861002
861002
861002
861002
861002
855461
823748
823748
823748
823748
823748
823748
823748
818096
818096
818096
818096
818096
818096
818096
818096
818096
818096
818096
818096
818096
818096
818096
818096
818096
787246
787246
787246
787246
785445
784557
784557
784557
784557
784557
784557
784557
784557
784557
784557
784557
784133
784133
784133
784133
784133
784133
784133
784133
784133
784133
784133
775472
775472
775472
775472
775472
775472
775472
775472
775472
775472
775472
775472
775472
775472
775472
775472
775472
775472
774654
774654
774654
774654
774654
774654
774654
774654
774654
774654
774654
774296
774296
774296
774296
774296
774296
774296
774296
774296
774296
774296
774296
773700
773700
773700
773700
773700
773700
773700
773700
773700
773700
773700
773700
769566
769566
769566
769566
769566
769566
769566
769566
769566
769566
769566
769566
769566
769566
769566
769566
769566
769566
769566
769566
768759
768759
768759
768759
768759
768759
768759
768759
768759
768759
768759
768759
767221
767221
767221
767221
767221
767221
767221
767221
767221
767221
767221
767221
767221
767221
762617
762617
762617
762617
762617
762617
762617
762617
762617
762617
762617
762617
762617
762617
762617
762617
762617
762617
762617
758077
758077
758077
758077
758077
758077
758077
758077
758077
758077
758077
758077
758077
758077
758077
758077
758077
758077
758077
758077
754224
754224
754224
754224
754224
754224
754224
754224
754224
754224
754224
754224
754224
754224
754224
754224
754224
754224
754224
754224
752127
752127
752127
752127
752127
752127
752127
752127
752127
752127
752127
752127
752127
751913
751913
751913
751913
751913
751913
751913
751913
751913
751913
751913
751913
751913
751913
751913
751913
751913
750433
750433
750433
750433
750433
750433
750433
750433
750433
750433
750433
750433
750433
750433
750433
750433
750433
750433
750433
750433
747856
747856
747856
747856
747856
747856
747145
747145
747145
747145
747145
747145
747145
747145
747145
747145
747145
747145
747145
747145
747145
747145
747145
747145
747145
735635
735635
735635
735635
735635
735635
735635
735635
735635
735635
735635
735635
735180
735180
735180
735180
735180
735180
735180
735180
735180
735180
726625
726625
726625
726625
726625
726625
726625
726625
726625
726625
726625
723476
723476
723476
723476
723476
723476
723476
723476
723476
723476
723476
723476
723476
723476
723476
723476
723476
723476
723476
723476
721721
721721
721721
721721
721721
721721
721721
721721
721721
721721
721721
721721
721721
721721
721721
714294
714294
714294
714294
714294
714294
714294
714294
712738
712738
712738
712738
712738
712738
712738
711280
711280
711280
711280
711280
711280
711280
711280
711280
711280
711280
711280
711280
711280
711280
711280
711280
709021
709021
708127
708127
708127
708127
708127
707297
707297
707297
707297
707297
707297
707297
707297
707297
707297
707297
707297
707297
707297
707297
707297
707297
707297
707297
690930
690930
690930
690930
681943
681943
681943
681943
681943
681943
681943
681943
681943
681943
681943
681943
681943
681943
681943
681943
681943
678206
678206
678206
678206
678206
677418
677418
677418
677418
677418
677418
677418
675337
675337
675337
675337
675337
675337
675337
675337
675337
675337
675337
663658
663658
663658
663658
663658
663658
663658
663658
663658
663658
663658
663658
663658
663266
663266
663266
663266
663266
663266
663266
663266
663266
663266
654223
647284
647284
647284
647284
647284
647284
647284
647284
647284
647284
647284
647284
647284
647284
647284
647284
647059
647059
647059
647059
647059
642498
642498
642498
642498
642498
642498
642498
642498
642498
642498
642498
642498
635039
635039
635039
635039
635039
635039
635039
635039
635039
635039
635039
635039
635039
630177
630177
630177
630177
630177
630177
630177
630177
630177
630177
630177
630177
630177
630177
630177
615989
615989
615989
594917
594917
594917
594917
594917
594917
594917
594917
594917
594917
594917
581169
581169
581169
581169
581169
581169
581169
581169
581169
581169
581169
581169
581169
581169
581169
576051
576051
576051
576051
576051
576051
576051
576051
576051
576051
576051
576051
576051
576051
574307
574307
574307
574307
574307
574307
574307
574307
574307
574307
574307
574307
574307
574307
574307
574307
574307
574307
574307
569878
569878
569878
569878
569878
569878
563303
563303
563303
563303
563303
563303
563303
563303
563303
563303
563303
563303
563303
563303
563303
563303
563303
561674
561674
561674
561674
561674
561674
561674
561674
558675
558675
558675
558675
558675
558675
558675
558675
558675
558675
558675
558675
558675
558675
558675
558675
548934
548934
548934
548934
548934
546683
546683
546683
546683
546683
546683
542790
542790
542790
542790
542790
542790
542790
542790
539172
539172
539172
539172
539172
539172
539172
539172
539172
539172
539172
539172
539172
539172
539172
539172
539172
539172
539172
538888
538888
538888
538523
538523
538523
538523
538523
538523
535013
535013
529795
529795
529795
529795
529795
529795
529795
529795
529795
529795
529795
529339
529339
529339
529339
529339
529339
529339
529339
529339
529339
529339
529339
529339
529339
529339
529339
529339
529339
529339
529339
518520
518520
511296
511296
510190
510190
510190
510190
510190
510190
510190
510190
510190
510190
508301
508301
508301
508301
508301
508301
508301
508301
508301
508301
508301
508301
508301
508301
508301
508301
508301
508301
508301
508301
503898
503898
503898
498073
498073
498073
498073
498073
498073
498073
498073
498073
498073
498073
498073
498073
498073
498073
498073
498073
498073
498073
465888
465888
465888
465888
465888
465888
465888
465888
465888
465888
465888
465888
462402
462402
462402
462402
462402
462402
462402
462402
462402
462402
462402
462402
462402
462402
462402
462402
459076
459076
459076
459076
459076
459076
459076
459076
459076
459076
459076
459076
459076
459076
459076
459076
459076
459076
452563
452563
452563
452563
452563
449695
449695
449322
449322
449322
449322
449322
449322
449322
449322
449322
449322
449322
449322
449322
449322
449322
449322
449322
449322
449322
439227
439227
439227
439227
439227
439227
439227
439227
439227
439227
439227
439227
439227
439227
439227
439227
436770
436770
431826
431826
431826
431826
431826
431826
431826
431826
431826
430570
430570
430570
430570
420510
420510
412393
412393
412393
412393
412393
412393
412393
412393
412393
412393
412393
412393
412393
412393
412393
412393
412393
404300
404300
404300
404300
404300
404300
404300
400274
400274
400274
400274
400274
400274
400274
400274
400274
400274
400274
400274
400274
400274
393097
393097
393097
393097
391719
391719
391719
391719
391719
391719
391719
391719
391719
391719
391719
391719
391719
391719
391719
391719
391719
386222
386222
386222
386222
386222
386222
386222
386222
386222
386222
386222
386222
386222
386222
353299
353299
353299
353299
353299
353299
353299
353299
353299
353299
353299
353299
353299
353299
353299
353299
353299
353299
353299
353299
352925
352925
352925
352925
352925
352925
352925
352925
352925
352925
352925
352925
348095
348095
348095
348095
348095
348095
348095
348095
348095
348095
348095
348095
346905
346905
346905
346905
346905
346905
331906
331906
331906
315753
315753
315753
315753
315753
315753
315753
308824
308824
308824
308824
308824
308824
308824
308824
308824
308824
308824
308824
308824
308824
308824
308824
308824
308824
292731
292731
292731
292731
292731
292731
292731
292731
292731
292731
292731
292731
292731
292731
292731
292731
277455
277455
277455
277455
277455
277455
277455
277455
277455
277455
277455
277455
277455
277455
277455
277455
277455
277455
277455
277455
276340
276340
276340
276340
276340
276340
276340
276340
276340
276340
276340
276340
276340
276340
276340
276340
266581
266581
266581
266581
266581
266581
266581
266581
266581
266581
266581
266581
266581
266581
261729
261729
261729
261729
261729
261729
261729
261729
261729
261729
261729
220472
220472
220472
220472
220472
220472
220472
220472
220472
220472
220472
216445
216445
216445
216445
216445
216445
216445
216445
214780
214780
214780
214780
214780
214780
214780
214780
214780
214780
214780
214780
214780
214780
214780
214780
214780
214780
208149
208149
208149
208149
208149
208149
208149
208149
200166
200166
200166
200166
200166
200166
200166
200166
