5453
1500000
999422
999422
999422
999422
999422
999422
999422
999422
999422
999422
999422
999422
999422
999422
999422
999422
999422
999422
999422
997796
997796
997796
997796
997796
996306
996306
996306
995904
995904
995904
995904
995904
995904
995904
995904
993336
993336
987753
987753
987753
987753
987753
987753
987753
983775
983775
983775
982531
982531
982531
982531
982531
982531
982531
982531
981839
981839
981839
981839
981839
981333
981333
976965
976965
976965
976965
976965
976965
976965
976965
976965
976965
976965
976965
976965
976965
976522
976522
973132
972942
972942
972942
972942
972942
972942
972942
972942
972942
972942
972942
972942
972942
972942
970805
970132
970132
970132
970132
970132
970132
965616
965616
965616
965616
965616
965616
965616
965616
965616
965616
965616
965616
965616
965616
965616
965616
964159
964159
964159
964159
964159
964159
964159
957791
957791
957496
957496
957496
957496
955576
955576
955576
955576
955576
955576
955576
955576
955576
955576
955576
955576
955576
955576
955576
953846
953846
953846
953846
953846
953846
953846
953846
953846
953846
953846
953846
953846
953846
953846
953846
953846
951553
951553
951553
951553
951553
951553
951553
951553
951553
949234
949234
949234
949234
949234
949234
949234
949234
949234
949234
949234
949234
948092
948092
948092
948092
948092
948092
947350
947350
947350
947350
947350
947350
947350
947350
947350
947350
947350
947350
947350
947350
947350
947350
947350
947350
947350
946253
946253
946253
946253
946253
946253
946253
946253
946253
946253
946253
946253
946253
946253
946253
946253
946253
946253
946253
944254
944254
944254
944254
944254
944254
944254
944254
944254
944254
944254
944254
944254
942709
942709
942709
942709
942709
942709
942709
942709
942709
942709
942709
942709
942709
942709
942709
942709
942709
942709
942709
941826
941826
941826
941826
941826
941826
941826
941826
941826
941826
941826
941826
941826
941826
941826
941826
941826
941741
941741
941741
941741
941741
941741
941741
941507
935128
935128
935128
935128
935128
935128
935128
934869
934869
934869
934869
934869
934869
934869
934125
934125
934125
934125
934125
934125
933156
933156
933156
933156
933156
933156
933156
933156
933156
933156
933156
933156
933156
931636
931636
931636
931636
931636
931636
931636
931636
931636
931636
931468
931468
931468
931468
931468
931468
931468
931468
931468
931468
931468
931468
931468
931468
931468
931468
931468
931468
931468
931334
931334
931334
931334
931334
931334
931334
931334
931334
931334
931334
931334
931334
931334
930325
930325
930325
930325
930325
930325
930325
930325
930325
930325
930325
930325
930325
930325
930325
930325
930325
930325
930325
930325
930238
930238
930238
929807
929807
929807
929807
929807
929807
927599
926797
926797
926797
926797
926797
926118
926118
926118
926118
926118
926118
926118
926118
926118
926118
926118
926118
926118
926118
926118
926118
926118
922807
922807
922807
922807
922807
922807
922807
922807
922807
922807
922807
922807
922807
922807
922807
922807
922807
922709
922709
922709
922709
922709
922709
922709
922709
922709
922285
922285
922285
922285
922285
922285
922285
922285
922285
922285
922285
922285
922285
922285
922285
922285
922285
922285
922285
922285
920569
920569
920569
920569
920569
920569
920569
920569
920569
920569
920569
920569
920569
920569
919335
919335
919335
919335
919335
919335
919335
919335
919335
919335
919335
919335
919335
919335
919335
919335
919335
919335
919335
919335
917992
917992
917992
917992
917992
917992
917992
917225
917225
917225
917225
913527
913527
913527
913527
913527
913527
913527
913527
913527
913527
913527
913527
913527
913527
913527
913527
911821
911821
911821
911821
911821
911821
911821
911821
911821
911821
911821
911821
911821
911821
911821
911821
911821
911821
911821
908574
908574
908185
908185
908185
908185
905102
905102
905102
905102
905102
905102
905102
905102
905102
905102
905102
905102
905102
905102
905102
905102
905102
905102
905102
905102
904820
904820
904820
904820
904820
904820
904820
904820
904820
904820
904820
904820
904820
904820
904820
904820
904820
904820
904820
903793
903793
903793
903793
903793
903793
903793
903793
903793
903793
903793
903793
903793
903793
903793
903793
903793
903793
903793
903793
900537
900537
900537
900537
900537
900537
900537
900537
900537
900537
900537
900257
900257
900257
900257
900257
900257
900257
900257
900257
900257
900257
900257
900257
900257
898354
898354
898354
898354
898354
898354
898354
898354
898354
898354
898354
898354
898354
898354
898354
898354
898354
898354
896501
896501
896501
896501
896501
896501
896501
896501
896501
896501
896501
896501
896501
896501
896501
896501
896501
896501
896501
896344
896344
896344
896344
896344
896344
896344
896344
896344
896344
893817
893817
893817
893817
893817
893817
893817
893817
893817
893817
893817
893817
893817
893817
893817
893817
888850
888850
888624
888624
888624
888624
888624
888624
888624
888624
888624
888624
888624
888624
888624
888624
888624
888624
888624
888624
888228
888228
888228
888228
888228
888228
888228
888228
888228
888228
888228
888228
888228
888228
888228
886423
886423
886423
886423
886423
886423
886423
886423
886423
886423
886423
886423
886423
886423
886423
886423
886423
886423
885794
885794
885794
885794
885794
885794
885794
885794
885794
885794
885794
885794
885794
885794
885794
885794
885794
885794
879300
879300
879300
879300
879300
879300
879300
879300
879300
879300
879300
879300
879300
879300
874565
874565
874565
874565
874565
874565
874565
874565
874565
874565
874565
874565
874565
874565
874565
874565
874043
874043
874043
874043
874043
874043
874043
874043
874043
874043
874043
874043
874043
874043
874043
874043
874043
874043
874043
874026
874026
874026
874026
874026
874026
874026
874026
874026
874026
874026
874026
874026
874026
874026
874026
874026
874026
874026
874026
873923
873923
873923
873923
873923
873923
873923
873923
873923
873923
873923
873923
873923
873923
873923
873923
873923
873923
873923
873923
872239
872239
872239
872239
872239
872039
872039
872039
872039
868641
868641
868641
868641
868641
868641
868641
868641
868641
868641
868641
868641
868641
868641
868641
868641
868641
863987
863987
863987
863987
863987
861247
861247
861247
861247
861247
861247
861247
861247
861247
861247
861247
861247
861247
861247
861247
861247
861247
861247
861247
861247
858129
858129
858129
856618
856117
856117
856117
856117
856117
856117
856117
856117
856117
856117
856117
856117
856117
856117
856117
856117
856117
856117
856117
856117
854308
854308
854308
854308
854308
854308
854308
854308
854308
854308
854308
854308
854308
854305
854305
853513
853513
853513
853513
853513
853513
853513
853513
853513
853513
853513
853513
853513
853513
853513
853513
853513
852678
852678
852678
852678
852678
852678
852678
852678
852678
852678
852678
852678
852678
852678
852678
852678
852678
852678
852678
847888
847888
847888
847888
847888
847888
847888
847888
847888
846796
846796
846796
846796
846796
846796
846796
846796
846685
846685
846685
846685
846685
846685
846685
846685
846685
846685
845558
845558
843357
843357
843357
843357
843357
843357
843357
843357
843357
843357
843357
843357
843357
843357
843357
843357
843357
843357
843357
840275
840275
840275
840275
840275
840275
840275
840275
840275
840275
840275
840275
840275
840275
838342
838342
838342
838342
838342
838342
838342
838342
838342
838342
837342
837342
837342
837342
837342
837342
837342
837342
837342
837342
837342
837342
837342
837342
837342
837342
837342
837342
837342
831460
831460
831460
831460
831460
831460
831460
831460
831148
831148
831148
831148
831148
831148
831148
831148
831148
831148
831148
831148
831148
831148
831148
831148
830642
830642
830478
830478
830478
830478
830478
830478
830478
830478
828010
828010
828010
828010
828010
828010
828010
828010
828010
828010
828010
828010
828010
828010
828010
828010
826857
826857
826857
826857
826857
826857
826857
826857
826857
826857
826857
822504
822504
822504
822504
822504
822504
822504
822504
822504
822504
822504
822504
822504
822504
822504
822504
822504
820866
820866
820866
820866
820866
820866
820183
820183
820183
820183
820183
820183
817001
817001
817001
816763
816763
816763
816763
816763
816763
816763
816763
816763
814508
814508
814508
814508
814508
814508
814508
814508
814508
814508
814060
814060
814060
814060
814060
814060
814060
814060
813894
813894
813894
813894
813894
813894
813894
813894
813894
813894
813848
813848
813848
813848
813848
813848
813848
812748
810763
810763
810763
810763
810763
810763
810763
810763
810763
810763
810763
810763
810763
810763
810763
810763
810763
810763
810763
810763
809335
809335
809335
809335
809335
809335
809335
809335
809335
809335
809335
809335
809335
809335
808868
808868
808868
808868
808868
808868
808868
808868
808868
808868
808868
802246
802246
802246
802246
802246
801696
801696
801696
801696
801696
801696
800873
800873
800873
800873
800873
800873
800873
800873
800873
800873
800873
800873
800873
800873
800873
800873
800873
800873
800810
800810
800810
800810
800810
800810
800810
800810
799110
799110
799110
797677
797677
797677
797677
797677
797677
789440
789440
789440
789440
789440
789440
789440
789440
789440
789440
789440
789440
789440
789440
789440
789440
786929
786929
786929
786929
786929
786929
786929
786929
786929
784537
784537
784537
784537
783254
783254
783254
783254
783254
783254
783254
776676
776676
776676
776676
776676
776676
776676
776676
776676
774240
774240
774240
774240
774240
774240
774240
774240
773334
773334
773334
773334
773334
773334
773334
773334
773334
773334
773334
773334
773334
773334
773334
773194
773194
773194
773194
773194
773194
773194
773194
773194
773194
773194
773194
773194
772235
772235
772235
772235
771491
771491
769447
769447
769447
769447
769447
769447
769447
769447
769447
769447
769447
769447
769447
769447
769447
769447
769447
769447
769447
769447
764769
764769
764769
764769
764769
764769
764769
764769
764769
764769
764769
764769
764769
764769
764769
764769
764769
764769
764769
764769
763881
763881
763881
763881
763881
763881
763881
763881
763881
763881
763881
763881
763881
763881
763881
763881
761846
761846
761846
761846
761846
761846
761846
761846
761846
761846
761846
761846
761846
761846
761846
761846
758629
758629
758629
758629
758629
758629
758629
758629
758629
758629
758629
757499
757499
757499
757499
757499
757499
757499
757499
757499
757499
757499
757499
757499
757499
757499
757499
757499
757499
757499
754969
754969
754969
754969
754969
754969
754969
754969
754969
754969
754461
754461
754461
754461
754461
754461
754461
754461
754461
754461
754461
754461
754461
754461
754461
754461
754461
754197
754197
754197
754197
754197
754197
753110
753110
753110
753110
753110
753110
753110
753110
753110
750714
750714
750714
750714
750714
745178
745178
745178
744676
744676
744676
744676
744676
744676
744676
744676
744676
744676
744676
744676
744676
744676
744676
744676
744676
744676
744676
744676
742843
742833
742833
742833
742833
742833
741308
741308
741308
741308
741308
741308
740251
739144
739144
739144
739144
739144
739144
739144
739144
739144
739144
739144
739144
738077
738077
738077
738077
738077
738077
738077
738077
738077
738077
738077
738077
738077
738077
738077
738077
737754
737754
737754
731089
731089
731089
731089
731089
731089
731089
731089
731089
731089
731089
731089
731089
731089
731089
731089
731089
731089
730688
730688
730688
730688
730688
730688
730688
730688
730688
730688
730688
730688
730688
730688
730688
730688
729308
729308
729308
729308
729308
729308
729308
729308
729308
729308
729308
729308
729308
729134
729134
729134
729134
729134
729134
729134
729134
729134
729134
729134
729134
729134
729134
729134
729134
729134
729134
727016
727016
727016
727016
726606
726606
726606
726606
726606
726606
726606
726606
726606
726606
726606
726606
726606
726606
726606
726606
726606
726606
722994
722994
722994
722994
722994
722994
718202
718202
718202
718202
718202
718202
718202
718202
718202
718202
716554
716554
716554
716554
716554
716554
716554
716554
716554
716018
716018
716018
716018
716018
716018
716018
716018
716018
716018
716018
716018
714819
714819
714819
714819
714819
714819
713230
713230
713230
713230
713230
713230
712764
712764
712750
712750
712750
712750
712750
712750
712750
712750
712750
712750
712750
712750
712750
710416
710416
710416
710416
710416
710416
710416
710416
710416
710416
710416
710416
710416
710416
710271
710271
710271
710271
710271
710271
710271
710271
710271
710271
710271
710271
710271
710271
710271
710271
710271
710271
710271
710196
710196
710196
710196
710196
710006
710006
710006
710006
710006
708041
708041
708041
708041
708041
708041
708041
708041
708041
708041
708041
708041
708041
708041
708041
708041
707870
707870
707870
706967
706967
706967
706967
706967
706967
706967
706967
705205
705205
705205
705205
705205
705205
705205
705205
705205
705205
705205
705205
705205
705205
704585
704585
704585
704585
704585
704585
704585
704585
704585
704585
704585
704585
704585
704585
704585
704043
704043
704043
704043
704043
704043
704043
704043
704043
704043
704043
704043
704043
704043
704043
704043
704043
704043
703412
703412
703412
703412
703412
703412
703412
703412
703412
703412
703412
703412
703412
703412
703412
703412
700948
700948
700948
700948
700948
700948
700948
700948
700948
700948
700948
700948
700948
700948
700948
700948
699613
699613
699613
698732
698732
698732
698732
698732
698732
698732
698732
698732
698732
698732
698732
696569
696569
696569
696569
696569
696569
696569
696569
696569
696569
696569
694774
694774
694774
694774
694774
694774
694774
694774
694774
694774
694774
694774
694774
694774
694774
694774
694774
693141
693141
693141
692927
692927
692927
692927
692927
692927
692927
692927
692927
692927
692927
692765
692765
692765
692765
692765
692765
692765
692765
692765
692765
692765
692765
692765
692765
692765
692765
692765
692765
692765
691907
691907
691907
691907
691907
691907
691907
691907
691907
691907
691907
691907
691907
690681
690681
690681
690681
688237
688237
688237
688237
688237
688237
688237
688237
688237
688237
688237
688237
688237
688237
688237
688237
688237
688237
688014
688014
688014
688014
688014
688014
688014
688014
688014
688014
688014
688014
688014
688014
688014
688014
685807
685807
685807
684200
684200
684200
684200
684200
684200
683838
683838
683838
683838
683554
683554
683554
683554
683554
683554
683554
683554
681866
681866
681866
681866
680799
680799
680799
680799
680799
680799
680799
680799
680799
680799
680799
680799
680799
680799
680799
680799
680545
680545
680545
680545
680545
680545
680545
680545
680545
680545
680545
680545
680545
680545
680545
680545
680545
680545
678028
678028
678028
678028
678028
678028
678028
678028
678028
678028
678028
678028
678028
678028
676183
676183
676183
676183
676183
676183
676183
676183
676183
676183
676183
676183
676183
676183
676183
676183
676183
676183
674469
674469
674469
674469
674469
673172
673172
673172
672511
672511
671837
670153
670153
670153
670153
670153
670153
668012
668012
668012
668012
668012
668012
667425
667425
667425
667425
667425
667425
667425
667425
667425
667425
667425
667425
667425
667425
667425
667425
667425
667425
667425
667425
666355
666355
666355
666355
666355
666355
666355
666355
666355
666355
666355
666355
666355
666355
666355
666355
666355
666355
665221
665221
665221
665221
665221
665221
665221
663961
663961
663961
663961
663961
663961
663961
663961
663961
663961
663961
663961
663961
663961
663961
663961
663961
663961
663961
663961
663412
663412
663412
663412
663412
663412
663412
662160
662160
662160
662160
662160
662160
662160
662160
662160
662160
656762
656762
656762
656762
656762
656762
656762
656762
656762
656762
656762
656300
656300
656300
656300
656300
656300
656300
656300
656300
654302
654302
654302
654302
654302
654302
654302
654302
650198
650198
650198
650198
650198
650198
650198
650198
650198
650198
650198
650198
650198
650198
650198
650198
650198
650198
650198
650198
650048
650048
650048
650048
650048
650048
650048
650048
650048
650048
650048
650048
650048
650048
649308
649308
649308
649308
649308
649308
649308
648421
648421
648421
648421
648421
648421
648421
648421
648421
648421
648421
648421
648421
648421
648421
648421
647327
647327
647327
647298
647298
647298
647298
647298
647298
647298
647298
647298
647298
647298
647298
647298
647298
647298
647298
647298
647298
647298
647298
646923
646923
646923
646923
646923
646923
646923
646923
646923
646923
646923
646923
646923
646923
646923
646923
646923
646923
646923
646122
646122
646122
646122
646122
646122
646122
646122
646122
646122
646122
646122
646122
644445
644445
644445
644445
644445
644445
644445
644445
644445
644270
644270
644270
644270
644270
644270
644270
644270
644270
644270
644270
644270
644270
644270
644270
644270
644270
644270
641781
641781
641781
641781
641781
641781
638650
638650
638650
638650
638650
638650
638650
638650
638650
638650
638650
638650
638650
638650
638650
638650
638650
638006
638006
638006
638006
638006
638006
638006
638006
636530
636530
636530
636530
636530
636530
636530
636530
632138
632138
632138
632138
632138
632138
631062
631062
631062
631062
631062
625770
625770
625770
625770
625770
624100
624100
622082
622082
622082
622082
622082
622082
622082
622082
622082
622082
622082
622082
622082
622082
622082
622082
622082
622082
622082
621926
621926
621926
621926
621926
621926
621926
621926
621926
621926
621926
621926
621926
621926
621926
621926
621926
620491
620491
620491
620491
620491
619660
619660
619660
619660
619660
619660
619660
619660
619660
619660
619660
619660
618671
618671
618671
618671
615239
615239
615239
615239
615239
615239
615239
614811
614811
614811
614811
614811
614811
614811
614811
614811
614811
614811
614811
614811
614811
614811
614811
614811
614811
614811
614811
613141
613141
613141
613141
613141
612661
612661
612661
612661
612661
612661
612661
612661
612661
612661
612370
612370
612370
612370
612370
612370
612370
612370
612370
612370
612370
612370
612370
612370
612370
612370
612370
606499
606499
606499
606499
606499
606499
606499
606499
604307
604307
604307
604307
604307
604307
604307
604307
604307
604307
604307
604307
604307
604307
604307
604307
604307
602167
602167
602167
602167
602167
602167
602167
602167
602167
602167
602167
602167
602167
602167
600405
600405
600405
600405
600405
600405
600405
600405
600396
600396
600396
600396
600396
600396
600396
600396
600396
600396
600396
600396
600396
600396
600396
600396
598252
598252
598252
598252
598252
598252
598252
598252
598252
598252
598252
598252
598252
598252
598252
598252
598252
598252
598252
598252
597719
597719
597719
597719
597719
597719
597719
597719
597719
597719
597719
597719
597719
597719
597719
597719
597719
597719
597719
597719
597709
597709
597709
597709
597709
597709
597709
597709
597709
597709
597334
597334
597334
597334
597334
597334
597334
597334
597334
597334
597334
597334
597334
597334
597334
597334
597334
597334
597334
595747
595747
595747
595747
595747
595747
594646
594646
594646
594646
594646
594646
594646
594646
594646
594646
594646
594646
593890
593890
593890
593890
593890
593890
593890
593890
593890
593890
593890
593890
593890
593890
592509
592509
592509
592509
592509
592509
592509
592509
592509
592509
590827
590827
590827
590827
590827
590827
590126
590126
590126
589767
589767
589767
589767
589767
589767
589767
589767
589767
589767
589767
589767
589767
589767
588059
588059
588059
588059
588059
588059
588059
588059
588054
588054
587948
587948
587948
587948
587948
587948
587948
587397
586762
586762
586762
586762
586762
586762
586762
586762
586762
586762
586762
586762
586722
586722
586722
586722
586722
583822
583822
583822
583822
583822
583822
580775
580775
580775
580775
580775
580775
580775
580775
580775
580775
580775
580775
580523
580523
580523
580523
580523
580523
580523
580036
580036
580036
580036
580036
580036
580036
579477
579477
579477
579477
579477
579477
579477
579477
579477
579477
579477
579477
579477
578416
578416
578416
578416
578416
578416
578416
578416
578416
578416
578416
578416
578416
578416
578121
578121
578121
578121
578121
578121
578121
578121
578121
578121
578121
578121
578121
578121
578121
578121
578121
576227
576227
576227
576227
576227
576227
576227
576227
576227
576227
576227
576227
576227
574983
574983
574983
574983
574983
574983
574983
574763
574763
574763
574763
574763
574763
574763
574763
574763
574763
574763
574763
574763
574763
574763
574763
574763
574763
574763
574763
574621
574621
574621
574621
574621
574621
574621
574621
574621
574621
574621
574621
574621
574621
574621
574621
574621
574621
573661
573661
573661
573661
573661
573661
573661
573661
573661
573661
573661
573661
573661
571404
571404
571404
571404
571404
571404
571404
571404
571404
569045
569045
569045
569045
569045
569045
569045
569045
568069
568069
568069
568069
568069
568069
568069
568069
568069
568069
568069
568069
568069
568069
568069
568069
568069
568069
568069
568069
567116
567116
567116
567116
567116
567116
564060
564049
564049
564049
564049
564049
564049
564049
564049
564049
564049
564049
564049
564049
564049
564049
564049
564049
564049
564049
564049
563125
563125
563125
563125
563125
563125
563125
561986
561986
554329
554329
554329
554329
554329
554329
554329
554329
554329
554329
554329
554329
554329
554329
554329
554329
554329
554329
552186
552186
552186
552186
552186
552186
552186
552186
552186
552186
551848
551848
551848
551848
551848
551848
551848
551848
551848
551848
551848
551848
551848
549017
549017
549017
548330
548330
548330
548330
548330
548330
548330
548330
548330
548330
548330
548330
548330
547598
547598
547598
547598
547598
547598
547598
547598
547598
547598
547598
547598
547598
547598
547598
547598
547330
547330
547330
547330
547330
547330
547330
547330
547330
547330
547330
547330
547330
545904
545904
545904
545904
545904
545904
545904
545904
545904
545904
545904
545583
545583
545583
545583
545583
542197
542197
542197
542197
542197
542197
542197
542197
542197
542197
542197
542197
542197
542197
542197
542197
542197
542197
542197
541733
541733
541733
541733
541733
541733
541733
541733
541733
541733
541733
541733
541733
541733
541733
541733
541733
540692
540692
540692
540692
540692
540692
540692
540692
540692
540692
540692
540692
540692
540692
540692
540692
540692
540692
540692
540692
539585
539585
539585
531736
531736
531736
531736
531736
531736
531736
531736
531736
531736
531736
531736
531736
531736
531736
531736
531736
531736
531736
531681
531681
531681
531681
531681
531681
531681
531681
531681
531681
531681
531681
531681
531681
530317
530317
530317
530317
530317
523707
523707
523707
523707
523707
523707
523707
523707
523707
523707
523707
523707
523707
523153
523153
523153
523153
523153
523153
523153
523153
523153
523153
523153
523153
523153
523153
523153
519893
519893
519893
519893
519893
519893
519296
519296
519296
519296
518272
518272
518272
518272
518272
518272
517816
517816
517816
517816
517816
517816
517816
517816
517816
517816
517816
517816
517816
517816
517719
517719
517719
517719
517719
517719
517719
517301
517301
517301
517301
517301
517301
515958
515958
515958
515958
515958
515958
515958
515958
515958
515958
515958
515958
515958
515958
515958
515958
515958
515958
515958
515958
515902
515902
515687
515687
515687
515687
515687
515687
515687
515687
515687
515687
512189
512189
512189
512189
512189
511581
511581
511581
511581
511581
511581
511581
511581
511581
511581
511581
511581
511581
511581
510140
508276
508276
508276
508276
508276
508276
508276
508276
508276
508276
508276
508276
508276
508276
507860
507860
507860
507860
507860
507860
507860
505916
505916
505916
505916
505916
505916
505916
505916
505916
505916
505916
505916
505916
505916
505916
505916
505419
505419
505419
505419
505419
505419
505419
505419
505419
505419
505419
505419
505419
505419
500970
500970
500970
500970
500970
500970
500970
500970
497811
497811
497811
497811
497811
497811
497811
497811
497811
497811
497350
497350
497350
497350
497350
497350
497350
497350
497350
495935
495935
495935
495935
495935
495935
495935
495935
495935
495935
495935
488647
488647
488647
488647
483633
483633
483633
483633
483633
483633
483633
483633
483633
483633
483633
483633
483633
483633
483633
482474
482474
482474
482474
482474
482474
482474
482474
481602
481602
481602
481602
481602
481602
481602
480664
477748
477748
477748
477748
477748
477748
477748
477748
477748
477748
477748
477748
477748
477748
477748
477748
477748
475143
475143
475143
475143
475143
475143
475143
475143
475143
475143
475143
475143
475143
473615
473615
473615
473615
472849
472849
472849
472849
472849
472849
472849
472849
472849
472849
472849
471333
471333
471333
471333
471333
471333
471333
471333
471333
471333
471333
471333
471333
471333
471333
471333
471333
470970
470970
470970
470970
470970
470970
470970
470970
470970
470970
470970
470970
468893
468893
468893
468893
468893
468893
468893
468893
468893
468893
468893
467810
467810
467331
467331
467331
467331
467331
467331
467331
467331
467331
465106
465106
465106
463783
463783
463783
463783
463783
463783
463783
463783
463783
463499
463499
463499
463499
463499
463499
463499
463499
463499
463499
463499
463499
463499
463499
463499
461971
461971
461971
461971
461971
461971
461870
461870
461870
461870
461870
453221
453221
453221
453221
453221
453221
453221
453221
453221
453221
453221
452672
452672
452672
452672
452672
452672
452672
452672
452672
452672
452672
452672
452672
452672
452126
452126
452126
452126
452126
452126
452126
452126
452126
452126
452126
452126
452126
452126
452126
452126
451353
451353
451353
451353
451165
451165
451165
451165
451165
451165
451165
451165
451165
451165
451165
451165
451165
451165
451165
451165
450766
450766
450766
450766
450766
450766
450766
450766
450766
450766
450766
448811
448811
448811
448811
448811
448811
448811
448811
448811
448811
448811
448811
448811
448811
448811
448811
448811
448811
448811
448811
445546
445546
445546
445546
445546
445546
445546
445546
445546
445546
445546
445546
445546
445546
445546
445546
445546
445546
445546
444825
444825
444825
444825
444825
444825
444825
444825
444825
444825
444825
444825
444825
442241
442241
442241
442241
442241
442241
442241
442241
442241
442241
442241
442241
442241
442241
442241
440586
440586
440586
440586
440586
440586
440586
440586
440586
440346
440346
440346
440346
440346
440346
440346
440346
440346
440346
440346
439980
439980
439980
439980
439980
439980
439980
439980
439409
439409
439409
439409
439409
439409
439409
439409
439409
439409
439409
439409
439409
439409
437866
437866
437866
437866
437866
437866
437866
437866
437866
437866
437866
437866
437866
437866
437866
437866
437866
435565
435565
435565
435565
435565
435565
435565
435565
435565
435565
433754
433754
433754
432626
432626
432626
432626
432626
432626
432626
432626
432626
432626
432626
432626
432626
432626
432626
432626
432626
432626
432626
432626
430293
430293
430293
430293
430293
429043
429043
429043
429043
429043
429000
429000
429000
429000
429000
429000
429000
429000
429000
428122
428122
428122
428122
428122
428122
428122
428122
428122
428122
428122
428122
428122
428122
428122
428122
428122
428122
428122
426252
426252
426252
426252
426252
426252
426252
426252
426252
426252
426252
426252
426252
425081
425081
425081
425081
425081
425081
425081
425081
425081
425081
425081
425081
425081
421200
421200
421200
421200
421200
421200
421200
421200
421200
421200
421200
421200
421200
420968
420968
420968
420968
420968
420968
420968
420968
420968
420968
420968
420968
420731
420731
420731
420731
420731
420731
420731
420731
420731
420731
420731
420731
420731
420731
420731
420731
420731
420731
419638
419638
419638
419638
416685
416685
416685
416685
416685
416685
416685
416685
416685
416685
416364
416364
416364
416364
416364
416364
416364
416364
416364
414599
414599
414599
414599
414599
414599
414599
414599
414599
414599
414599
414599
414599
414599
414599
414599
414599
414599
410631
410631
410631
410631
410631
410631
410631
410631
410631
410631
410631
410631
410631
409821
409821
409821
409821
409821
409821
409821
409821
409821
409821
409821
409821
409821
409821
409821
409821
409821
409821
409396
409396
409396
409396
409396
409396
409396
409396
409396
409396
409396
409396
409396
409396
409396
409396
409396
408145
408145
408145
408145
408145
408145
408145
408145
408145
408145
408145
408145
408145
408145
408145
406062
406062
406062
406062
406062
406062
406062
406062
402204
402204
401909
401909
401909
401909
401909
401909
401909
401909
401909
401909
401909
401909
401909
401909
401909
401909
400776
400776
400776
400776
400776
400776
400776
400776
400776
400776
400776
399314
399314
399314
399314
399314
399314
399314
399314
399314
399314
399314
399314
399314
399314
399314
399314
399314
399314
399314
399314
398595
398595
398595
398595
396414
396414
396414
396414
394647
394647
394647
394647
394647
394647
394647
394647
393985
393985
393985
393985
393985
393985
393985
393985
393985
393985
393485
393485
393485
393485
393485
393485
393485
393485
393485
393485
393485
393485
393485
393485
393485
393485
392084
392084
392084
392084
392084
392084
392084
392084
392084
392084
392084
392084
392084
392084
392084
392084
392084
392084
391942
391942
391942
391942
391942
391942
391942
391942
391942
391942
391942
391942
391942
391942
391942
389918
389918
389918
389918
389918
389918
389918
389918
389918
389918
389918
387268
387268
387268
387268
387268
387268
387268
387268
387268
387268
385671
385671
385671
385671
385671
385671
385671
385671
385671
385671
385671
385671
382708
382708
382708
382708
382708
382708
382708
382708
382708
382708
382708
382708
382708
382708
382708
382708
382708
382708
381828
381828
381828
381828
381828
381828
381828
381828
381828
381828
381828
381828
381828
381828
381828
381828
381828
381033
381033
381033
381033
381033
381033
381033
381033
381033
378484
378484
378484
378484
378484
378484
378484
378484
377885
377885
377885
377885
377885
377885
377885
377885
377634
377634
377634
377634
377634
377634
377634
377634
377634
377634
377634
377634
377634
377634
377634
377634
377634
377634
377135
376869
376869
376869
376869
376869
376869
376869
376869
376869
376869
376869
376869
373806
373806
373806
373806
373806
373806
373806
373806
373806
373806
373806
373806
373806
373806
373806
373806
373806
373806
373806
373806
370882
370744
370744
370744
370744
370744
370744
370744
370744
370744
370744
370744
370744
370744
370744
370744
370744
370744
370695
370695
370695
370695
370695
370695
370695
370695
370695
370695
370695
370695
370695
370695
370695
370695
370695
370695
369659
369298
369298
369298
369298
369298
369298
369298
369298
369298
369298
368561
368561
368561
368561
368561
368561
368561
368561
368561
368561
368561
368561
368561
368561
368561
368561
368561
368561
367729
367729
367729
367729
367729
367729
366871
365148
365131
365131
365131
365131
365131
365131
365131
365131
365131
365131
365131
365131
365131
365131
365131
365131
365131
365131
365131
365131
361660
361660
361660
361660
361660
357332
357332
357332
357332
357332
357332
357332
357332
357332
357332
357332
357332
357332
357332
357332
357332
357332
357332
354869
354869
354869
354869
354869
354869
354869
354869
354869
354869
354869
354869
354869
354869
354869
354869
354056
354056
354056
354056
353238
353238
353238
353238
353238
353238
352059
352059
352059
352059
352059
352059
352059
351660
351660
351660
351660
351660
351660
351660
351660
351660
351660
351660
351660
351660
351660
351660
351660
350922
350922
350922
350922
350922
350922
350922
350922
350922
350922
350922
350922
350922
350922
348925
348925
348925
348925
348925
348925
348925
348925
348925
348925
348925
348925
348925
348925
348925
348925
348455
348455
348455
348455
348455
348455
348455
348455
348455
348455
348455
348455
348455
348455
348455
348455
348455
347290
347290
347290
347290
347290
347290
347290
347290
347290
347290
347290
347290
347290
347290
347290
347290
347290
347290
347290
344455
344455
344455
344455
344455
344455
344455
344455
344455
344455
344455
344455
344455
343551
343551
343551
343551
343551
343551
343551
343551
343551
343551
343551
340080
340080
340080
340080
340080
340080
340080
337918
337918
337918
337918
337918
337918
337918
337918
337918
337918
337918
337918
337918
337918
337918
337680
337680
337680
337680
337680
337680
337680
337680
337680
335079
335079
335079
335079
335079
335079
335079
335079
335079
334860
334860
334860
334860
334860
334860
334860
334860
334860
334860
327240
327240
327240
327240
327240
327240
327240
326329
326329
326329
326329
326329
326329
326329
326329
326329
326329
326329
326329
326329
326329
326329
326329
326329
326329
326329
324232
324232
324232
324232
324232
324232
324232
324232
324232
322250
322250
322250
322250
322250
322250
322250
322250
322250
322250
322250
322250
322250
322250
322250
322250
322250
322250
322250
319131
319131
319131
319131
319131
319131
319131
319131
319131
319131
319131
319131
319131
319131
319131
319130
319130
319130
319130
319130
319130
319130
319130
319130
313469
313469
313469
313469
313469
313469
311992
311992
311992
311992
311992
311992
311992
311992
311992
311992
311992
311992
311992
311992
311992
311992
309971
309971
309971
309971
309971
309971
309971
309971
309971
309971
309971
309971
309971
309971
309971
309971
308230
308230
308156
308156
308156
308156
308156
308156
308156
308156
308156
308156
308092
308092
308092
308092
308092
308092
306951
306951
306951
306951
306951
306951
306951
306951
306951
306951
306951
306951
306951
306951
306951
306828
306828
306828
306828
306828
306828
306828
306828
302259
302259
302259
302259
302259
302259
302259
302259
302259
301980
301980
301980
301980
301980
300751
300751
300751
300751
300751
300751
300751
300751
300751
300751
300751
300751
300751
300751
300751
300176
300176
300176
300176
300176
300176
300176
300176
300176
299410
299410
299410
299410
299289
299289
299289
299289
299289
299289
299289
299289
299289
296429
296429
296429
296429
296429
296429
296429
296429
296429
296429
296429
296429
296429
296429
296429
296429
296429
295949
295949
295949
295949
295949
295949
295949
295949
295949
295949
295949
295447
295447
295447
295447
295447
295447
295447
295447
295447
295447
295447
295447
295447
295447
294381
294381
294381
294381
294381
294381
294381
294381
294381
294381
294381
294381
294381
294381
294381
291286
291286
291286
291286
291286
291286
291286
291162
291162
291162
291162
291162
291162
291162
291162
291162
291162
291162
291162
291162
291162
291162
291162
291162
291162
291162
291162
290319
290319
290319
290319
290319
290319
290319
290319
290319
290319
290319
290319
290319
290319
290319
290319
288273
288273
288273
288273
288273
288273
288273
288273
288273
288273
286294
286294
286294
286294
286294
286294
286294
285731
285731
285731
285731
285731
285731
285731
285731
285731
285731
285731
285731
285731
285731
285731
285731
277925
277925
277925
277925
277925
277925
277925
277925
277703
277703
277703
277703
277703
277703
277703
277703
277703
277703
277703
277703
277703
277703
277703
277703
277703
277703
277703
277703
276981
276981
276981
276981
276981
276981
276981
276981
276981
276981
276981
276981
276981
276981
276981
276981
276981
276981
274550
274550
274550
274550
274550
274550
274550
274550
274550
274550
274550
274550
274550
274550
274550
274550
274550
274550
273807
273807
273807
273807
273807
273807
273807
273807
273807
273807
273807
273807
273807
273807
272441
272441
272441
272441
272441
272441
272198
272198
272198
272198
272198
272198
272198
272198
272198
272198
272198
272198
272198
272198
272198
272198
269649
269649
269649
269649
269649
269649
269649
269649
269649
269649
269342
269342
269342
269342
269342
269342
268165
268165
268165
268165
268165
268165
268165
268165
268165
268165
268165
268165
267516
267516
267516
267516
267516
267516
267516
267516
267516
267516
267516
267516
267516
263691
263691
263691
263691
263691
263691
263691
263691
263691
263691
263691
263691
263691
263691
256675
256675
256675
256675
256675
256675
256675
256675
256675
256675
256675
256675
253058
253058
253058
253058
253058
253058
253058
253058
252126
252126
252126
252126
252126
252126
252126
252126
252126
252126
251864
251864
251864
251864
251864
251864
251864
251864
251864
251864
251864
251864
251864
251864
250529
250529
250166
250166
250166
249731
249731
249731
249731
249731
249731
249731
249731
249731
249731
249731
249731
249731
249731
249731
249731
247791
247695
247620
247620
247620
247620
247620
247620
247620
247620
247620
245171
245171
245171
245171
245171
245171
245171
240550
240550
240550
240550
240550
240550
240550
240550
240550
240550
240550
240550
240550
240550
240550
240550
240550
240550
239567
239567
239567
239567
239567
239567
239567
239567
239567
239567
239567
239567
239567
238763
238763
238763
237258
237258
237258
237258
237258
237258
237258
237258
237258
237258
237258
237258
237258
237258
237258
237258
237258
237258
237258
236583
236583
236583
236583
236583
236583
236583
236583
236583
236583
236429
236429
236429
236429
236429
236429
236429
236429
236429
236429
236429
236429
236429
236429
236429
232900
232900
232900
232900
232900
232900
232900
232900
232900
232900
232900
232900
232900
232900
232900
232900
232900
232900
232900
232900
230222
230222
230222
230222
230222
230222
230222
230222
230222
228575
228575
228575
228575
228575
228575
228575
228575
228575
228575
228575
228575
228215
228215
228215
228215
228215
228215
228215
228215
228215
228215
228215
228215
228215
228215
228215
228215
228215
228215
228215
228215
227120
227120
227120
227120
227120
227120
227120
227120
227120
227120
227120
227120
227120
227120
227120
227120
227120
224806
224806
224806
224806
224806
224806
224806
224806
221162
221162
221162
221162
221162
221162
221162
221162
221162
221162
221162
221162
221162
221162
221162
221162
221162
221162
221162
221162
220120
220120
220120
220120
219165
219165
218262
218262
218262
218262
218262
218262
218262
218262
218262
218262
218262
218262
218262
218262
218262
218262
215223
215223
215223
215223
215223
215223
215223
215223
215223
213315
213315
213315
213315
213315
212735
212735
212735
212735
212735
212735
212735
212735
212735
212735
212735
208667
208667
208667
208667
208667
208667
208667
208667
208667
208667
205897
205897
205897
205897
205897
205897
205897
205897
205897
205897
205897
205897
202673
202673
202673
202673
