1212
1500000
997887
997887
997887
997887
997887
997887
997887
997887
997887
997887
997887
997887
997887
997887
997887
997887
997887
997887
997887
987302
987302
987302
987302
987302
987302
987302
987302
987302
987302
987302
987302
987302
987302
987302
987302
972083
972083
972083
972083
972083
972083
972083
972083
972083
972083
972083
963675
963675
963675
963675
963675
963675
963675
963675
963675
963675
963675
963675
963675
963675
963675
963675
963675
963675
951538
951538
951538
951538
951538
951538
951538
951538
951538
951538
951538
951538
951538
951538
951538
951538
947816
947816
947816
947816
947816
947816
947816
947816
947816
947816
947816
947816
947816
947816
947816
947816
947816
937758
937758
937758
937758
937758
937758
937758
937758
937758
937758
937758
937758
937758
937758
937758
937758
937758
935605
935605
931412
931412
931412
931412
931412
931412
931412
931412
931412
931412
929887
929887
929887
929887
929887
929887
929887
929887
929887
929887
929887
929887
929887
929887
924923
924923
920118
920118
920118
916821
916821
916821
916821
916821
916821
916821
916821
916821
916821
916821
916821
916279
916279
916279
916279
916279
916279
916279
913662
913662
913662
913662
913662
913662
913662
913662
913662
913662
913662
913662
910084
910084
910084
910084
910084
910084
910084
910084
910084
910084
910084
895676
895676
895676
895676
895676
895676
895676
895676
895676
895676
895676
893946
893946
893946
893946
893946
893946
893946
893946
893946
893946
893946
885352
885352
885352
885352
885352
885352
885352
885352
885352
885352
885352
885352
885352
885352
885352
885352
885352
885352
885352
885352
863639
863639
863639
863639
863639
863639
863639
858060
858060
858060
858060
858060
858060
858060
858060
858060
858060
858060
858060
858060
858060
836833
836833
836833
836833
836833
836833
836833
836833
836833
836833
836833
836833
836833
836833
836833
836833
832944
832944
832944
832944
832944
832944
832944
832944
832944
832944
832944
832944
832944
824801
808403
808403
808403
808403
808403
808403
808403
808403
808403
808403
808403
808403
808403
805784
805784
805784
805784
796488
796488
796488
796488
796488
796488
796488
796488
796488
796488
794451
794451
794451
794451
784975
784975
784975
784975
784975
784975
784975
777756
777756
777756
777756
777756
777756
777756
777756
777756
777756
777756
777756
777756
777756
777756
777756
777756
777756
771101
771101
771101
771101
771101
771101
771101
771101
771101
771101
771101
771101
768806
768806
768806
768806
768806
768806
768806
768806
768806
768806
768806
768806
768806
768806
768806
768806
761320
761320
761320
761320
761320
761320
761320
756120
756120
756120
756120
756120
756120
756120
756120
756120
756120
756120
756120
756120
756120
756120
756120
756120
756120
756120
756120
746847
746847
746847
746847
746847
746847
746847
746847
739053
739053
739053
739053
739053
739053
739053
739053
739053
739053
739053
739053
739053
739053
739053
739053
739053
739053
739053
739053
738093
738093
738093
738093
738093
738093
738093
738093
738093
738093
738093
738093
738093
738093
738093
738093
737011
737011
737011
737011
737011
737011
737011
737011
737011
737011
737011
737011
737011
731966
728173
728173
728173
728173
728173
728173
728173
728173
728173
728173
728173
728173
728173
728173
710330
710330
710330
710330
710330
710330
710330
707530
707530
707530
707530
707530
707530
707530
707530
707530
707530
707530
707530
707530
707530
707530
707530
707530
707530
705162
696182
696182
696182
696182
696182
696182
696182
696182
696182
691377
691377
691377
691377
676380
676115
676115
676115
676115
676115
676115
676115
676115
676115
674884
674884
674884
674884
674884
674884
674884
674884
674884
671197
671197
671197
671197
671197
671197
671197
671197
671197
671197
670566
670566
670566
666784
666784
666784
666784
666784
666784
657658
657658
657658
657658
657658
657658
657658
657658
657658
657658
657658
647355
642539
642539
642539
642539
642539
639824
639824
639824
639824
639824
639824
639824
639824
639824
639824
639824
639824
639824
639824
639824
629240
629240
629240
629240
629240
629240
629240
629240
629240
629240
629240
629240
629240
626742
626742
626742
623980
623980
623980
623980
623980
623980
623980
623980
611573
611573
611573
610099
610099
610099
610099
610099
610099
610099
610099
609110
609110
609110
609110
609110
609110
609110
609110
609110
609110
609110
609110
609110
609110
609110
609110
609110
602465
602465
602465
602465
602465
602465
602465
601940
601940
601940
601940
601940
601940
601940
601940
601940
601940
601940
598709
598709
598709
593573
593573
593573
593573
593573
593573
593573
593573
593573
593573
593573
593573
593573
593573
593573
593489
593489
573826
573826
573826
573826
573826
573826
573826
571056
571056
571056
571056
571056
571056
571056
571056
571056
571056
571056
567852
567852
567852
567852
567852
567852
567852
567852
567852
563994
563994
563994
563994
563994
558323
558323
546998
546998
546998
546998
546998
546998
546998
546998
546998
546998
546998
546998
546998
546998
546998
546998
546998
546998
544987
543147
543147
543147
543147
543147
543147
543147
543147
543147
543147
543147
543147
543147
543147
541074
541074
541074
541074
541074
541074
541074
541074
529772
529772
529772
529772
529772
529772
529772
529772
529772
529772
509830
509830
509830
509830
509830
509830
509830
509830
509830
509830
509830
505747
505747
505747
505747
505747
505747
505747
505747
505747
505747
505747
505747
499912
499912
499912
499912
499912
499912
499912
499912
499912
499912
499912
499912
499912
499912
494863
494863
494863
494863
494863
494863
494863
494863
494863
494863
494863
488430
488430
488430
484203
484203
484203
484203
484203
484203
484203
484203
484203
484203
484203
484203
484203
484203
484203
484203
484203
484203
483790
483790
483790
483790
483790
483790
483790
483790
483790
483790
483790
483790
483410
483410
483410
483410
483410
483410
483410
483410
483410
483410
483410
483410
482732
482732
482732
482732
482732
478275
478275
478275
475306
475306
475306
475306
475306
475306
475306
475306
475306
475306
475306
475306
454518
454518
454518
454518
451524
451524
451524
451524
451524
451524
451524
451524
451524
451524
451524
451524
451524
451524
451524
451524
451524
443414
443414
443414
443414
440821
440821
440821
440821
438874
438874
438874
438874
438874
438874
437912
437912
437912
437912
437912
437912
437912
437912
437912
437912
437912
434805
434805
434805
434805
434805
434805
434805
434805
423241
423241
423241
423241
423241
423241
423241
423241
421634
415076
415076
415076
415076
415076
415076
415076
415076
415076
412641
412641
412641
412641
412641
412641
412641
412641
402704
402704
402704
402704
402704
402704
402704
402704
402704
402704
402704
400130
400130
400130
400130
400130
400130
400130
400130
400130
400130
400130
400130
400130
400130
400130
398039
398039
398039
398039
398039
398039
398039
398039
398039
398039
398039
398039
398039
398039
398039
398039
398039
398039
375117
375117
375117
375117
375117
371189
371189
371189
371189
371189
371189
371189
371189
371189
371189
371189
371189
371189
371189
371189
371189
371189
371189
361948
361948
361948
361948
361948
361948
361948
361948
361948
361948
361948
361948
361948
343467
343467
343467
343467
343467
343467
343467
343467
343467
343467
343467
341273
341273
341273
341273
341273
341273
341273
341273
341273
341273
341273
341273
341273
341273
338595
338595
338595
338595
338595
338595
338595
338595
338595
322872
317495
311249
311249
311249
311249
311249
311249
311249
311249
311249
311249
311249
311249
311249
311249
311249
311249
311249
303068
303068
303068
303068
303068
303068
299291
299291
299291
299291
299291
299291
299291
299291
299291
299291
299291
299291
299291
299291
299291
299291
291302
291302
291302
291302
291302
291302
291302
291302
291302
291302
291302
291302
259253
259253
259253
259253
259253
259253
259253
259253
259253
259253
259253
259253
259253
259253
259253
259253
257507
257507
257507
255031
255031
255031
255031
255031
247201
247201
247201
247201
247201
247201
243814
243814
243814
243814
243814
243814
243814
243814
243814
234756
234756
234756
234756
234756
234756
234756
234756
230480
230480
230480
230480
230480
230480
214573
214573
214573
214573
214573
214573
214573
214573
214573
214573
212884
212884
212884
212884
212884
210006
210006
210006
210006
210006
210006
210006
210006
210006
210006
210006
210006
210006
210006
210006
210006
210006
210006
209441
209441
209441
209441
209441
209441
209441
209441
209441
209441
209441
209441
209441
209441
209441
209441
209441
203531
203531
