1382
1500000
997978
997978
997978
997978
997978
997978
997978
997978
997978
996558
996558
996558
996558
996558
996558
996558
996558
996558
996558
996558
996558
996558
993056
993056
993056
993056
993056
993056
993056
988129
988129
988129
988129
988129
988129
988129
988129
988129
988129
975231
975231
975231
975231
975231
975231
975231
975231
975231
975231
975231
975231
968903
968903
968903
968903
968903
968903
968903
968903
968903
968903
968903
968903
967926
967926
967926
967926
967926
967926
958163
958163
958163
958163
958163
958163
958163
958163
958096
958096
958096
958096
958096
958096
958096
958096
958096
958096
958096
958096
958096
958096
958096
958096
958096
958096
958096
958096
951104
951104
951104
951104
951104
951104
951104
951104
951104
951104
951104
951104
951104
951104
951104
948766
948766
948766
948766
948766
948766
948766
948766
948766
948766
948766
948766
948766
948766
948766
948766
945244
945244
945244
945244
945244
945244
945244
945244
945244
945244
945244
945244
945244
945244
945244
942854
942854
942854
940682
940682
940682
940682
940682
940682
940682
940682
940682
940682
940682
940682
940682
940682
940682
940682
940682
940682
940682
935756
935756
935756
935756
935756
935756
935756
935756
935756
935756
933317
933317
933317
933317
933317
933317
933317
933317
933317
933317
933317
933317
933317
933317
933317
933317
933317
933317
933317
932023
932023
932023
932023
932023
932023
932023
932023
932023
929917
929917
916639
916639
916639
912721
912721
912721
912721
906460
906460
906460
906460
906460
906460
906460
906460
906460
906460
906460
906460
906460
906460
906460
906460
906460
897221
897221
897221
897221
897221
897221
897221
897221
897221
897221
888974
888974
888974
888974
888974
888974
888974
888974
888974
888974
888974
888974
888974
888974
888974
888974
888974
888974
888974
887652
887652
887652
887652
887652
887652
887652
887652
887652
887652
887652
886743
885457
885457
885457
885457
876007
876007
876007
876007
876007
876007
876007
876007
876007
876007
876007
876007
869274
869274
869274
869274
869274
869274
869274
869274
869274
869274
869274
869274
869274
869274
869274
861385
861385
861385
844116
844116
844116
844116
844116
844116
844116
844116
844116
844116
844116
844116
844116
844116
844116
844116
834436
834436
834436
834436
834436
834436
834436
834436
834436
834436
834436
834436
834436
834436
834436
834436
834436
834436
825804
825804
825804
825804
825804
825804
825804
825804
825804
825804
825804
807506
807506
807506
807506
807506
807506
807506
807506
807506
807506
807506
804180
804180
804180
804180
797402
797402
797402
797402
797402
794572
794572
794572
794572
794572
794572
794572
794572
794572
794572
794572
794572
794572
794572
783003
783003
783003
783003
783003
783003
783003
783003
783003
783003
783003
774131
774131
774131
774131
774131
774131
774131
774131
774131
774131
774131
774131
774131
774131
765396
765396
765396
765396
765396
765396
765396
765396
765396
765396
760352
759257
759257
759257
759257
759257
759257
759257
759257
759257
759257
759257
759257
759257
759257
759257
757762
757762
757762
757762
757762
757762
753165
753165
753165
753165
753165
753165
753165
753165
753165
753165
748468
748468
748468
748468
748468
748468
738757
738757
738757
738757
738757
738757
738757
738757
738757
738757
738757
738757
738757
738757
738757
738757
738757
738757
738757
738757
737583
737583
737583
737583
737583
737583
737583
737583
737583
737583
737583
737583
737583
737583
737583
737583
737583
734914
734914
734914
734914
734914
734914
734914
726724
726724
726724
726724
726724
726724
726724
726724
726724
719567
719567
719567
719567
719567
719567
719567
719567
719567
719567
719567
719567
719567
719567
719567
719567
719567
719567
719567
710592
710592
710592
710592
710592
710592
710592
710592
710592
710592
710592
710592
710592
710592
710592
710592
710592
710592
705059
705059
705059
705059
705059
705059
705059
705059
705059
705059
705059
705059
705059
699669
699669
699669
699669
699669
699669
699669
695306
695306
695306
695306
695306
695306
695306
695306
695306
695306
695306
695306
695306
695306
695306
695306
692665
692665
692665
692665
692665
692665
692665
692665
692665
692665
692665
692665
692665
692665
692665
692665
692665
692665
692665
692665
690517
690517
690517
690517
690517
690517
690517
690517
690517
690517
690517
690517
690517
687088
687088
687088
687088
687088
687088
687088
687088
683937
678252
678252
678252
678252
678252
678252
678252
678252
678252
678252
678252
678252
678252
671949
671949
671949
671949
671949
671949
671949
664602
664602
664602
664602
664602
664602
664602
664602
664602
664602
664602
664602
664602
664602
664602
664602
664602
659225
659225
659225
659225
659225
659225
659225
659225
659225
659225
659225
659225
659225
659225
657862
657862
657862
649598
649598
649598
649598
649598
649598
649598
649598
649598
649598
649598
649598
649598
641264
641264
641264
641264
641264
641264
641264
641264
641264
641264
620325
620325
620325
620325
620325
620325
620325
620325
620325
620325
620325
620325
620325
620325
620325
620325
620325
620325
619816
619816
619816
619816
619816
619816
619816
619816
619816
619816
619816
619816
619816
619816
619816
618421
618421
618421
618421
618421
618421
618421
618421
618421
618421
612273
612273
612273
612273
612273
612273
612273
612273
612273
612273
612273
612273
612273
610680
610680
610680
610680
610680
610680
610680
610680
610680
610680
610680
610680
608964
608964
608964
608964
608964
608964
608964
608964
608964
608964
603503
603503
603503
603503
603503
603503
603503
603503
603503
603503
603503
603503
603503
598500
598500
598500
598500
598500
598500
598500
598500
598500
598500
598500
598500
598500
598500
598500
598500
597995
597995
597995
597995
597995
597995
597995
597995
597995
597995
597995
597995
597995
597995
597995
597995
597995
597995
597995
592428
592428
592428
592428
591435
591435
591435
591435
591435
591435
591435
591435
591435
591435
591435
591435
591435
591435
591435
591435
591435
591435
591036
591036
591036
590035
590035
590035
590035
590035
590035
590035
590035
590035
590035
590035
590035
590035
590035
590035
590035
590035
590035
590035
587610
587610
587610
587610
587610
587610
587610
586787
586787
586787
586787
586787
586787
586787
586787
586787
586787
586787
586787
586787
586581
586581
586581
586581
586581
586581
586581
586581
586581
586581
586581
586581
586581
586581
586581
586581
584916
584916
584916
584916
584916
584916
584916
584916
584916
584916
584916
584916
584916
580278
580278
580278
580278
580278
562618
562618
562618
562618
562618
562618
562618
562618
562618
562618
562618
562618
559265
559265
559265
559265
559265
559265
559265
559265
559265
559265
559265
559265
559265
559265
559265
559265
559265
559265
557420
557420
557420
557420
557420
527449
527449
527449
527449
527449
527449
527449
527449
527449
527449
506008
506008
498042
498042
495659
495659
495659
495659
495659
495659
495659
495659
495659
495659
495659
495659
495659
495659
495659
487894
487894
487894
487894
487894
487894
487894
487894
487596
487596
487596
487596
487596
487596
487596
487596
487596
487596
487596
487596
487596
487596
487596
487596
487596
487596
487596
487596
483792
483792
483792
483792
483792
483792
483792
483792
483792
483792
483792
483792
483792
483792
483792
483792
483792
483207
483207
483207
483207
483207
483207
471434
471434
471434
471434
471434
471434
470583
470583
470583
470583
470583
470583
470583
470583
470583
470583
470583
470583
470583
470583
470583
470583
470583
470583
468223
468223
468223
444547
444547
444547
444547
444547
444547
444547
444547
444547
441737
441737
441737
441737
441737
441737
441737
441737
439042
439042
439042
439042
439042
439042
439042
439042
439042
439042
439042
439042
439042
439042
439042
439042
439042
439042
439042
426036
426036
426036
426036
426036
426036
426036
426036
426036
426036
426036
426036
426036
426036
426036
426036
425423
425423
425423
425423
425423
425423
425423
425423
425423
425423
425423
420556
398478
398478
398478
398478
398478
398478
398478
398478
398478
398478
398478
397390
397390
397390
397390
397390
397390
397390
397390
397390
397390
397390
397390
397390
397390
386328
376382
376382
376382
376382
376382
376382
376382
341008
341008
337422
337422
337422
337422
337422
337422
337422
335545
335545
335545
335545
335545
335545
335545
335545
335545
335545
335545
335545
335545
335545
335545
335545
335545
335545
331069
331069
331069
331069
331069
331069
331069
331069
331069
331069
329784
329784
329784
329784
329784
329784
329784
329784
329784
329784
329784
329784
329784
329607
329607
329607
329607
329607
329607
329607
329607
329607
329607
328577
328577
328577
328577
328577
328577
328577
328577
328577
328577
328577
328577
328577
328577
328577
328577
328577
328577
328577
328577
312219
312219
312219
312219
312219
312219
312219
312219
312219
312219
311303
311303
311303
311303
311303
311303
311303
311303
311303
311303
311303
311303
311303
294242
294242
294242
294242
294242
294242
294242
294242
285548
285548
285548
285548
285548
285548
285548
285548
285548
285548
285548
285548
285548
285548
285548
285548
285548
285548
285548
274342
274342
274342
274342
274342
274342
274342
274342
274342
274342
274342
274342
274342
274342
274342
274342
274342
266179
266179
266179
266179
266179
266179
266179
266179
266179
266179
266179
266179
266179
266179
266179
266179
266179
266179
263955
263955
263955
263955
250341
250341
250341
250341
250341
250341
250341
250341
250341
250341
250341
250341
250341
250341
250341
250341
250341
248711
248711
248711
248711
248711
248711
248711
248711
248711
248711
248711
248711
248711
248711
235770
235770
235770
230809
230809
230809
230809
230809
230809
230809
230809
230809
230809
210709
210709
210709
210709
210709
