5112
1500000
999801
999801
999801
999801
999801
999801
999801
999801
999717
999717
999717
999717
999717
999717
999717
997386
997386
997386
997386
997386
997386
997386
997386
997386
997386
997386
997386
997386
997386
997386
997386
997386
997386
997248
997248
997248
995492
995492
995492
995492
995492
995492
995492
995492
995492
995492
995492
995492
995492
995492
995492
995492
995492
995492
995492
995492
994524
994524
994524
994524
994524
994524
994524
994524
994524
994524
994524
991714
991714
991714
991714
991166
991166
991166
991166
988097
988097
988097
988097
988097
988097
988097
988097
988097
988097
988097
988097
988097
988097
988097
988097
987837
987290
987290
987290
987290
987290
987290
987290
987290
987290
987290
984986
984986
984986
984986
984986
984986
984986
984986
984986
984986
984986
984986
984986
984986
984986
984269
984269
984269
984269
984269
984269
984269
984269
984269
982790
982790
982790
982790
982790
982790
982790
982790
982790
982790
982790
982790
982790
982790
982790
982790
982475
982475
982259
982259
982259
982259
982259
982259
982259
982259
982259
982259
982259
982259
980571
980571
980571
980571
979209
979209
979209
979209
979209
979209
979209
977386
977386
974524
974524
974524
974524
972955
972955
972955
972955
972955
972955
972955
972955
972955
972955
972955
971703
971703
971703
971703
971703
971703
971703
971703
971703
971703
971703
971703
971703
965779
964911
964911
964911
964911
964911
964911
964911
964911
964911
964911
964911
961616
961616
961616
961311
961311
961311
961311
961311
961311
960879
960879
960879
960879
960879
960879
960879
960879
960879
960879
960879
960879
960844
960844
960844
960844
960844
960844
960844
958111
958111
958111
958111
958111
958111
958111
958111
958111
958111
958111
958111
956701
956701
956701
956701
956701
956701
955340
955340
955340
955340
955340
955340
955340
955340
955340
955340
955340
955340
953379
953379
953379
953379
953379
953379
953379
953379
953379
953379
953379
953379
953379
953379
952021
952021
952021
952021
952021
952021
952021
952021
952021
952021
948464
948464
948464
948464
948464
948464
948464
948464
948464
948464
948464
948464
948464
948184
948184
948184
948184
946799
946799
946799
946799
946799
946799
946799
946799
946799
946799
946799
946799
946799
946799
946799
946799
945868
945868
945868
945868
945868
945868
945868
945868
945868
945868
945868
945868
945868
945868
945868
945868
945868
945868
945868
945489
945489
945489
935035
935035
935035
935035
935035
935035
935035
934468
934468
934468
934468
934468
934468
934468
934468
934468
934468
934468
934468
934468
934468
934247
934247
933167
933167
933167
933167
933167
933167
933167
933167
933167
933167
933167
933167
933167
933167
933167
933167
933167
933167
930001
930001
930001
930001
930001
930001
930001
930001
930001
930001
930001
930001
930001
929522
929522
929522
929522
929522
929522
929522
929522
929522
929522
926621
926621
920971
920971
920971
920971
920971
920971
920971
920971
920971
920971
920031
920031
920031
920031
920031
920031
920031
920031
920031
920031
920031
920031
920031
920031
919320
919320
919320
919320
917175
917175
917175
917175
917175
917175
917175
917175
917175
917175
917175
917175
917175
917175
917175
916987
916987
916987
916987
916987
916987
916987
916987
916987
916987
916987
916987
916987
916987
916987
916987
916987
916987
914402
914402
914402
914402
914402
913214
913214
913214
913214
913214
913214
913214
913214
913214
913214
913214
912474
912474
912474
912474
912474
912474
912474
912474
912474
912474
912474
912474
912474
912474
912474
912474
912474
912474
912474
912474
910305
910305
910305
910305
910305
910305
910305
910305
910305
910305
910305
910305
910305
910305
910305
910305
909891
909891
909891
909891
909891
909891
909891
909111
909111
909111
909111
909111
909111
909111
908530
908530
908530
908530
908530
908530
897463
897463
897463
897463
897463
897463
897463
897463
897463
897463
897463
897463
897463
897463
897463
897463
897463
897034
897034
897034
897034
897034
897034
897034
897034
897034
897034
897034
894300
894300
894300
894300
894300
894300
893874
893874
893874
893874
893874
893874
893874
893874
893874
893874
893874
893874
893874
893874
893874
893874
893874
893874
889229
889229
889229
889229
889117
889117
889082
889082
889082
889082
889082
889082
889082
889082
889082
889082
889082
889082
889082
889082
889082
889082
889082
888847
888847
888847
888847
888201
888201
888201
888201
888201
888201
888201
888201
888201
888201
888201
888201
888201
888201
888201
888201
888201
888201
888201
888201
887243
887243
887243
887243
887243
887243
887243
887243
886319
886319
886319
886319
886319
886319
886319
886319
886319
886319
886319
886319
886319
886319
886319
886319
886319
886319
886319
886244
886244
886244
886244
886244
878782
878782
878782
878782
878782
878782
878782
878782
878782
878782
878782
878782
874256
874256
874256
874256
874256
874256
874256
874256
874256
873310
873310
873310
873310
873310
873310
873310
873310
873310
873304
873304
873304
873304
873304
873304
873304
873304
873304
873304
872737
872737
872737
872737
872737
871404
871404
871404
871404
871404
871404
871404
871404
871404
871404
871404
871404
871404
871404
871404
871404
871404
871404
870574
870574
870574
870574
870574
870574
870574
870574
870574
870574
870574
870574
870574
870574
870574
870574
870574
870574
869051
869051
869051
869051
869051
869051
869051
869051
869051
869051
869051
869051
869051
869051
869051
868290
868290
868290
868290
868290
868290
868290
868290
865597
865597
865597
865597
865597
865597
865597
865597
865597
865597
865597
865597
865597
865597
865597
865597
865597
865304
865304
865304
865304
857546
857393
857393
857393
857393
855696
855696
855696
855696
855696
855696
855696
855251
855251
855251
855251
855251
855251
855251
855251
855251
855251
853355
853355
853355
853355
853355
853355
853355
853355
853355
853355
853355
853355
853355
853355
853355
853355
853355
853355
853299
853299
853299
853299
853299
853299
853299
853299
853299
853299
852941
852941
852941
852941
852941
852941
852941
852941
852941
852941
852941
852751
852751
852751
852751
852751
852751
852751
852751
852751
852751
852751
852184
852184
852184
852184
852184
852184
852184
852184
852184
852184
852184
851995
851995
851995
851995
851995
851995
851995
851995
851995
851995
851995
851995
851718
851718
851718
851718
851718
851292
851292
850200
850200
850200
850200
850200
850200
850200
850200
850200
850200
850200
850200
850200
850200
850200
850200
850200
850200
850150
850150
850150
850150
850150
850150
850150
850150
850150
850150
850150
850150
849042
849042
849042
849042
849042
849042
847276
847276
847276
847276
847276
847276
847276
847276
847276
843551
843551
843551
843551
843551
843551
843551
842753
842753
842753
842753
842753
842753
842753
842753
842753
842753
842753
842753
842753
842753
842753
842753
842435
842435
842435
842435
842435
842435
842435
842435
842435
842435
842435
840172
840172
840172
840172
840172
840172
840172
840172
840172
840172
840172
840172
840172
840172
840172
840172
834811
834811
834096
834096
834096
834096
834096
834096
834096
834096
834096
834096
834096
834096
834096
834096
834096
834096
834096
834096
834096
834096
833111
833111
833111
833111
833111
833111
833111
833111
833111
833111
833111
833111
833111
833111
833111
833111
833111
832760
832760
832760
832760
832760
832760
832760
832760
832760
832760
832760
832760
832760
832760
832760
832760
830673
830673
830673
830673
830673
830673
830673
830673
830673
830673
830673
830673
830673
830673
830673
830673
830560
830560
830560
830560
830560
830560
830560
830560
830560
829604
829604
829604
829604
829604
829604
829604
829604
829604
829604
829604
829604
829604
829604
829604
829109
829109
829109
829109
827996
827996
827996
827996
827996
827996
827996
827201
827201
827201
827201
827201
827201
827201
827201
827201
827201
827201
827201
827201
827201
827201
827201
825102
825102
825102
825102
825102
825102
822959
822959
822959
822959
822959
822959
822959
822959
822959
822959
822959
822959
822959
822959
822959
822959
822959
822959
822959
822959
821932
821932
821932
821932
821932
821932
821932
821500
821500
821500
821500
820522
820522
820522
820522
820522
820522
820522
820522
820488
820488
820488
820488
820488
820488
820488
820488
820488
820488
820488
820488
820488
820488
820066
820066
820066
820066
820066
820066
820066
820066
820066
820066
820066
820066
820066
820066
820066
820066
820066
820066
820066
819390
814252
814252
811962
811962
811962
811962
811962
811962
811962
811962
811962
811962
811962
811962
811962
811962
808698
808698
808698
808698
808698
808698
808698
808140
808140
808140
808140
808140
808140
808140
808140
808140
808140
807396
807396
807396
807396
807396
805951
805951
805951
805951
805951
805951
805951
805951
805951
805951
805951
805951
805747
805747
805747
805747
805747
805747
805747
805747
805747
799387
799387
799202
799202
799202
799202
799202
799202
799202
799202
797557
797557
797557
797557
797557
797557
797557
797557
797557
797557
797557
797557
797557
797557
797557
797557
797557
797557
797519
797519
797519
797519
797519
797519
797519
797519
797519
796798
796798
796798
796798
796798
796798
796798
796798
796798
796798
796798
796798
796798
796798
796798
792283
792283
792283
792283
792283
792283
792283
792283
792283
792283
792283
789690
789690
789690
789690
789690
789690
789690
789690
789690
789690
789690
789690
789690
789690
789690
789690
789690
789690
787160
787160
787160
787160
787160
787160
787160
787160
787160
787007
787007
787007
787007
787007
787007
787007
787007
787007
787007
787007
787007
787007
787007
787007
786521
786521
786521
786521
786521
786521
786521
786521
786521
786521
786521
786521
786521
786521
782878
782878
782878
782878
782878
782878
782878
782878
782878
782878
782878
782878
782878
782878
781160
781160
781160
781160
781160
781160
781160
781160
781160
781160
781160
781160
781160
781160
781160
781160
781160
781160
774866
774866
774866
774866
774866
774866
774866
774866
774866
774866
774866
774866
774155
774155
774155
774155
774155
774155
773124
773124
773124
773124
773124
773124
773124
773124
773124
773124
773124
773124
773124
773124
773124
772913
772913
772913
772913
772913
772913
772591
772591
772591
772591
772591
772591
772591
772591
772591
772591
772591
772437
771608
771608
771608
771608
771608
771608
771608
771608
771608
771608
771608
771608
771608
771608
771093
771093
771093
771093
770975
770975
770975
770975
770975
770975
770975
770975
770975
770975
770975
766346
766346
766346
766346
766202
766202
766202
766202
761311
761311
761311
761311
761311
761311
761311
761311
761171
761171
761171
761171
761171
761171
761171
761171
761171
761171
761171
761171
761171
761171
761171
761171
761171
761171
761171
761171
758758
758758
758758
758758
758758
758758
758758
758758
758758
758758
758758
758758
758758
758758
758758
755357
755357
755357
755357
755357
755357
755357
755357
755357
755357
755357
755357
755357
755357
755357
755357
755357
755357
753412
753412
753412
753412
753412
753412
753412
753412
753412
753412
753412
753412
753412
753412
753412
753412
753412
753412
753412
752882
752882
752882
752882
752882
752882
752882
752882
752882
752882
752882
752882
752882
752882
751069
751069
751069
751069
751069
751069
751069
751069
751069
751069
751069
751069
751069
751069
751069
751069
751069
751069
747622
747622
747622
747622
747622
747622
747622
747622
747622
747622
747622
747622
747622
747622
747622
747622
747622
747622
747622
747622
746861
746861
746861
746861
746861
746861
746861
746861
746861
746861
746861
746861
746861
746861
746861
746861
746501
746501
746501
745309
745309
745309
745309
745309
745309
745309
745309
745309
745309
745309
745309
745309
745309
745309
745309
745309
745309
742888
742888
742888
742888
742888
742888
742888
742888
742888
742888
742888
742888
742888
742888
742888
742888
742888
742888
742812
742812
742812
742812
740446
740446
740446
740446
740446
740446
740446
740446
740446
740446
740446
740208
740208
740208
739934
739934
739934
739934
739830
739830
739830
739830
739830
739830
739830
739830
739830
739830
739830
739830
739830
739830
739830
739830
739830
739830
739830
739830
733997
733997
733997
733997
733997
733997
733997
733997
733997
733997
733997
733997
733997
733997
733997
733997
733997
733019
733019
733019
733019
733019
733019
732961
732961
732961
732961
732961
732961
732961
732961
732961
732961
732961
732961
732961
732961
732351
732351
732351
732351
731308
731308
731308
731308
731308
731308
731308
731308
731308
731308
731308
731308
731308
731308
731308
727686
727686
727686
727686
727686
727686
727686
727686
726971
726907
726907
726907
726907
726907
726907
726716
726716
726627
726627
726627
726627
726627
726627
726627
726627
726627
726627
726627
726627
726398
726398
726398
726398
726398
724355
724355
724355
724355
724355
724355
724355
724355
724355
724355
724355
724355
724355
724355
724355
723703
723703
723703
721526
721526
721526
721526
721526
721526
721526
721526
721526
721526
721526
721526
721526
721526
721526
721526
721526
721526
721526
721526
720797
720797
720797
720797
720797
720797
720797
720797
720797
720797
720797
714838
714838
714838
714838
714838
714838
714838
712659
711315
711315
711315
711315
711315
711315
711315
711315
711315
711315
711315
711315
711315
711315
711315
711315
711315
711315
711315
705212
705212
705212
705212
705212
705212
705212
705212
705212
705212
705212
705212
705212
705212
705212
705212
705212
705150
705150
705150
705150
705150
705150
705150
705150
705150
705150
705150
705150
705150
705150
705150
705150
705150
705150
705150
703656
703656
703656
703656
703656
703656
700208
700208
700208
700208
700208
700208
700208
700208
700208
700208
700123
700123
700123
700123
700123
700123
700123
700123
700123
700123
700123
700123
696803
696803
696803
696803
696803
696803
696803
696803
696803
696803
696803
695571
695571
695571
695571
695571
695571
695571
695571
695571
695571
695571
695571
695571
695571
695452
695452
695452
695452
695452
695452
695452
695452
695452
695452
695452
695452
695452
695452
695452
695452
695452
695452
695452
695452
692498
692498
692498
692498
692498
692498
692498
692498
692498
692498
692498
692498
692498
692498
692498
692498
692498
692360
692360
692360
692360
691053
691053
691053
691053
691053
691053
691053
690427
690427
690427
690427
690427
690427
690427
690427
690427
690427
690427
690427
690427
690427
690427
690427
690427
690122
687229
687229
687229
687229
687229
687229
687229
686196
686196
686196
686196
684299
684299
684299
684299
684299
684299
684299
684299
684299
684299
684299
684299
684299
684299
684299
684299
683592
683592
683592
683592
683592
683592
683592
683592
683592
682257
682257
682257
682257
682257
682257
682257
682257
682257
682257
682257
682257
682257
682257
682257
682257
682257
679940
679940
679940
679940
679940
679940
679940
679940
679940
679940
679940
679940
679940
679940
679940
679940
679940
679940
679940
679569
679569
679569
679569
679569
679569
679569
679569
679569
679569
679569
679569
679569
679569
679569
679569
679569
679569
679569
679569
679171
679171
679171
679171
679171
679171
679171
677399
677399
677399
677399
677399
677399
677399
677399
677399
677399
677399
676617
676617
676617
676617
676617
673788
673788
672979
672979
672979
672979
672979
672979
672979
672979
672979
672979
672979
672979
671888
671888
671888
671888
671888
671888
671888
671888
671888
671888
671888
671888
671888
671804
671804
671804
671804
671804
671804
671804
671804
669486
669486
669486
669486
669486
669486
669486
669486
669486
669486
669486
669486
669486
669486
667903
667903
667903
667903
667903
667903
667903
667903
667903
667903
667903
667903
667903
667903
667903
667903
667903
667903
667903
667571
667571
667571
667571
667571
667571
667571
667571
667571
667571
667571
667571
667571
667571
667571
667571
667571
665672
665672
665672
665672
665672
665672
665672
665672
665672
665672
665672
665672
665672
665672
665672
665672
665672
665672
665672
665672
665489
665489
665489
665489
665489
665489
665489
665489
665489
665489
665489
665489
665489
665489
665095
665095
665095
665095
665095
665095
665095
665095
665095
665095
665095
665095
665095
665095
665095
665095
665095
665095
665095
665095
661288
661288
659633
659633
659633
659633
659633
659633
659633
659633
659633
659633
659633
659633
659633
659633
659633
659297
659297
659297
659297
659297
659297
659297
658072
658072
658072
657441
657441
657441
657441
657441
657441
657441
657441
657441
657441
657441
657441
657441
652799
652799
652799
652799
652799
652799
652799
652799
652799
652799
652799
652799
652799
652799
652799
652799
652799
652799
652799
651330
651330
651330
651330
651330
651330
651330
651330
651330
651330
651330
651330
651330
651330
651330
651330
651059
651059
651059
651059
651059
651059
651059
651059
651059
651059
651059
651059
651059
651059
651059
651059
650313
650313
650313
650313
650313
650313
650313
650313
650313
650313
650313
650313
650313
650313
650313
650313
650313
649448
649448
647827
647827
647827
647827
647827
647827
647827
647827
647827
647827
647827
647827
647827
647827
647827
647827
647827
647326
647326
647326
647326
647326
647326
647326
647326
647326
647326
647326
647326
647326
647326
647326
646344
646344
646250
646250
646250
646250
646250
646250
646250
646250
646250
646250
645565
642087
641712
641712
641712
641712
641712
640147
640147
640147
640147
640147
640147
640147
640147
640147
640147
640147
640147
640147
640147
640147
640147
638979
638979
638979
638979
637895
637895
637895
637895
637895
637895
637895
637895
637895
637895
637895
637895
637895
637895
637895
634670
634670
634670
634670
634670
634670
634670
634670
634670
634670
634670
634670
634670
634670
629977
629977
629977
629977
629977
629977
629977
629977
629977
629977
629977
629977
629977
629977
629977
629977
626992
626992
626992
626992
626992
626992
626992
626992
626992
626992
626992
626992
624918
624918
624918
624918
624918
624918
624918
624918
624918
624918
624918
624918
624918
624918
624724
624724
624724
624724
624724
624724
624724
624724
624724
624724
624432
624432
624432
624432
624432
624432
624432
624432
624432
624432
624432
624432
624432
624432
624432
624432
624432
623697
623625
623625
623625
623625
623625
623625
623625
623625
623625
623625
623625
623625
623625
623625
622198
622198
620157
620157
620157
620157
620157
620157
619911
619911
619911
619911
619911
619911
619911
619911
619911
619911
619911
619911
614020
614020
614020
614020
614020
614020
614020
614020
612987
612987
611145
611145
611145
611145
611145
611145
611145
611145
611145
611145
611145
609665
609665
609665
609665
609665
609006
609006
609006
608557
608557
608557
608557
608557
608557
608557
608400
608400
608400
608400
608400
608400
608400
608400
608400
608400
608400
608400
608400
608400
608400
608400
608400
608400
607068
607068
607068
607068
607068
607068
607068
607068
607068
607068
607068
607068
607068
607039
607039
607039
607039
607039
607039
607039
607039
607039
607039
607039
607039
607039
607039
607039
607039
607039
606769
606769
606769
606769
606769
606769
606769
606769
606769
606009
606009
606009
604699
604699
604699
604699
604699
604699
602766
602766
602766
602766
601687
601687
601687
601687
601687
601687
601687
601687
601687
601687
601687
601687
601687
601286
601286
601286
601286
601286
601286
601286
601286
601286
601286
600448
600448
600448
600448
600448
600448
600448
600448
600448
600448
600448
600448
600448
600448
600448
600448
600448
600448
600448
600339
600339
600339
600339
600339
599873
599873
599873
599873
599873
599873
599873
599873
599873
599873
597870
597870
597870
597870
597870
597870
597870
597870
597870
597870
597870
597870
596992
596992
596992
596992
596992
596992
596992
596992
596992
596992
596992
596992
596801
596801
596801
596801
596801
596183
596183
596183
596183
596183
596183
596183
596183
592165
592165
592165
592165
592165
592165
592165
592165
592165
592165
592165
592165
592165
592165
592165
592165
592165
592165
590553
590553
590553
590553
590553
590553
590553
590553
590553
590553
590553
590553
590553
590553
590553
589860
589860
589860
589860
589860
589860
589860
589860
587890
587890
587890
587890
587890
587394
587394
587394
587394
587394
587394
587394
587394
584497
584497
584497
584497
584497
584497
584497
584497
584497
584497
584497
584497
582292
582292
581072
581072
581072
581072
581072
581072
581072
581072
581072
581072
581072
581072
581072
581072
575200
575200
575200
572860
572860
572860
572353
572353
572353
572353
572353
572353
572353
572353
572353
572353
572353
572353
572353
572353
572353
572353
572353
569906
569906
569906
569906
569906
569906
569906
569906
569906
569906
569295
566673
566673
566673
566673
566673
566673
566673
566673
566673
566673
566673
566673
566325
559349
559349
559349
559349
559349
559349
559349
559349
559349
559349
559349
559349
559349
559349
555755
555755
555755
555755
555755
555755
555755
555755
555755
555755
555755
555755
555755
555755
555755
555755
555755
555755
555755
555755
555474
555474
555474
555474
555474
555474
555474
555474
555167
555167
553807
553807
553509
553509
553509
553509
553509
553509
553509
553509
553509
553509
553509
553509
553509
552894
552894
552894
552894
552894
552894
552894
552894
552894
552894
552894
550031
550031
550031
550031
550031
550031
550031
550031
550031
550031
550031
550031
550031
550031
550031
550031
550031
550031
550031
550031
549016
549016
549016
549016
549016
549016
549016
549016
548300
548300
548300
547304
547304
547304
547304
547304
547304
545098
545098
545098
545098
545098
545098
544635
544635
543862
543862
542521
542521
542521
542521
542521
542521
542521
542521
542521
542037
542037
542037
542037
542037
542037
542037
542037
542037
542037
542037
542037
542037
542037
542037
539818
539818
539818
539818
539818
538077
538077
538077
538077
538077
538077
538077
538077
538077
538077
538077
538077
538077
538077
538077
536275
536275
536275
536275
536275
536275
536275
536275
536275
536275
536275
536275
536275
536275
536275
536275
536275
536275
533503
533503
533503
533503
533503
533503
533503
533503
533503
533503
533503
533503
533503
532683
532683
532683
532683
532683
532683
532683
532683
532683
532683
532683
532683
532683
532683
532683
532683
532683
532683
532683
530906
530906
530906
530906
529422
529422
529422
529422
529422
529156
529156
529156
529156
529156
523370
523370
523370
523370
523370
523370
523370
523370
523370
523370
523370
519547
519547
519547
519547
519547
519547
519289
519289
519289
519289
519289
519289
519289
519289
519289
519289
519289
519289
519289
519289
519289
519289
519289
519289
519289
519289
519074
519074
519074
519074
519074
519074
519074
519074
519074
519074
519074
519074
519074
519074
519074
519074
516702
516702
516702
516702
516702
516702
516702
516702
516702
516702
516702
516702
516702
516702
516702
516702
516702
516702
516702
516702
514390
514390
514390
514390
514390
514390
514390
514390
514390
514390
514390
514390
514390
514390
514390
514390
514390
514390
513432
513432
513432
513432
512814
512814
512814
512814
512814
512814
512814
512814
512814
512814
512814
512814
512814
512814
512814
512814
512814
512814
511338
511338
511338
511338
510984
510984
510984
510984
510984
510984
510984
510984
508054
508054
508054
508054
508054
508054
508054
508054
508054
508054
508054
508054
508054
508054
508054
508054
508054
507050
507050
507050
507050
507050
507050
507050
507050
507050
506621
506621
506621
503017
503017
503017
503017
503017
503017
503017
503017
501138
501138
501027
501027
501027
501027
501027
501027
501027
501027
501027
501027
501027
501027
501027
501027
498732
498732
498732
498732
498732
498732
498732
498732
498732
498732
498732
498732
498732
498732
498732
498732
498732
498732
498732
498732
498090
498090
498090
498090
498090
497795
497795
492247
492247
492247
492247
492247
492247
492247
492247
491851
491851
491851
490313
490313
490035
490035
490035
490035
490035
490035
490035
490035
490035
490035
490035
490035
490035
490035
490035
490035
490035
490035
490035
490035
488280
488280
488280
488280
484831
484831
484385
484385
484385
484385
484385
484385
484385
484385
484385
484385
484385
484385
484385
484385
484385
484385
482910
482910
482910
482910
482910
482910
482910
482910
482910
482910
482873
482873
482873
482873
482873
482873
482873
482873
482873
482873
482873
482873
482394
482394
482394
482394
482394
482374
482374
482374
482374
482374
482374
482374
482374
482374
482374
482374
482057
482057
482057
478489
478489
478489
478489
478489
478489
478489
478489
478489
478489
475535
475535
475535
475535
475535
475535
475535
475535
475535
475535
475535
474640
474640
474640
474640
474640
474640
474640
474640
474640
474640
474640
474640
474640
474640
474307
474307
474307
474307
474307
474304
474304
474304
474304
474304
474304
474304
471602
464004
464004
464004
464004
464004
464004
464004
464004
464004
464004
464004
464004
461895
461895
461895
460696
460696
460696
460696
460696
460696
460696
460696
460696
460696
460696
460622
460622
460622
460622
460622
460622
460622
460622
460622
460622
458569
458569
458569
458569
458569
458569
458569
458569
458569
458569
458569
458569
458569
458569
458569
458569
458569
458569
458569
458569
458204
458204
458204
457530
457530
457530
457530
457530
457530
456453
456453
456453
456453
456453
456453
456453
456453
456453
456453
456453
456453
456453
456453
456453
456411
456411
456411
456411
454949
454949
454949
454949
454949
454949
454949
454949
454949
454949
454949
452051
452051
452051
452051
452051
452051
452051
452051
452051
449079
449079
449079
446683
446683
446683
446683
446683
446683
446683
446683
446683
446683
446683
446683
446683
446683
446683
444287
444287
444287
444287
444167
444167
444167
444167
444167
444167
444167
444167
444167
444167
444167
444167
444167
444167
444167
444167
444167
444167
444167
444167
442245
442245
442245
442245
442245
442044
442044
440492
440492
440492
440492
440492
440492
440492
440492
440492
440492
440492
440492
440492
434782
434782
434782
434782
434782
434782
434782
434782
434782
434782
434782
434782
434782
434782
434782
434782
434782
434782
434782
434782
434038
434038
434038
434038
434038
434038
434038
434038
434038
434038
434038
434038
434038
434038
434038
434038
433145
433145
433145
433145
433145
433145
433145
433145
433145
433145
433145
433145
431587
431587
431587
431587
431587
431587
431587
431587
431587
431587
431587
431587
429112
429112
429112
429112
429112
429112
429112
429112
429112
429112
429112
428751
428751
428751
428751
428751
428751
428751
428751
428751
428751
426788
426788
426788
426788
426788
426788
426788
426788
426788
426788
426788
426788
426788
426788
426788
426788
426788
426788
426788
426788
424833
424833
424833
424833
424833
424833
424833
424833
424833
424833
424833
424833
424833
424833
424833
424833
421800
421800
421800
421800
421800
421800
421800
421800
421800
421800
420605
420605
420605
420605
420605
420605
420544
420544
420544
420544
420544
420544
420544
420544
420544
420276
420276
420276
420276
420276
420276
420276
420276
420276
420276
420276
420276
420276
416256
416256
416256
416256
416256
416256
416256
416256
416256
416256
416256
416256
416256
416256
416256
416256
414128
414128
412618
412618
412618
412618
412618
412618
412618
412618
412618
412618
409231
406344
406344
406344
405865
405865
405865
405865
405865
405865
405865
405865
405865
405865
405865
405865
405865
405865
405865
405865
405865
404887
404887
404887
404887
404887
404887
404887
404887
403630
403630
403630
398421
398421
398421
398421
398421
398421
398421
398421
398421
398421
398421
398421
397805
397805
397805
397805
397805
397805
397805
397805
397805
397805
397805
396647
396647
396043
396043
396043
396043
396043
396043
396043
396043
396043
392829
392829
392829
392829
392829
392829
392829
392829
392829
392829
392829
392829
391918
391918
391918
391918
391918
391918
391918
391918
391918
391918
391918
391918
391918
391918
391918
391918
391918
391918
391918
391824
391824
391824
391824
391824
391233
391233
391233
391233
391233
391233
391233
390315
390315
390315
390315
390315
390315
390315
390315
390315
390315
390315
390315
390315
390315
390315
390315
390315
390315
390315
390315
390033
390033
389697
389697
389697
389697
389697
389697
389697
386779
386779
386779
386779
386779
386779
386779
386417
386417
386417
386417
382330
382330
382330
382330
382330
382330
382330
382330
382330
382330
382330
382330
382330
382330
382330
382330
382330
382330
382330
376095
376095
376095
376095
376095
376095
376095
376095
376095
376095
376095
376095
376095
370993
370993
370993
370993
370993
370993
370993
370993
370993
370993
370993
370993
370993
370993
370993
370993
370993
370993
370993
370321
370321
370321
370321
370321
370321
370321
370321
370321
370321
370321
370321
370321
370321
370321
370321
370321
366297
366297
366297
366297
366297
366297
366297
363710
363710
363710
363710
363710
363710
363710
363710
363710
363710
363710
363710
363710
363710
363710
363710
363710
363710
363673
363673
363673
363673
363673
363673
358397
358397
355680
355680
355680
355449
355449
355449
355449
355449
355449
355449
355449
355449
355449
355449
355081
355081
355081
355081
355081
355081
355081
355081
355081
355081
355081
355081
355081
355081
355081
355081
355081
355081
355081
355081
354053
354053
354053
354053
354053
354053
354053
354053
354053
354053
352500
352500
352500
352500
352500
352500
351441
351441
351441
351441
351441
351441
351441
351441
351441
351441
351441
351441
351441
351441
351327
351327
351327
351327
346411
346411
346411
346411
346411
346411
346411
346411
346411
346411
346411
346411
344414
344414
344414
344077
344077
344077
344077
344077
344077
344077
344077
344077
344077
344077
344077
344077
344077
344077
344077
344077
343518
343518
343518
343518
343518
343222
343222
343222
343222
343222
343222
343222
340560
340560
340560
340560
340560
340560
340560
340560
340560
340560
340560
340560
340560
340560
340560
340560
340560
340560
340112
340112
340112
340112
340112
340112
340112
340112
340112
340112
340112
340112
340112
340112
340112
340112
340112
340112
337638
337638
337638
337638
334234
334234
334234
334234
334234
334234
334234
334234
334234
334234
334234
334234
331340
331340
331340
330324
330324
330324
330324
330324
330324
330324
328685
328685
328685
328685
328685
328685
328685
326934
326934
326934
326934
326934
326934
326934
326934
326934
326612
326612
326612
326612
326612
326612
326612
326612
326612
326612
326612
326612
326612
325316
325316
325316
325316
325316
325316
325316
325316
325316
325316
325316
322418
322418
322418
322418
322418
322418
322418
322418
322418
322418
322418
322418
322418
322418
322418
322418
322418
322418
321469
321469
321469
321469
321469
321469
321469
321469
321469
321469
321469
321469
321469
321469
321469
321469
321469
320804
320804
320804
320804
320804
320804
320804
319131
319131
319131
319131
319131
319131
319131
319131
319131
319131
319131
319131
319131
319131
319131
317858
317858
317858
317858
317184
317184
317184
317184
317184
317184
317184
317184
316723
316723
316723
316723
316723
316723
316723
316723
315043
313814
313814
313814
313814
313814
313814
313814
313814
313814
313814
313814
313814
313814
313814
313814
313298
313298
313298
313298
313298
313298
313298
313298
310074
310074
310074
310074
310074
308480
308480
308480
308480
308480
308480
308480
308480
308480
308480
307958
307958
307958
307958
307958
307958
307958
307958
307958
307958
307958
307958
307958
304325
304325
304325
304325
304325
304325
304325
304325
304325
304325
304325
304325
304325
304325
304325
304325
304325
304325
300583
300583
300583
300583
300583
300583
300583
300583
300583
292897
292897
292897
292897
292897
292897
292897
292897
292897
292169
292169
292169
292169
292169
292169
292169
292169
292169
292169
292169
292169
292169
292169
292169
292169
292169
292169
289545
289545
289545
289545
289545
289545
289545
289545
289545
289545
289545
289545
285139
285139
285139
285139
285139
285139
282117
278618
278383
278383
278383
278383
278383
278383
278383
278383
278383
278383
278383
278383
278383
278383
278383
277545
277545
277545
277545
277545
277545
277545
277545
277545
277545
277545
277545
277545
277545
277545
276511
276511
276511
276511
276511
276511
276511
276511
272802
272802
272802
272802
272802
272802
272802
272476
272476
272476
272476
272476
272476
272476
272476
272476
272476
272476
272476
272476
272476
272476
272476
271594
271594
271594
271594
271594
271594
271594
271594
271594
271075
271075
271075
271075
271075
271075
271075
271075
271075
271075
271075
271075
271075
271075
271075
271075
271075
271075
270491
270491
270491
270491
270491
270491
270461
270461
270461
270461
270461
270461
270461
270461
270461
270461
270461
270461
270461
270461
270461
270461
270461
269654
269654
269654
269654
269654
269654
269654
269654
269654
269654
269654
269654
269654
269654
268120
268120
268120
268120
268120
268120
268120
264580
264580
264580
264580
264580
264580
264580
264580
262372
262372
262372
262372
262372
261487
261487
261487
261487
261487
261487
261383
261383
261383
261383
261383
261383
261383
261383
261383
261383
261383
261383
261383
261383
261383
261383
259056
259056
259056
259056
259056
259056
259056
259056
259056
252805
252805
252805
252805
252805
252805
252805
252805
252805
252805
252805
252805
252805
252805
252805
252805
252805
252805
252171
252171
252171
252171
252171
252171
252171
252171
252171
252171
252171
252171
252171
252171
252171
252171
252144
252144
252144
252144
252144
252144
252144
252144
252144
252144
252144
252144
252144
252144
252144
252144
252144
252144
252144
250361
250361
250361
250361
250361
250361
250361
250361
250361
250361
250361
250361
250361
250361
250361
250361
250361
247392
247392
247392
247392
247392
247392
247392
247392
247392
247392
247392
247392
246187
246187
246187
246187
246187
246187
246187
246187
245672
245672
245672
245672
245672
245672
245672
245672
243369
243369
243369
243369
243369
243369
243369
243369
243369
243369
243369
243369
243369
242277
242277
242277
242277
242277
240232
240232
240232
240232
240232
240232
240232
240232
240232
240232
240232
239983
239983
239983
239983
239983
239983
239983
239983
239983
239983
239983
239983
239983
239983
239983
239983
235714
235714
235714
235714
235714
235714
235714
235714
235714
235714
235714
235655
235655
235655
235655
235655
235655
235655
235655
235655
235655
235655
235655
235655
235655
235655
235655
235655
235655
229826
229826
229826
229826
229826
229826
229826
229826
229826
229826
229826
229826
229826
229826
229826
229826
229826
229117
229117
229117
229117
229117
229117
229117
229117
227654
227654
227654
227654
227654
227654
227654
227654
227654
227654
227654
227654
227654
226132
226132
226132
226132
226132
226132
226132
226132
226132
224908
224908
224908
224908
224908
224908
224908
224908
224908
224908
224908
224908
224908
224504
224504
224504
224504
224504
224504
224504
224504
224504
224504
224504
224504
224504
223641
222676
222676
222676
222676
222676
222676
222676
222676
222676
222676
222676
222676
222676
222676
222676
222676
222676
222676
222676
222490
222490
222490
222490
222490
220111
220111
220111
220111
220111
220111
220111
220111
217920
217920
217920
217920
217920
217920
217920
217920
217920
217920
217920
217920
216862
216862
216862
216862
216862
216862
216862
216862
216862
216862
216862
216862
216862
216862
216862
216862
216862
214486
214486
214486
214486
214486
214280
214280
214280
212632
212632
212632
212632
212632
212632
209935
209935
209935
209935
209935
209935
209935
209935
209935
209935
209831
209831
208999
208999
208999
208999
208999
208999
207174
207174
207174
207174
207174
207174
207174
207174
207174
203872
203872
203872
203872
203872
203872
203872
203872
203872
203872
203872
203872
203872
203872
203872
203872
203872
203872
203872
203588
203588
203588
202070
202070
202070
202070
202070
202070
202070
202070
202070
202070
202070
202070
202070
201405
201405
201405
201405
201405
201405
201405
201405
201405
201364
201364
201364
201364
201364
201364
201364
201364
201364
201364
