2718
1500000
997631
997631
997631
997631
997631
997631
997631
997631
997631
997631
997631
997631
997631
997631
997631
997631
997631
996308
996308
996308
996308
996308
996308
996308
996308
996308
996308
996308
996308
996308
996308
996308
996308
996308
996308
996308
992130
992130
992130
992130
992130
992130
991875
991875
991875
991875
991875
991875
991875
991875
991875
991875
991875
991875
991875
991875
990064
990064
990064
990064
990064
990064
990064
990064
990064
990064
990064
989935
989935
989935
989935
989935
989935
989935
989935
989935
989935
989935
989935
989935
986807
986807
986807
986807
986807
986807
986807
986807
986807
982352
982352
982352
982352
982352
982352
982352
982352
982352
982352
982352
982352
982352
982352
982352
981901
981901
981901
981901
981901
981901
981901
981901
981901
981901
981901
981901
981901
981901
980503
980503
980503
980503
980503
980503
980503
980503
971492
971492
971492
971492
971492
971492
971492
971492
971492
971492
971492
971492
969714
969714
969714
969714
969714
969714
969714
969714
969714
962351
962351
962351
962351
962351
961664
961664
961664
961664
961664
961664
961664
961664
961664
961664
961664
961664
961664
956518
956518
956518
956518
956518
956518
956518
956518
956030
956030
956030
956030
956030
956030
956030
956030
956030
956030
956030
956030
956030
956030
956030
956030
956030
956030
955973
955973
955973
955973
955973
955973
955973
954484
954484
954075
954075
952843
952843
952843
952843
952843
952843
952843
952843
952843
942646
942646
942646
942646
942646
942646
942646
942646
942646
942646
942646
942646
942646
929543
929543
929543
929543
929543
929543
929543
929543
929543
929543
929543
929317
929317
929317
929317
929317
929317
929317
929317
929317
927103
927103
927103
927103
927103
927103
927103
927103
927103
927103
927103
927103
927103
927103
927103
927103
925345
925345
925345
925345
925345
925345
925345
925345
925345
925345
924006
924006
924006
924006
924006
924006
924006
924006
921343
921343
921343
921343
921343
921343
921343
921343
921343
921343
921343
921343
921343
921343
917931
917931
917931
917931
917931
917931
917931
917931
917931
917931
917931
917931
917931
917931
917931
917931
917931
917931
917931
917065
917065
917065
917065
917065
916956
916956
916956
916956
916956
912238
912238
912238
906540
906540
906540
906540
906540
906540
906540
906540
906540
906540
906540
906540
906540
906540
906540
906540
906540
906540
906540
903999
903999
903999
903999
903999
903999
903999
903999
903999
903999
903999
903999
903999
903999
903395
903395
903395
903395
903395
903395
903395
903395
903395
903395
903395
903395
903395
903395
903395
903240
903240
903240
903240
903240
903240
903240
903240
903240
903240
903240
903240
903240
903240
903240
903240
903240
902564
902564
902564
902564
902564
902564
902564
889944
889944
889944
889944
889944
889944
889944
888786
888786
885000
885000
885000
885000
885000
885000
885000
885000
885000
885000
885000
885000
880125
880125
880125
880125
880125
880125
879857
879857
879857
879857
877631
877631
877631
877631
877631
877631
877631
877631
877631
877631
877631
877631
877631
877631
877631
877631
877631
871849
871849
871849
871849
871849
871849
871426
871426
870430
870430
870430
870430
870430
870430
868668
868668
868668
861611
861611
861611
861611
861611
861611
855145
855145
855145
855145
855145
855145
855145
855145
855145
855145
855145
850599
850599
850599
850599
850599
850599
850599
850599
850599
850599
850599
850320
850320
850320
850320
850320
850320
850320
850320
850320
850320
850320
850320
850320
850320
850320
850320
850320
850320
850320
850320
849906
849906
849906
849906
849906
849906
849906
849906
849906
849906
849906
849906
849906
849906
849906
849906
849906
849906
847938
847938
847938
847938
847548
839238
839238
839238
839238
839238
839238
839238
839238
839238
839238
839238
839238
839238
839238
839238
839238
839238
839238
839238
839238
837256
837256
837256
837256
837256
837256
833773
833773
833773
833773
833773
833773
833773
833773
833773
833773
833773
833773
828470
828470
828470
828470
828470
828470
828470
828470
828470
828470
828470
828470
828470
828470
825935
825935
825935
825935
825935
825935
825935
825935
825935
825935
825935
815481
815481
815481
815481
815481
815481
815481
815481
815481
815481
815481
815481
815481
815481
815481
815481
815481
815481
815481
814671
814671
814671
814671
814671
814671
814671
814671
814671
814671
814671
814671
814671
814671
814671
814671
814671
814671
814671
814515
814515
814515
814515
814515
810289
810289
810289
810289
810289
810071
810071
810071
810071
810071
810071
810071
810071
810071
810071
810071
810071
810071
810071
810071
810071
810071
810071
810071
806712
806712
806712
806712
806712
806712
805249
805249
805249
805249
805249
805249
805249
805249
805249
805249
805249
797393
797393
797393
797393
793986
793986
793986
793986
793986
793986
793986
793986
793986
793986
793986
793986
793986
793986
793986
793986
793986
793986
793986
787746
787746
787746
787746
787746
787746
787746
787746
786716
786716
786716
786716
786716
786716
786716
786716
786716
786716
786716
786716
786716
786716
786716
786716
782500
782500
782500
782500
782500
782500
782500
782500
782500
782500
782500
782500
782500
778487
778487
778487
768929
768929
768929
768929
768929
765039
765039
765039
765039
765039
765039
765039
765039
765039
765039
765039
765039
765039
758100
758100
758100
758100
758100
758100
758100
758100
758100
758100
758100
758100
758100
758100
758100
758100
758100
758100
758100
757979
757979
753450
753450
753450
753450
753450
753450
753450
753450
753450
753450
753450
753450
752313
752313
752313
752313
752313
752279
752279
752279
752279
752279
752279
752279
752279
752279
752279
752279
747595
747595
747595
747595
747595
747595
747595
747595
747595
747595
747595
747595
747595
746015
746015
746015
746015
746015
746015
746015
746015
746015
746015
746015
746015
741645
741645
741645
741645
741645
741645
741645
741645
741645
741645
741645
741645
741645
741645
741645
741645
741645
741645
741645
741645
741596
741596
741596
741596
741596
741596
741596
741596
731296
731296
725893
725893
725893
725893
725879
725879
725879
725879
725879
725879
725858
725858
725858
725858
725858
725858
725858
725858
725858
725858
725858
725858
725858
725858
725858
725858
723459
723459
723459
723459
723459
719715
719715
719715
719715
719715
716107
716107
716107
716107
716107
716107
716107
716107
716107
715398
715398
715398
715398
715398
715398
715398
715398
715398
708712
708712
708712
708712
708712
708712
708712
708712
708712
708712
708712
708712
703814
703814
703814
703814
703814
703814
702193
702193
702193
702193
702193
702193
702193
702193
702193
702193
702193
699871
699871
699871
699871
699871
699871
699871
699871
699871
699871
699871
699871
699871
699871
699871
699871
699871
699028
699028
699028
699028
699028
699028
699028
699028
699028
699028
699028
699028
699028
699028
699028
699028
699028
699028
699028
698917
698917
698917
698917
698917
698917
698917
698917
698917
698917
698917
698917
698917
698917
698917
698917
698917
698917
698917
695067
695067
695067
695067
693429
693429
693429
692761
692761
692761
692761
692761
692761
692761
692761
692761
692761
692761
692761
692761
692761
692761
692761
692761
692761
692761
691108
691108
691108
691108
691108
691108
691108
691108
691108
691108
691108
691108
691108
691108
691108
691108
691108
691108
684681
684681
682516
682516
682516
676245
676245
676245
676245
676245
676245
676245
675607
675607
675607
675607
675607
675134
675134
675134
675134
675134
675134
675134
675134
675134
675134
665728
665103
665103
665103
665103
665103
665103
665103
665103
665103
665103
665103
665103
665103
665103
665103
665103
665103
665103
661333
661333
661333
661333
661333
661333
661333
661333
661333
661333
661333
661333
661333
661333
661333
661333
661333
661333
661333
660503
660503
660503
660503
660503
660503
660503
660503
660503
660503
660503
660503
660503
659637
659637
658587
658587
649824
649824
646491
646491
646491
646491
646491
646491
646491
646491
646491
646491
646491
646491
646491
646491
646491
646491
646491
643473
643473
643473
643473
643473
643473
643473
643473
643473
643473
643473
643473
642185
642185
642185
642185
642185
642185
642185
642185
642185
642185
642185
642185
642185
642185
642185
632910
632910
632910
632910
632910
626369
626369
626369
626369
626369
626369
626369
626369
626369
626369
626369
621910
621910
621910
619854
619854
619854
619854
619854
619854
619854
619854
619854
619854
619854
619854
619854
619854
619854
619854
619854
613126
613126
613126
613126
613126
613126
613126
613126
613126
613126
613126
613126
613126
613126
613126
613126
613092
613092
613092
610441
610441
610441
610441
610441
610441
610441
610441
610441
610441
610441
610441
610441
610441
610441
610441
610441
610441
610441
610441
609625
609625
609625
609625
609625
609625
609625
609625
609625
609625
609625
609625
609625
609625
609625
609625
609625
609625
608895
608895
608895
608895
608895
608895
608895
608895
605483
605483
605483
605483
605483
605483
605483
605483
605483
605483
602943
602943
602943
602943
602943
602943
602943
602943
602943
602943
600991
600991
600991
600991
600991
600263
600263
600263
600263
600263
600263
600263
600263
600263
600263
600263
600263
600263
596310
596310
596310
596310
596310
596310
596310
596310
596310
596310
596310
596310
596310
596310
596310
596310
596310
596310
593109
593109
593109
593109
592284
592284
592284
592284
590553
590553
590553
590553
590553
590553
590553
590553
590553
590553
590553
590553
590553
590553
589260
585485
585485
585485
585485
585485
585485
585485
585485
585485
580926
580926
580926
580926
580926
580926
576807
576807
576807
576807
576807
576807
576807
576807
576807
576807
576807
576807
576807
576807
576807
574001
574001
574001
574001
574001
574001
574001
574001
574001
574001
574001
574001
574001
574001
574001
574001
574001
574001
564223
564223
564223
564223
564223
564223
561295
561295
561295
561295
561295
561295
561295
561295
561295
561295
561295
561066
561066
561066
561066
561066
561066
561066
559195
559195
559195
559195
559195
559195
559195
558802
558802
558802
558802
558802
558802
558802
558802
558802
558802
558802
557488
557488
557488
557488
557488
557281
557281
557281
557281
557281
557281
556337
556337
556337
556337
556337
556337
556337
556337
556337
556337
556337
554824
554824
554824
554824
554824
554824
554824
554824
554824
554824
554824
554824
554824
554824
554824
554824
554824
554824
554824
554489
554489
554489
554489
554489
554489
554489
554489
554489
554489
554489
554489
554489
554489
554489
554489
552508
552508
552508
552508
552508
552508
552508
552508
551294
551294
551294
551294
551294
551294
551294
551294
550342
550342
550342
550342
550342
550342
550342
547673
547673
547673
547673
547673
547673
547673
547673
547673
547673
547673
547673
547673
547673
544796
544796
544796
544796
544322
544322
544322
544322
544322
541658
541658
541658
541658
541658
541658
541009
541009
541009
541009
541009
541009
541009
541009
541009
541009
541009
541009
540171
540171
540171
540171
540171
540171
538899
538899
538899
538899
538899
538899
538899
538899
538899
538419
538419
538419
538419
538419
538419
538419
538194
538194
538194
538194
536305
536305
536305
536305
536305
536305
536305
536305
536305
536305
536305
536305
536305
536305
529116
529116
529116
529116
529116
529116
529116
529116
529116
529116
529116
529116
529116
529116
529116
521392
521392
521392
521392
521392
521392
521392
521392
521392
518207
518207
518207
518207
518207
518207
518207
518207
518207
518207
518207
518207
514324
514324
514324
514324
514324
514324
514324
514324
514324
514324
514324
514324
514324
514324
514324
514324
514324
514324
514324
506515
506515
506515
506515
506515
506515
497732
497732
497732
497732
497732
497732
497732
497732
497732
497732
497732
496744
496744
496744
496744
496744
496744
496744
496744
496744
496744
496744
496744
496744
496744
496744
496744
496744
496744
491806
491806
491806
491806
491806
491806
491806
491806
491806
491806
491806
491806
491806
491806
491806
491806
491806
491806
491806
491806
491763
491763
491763
491763
491763
491763
491763
491763
491763
491763
491763
491763
490082
490082
490082
490082
490082
490082
490082
490082
490082
490082
490082
490082
484643
484643
484643
484643
484643
484643
484643
484643
484643
484643
484333
484333
484333
484333
484333
484333
484333
484333
484333
484333
484333
484333
484333
484333
484333
484333
484333
484333
484333
484333
482846
482846
482846
482846
482846
482846
482846
482846
482846
482846
482846
482846
482846
482599
482599
480392
480392
480392
480392
480392
480392
480392
480392
480392
480392
480392
480392
480392
480392
480392
480392
474447
474447
474447
474447
474447
474447
474447
474447
474447
474447
474447
474447
474447
474447
474447
474447
474447
474447
474447
474447
468960
468960
468960
468960
468960
468960
468960
468960
468960
468960
468960
468960
468960
468960
465577
465577
465577
465577
465577
465577
465577
465577
465577
465577
465577
465577
465577
465577
465577
465577
465577
465577
465577
463569
463569
463569
463569
463569
463569
463569
463569
463569
463569
463569
463569
463569
463569
463569
463569
463569
462330
462330
462330
462330
462330
462330
462330
462330
462330
462330
462330
453509
453509
453509
453509
453509
453509
453509
451217
451217
451217
451217
451217
451217
451217
451217
451217
451217
451217
451217
451217
451217
448420
448420
448420
448420
448420
448420
448420
448420
448420
448420
448420
448420
448420
448420
448420
448420
448420
448420
448420
447486
447486
447486
447486
447486
447486
447486
445462
445462
445462
445462
445462
445462
445462
445462
444712
444712
444712
444712
444712
444712
444712
432619
432619
432619
432619
432619
432619
432619
432619
432619
432619
432619
432151
432151
432151
432151
427037
427037
427037
427037
427037
427037
427037
427037
427037
417108
417108
417108
417108
417108
417108
417108
414534
414534
414534
414534
414534
414534
414534
414534
414534
414534
414534
414534
414534
414534
414393
410940
410940
410940
410940
410940
410940
410940
410940
410701
410701
410701
410701
410701
410701
410701
410701
410701
410701
410701
410701
410701
410701
410701
410701
410701
410701
410701
407667
407667
407667
407667
407667
407667
407667
407667
402182
402182
402182
402182
402182
402182
402182
402182
402182
402182
402182
402182
402182
402182
402182
402182
400167
400167
400167
400167
400167
400167
400167
400167
400167
400167
400167
400167
383926
383926
383926
383926
383926
383926
383926
383926
383926
383926
383926
383926
383926
383926
383926
380588
380588
380588
380588
380588
380588
380588
380588
379757
379757
379757
379757
379757
379757
379757
379757
379757
379757
379757
379757
379757
379757
379757
379757
378634
378634
378634
378634
378634
378634
378634
378634
378634
378634
378634
378634
378634
378634
378634
378634
378634
378634
378634
378634
378419
378419
378419
378419
378419
378419
378419
378419
378419
378419
378419
378419
378419
378419
378419
378419
378419
378419
378419
378419
374312
374312
374312
374312
374312
374312
374312
374312
374312
374312
374312
374312
374312
374312
374312
374312
370972
370972
370972
370972
370972
370972
370972
370972
370972
370972
370972
370972
369660
369660
369660
369660
369660
369660
369036
369036
369036
369036
369036
369036
369036
369036
369036
369036
366615
366615
366615
366615
366615
366615
366615
366615
366615
366615
366615
366615
366615
366615
366615
366615
359774
359774
359774
359774
359774
359774
359774
359774
359774
359774
359774
359774
359774
359774
359774
359774
359774
359774
359774
353995
353995
353995
353995
353995
353995
353995
353995
353995
353995
353995
353995
353995
353995
353995
353995
353995
353995
353995
353995
352049
352049
352049
352049
352049
352049
352049
352049
352049
352049
352049
352049
352049
352049
352049
352049
352049
352049
352049
345759
345759
345759
345759
345759
345759
345759
345759
345759
345759
345759
345759
345759
345759
345759
345759
345759
345759
332763
332763
332763
332763
332763
331844
331844
331844
331844
331844
331844
331844
331844
331844
331844
331844
331844
331844
331844
331844
331844
331844
331844
331844
326932
326932
326932
326932
326932
326932
326932
326932
326932
326932
326932
326932
326932
326932
326932
326932
326932
326932
326932
326932
325311
325311
325311
325311
325311
325311
325311
325311
325311
325311
325311
325311
325311
325311
325311
325311
325311
325311
319586
319586
319586
319586
319586
319586
319586
319586
319586
317006
317006
317006
317006
317006
317006
317006
310765
310765
310765
310765
310765
310765
310765
310765
310765
310765
310765
310765
310765
310765
310765
310616
310616
310616
310616
310616
310616
310616
310616
310616
310616
310616
310293
310293
310293
310293
310293
310293
310293
310293
310293
310293
309071
309071
309071
303619
303619
303619
303619
303619
303619
303619
303619
303619
303619
303619
303619
303619
303619
303619
303619
303619
303619
303619
303619
296937
296937
296937
296937
296937
296937
296937
296937
296937
292482
292482
292482
292482
292482
292482
292482
292482
292482
292482
292482
287502
287502
287502
287502
284477
284477
284477
284477
284477
284477
284477
284477
284477
284477
284477
284477
284477
284477
284477
284477
284477
283132
283132
283132
283132
283132
283132
283132
283132
283132
283132
283132
283132
283132
283132
283132
283132
283132
283132
283132
283132
281984
281984
281984
281984
281984
281984
281984
281984
281984
281984
281984
281984
281984
281984
280602
280602
280602
280602
280602
280602
276497
276497
276497
276497
276497
276497
276497
276497
276420
276420
276420
276420
276420
276420
276420
276420
276420
276420
276420
276420
276210
276210
276210
270144
270144
270144
270144
270144
270144
270144
270144
270144
270144
270144
270144
270144
270144
270144
270144
270144
270144
270144
270144
267386
267386
267386
267386
267386
267386
267386
267386
267386
267386
267386
267386
267386
267386
267386
267386
267386
267386
267386
267386
259208
259208
259208
259208
259208
259208
259208
259208
259208
259208
259208
258591
256873
256873
256873
256873
256873
256873
256873
256873
256873
256873
256873
256873
256873
256873
256873
256482
256482
256482
256482
256482
256482
256482
256482
256482
256482
256482
256482
256482
256482
256482
256482
256482
256482
253836
253836
253493
253493
253493
253493
253493
253493
253493
253493
253493
252467
252467
252467
252467
252467
241217
241217
241217
241217
241217
241217
241217
241217
241217
241217
241217
241217
241217
241217
234204
234204
234204
234204
234204
234204
234204
234204
234204
234204
227826
227826
227826
227826
227826
227826
227826
227826
227826
227826
227826
225082
225082
225082
225082
225082
225082
225082
225082
225082
223130
223130
223130
223130
223130
223130
223130
223130
223130
223130
223130
223130
223130
221372
221372
221372
221372
221372
221372
221372
221372
221372
221372
221372
221372
221372
221372
221372
221372
215274
215274
215274
215274
215274
215274
215274
215274
214792
214792
214792
214792
214792
214792
214792
214792
214792
214792
214792
214792
214792
214792
214792
214792
214792
214792
202434
202434
202434
202434
202434
202434
202434
202434
202434
202434
