5225
1500000
999025
999025
999025
998159
998159
998159
998159
998159
998159
998159
998159
998159
998159
998159
994740
994740
994740
994740
994740
994740
994740
994740
994740
994740
994740
994740
993155
993155
993155
993155
993155
993155
993155
993155
993155
993155
993155
993155
993155
993155
993155
993155
993155
993155
993155
993155
990386
990386
990386
990386
990386
990386
990386
990386
990386
990386
990386
990386
990386
990386
990386
990386
990386
990386
990386
990386
985665
985665
985570
985570
985570
985570
985570
985570
985570
985570
985570
985570
985570
985570
985570
985570
985570
985570
985570
982841
982841
982841
982841
982841
982841
982841
982841
979842
979842
979842
979842
979842
979842
979842
979842
979842
979768
979768
979768
979768
979593
979593
979593
979593
979593
979593
979593
979593
979593
979593
979593
979593
979593
979593
979593
979593
979593
975264
975264
975264
975264
975264
975264
975264
975185
975185
975185
975185
975185
975185
975185
975185
975185
975185
975185
975185
975185
975185
975185
975185
975185
975185
975185
975185
974387
974387
974387
973903
973903
973903
973903
971990
971990
971990
971990
971909
971909
971909
971909
971909
971909
971909
970962
970962
970962
970962
970962
970962
970962
970962
970962
970962
970962
970962
970962
970962
970962
970962
970962
970962
970962
969849
969849
969849
969849
969849
969849
969849
969849
969849
969849
969849
966737
966737
966737
966737
966737
966737
966737
965207
965207
965207
965207
965207
965207
965207
965207
965207
965207
965207
965207
965207
965207
965207
965207
965207
965207
965207
963499
963499
963499
963499
963499
963499
963499
963499
963499
963499
963499
963499
963499
963499
963499
959965
959965
959965
959965
959330
959330
959330
959330
959330
959330
958707
958707
958707
958707
958707
958707
958707
958707
958707
958707
958707
958707
958707
958707
958021
958021
958021
958021
958021
958021
958021
958021
958021
958021
951602
951602
951602
951602
951602
951602
951602
951602
951602
951602
951602
951602
951602
951602
951602
951602
951602
951602
951297
951297
951297
951297
951297
951297
951297
949976
949976
949976
949976
949976
949976
949976
949976
949976
949976
948160
948160
948160
948160
948160
948160
948160
948160
948160
948160
948160
948160
948160
948160
948160
948160
948160
948160
948160
947332
947332
947332
947332
947332
947332
947332
947332
947332
946188
946188
946188
946188
946188
946188
946188
946188
946188
946188
946188
946188
946188
946188
946188
946188
946188
946188
946188
943671
943671
943001
943001
943001
943001
943001
943001
943001
940684
940684
940684
939698
939698
939698
939698
939698
939698
939698
939698
939698
939698
939527
939527
939527
939527
939527
939527
939527
939527
939527
935905
935905
935905
935905
935905
935905
935905
935905
934646
934646
934646
934646
934646
934646
934646
934646
934646
934646
934646
934365
934365
934365
934365
934365
934365
934365
934365
934365
934365
934365
934365
934365
934365
934365
934365
934365
934365
934341
934341
934341
934341
934341
934341
934341
934341
934341
934341
934341
934341
934341
934341
934341
933307
933307
933307
933307
933307
933307
933307
933307
932332
932332
932332
932332
932332
932332
932332
932332
932332
932332
932332
932332
925829
925829
925829
925829
925829
925829
925829
925829
925829
925829
925829
925829
925829
925339
925339
925339
925339
925339
925339
925339
925339
925339
925339
925339
925339
925339
925339
925339
925339
925339
925339
925020
925020
925020
925020
925020
925020
925020
925020
925020
925020
925020
925020
925020
925020
925020
925020
925020
924159
924159
924159
923346
923346
923346
923346
922928
922928
922928
922928
922928
922928
922928
922928
922928
922928
922928
922928
922928
922928
922928
922928
922928
922868
922868
922868
922868
922868
922868
922868
922868
922868
922868
922868
922868
922868
922868
921991
921991
921991
921991
921991
921991
921991
921991
921991
921991
921991
921991
921991
921991
921991
921991
921991
921991
921991
921991
921180
921180
921180
921180
921180
921180
921180
921180
921180
921180
921180
921180
921180
921180
919859
919859
919859
919859
919859
919859
919859
919859
919859
916895
916895
916895
916895
916895
916895
916895
916895
916895
916895
916895
916895
916895
916895
916895
916895
913870
913870
913870
913870
913870
913870
913870
913870
913870
913870
913870
913870
913870
913869
913869
913869
913869
913869
913869
913869
913869
913869
913869
913869
913869
913869
911121
911121
911121
908573
908573
908573
908573
908573
908573
908573
908573
908573
908573
908573
908573
908406
908406
908406
908406
908406
908406
908406
908406
908406
908406
908406
908406
908406
907899
907899
907899
907899
907899
907899
907899
907899
907899
904140
904140
904140
904140
903279
903279
903279
903279
903279
903279
903279
903279
903279
903279
903279
903279
903279
903279
903279
902930
902930
902930
902930
902930
902930
902930
902930
902930
900522
900522
900522
900522
899321
899321
899321
899321
899321
899321
899321
899321
899321
899321
899321
899321
899321
899321
899321
899321
899321
899321
898768
898768
898768
898768
898768
898768
898768
898768
898768
898286
898286
898286
898286
898286
898286
895205
895205
889846
889846
889846
889846
889846
889846
889846
889846
889846
889846
889846
889846
889846
889846
889846
888424
888424
888424
888424
888424
888424
888424
888424
888424
888424
888424
888424
888424
888424
888424
888424
888424
888424
888424
888424
883663
883663
883663
883663
883663
883663
883663
883663
883663
883663
883663
883663
882247
882247
882247
882247
882247
882247
882247
882247
882247
882247
882247
882247
882247
880778
880778
880778
880778
880778
879664
879664
879664
879664
879402
879402
879402
879402
879402
879402
879017
879017
879017
879017
879017
879017
879017
879017
879017
879017
875949
875949
875949
875949
875949
875949
875949
875949
875949
875949
875949
875949
875949
875949
875949
875949
875949
875949
875949
875949
875864
875864
875864
875864
875864
875864
875864
875864
875864
875864
875864
875864
875864
875864
875383
875383
875383
875383
875383
875383
875383
875383
875383
875383
875383
874857
874857
874857
874857
874857
874857
874857
874857
873721
873721
873721
873721
873721
873721
873721
873721
873721
873721
873721
873721
873721
873721
873721
873721
873721
873721
873234
873234
873234
873234
873234
873234
873234
873234
873234
873234
873234
873234
873234
873234
872720
872720
872720
872720
872720
872720
872720
872720
872720
872720
872720
872720
872720
872720
870344
870344
870344
870344
870344
870344
870344
870344
870344
870344
870344
870344
870344
870344
870344
870153
870153
870153
870153
870153
870153
870153
870153
870153
870153
870153
870153
870153
870153
870153
870153
870153
870153
868968
868968
868968
868968
868968
868968
868968
868968
868968
868968
868288
868288
868288
868288
868288
868288
868288
868288
868288
867489
867489
867489
867489
867489
867489
867489
867489
867489
867489
867489
867489
867489
867489
867489
867489
867489
867489
867489
867489
864635
864635
864635
864635
864635
864635
864635
864635
864635
864635
864635
864635
864635
864635
864635
864635
864635
864635
864635
864635
864426
864426
864426
864426
864426
864426
864426
864426
864426
864426
864426
864426
864426
864426
864426
864426
864426
864259
864259
864259
864259
864259
864259
864259
864259
863354
863354
863354
863354
863354
863354
859632
859632
859632
859632
859632
859632
859632
859353
859353
859353
859353
859353
859353
859353
859353
859353
859353
854748
854748
854748
854748
854748
854748
853224
853224
853224
853224
853224
853224
853224
853224
853224
853224
853224
853224
853224
853224
853224
853224
853224
853224
853224
853224
852997
852997
852289
852289
852289
852289
852289
852289
852289
852289
852289
852289
852289
852289
852289
852289
852289
852289
852289
852289
851208
851208
851208
851208
851208
851208
851208
851208
851208
851208
851208
851208
851208
851208
851208
851208
851208
851208
851208
847688
847688
847688
847688
847688
847688
847688
847688
847688
847688
847688
847688
847688
847688
846159
841092
841092
841092
841092
841092
841092
841092
841092
841092
841092
841092
841092
841092
841092
841092
841092
841092
841092
841092
840012
840012
840012
840012
840012
839915
839915
837123
837123
837123
832622
832622
832622
832622
832622
832622
832622
832622
824245
824245
824245
824245
824245
824245
824245
824245
824245
824245
824245
824245
824245
820537
820537
819961
819961
819961
819961
819961
819961
819961
816261
816261
816261
816261
816261
816261
815386
805876
805876
805876
805876
805876
805876
803452
803452
803452
803452
803452
803452
803452
803452
803452
803452
803452
803452
803452
803452
803452
803452
801414
801414
801414
801414
801414
801414
801414
801414
801414
801414
801414
801414
801414
801414
801414
801414
801414
799982
799982
799982
799982
799982
799982
799982
799982
799982
799982
799539
799539
799539
799539
798284
798284
798284
798284
798284
798284
798284
798284
798284
798284
798284
798284
798284
793693
793693
793693
793693
793543
793543
793543
793543
793543
793543
793543
793543
793543
793543
793543
793543
789561
789561
789561
789561
789561
789561
789561
789561
789561
789561
789561
789561
789561
789561
788193
788193
788193
788193
788193
788193
788193
788193
788193
788193
788007
788007
788007
788007
786392
786392
786392
786392
786392
786392
786392
786392
786392
786392
786392
786392
786392
786392
786392
786392
782087
782087
782087
782087
782087
782087
782087
782087
782087
782087
782087
782087
782087
782087
782087
782087
782087
782087
782087
782087
781968
781968
781968
781968
781968
781968
781968
781968
777653
777653
777653
777653
777653
777653
777653
777653
777653
777653
777653
777653
777653
777653
777653
777653
777653
777653
777653
776740
776740
776740
776740
776740
776740
776740
776740
776740
776740
776740
776740
776740
776740
776740
776740
776740
776740
776219
776219
776219
776219
776219
776219
776219
776219
776219
776219
775681
775681
775681
775681
775681
775681
775681
775681
775681
775681
775681
775681
775681
775681
775681
775681
775681
775681
772532
772532
772532
772532
772532
772532
772330
772330
772330
772330
772330
772330
771051
771051
770728
770728
770728
770728
770728
770728
770728
770728
770728
770728
770728
770728
770728
770728
770728
770728
770728
770728
770728
766927
766927
766927
766927
766927
766927
766927
766927
766927
766927
766927
766927
766927
766927
766927
766927
766927
766927
766927
766169
766169
766169
766169
764695
764695
764695
764695
764695
764371
764371
764371
764262
764262
764262
764262
764262
762537
762537
762537
762537
762537
762346
762346
762346
762346
762346
762346
762346
762346
762346
762346
762346
762194
762194
762194
762194
762194
762194
762194
762194
762194
762194
762194
762194
762194
762194
762194
762194
762194
762194
762194
762194
762005
762005
762005
762005
762005
762005
762005
762005
762005
762005
762005
762005
762005
762005
762005
762005
762005
760710
760710
760710
760710
760710
760710
760710
760710
759252
759252
759252
759252
759252
759252
759252
759252
759252
759252
759252
759252
759252
759252
759252
758944
758944
758944
758944
758944
758944
758944
758944
758944
758944
758944
758944
758829
758829
758829
757791
757791
757791
757791
757791
757791
757791
757791
757791
757791
757791
757791
757791
757791
754709
754709
754709
754709
754709
754709
754709
754709
754709
754709
754709
754709
754709
754709
753685
753685
753685
753685
753685
753685
753685
753685
753685
753685
753685
753685
752021
752021
752021
750140
750140
750140
750140
750140
750140
750140
750140
750140
750140
750140
749581
749581
749581
748212
748212
748212
748212
747957
747957
747957
747957
747957
747957
747957
747957
747957
747957
747957
747957
747957
747957
747957
747957
747957
747957
747957
747957
747812
747812
747812
747812
747812
747779
747779
747779
747779
747779
747779
747779
747779
747779
747779
747166
747166
747166
747166
747166
747166
747166
747166
747166
747166
747166
747166
747166
747166
747166
746295
746295
746295
746295
746295
746295
746295
746295
746295
746295
746295
746295
746295
746242
746242
746242
746242
746242
746242
746242
746242
746242
746242
746242
746242
746242
744804
744804
744804
744804
744804
744804
744804
744804
744804
744804
744804
744804
744804
744804
744804
744095
744095
744095
744095
744095
744095
744095
744095
744095
744095
744095
743806
743806
743806
743806
743806
743806
743806
742122
742122
742122
742122
742122
742122
742122
742122
742030
742030
742030
742030
742030
742030
742030
742030
741506
741506
741506
741506
741506
741506
741506
741506
741506
741506
741506
741506
741506
741506
739422
739422
739422
739422
739422
739074
739074
739074
739074
739074
739074
739074
739074
739074
739074
739074
737316
737316
737316
737316
737108
737108
733268
733268
733268
733268
733268
733268
733268
733268
733268
733268
733268
733268
733268
733268
732728
732237
728935
728935
728935
728935
728935
728935
728935
728935
728935
728935
728935
728935
728935
728647
728647
728647
728647
728647
728647
728647
728647
728647
728647
728647
728647
728647
728647
728647
728647
728647
728647
728647
728647
728241
728241
728241
728241
728241
728241
728241
728241
725280
725280
725280
725280
725280
725280
725280
725280
725280
725280
725280
725280
725280
725280
725280
724789
724789
724789
724789
724789
724789
724789
724789
724789
724789
724789
724789
724789
724789
724789
724789
724789
724789
724789
724242
724242
724242
724242
724242
724242
723539
723539
723539
723539
723539
723539
723539
723539
723539
723539
723539
722747
722747
722747
722747
722747
722747
722204
722204
722204
722204
722204
722204
722204
722204
722204
722095
722095
720960
720960
720960
720960
720960
720492
720492
720492
720492
717134
717134
716454
716454
716454
716454
716454
716454
716454
716454
716454
716454
716454
716454
716454
716454
716454
716454
716454
716454
714473
714473
714473
714473
714473
714473
714473
714473
714473
714473
714473
714473
714473
714473
714473
714473
714473
714473
713178
713178
713178
713178
713178
712282
712282
712282
712282
712282
712282
712282
712282
712282
712282
712282
712282
712282
712282
712282
711675
711675
711675
710912
710912
710912
710912
710912
710912
710536
710536
710536
710536
710088
710088
710088
710088
710088
710088
710088
710088
710088
710088
710088
710088
710088
710088
710088
708603
708603
708603
708603
708603
708603
708603
708603
708603
707207
707207
707207
707207
703782
703782
703782
703782
703782
703782
702974
702974
702974
702974
702974
702974
702974
702974
702974
702974
702974
702974
702974
697097
697097
697097
697097
697097
697097
697097
697097
697097
697097
697097
697097
697097
691657
691657
691657
691657
691657
691657
691657
691657
691657
691657
691657
691657
691243
691243
691243
691243
691243
691243
691243
691243
691243
691243
691243
691243
691243
691243
691243
691243
691038
691038
691038
691038
691038
691038
691038
691038
688379
688379
688379
688379
687896
687896
687896
687896
687896
687896
687896
687417
687417
687417
687417
687417
687417
687417
687417
687417
687417
687417
686212
686212
686212
686212
686212
686212
686212
686212
686212
686212
686212
686212
686212
686212
686212
686212
686212
686212
685492
685492
685492
685492
685492
685492
685492
685492
685492
685492
685492
685492
685492
685492
685492
683080
681703
681703
681703
681703
677784
677784
677784
677784
677784
677784
677784
673780
673780
673780
673780
673780
673780
673780
673780
673780
673780
673780
673780
673780
673780
671783
671783
671783
671783
671783
671783
671783
671783
671783
671783
671783
671783
671783
671783
671783
671783
669195
669195
669195
669195
669195
669195
669195
669195
669195
669195
669195
669195
669195
669195
669195
669195
664507
662143
662143
662143
662143
662143
662143
662143
662143
662143
662143
662143
662143
662143
662143
662143
662143
662143
662143
662143
662143
657482
657482
657482
657482
657482
657482
656667
656667
656667
656667
656667
656667
656667
656667
656667
656667
656667
656667
656667
656449
656449
656449
656449
656449
656449
656449
656449
654788
654788
654788
654788
654788
654788
654788
654788
654788
654788
654788
654788
654788
654788
654788
654788
654788
654788
653944
653944
653944
653944
653944
653944
653944
653944
653944
653944
653944
653944
653944
653944
653944
653944
652786
652786
652786
652786
652786
652786
652786
652786
650051
650051
650051
650051
650051
650051
650051
650051
650051
650051
650051
650051
650051
649406
649406
649406
649406
649406
649406
649406
649406
649406
649406
648732
648732
648732
648732
648732
648732
648732
648732
648732
648732
647171
647171
647171
647171
647171
647171
647171
647171
647171
647171
647171
646103
646103
646103
646103
646103
645457
645457
645457
645457
645457
645457
645457
645457
645457
645457
645457
645457
645457
645457
645372
645372
645372
645372
645372
645372
645372
645372
645372
645372
645372
645372
644610
644610
644610
644610
644610
644610
644610
644610
644610
644610
644607
644607
644607
644607
644607
644607
644607
644607
644607
644607
644607
644607
644607
644607
644607
644607
644607
644607
644607
644607
640440
640440
639892
639892
639892
639892
639892
639892
639892
639892
639892
635944
635944
635944
635944
633268
633268
633268
633268
633268
633268
633268
633268
633268
633268
633268
633268
632322
632322
632322
632322
632322
632322
632322
632322
632322
632322
627633
627633
627633
627633
627633
627262
627262
627262
627262
624196
624196
624196
624196
624196
624196
624196
624196
624196
624196
622152
622152
622152
622152
622152
622152
622152
622152
622152
622152
622152
622152
622152
622152
622152
622152
622152
622152
621753
621753
621753
621753
621753
621753
621753
621753
620819
620819
620819
620819
620819
620819
620819
620819
620819
620819
620819
620819
620819
620819
620819
619024
619024
619024
619024
618320
618320
618320
618320
618320
618320
618320
618320
618320
618320
618320
618320
618320
618320
618320
618320
615427
615427
615427
615427
615427
615427
615427
614844
614844
614844
614844
614844
609458
609458
609458
609458
609458
609458
609458
609458
609458
609458
609458
609038
609038
609038
609038
609038
609038
609038
609038
609038
609038
609038
609038
609038
609038
608234
608234
608234
608234
608234
608234
608234
608234
608234
608234
608234
608234
608234
608234
608234
608234
608234
608234
608234
608234
607919
607919
607919
607919
607919
607919
607919
607919
607919
607919
607919
607919
607919
606039
606039
606039
606019
606019
606019
606019
606019
606019
606019
606019
606019
606019
606019
606019
605581
605581
605581
605581
605581
605581
605581
605581
605581
605581
605581
605581
605581
605581
603417
603417
603417
603417
603417
603417
603417
603417
603417
603417
603417
603417
603417
603417
603417
603417
603417
602824
602824
602824
602824
602824
602824
602824
602824
602824
602824
602824
602824
602824
602824
602824
602824
602824
601299
601299
601299
601299
601299
598833
598833
598833
598833
598833
598833
598833
598833
598833
598833
598833
598833
598833
598833
598416
598416
598416
598260
598260
598260
598260
598260
598260
598260
598260
598260
598260
598260
598260
598260
598260
598260
598260
598260
598260
598260
598055
598055
598055
598055
598055
598055
598055
598055
598055
598055
598055
598055
598055
598055
596628
596628
596628
596628
596628
596628
596628
596628
596628
596628
596628
596628
596628
596628
596628
595776
595776
595776
595776
595776
595776
595776
595776
595776
595776
595776
595776
595776
595776
594838
594838
594838
594838
594838
594838
594838
594838
594838
594838
594838
594838
594838
594838
594838
594838
594838
594838
594838
594838
593942
593942
593942
593942
593942
593942
593942
591819
591819
591819
591819
591819
591819
591819
591819
591819
591819
591819
591819
591819
591819
591819
591819
591819
591819
591819
590100
590100
590100
590100
590100
590100
590100
590100
590100
590100
590100
590100
590100
589365
589365
589365
589365
589365
589365
589365
589365
589365
589365
589365
589365
589365
589365
589365
589365
589365
589365
589365
588367
588367
588367
588367
588367
588367
588367
588367
588367
588367
586242
586242
586242
586242
586242
586242
586242
586242
586242
586242
586242
585983
585983
585983
585983
585983
585983
585983
585983
585983
585983
584261
584261
584261
584261
584261
584261
582329
582329
582329
582329
582329
582329
582329
582329
582329
582329
582329
582329
582329
582329
582329
582329
582329
582329
582329
582329
582108
582108
582108
582108
582108
582108
582108
582108
582108
582108
582108
582108
582108
580296
580296
580296
580296
580296
580296
580296
580296
580296
580296
580296
580296
580296
580296
579794
579794
579794
579794
579794
579794
579794
579794
579794
579794
579794
579794
579794
579794
577870
577870
577870
577293
577293
577293
577293
577293
577293
577293
577293
577136
577136
577136
577136
577136
577136
577136
577136
577136
577136
577136
577136
577136
577136
577136
577136
577136
577136
577136
575769
575769
575769
575769
575769
575769
575082
575082
575082
575082
575082
575082
575082
575082
575082
575082
575082
575082
575082
575082
574241
574241
574241
574241
574241
574241
574241
574241
574241
572454
572454
572454
572454
572454
572454
572454
572454
572454
572454
572454
572454
572454
568276
568276
568276
568276
568276
568276
568276
568276
568276
568276
568276
568276
568276
568276
568276
568276
568276
566355
566355
566355
566355
566355
566355
566355
566355
566355
566355
566355
566355
566355
566355
566355
566355
566355
566355
566355
565922
565922
565922
565922
564956
564956
564956
560290
560290
560290
560290
560290
560290
560290
560290
560290
556714
556714
556714
556714
556714
556714
556714
556714
556714
556714
556485
556485
556485
556485
556485
556485
556485
556485
556485
556485
556485
556485
556184
556184
555478
555478
555478
555478
555478
555478
554239
554239
554239
554239
554239
554239
554239
554239
554239
554239
554239
554239
554239
554239
554239
553677
548062
548062
548062
548062
548062
548062
548062
548062
548062
548062
548062
548062
548062
548062
548062
547691
547691
547691
547691
547691
547691
547691
547691
547691
547691
547691
547691
547691
547691
545144
545144
545144
545144
545144
545144
545144
545144
545144
545144
545144
545144
545144
545144
545144
545144
545144
540853
540853
540853
540853
540853
540853
540853
540556
540556
540556
540556
540556
540556
540556
540556
539294
539294
537954
537954
537954
537954
537954
537954
537954
537954
537954
537954
537954
537820
537820
537820
537820
537820
537517
537517
537517
537517
537517
537517
537517
537517
537517
537517
537517
537517
537517
537517
537517
537517
537517
537517
537517
537517
535094
535094
535094
535094
535094
535094
535094
535094
535094
535094
535094
535094
533047
533047
533047
533047
528259
528259
528259
528259
528259
528259
528259
528259
528259
528259
528259
528259
528259
528259
528259
528259
528259
528259
526730
526730
526730
526730
526730
526730
526730
526730
526730
526730
526730
526730
526730
526730
526730
525901
525901
524761
524761
524761
524761
524761
524761
524761
524761
524761
524761
524761
524761
524761
523435
523435
523435
523435
523435
523435
523435
523435
517894
517894
517894
517894
517894
517894
517894
517894
517894
517894
517894
517894
517894
517894
517894
517894
517894
517894
517894
517894
516772
516772
516772
516772
516772
516772
516772
516772
516772
516772
516772
516772
516772
516772
516772
516772
516772
516772
516772
514293
514293
509392
509392
509392
509392
509392
509392
509392
509392
509392
509392
509364
509364
509364
509364
509364
509364
509364
509364
509364
509364
509364
509364
509364
509364
509364
509364
509364
509022
509022
509022
509022
509022
509022
509022
509022
509022
509022
509022
509022
509022
509022
508668
508668
508668
508668
508668
508668
508668
508668
503874
503874
503874
503294
503294
503294
503294
503294
503294
503294
503294
502450
502450
502450
502450
502450
499291
499291
499291
499291
499291
499291
499120
499120
499120
498498
498498
498498
498498
498498
498498
498498
498498
498498
498498
498498
498498
498498
498498
498498
498498
498498
497492
497492
497492
497492
496390
496390
496390
496390
496390
496390
496390
496390
496390
496390
496390
496390
496390
496390
496390
493016
493016
493016
493016
493016
493016
493016
493016
493016
493016
493016
493016
493016
493016
493016
493016
493016
493016
493016
493016
491267
491267
491267
490010
490010
490010
490010
490010
490010
490010
490010
490010
490010
490010
490010
490010
490010
490010
490010
490010
488104
488104
488104
488104
488104
488104
488104
483906
483906
483906
483906
483906
483906
483906
483906
483906
483906
483906
483906
483906
483906
483906
483906
483906
483906
483906
483495
483495
483495
482389
481257
481257
481257
481257
481257
481257
481257
481257
481257
481257
481257
481257
481257
480726
480726
480726
480726
480726
480669
480669
480669
480669
480669
480669
480669
480669
480669
480669
480669
480669
479844
479844
479844
479844
479844
479844
479844
479844
479844
479844
479844
479844
479844
479844
479844
479844
479844
470951
470951
470951
470951
470951
470951
470951
470951
470129
470129
470129
470129
470129
470129
470129
470129
470129
470129
470129
470129
468356
468356
468356
466011
466011
466011
466011
466011
466011
466011
466011
466011
461883
461883
461883
461883
461883
461883
461883
461883
461883
461883
461883
461883
461883
461883
461883
461883
461883
461883
461275
461275
461275
461275
461275
461275
461275
461275
461275
461275
461275
461275
461275
458030
458030
458030
458030
458030
458030
458030
458030
458030
458030
458030
458030
458030
457287
457287
454010
454010
454010
454010
454010
454010
454010
451923
450076
450076
450076
450076
450076
450076
450076
450076
450076
450076
450076
450076
450076
450076
450076
449599
449599
449599
449599
449599
449599
449599
449599
449599
449599
449599
449599
449599
449599
449599
449509
449509
449509
449509
449509
449337
449337
449337
449337
449337
449337
449337
449337
449337
449325
448134
448134
447327
447327
446412
446412
446412
446412
446412
446412
446412
446412
446412
446412
446412
446412
446412
446412
446412
446412
446412
446412
446412
439879
439879
439879
439132
439132
439132
439132
439132
439132
439132
439132
439132
439132
439132
439132
439132
439132
439132
439132
438162
438162
438162
438162
438162
438162
438162
438162
438162
438162
438162
438162
437169
437169
436045
436045
436045
436045
436045
436045
436045
435022
433567
433567
433567
433567
433567
433567
433474
433474
433474
433474
433474
433474
433474
433474
433474
433474
433474
433474
433474
433474
433474
433474
431228
431228
431228
431228
431228
431228
431228
431228
431228
431228
431228
431228
431228
431228
431228
431228
431228
431228
430568
430568
430568
430568
430568
430568
430568
430568
430568
430568
430568
430568
430568
428941
428941
428941
428941
428941
428941
428941
428941
428941
428941
428941
428941
428941
428941
428941
428941
428941
428526
428526
428061
428061
428061
428061
428061
428061
428061
428061
427459
427459
427459
427459
427459
427459
427459
427459
427459
427459
427459
427459
427459
427459
427459
427459
427459
427459
427459
427459
423915
423915
423915
423915
423915
423915
423915
423915
423915
423915
423915
423915
423915
423915
423915
423915
423915
423915
423475
423475
423475
423475
423475
423475
423475
423475
423475
423475
423475
421140
421140
421140
421140
421140
421140
421140
421140
421140
421140
421140
421140
421140
421140
420584
420584
420584
420584
420584
420584
420584
420584
420584
420584
420584
420584
420584
420584
420584
420584
420584
420584
420584
420356
420356
418971
418971
418501
418501
417717
417717
417717
417717
417717
417717
417717
417717
417717
417717
413740
413740
413740
413740
413740
412144
412144
412144
412144
412144
412144
412144
412144
412144
412144
412144
412144
409566
409566
409566
409566
409566
409566
409566
409566
409566
409566
409566
409566
409566
409566
409566
408514
408514
408514
408514
408514
408514
408514
408514
408514
408490
408490
408490
408490
408490
404174
404174
404174
404174
404174
404174
402529
402529
402529
402529
402529
402529
402529
400481
400481
400481
400481
400481
400481
400481
400481
400481
400481
400481
400121
400121
400121
400121
400121
400121
400121
400121
400121
400121
400121
400121
400121
400121
400121
400121
400121
400121
400121
400121
399898
399898
399898
399898
397390
397390
397390
397390
397390
397390
396033
396033
396033
396033
396033
396033
396033
396033
396033
396033
396033
396033
396033
396033
396033
396033
396033
396033
396033
395405
395405
395405
395405
395405
395405
395405
395405
395405
395405
395405
395405
395405
394872
394872
394872
394872
394872
394872
394872
394872
394872
394872
394872
394872
394872
394872
394872
394872
394872
394872
394872
392056
392056
392056
392056
392056
392056
392056
392056
392056
391616
391616
391616
391616
391616
391616
391616
391616
389096
389096
389096
389096
389096
389096
389096
389096
389096
389096
389096
389096
389096
389096
389096
389096
389096
389096
389096
389096
389093
389093
389093
389093
388224
388224
388224
388224
388224
388224
388224
388224
388224
388224
388224
388224
387604
387604
387604
387604
387604
387604
387604
387604
387604
387604
387604
387604
387604
387604
387604
387604
387604
387604
387604
386474
386474
386474
386162
386162
386162
386162
386162
386162
386162
386162
386162
386162
386162
386162
386162
386162
383657
383657
383657
383657
383657
383657
383657
383657
383657
383657
383657
383657
383657
383657
383657
383657
383657
383657
383657
383657
382771
382771
382771
382771
382771
382771
380582
380582
380582
380276
380276
380276
380276
380276
380276
380276
380276
380276
380276
380276
380276
380276
380276
380276
380276
379155
379155
379155
379155
379155
379155
379155
379155
379155
379155
379155
378108
378108
378108
378108
378108
378108
378108
375953
375953
375953
375953
372128
372128
372128
372128
372128
372128
372128
372128
372128
372128
372128
372128
372128
372128
372128
371650
371364
371364
371364
369075
369075
369075
369075
369075
369075
369075
369075
369075
369075
369075
369075
368136
368136
368136
368136
368136
368136
368136
368136
368136
368136
368136
368136
368136
368136
368136
368136
367078
367078
365331
365331
364479
364338
364338
364338
364338
364338
364338
364338
364338
364338
364338
364338
364338
364338
364338
364338
363065
363065
363065
363065
363065
363065
363065
363065
363065
363065
363065
363065
363065
363065
363065
363065
359253
359253
357252
357252
357252
357252
356587
356587
356587
356587
356587
356587
356587
356587
356587
356587
356587
356587
356587
356587
356587
356587
356587
355862
355862
355862
355862
355862
355862
355862
355862
355862
355862
355862
355862
355862
355862
355862
355862
355862
355862
355862
354867
354867
354867
354867
354867
350665
350665
350665
350665
350665
350665
350665
350665
350665
350665
350665
350665
350665
350665
350665
350665
350665
350665
350245
350245
350245
350245
350245
350245
349292
349292
349292
349292
349292
349292
348094
348094
348094
348094
348094
348094
348094
348094
348094
348094
348094
348094
348094
348094
348094
348094
348094
348094
348094
348094
346994
346994
346994
346994
346994
346994
346994
346994
346994
346994
346994
346994
346902
346902
346902
346902
346902
346902
346902
346902
346902
346902
346902
346902
346902
346902
346902
346902
346902
346902
341788
341788
341788
341788
339327
339327
339249
339249
339249
339249
331607
331607
331607
331607
331607
331607
331607
331607
331607
331607
329941
329941
329941
329941
329941
329941
329941
329941
329941
329941
329941
329941
329941
329941
329941
329941
328792
328792
328792
328792
328792
328792
328792
328199
328199
328199
328199
328199
328199
328199
328199
328199
328199
328199
328199
328199
327797
327797
327797
327797
327797
327797
327797
327797
327797
325326
325326
325326
325326
325326
325326
325326
325326
325326
325326
325326
325326
322739
322739
322739
322739
322739
322739
322739
322739
322739
322739
322739
322739
322739
322739
322739
322739
322739
321170
321170
320604
320604
320604
320604
320604
320604
320604
320604
320604
318850
318850
318850
318850
318850
318850
318850
318850
318850
318850
318559
318559
318559
318559
318559
318559
318559
318559
318559
318559
318559
318559
314972
314972
314972
314972
314972
314972
314972
314972
314972
314972
314972
314972
314972
314972
314972
314972
314972
314972
314972
314200
314200
314200
314200
314200
314200
314200
314200
314200
314200
313657
313657
313657
313657
313657
313657
313657
313657
313657
313657
313657
313657
313657
313657
313657
313657
313657
313657
313657
313255
313255
313255
313255
313255
313255
313255
312236
312236
312236
312236
312236
312236
312236
312236
312236
312236
312236
312236
312236
307355
307355
307355
307355
307355
307355
307355
307355
307355
307355
307355
307355
307355
307355
307027
307027
307027
307027
307027
303355
303355
303355
303355
303355
303355
303355
303355
303355
303355
303355
303355
303355
303355
303355
303355
303355
303355
303355
303355
302687
302687
302687
302687
302687
301033
301033
301033
301033
301033
301033
301033
301033
301033
301033
301033
301033
301033
301033
301033
301033
300762
300762
300762
300762
300762
300762
300762
300762
300762
300762
300762
300762
300762
297543
297543
297543
297543
297543
297543
297543
297543
297543
297543
297543
297543
296846
296846
296846
296846
296846
296846
296846
294384
294384
294384
294384
294384
294384
294384
294384
294384
294384
294384
294384
292994
292994
292994
292994
292994
292400
292400
292400
292400
292400
292400
291351
291351
291351
290998
290998
290998
290998
290998
290998
290998
290998
290998
290998
290998
290998
290998
290998
290998
290998
290998
285768
285768
285768
285768
285768
285768
285768
285768
285768
285768
285768
285768
285768
285768
285768
285768
285768
285768
285768
278849
278849
278849
278849
278849
278849
278849
278849
278849
271864
271864
271864
271864
271864
271864
271864
271864
271864
271864
271864
271864
271864
271864
271864
271864
271600
271600
271600
271600
271600
271600
271600
271600
271600
271600
271600
271600
271600
271600
271600
271600
271600
271600
271600
271430
271430
271430
271430
271430
271430
271430
271430
271430
271430
271430
271430
271430
271430
271430
271430
270772
270772
270772
270772
270772
270772
270772
270772
270772
270772
270772
270772
270772
270772
270772
270772
270772
270772
270772
268350
268350
268350
268350
268350
268350
268350
268350
268350
268350
268350
268350
268350
268350
268350
268350
265961
265961
265961
265961
265961
265961
256294
256294
256294
256294
256294
256294
256294
256294
256294
252437
252437
252437
252437
252437
252437
252437
252437
252437
252437
252437
252437
252437
252437
252437
252437
251331
251331
251331
251331
251331
251331
251331
251331
251331
250457
250457
250457
249037
249037
249037
249037
248491
248491
248491
248491
248491
248491
248491
248491
248491
248491
248491
248491
248491
248491
248491
248491
248491
248491
248491
248491
247106
247106
247106
247106
247106
247106
247106
247106
247106
247106
247106
247106
247106
247106
247106
247106
247106
247106
247106
243066
243066
243066
243066
243066
242008
242008
242008
242008
242008
241262
241262
241262
241262
241262
241088
240247
240247
240247
240247
239836
236137
234668
234668
232986
232986
232986
232986
232986
232986
232986
232986
232986
232986
232986
232986
232986
232986
232986
232574
232574
232574
232574
232574
232574
231240
231240
231240
231240
231240
231240
231240
231240
231240
231240
231240
231240
231240
231240
231240
231240
231240
231240
231240
231240
228628
228628
228628
228628
228628
228628
227637
227637
227637
227637
227637
227637
227637
226325
226325
226325
226325
226325
226325
226325
224517
224517
224517
224517
224517
224517
224517
224517
224517
224517
224517
224517
224517
224517
224517
224517
224517
220138
220138
220138
220138
220138
220138
220138
220138
220138
220138
220138
220138
220138
220003
220003
220003
220003
220003
220003
220003
220003
220003
220003
220003
220003
219549
219549
219549
219549
219549
219549
219549
219549
219549
219549
215506
215506
215506
215506
215506
215506
215506
215506
215506
215506
215506
215506
215506
215506
215506
215506
215506
215506
215506
215506
214492
214492
214492
214492
214492
214492
214492
214492
214492
214492
214492
214492
214492
214492
214492
214492
214492
214492
214492
214492
213436
213436
213436
213436
213436
213436
213436
213436
213436
213436
213436
213436
213436
213436
211112
211112
208360
208360
208360
208360
208360
208360
208360
208360
208360
208360
207816
207816
206534
206534
206534
206534
206534
206534
205689
205689
205689
205689
205689
205689
205689
204552
204552
204552
204552
204552
204552
204552
204552
203293
203293
203293
203293
203293
203293
203293
203293
202755
202755
202755
202755
202755
202755
202755
202755
202755
202755
202755
202755
202755
202755
202755
202755
202755
202755
202755
200615
200615
200615
200615
200615
200615
200615
200615
200615
200615
200615
200615
200615
200615
200615
200615
200615
200615
200615
200615
