5113
1500000
999295
999295
999295
999295
999295
999295
999295
999295
999295
999295
999295
999295
995463
995463
995463
995463
995463
995463
995463
994158
994158
994158
994158
994158
994158
994158
994158
994158
994158
994158
994158
994158
994158
994158
994158
994158
994158
991071
991071
991071
991071
991071
991071
991071
991071
991071
991071
991071
991071
991071
991071
991071
991071
989566
989566
989566
989566
989566
989566
989566
989566
989566
989566
989566
989566
987305
987305
987305
987305
987305
987305
987305
987305
987305
987305
987305
987305
987305
987305
987305
987305
987305
987305
987305
987305
987133
987133
987133
987133
987133
987133
987133
987133
987133
987106
987106
987106
987106
987106
987106
987106
987106
987106
987106
987106
987106
987106
987106
987106
984971
984971
984971
984971
984971
984971
984971
984971
984971
984971
984971
984971
984971
984971
984971
984854
984854
984854
984854
984854
984854
983761
983761
983761
983761
983761
983761
983761
983761
983761
983761
983090
983090
983090
983090
983090
983090
983090
983090
983090
983090
983090
983090
983090
983090
983090
979556
977767
977767
977767
977767
977767
977767
977767
977767
977745
977745
977745
976976
976976
976976
976100
976100
976100
976100
976100
974288
974288
974288
974288
974288
968364
968364
968364
968364
967146
967146
967146
967146
967146
967146
967146
967146
967146
967146
965318
965318
965318
965318
965318
965318
965318
965318
965318
965318
965318
963121
962426
962426
962426
962426
962426
962426
962426
962426
962426
962426
962426
962426
962426
962426
962426
962426
958639
958639
958639
958639
958639
958639
958639
958639
958639
958639
958639
958639
957511
956295
956295
956295
955917
955917
955917
955917
955917
955917
955917
955917
955917
955917
955917
955917
955917
952197
952197
952197
952197
952197
952197
952197
952197
952197
952197
952105
952105
952105
952105
952105
952105
948358
948358
948358
948358
948358
948358
948358
948358
948358
948358
948358
948358
948358
948358
948358
948358
948358
948358
948358
948358
948281
948281
948281
948281
948281
948281
948281
947163
947163
947163
947163
946846
946846
946846
946846
946846
946846
946846
946846
946846
946846
945870
945870
945870
945870
945870
945870
945870
945870
945870
945308
945308
945308
944722
944722
944722
944722
944722
944722
944722
944722
944722
944722
944722
944722
944722
944722
944722
942864
942864
942864
942864
942864
942864
942864
942864
942864
938195
938195
938195
938195
938195
938195
938195
938195
938195
938195
938195
938195
933787
933787
933787
933787
933787
933787
933787
933787
933787
927734
927734
927734
927734
927734
927734
927734
927734
927734
927734
927734
927734
927734
927734
927734
927734
926819
926819
926819
926819
926819
926819
926819
924982
924359
924359
924359
924359
924359
924359
924359
924359
924359
924359
924359
924359
924359
924359
924359
924359
924359
924359
924359
924359
923848
923848
923848
923848
923848
923848
923848
923690
923690
923690
923690
923690
923690
923690
923690
923690
923690
923690
923690
923690
923690
923690
923690
923690
923690
923366
923366
923366
923366
923366
923366
923366
923366
923366
923366
922509
922509
922509
922509
922509
922509
922509
922509
922509
922509
922509
922509
922509
922509
922509
922509
918354
918354
918354
918354
918354
918354
918354
918354
918354
918354
918354
918354
918354
918354
916431
916431
916431
916431
916431
916431
916431
916431
914880
914880
914880
914880
914880
914880
914880
914880
914880
914880
914880
914880
914880
914880
913721
913721
913721
913721
913721
913721
913721
913721
913721
913721
913721
913721
913721
913721
913721
911587
911587
911587
911587
911587
911587
911587
910415
910415
910415
910415
910415
910415
910415
910415
910415
910415
909903
909903
909903
909903
909903
905530
905530
905530
905530
905530
905530
905530
905530
905530
905530
905530
905530
905530
903861
903332
903332
900527
900527
900527
900527
900527
900527
900521
900521
900521
900521
900521
900521
900521
900521
900521
900521
900521
900521
900521
900521
900521
899317
899317
899317
899317
899317
899317
899317
899317
899317
899317
897000
897000
897000
897000
893931
893931
893931
893931
893931
893931
893931
893931
893931
893931
893931
893931
893931
893494
893494
893494
893153
893153
893153
893153
891891
891891
891891
891891
891891
891891
891891
891891
891891
891891
891891
889095
889095
889095
889095
889095
889095
889095
889095
889095
889095
889095
889095
889095
888427
888427
888427
888427
888427
888427
888427
888427
888427
888427
888427
888427
888427
888427
888427
888427
887254
887254
887254
887254
887254
887254
887254
887254
887254
887254
887254
887254
887254
887254
887254
887254
887254
887254
887254
887243
887243
887243
887243
887243
887243
887243
887243
887243
887243
886255
886255
886255
886255
886255
886255
886255
886255
886255
886255
886255
886255
886255
886255
886255
886255
886255
886255
886255
885889
885889
885889
885682
885682
885682
885682
885682
885682
885682
885682
885682
885682
885682
885682
885682
885682
885682
884509
884509
884509
884509
884509
884509
884509
884509
884509
884509
884509
884509
884509
884509
884509
884509
884509
884509
883936
883936
883936
883936
883936
883307
883307
883307
880464
880464
880464
880464
880464
880464
880464
874867
874867
874867
874867
874867
874867
874867
874867
874867
874867
874867
874867
874867
874867
874867
874867
874867
874867
874867
874867
872298
872298
872298
872224
872224
872224
872224
872224
872224
871615
871615
871615
871615
871615
871615
871615
871615
871615
871615
871615
871615
870211
870211
870211
870211
870211
870211
870211
870211
870211
870211
870211
870211
870211
870211
870211
870211
870211
870211
869623
869623
869623
869623
869623
869623
867522
867522
867522
867522
867522
867522
867522
867522
867522
867522
867522
866471
866471
866471
866471
866471
866471
866471
866471
866471
866471
866471
862741
862741
861140
861140
861140
860567
860567
860567
859626
859626
859626
859626
859626
859626
859626
859626
859626
859626
859626
859626
859626
859626
859626
859370
859370
859370
859370
859370
859240
859240
859240
859240
859240
859240
859240
859240
859240
859240
859215
859215
859215
857660
857660
857660
857660
857660
857660
857660
857660
857660
855790
855790
855790
855790
855790
855790
855790
855790
855790
855790
855790
855790
855790
855790
855790
855790
855688
855688
855688
855688
855688
855688
855688
855688
855688
855688
855688
855688
855688
855688
855688
855284
855284
855284
855284
855284
855284
855284
855284
855284
855284
855284
855284
854723
854723
854723
854723
854723
854723
854723
854723
854723
854723
854723
854723
854723
854723
848917
848917
848917
848917
848917
848917
848917
848917
848917
848917
848917
847489
847489
847489
847489
847489
847489
847489
847489
847489
847489
847489
847489
847489
847489
847210
847210
843318
843318
843318
843318
843318
843318
843318
843318
843318
843318
843318
843318
843318
843318
843318
843318
843318
843318
841803
841803
841803
841803
841803
841803
841803
841803
841803
841803
841803
841803
841803
841803
841803
841803
841803
841803
841028
841028
841028
841028
841028
841028
841028
841028
841028
841028
841028
841028
841028
841028
839910
839910
839910
839910
839910
839910
839910
839910
839910
839910
839910
839910
839910
839910
838234
838234
838234
838234
838234
838234
838234
838234
838234
838234
838234
838234
838234
838234
838234
838234
838234
838234
838234
837767
837767
837767
837767
837767
837767
837767
837767
837767
837767
837767
837767
837211
837211
837211
837211
837211
837187
837187
837187
837187
837187
837187
837187
837187
837187
837187
837187
837187
837187
837187
837187
837187
837187
837187
836563
836563
836563
836563
836563
836563
836563
836563
836563
836563
836563
836563
836563
836563
836563
836563
836187
836187
836187
836187
836187
836187
836187
836187
836187
836187
836187
836187
836187
836187
836187
835287
835287
835287
835287
835287
835287
835287
835287
835287
835287
835287
835287
835287
835287
835287
835287
835287
835287
830877
830877
830877
830877
829626
829626
829626
829626
829626
822906
822906
822906
822906
822906
822906
822906
822906
820331
820331
820331
820331
820331
820331
820331
820331
820331
820331
820331
820331
820331
820331
820331
820331
820280
820280
820280
820280
820280
820280
820280
820280
820280
820280
820280
818730
818730
818730
818730
818730
818730
818730
818730
818730
817399
817399
817399
817399
817399
817399
817399
817399
817399
817399
817399
817399
816647
816647
816647
816647
816647
816647
816647
816647
816647
816647
816647
816647
816647
816647
816647
816647
816616
816616
816616
816616
816616
813819
813819
813819
812088
812088
812088
812088
812088
812088
812088
812088
812088
812088
812088
812088
812088
812088
812088
812088
811114
811114
811114
811114
811114
811114
811114
811114
811114
811114
811114
811114
811114
810117
810117
810117
810117
810117
809814
809814
809814
809814
809814
809814
809814
809814
809814
809814
809814
809814
809814
808446
808446
808446
808446
808446
808446
808446
808446
808202
808202
808202
808202
808202
808202
808202
808202
808202
808202
808202
808202
808202
808202
808202
808202
808202
808202
808202
808202
807981
807981
806935
806935
806935
806935
806935
806935
806935
806935
806935
806935
806935
806935
806935
806935
806935
806935
806935
806935
806701
806701
806701
806701
806701
806701
806701
806701
806701
806701
806701
803449
803449
803449
803449
803449
800938
800938
800938
800938
800541
800541
799241
799241
799241
799241
799241
799241
799241
799241
799241
799241
799241
799241
799241
798044
798044
798044
798044
798044
798044
798044
798044
798044
798044
798044
798044
798044
798044
798044
798044
796179
796179
796179
796179
794457
794451
794451
794451
794451
794451
794451
794451
794451
794451
794451
794451
794451
794451
794451
794451
794451
794451
794451
794451
792242
792242
792242
792242
792242
792242
792242
792092
792092
792092
792092
792092
792092
792092
792092
792092
792092
792092
790897
790897
790897
790897
790897
790897
790897
790897
790897
790897
790897
790897
790897
790897
787975
787975
787975
787975
787975
787975
787975
787975
787975
787975
787975
787975
787975
787975
787975
787975
787975
783875
783875
783875
783875
783875
783875
783875
783875
783875
783875
783875
783875
780416
780416
780416
780416
780416
780416
780416
780416
780416
780416
780416
779613
779613
779613
779613
779613
779613
779613
779613
779613
779613
779613
779613
779613
779613
779613
776229
776229
776229
776229
776229
776229
776229
776229
776229
775148
775148
775148
775148
775148
775148
775148
775148
775148
775148
775148
775148
775148
775148
775148
775148
775148
775148
775148
770901
770901
770901
770901
770901
770901
769600
769551
769551
769551
769551
769551
769551
769551
769551
769551
769551
769551
769551
769551
769551
769551
769551
768093
768093
768093
768093
768093
768093
768093
762286
762286
762286
762286
762286
762286
762286
762286
759438
759438
759438
759438
759438
759438
759438
759438
759438
759438
759438
759438
759438
759438
759438
759438
759438
759438
759438
756924
756924
756924
756924
756924
756924
756924
756924
756924
756924
756924
751425
751425
751425
751425
751425
751425
751425
751425
751425
751425
751425
751425
751425
748964
748964
748964
748964
748964
748964
748964
748964
748964
748964
748964
743726
743726
743726
743726
743726
743726
743726
743726
741366
741366
739025
739025
739025
738886
738886
738886
738886
738886
738886
737507
737507
737507
737507
737507
737507
737507
737507
737254
737254
734782
734782
734782
734782
734782
734782
734782
734782
734782
734782
734782
734782
734782
734782
734782
734782
734782
729739
729739
729739
729739
729739
729739
729739
729739
729739
729739
729739
729739
729739
729739
729739
729739
729739
729739
728594
728594
728594
728594
728594
728594
728594
728594
728594
728594
728594
728594
728594
728594
728594
728594
728594
728594
728594
728594
723957
723957
723957
723957
723957
723957
723957
723957
723957
723957
723957
723957
723957
723957
723957
723957
723957
723957
723957
723957
723263
723263
723263
723263
723263
723263
723263
723263
723263
723263
723263
723263
723263
723263
723263
723263
723254
723254
723254
723254
723254
723254
723254
723254
723254
723254
723254
723254
723254
723254
723254
723254
723254
723254
723254
723254
720799
720799
720799
720799
720799
720799
720799
720799
720516
720516
720516
720516
720516
720516
720516
720516
720516
720516
720516
720516
720516
720516
718642
718642
718642
716258
716258
716258
716258
716258
716258
716258
715982
713702
713702
713702
713702
713702
711304
711304
711304
711304
711304
711304
711304
709776
709776
709776
709776
709776
709776
709776
709776
709776
709776
709776
709776
709765
709765
709765
709765
709765
709765
709765
709765
709765
709765
709765
709765
709765
709765
709765
709765
709765
709765
709343
709343
709343
709343
709343
709343
709343
709343
709343
709343
709343
709343
709343
709343
708620
708620
708620
708620
707641
707641
707617
707617
707617
707617
706386
706386
706386
706386
706386
706386
706386
705644
705644
705644
705644
705644
705644
705644
705644
705644
705644
705644
705644
702998
702998
702998
702998
702998
702998
702998
702998
702998
702998
702998
702998
702998
702998
702998
702998
702998
701726
701726
701726
701726
701726
701726
701726
701726
701726
701726
701726
701726
701726
701726
701726
701726
701726
698329
698329
698329
698329
698329
698329
698329
698329
698329
698329
698329
698329
698329
697612
697612
697612
697612
697612
697612
697612
697612
697612
697612
697612
697612
695775
695775
695775
695775
695775
695775
695775
695775
695775
695775
695775
695775
695775
695775
695775
695775
695775
692411
692411
692411
692411
692411
692411
692411
692411
692411
692411
692411
692411
692411
692411
692411
692411
692411
692411
691578
691578
691578
691578
691578
691578
691578
691573
691573
691573
691573
691573
689761
688370
688370
688370
688370
688370
688370
688370
688370
688370
688370
686697
686697
686697
686697
686697
686572
686572
686572
686572
686572
684402
684402
684402
684402
682420
682420
682420
682420
682420
682420
682420
682420
682420
682420
682420
682420
682420
681448
681448
681448
681448
681448
681448
681448
681448
681448
681448
681448
681448
681448
681448
681448
681448
681448
681448
681448
681212
681212
681212
681212
681212
681212
681212
681212
681212
681212
681212
679372
679372
679372
679372
679372
679372
679372
679372
679372
678146
678146
678146
675382
675382
675382
675382
675382
675382
675382
675382
675382
675382
675382
675382
675102
675102
674774
674774
674774
674774
674774
674774
674774
674774
674774
674774
674774
672702
672702
672702
672702
672702
672702
672686
672686
672686
672686
672686
672686
672686
672686
672686
672686
672686
672686
672686
670400
670400
670400
670400
670400
670400
670400
670400
670400
670400
670400
670400
670400
670400
670400
670400
670400
670400
670400
670400
669600
669600
669600
669600
669600
669600
669600
669600
669600
669600
669600
669600
669600
669600
669600
669600
669600
669600
669600
669600
669103
669103
669103
669103
669103
669103
669103
665194
665194
665194
665194
665194
664304
664304
664304
664304
664304
664304
664304
664304
664304
664304
664304
664182
664182
664182
664182
664182
664182
664182
664182
664182
663420
663420
663420
663420
663420
663420
663420
663420
663420
663420
663420
662258
662258
662258
662258
662258
662258
662258
662258
662258
662258
662258
662258
662258
662258
662258
662258
662258
662258
661845
661845
661845
661845
661845
661845
661845
661845
661845
661845
661845
661845
661845
661845
661845
661845
661659
661659
661659
661593
661593
661593
661593
661593
661593
661593
661593
661593
661593
658037
658037
658037
658037
658037
658037
658037
658037
658037
658037
654590
654590
654590
654590
654590
654590
654590
654590
654590
654590
654590
654590
654194
654194
654194
654194
654194
654194
654194
654194
654194
654194
654194
654194
654194
654194
654194
654194
654194
654194
654194
651944
651944
651944
651165
651165
651165
651165
651165
651165
651165
651165
651165
651165
651165
651165
648364
648364
648364
648364
648364
648364
644661
644661
644661
644661
644661
644661
644661
644661
644661
644661
644661
644661
644661
644661
644661
644661
644661
644661
644661
644661
643903
643903
643903
643903
643903
643903
643903
643903
643903
643903
643903
643903
643903
643903
643903
641752
641752
641752
641752
641752
641752
641752
641752
641752
641752
641752
640865
640865
640865
640865
640865
640865
640865
640865
640865
640865
640865
640865
640865
640865
640865
640865
640229
640229
640229
640229
640229
640229
640229
640229
640229
640229
640229
640229
638150
634292
634292
631033
631033
631033
631033
631033
631033
630535
630535
630535
630535
630535
630535
630535
630535
630535
630535
630535
630535
630535
630535
630535
630535
630535
630535
630535
630535
625959
625959
625959
625959
625959
625959
625959
625959
625959
623976
623976
623976
623976
623976
623976
623976
623976
623976
623976
623976
623252
620936
619031
619031
619031
619031
619031
619031
619031
619031
619031
619031
619031
619031
619031
618980
618980
618980
618980
618980
618980
618980
618980
618980
618980
618980
618980
618980
618980
618980
618980
618980
618980
618980
617590
617590
617590
617590
615693
615693
615693
615693
615693
615693
615693
615693
615693
615693
615567
615567
615567
615567
615567
615567
615567
615567
615567
615567
615567
615567
615567
615567
615567
615567
615567
615567
611055
611055
609489
609489
609489
609489
609489
609489
609489
609489
609489
609489
609489
609489
609489
609489
609489
609489
609489
609489
609035
609035
609035
609035
605723
605723
605723
605723
605723
605723
605723
605723
605723
602847
602847
602847
602847
602847
602847
602847
600239
600239
600239
600239
594310
594310
594310
594310
591738
591738
591738
591738
591738
589543
589543
589543
587579
587579
587579
587579
587579
587579
587579
587579
587579
587579
587579
587579
587579
587104
587104
587104
587104
587104
587104
587104
587104
587104
587104
587104
587104
587104
587104
587104
587104
587104
587104
586903
586903
586903
586903
586903
586903
586903
586903
586903
586903
586903
586903
586903
586903
586903
586903
586903
586903
586903
585909
585909
585909
585909
585909
585909
585909
585909
585909
585909
585909
585909
585909
585909
584212
584212
584212
584212
584212
584212
582041
582041
582041
582041
582041
582041
582041
582041
582041
582041
582041
582041
582041
582041
582041
582041
582041
582041
581090
581090
581090
581090
581090
581090
581090
581090
581090
581090
581090
581090
581090
581090
581090
577949
577949
577949
577489
577489
577489
577489
577489
577489
576764
576764
576764
576764
576764
576764
576764
576764
576764
575141
575141
575141
575141
575141
575141
575141
575141
575141
575141
575141
575141
575141
575141
575141
575141
575141
575141
575141
575141
574461
574461
574461
574461
574461
574461
574461
574461
574461
574461
574461
574461
574461
574461
574078
574078
573072
573072
573072
573072
572593
572593
572593
572593
572593
572593
572593
572593
572593
572593
572593
572593
572593
572593
572593
572593
572593
572593
572593
572593
571607
571607
571607
571607
571607
571607
571607
571607
571607
571607
571607
571607
571607
571607
571607
571607
571607
571191
571191
571191
571191
571191
571191
571191
571191
571191
571191
571191
571191
571191
571191
571191
571191
571191
570808
570808
570808
570808
570808
570808
570808
570808
570808
570808
570808
570808
570808
570808
569404
569404
569404
569404
566274
566274
566274
565329
565329
565329
565329
565329
565329
565329
565329
565302
565302
565302
562377
562377
562377
562377
562377
562377
562377
562377
562377
562377
560803
560803
560803
560803
560803
560803
560803
560803
560803
560803
560803
560803
560639
560639
560639
560639
560639
560639
560639
560639
560639
560639
560639
560639
560639
560639
560639
560235
560235
560235
560235
560235
560235
560235
560235
560235
559982
559982
559982
559982
559982
559982
559982
559982
559982
559982
559982
559982
559982
559982
559982
559894
559894
559894
559894
559894
559894
559894
559894
559894
559894
559894
559894
559894
559894
559894
559894
559894
559894
559894
556369
556369
556369
556369
556369
556369
556369
556369
556369
556369
556369
556369
556369
556369
554678
554678
554678
554678
554678
554678
554678
554678
554678
554678
554678
554678
554678
546684
546684
546684
546684
546684
546684
546684
546684
546684
546684
546684
546684
546684
546684
546684
546684
546684
546684
546684
544529
544529
544529
544529
542604
542604
542604
542604
542604
542604
542604
542604
542604
542604
542604
542604
539242
539242
539242
539242
539242
539242
539242
539242
539242
539242
539242
539242
539242
539242
539242
539242
539242
538650
538650
538650
538650
538650
538650
538650
538650
538650
538650
538650
538650
538650
538650
538650
537101
537101
537101
537101
537101
537101
537101
537101
537101
537101
537101
537101
537101
537101
537101
537101
537101
537101
537101
537101
537077
537077
537077
537077
537077
537077
537077
537077
537077
537077
537077
537077
537077
537077
537077
537077
533495
530836
530836
530836
530836
530836
530836
530836
530836
530836
530836
530836
530836
530836
530836
530836
530836
530836
530836
530836
530836
528453
528453
528453
528453
528453
528453
528453
528453
528453
528453
528453
528453
528453
528453
528453
528453
528453
528453
528453
528260
528260
528260
528260
528260
526355
526355
526355
526355
526355
526355
526355
526355
526355
526355
523277
523277
523277
523277
523277
523277
523277
523277
523277
523277
523277
523277
523277
523277
523277
523277
523277
523277
523277
522663
522663
522663
522663
522663
522663
522663
522663
522663
522663
522663
522663
522663
522663
522663
522663
522282
522282
522282
522282
522282
522282
522282
522282
522282
522282
520308
520308
520308
520308
520308
520308
520308
520308
520308
520308
520308
520308
520308
520308
520308
520042
520042
520042
520042
520042
520042
520042
520042
520042
520042
520042
517927
517927
517927
517927
517927
517927
517927
517927
517927
517927
517927
517927
517927
516170
516170
516170
516170
516170
516170
516170
516170
516170
516170
516170
516170
516170
516170
516170
516170
516170
516170
516170
516170
515989
515989
515989
515989
515989
515989
515989
515989
515989
515989
515989
515989
515989
515989
514773
514773
514773
514773
514773
514773
514773
512092
512092
512092
512092
512092
512092
512092
512092
512092
512092
512092
512092
512092
510818
510818
510818
510818
510818
510818
510818
510818
510818
510818
510818
510818
510818
510818
509005
509005
509005
509005
506318
506318
506318
506318
506318
506318
506318
506318
506318
506318
506318
506318
506318
506318
506318
506318
506134
506134
506134
506134
506134
506134
506134
506134
506134
506134
506134
506134
506087
506087
506087
506087
506087
506087
506087
506087
504922
504922
504922
504922
504922
504922
504922
504922
504922
504922
503751
503751
503751
503751
503751
503751
503751
503751
503751
503751
503751
503751
503751
503751
503751
503751
503751
503751
503751
503437
503437
503437
503437
503437
503437
503437
503437
503437
503437
503437
503437
503437
503437
501079
500623
500623
500623
500623
500623
500623
500623
500623
500623
500623
500623
500623
500623
500623
500623
500623
500623
500623
500623
500623
500237
500237
500237
500237
500237
500237
500237
500237
500237
500237
500237
500237
500237
498874
498874
498874
498874
498874
498874
498874
498075
498075
498075
498075
498075
498075
498075
493241
493241
493241
493241
493241
493241
493241
492781
492781
492781
492781
492781
492781
492781
492781
492254
492254
492254
492254
492254
492254
492254
492254
492254
492254
492254
492254
491458
491458
491458
491458
491458
491458
491458
491458
491458
491458
491458
491458
491458
491458
491458
491458
491458
490213
490213
490213
490213
490213
490213
487636
487636
487636
487636
487636
487636
487636
487636
487636
487636
487201
487201
487201
487201
487113
487113
486957
486832
486832
486832
486832
486832
486832
486832
486832
484878
484878
484878
484878
484878
484878
484878
484878
484878
484878
484878
484878
484878
484878
484878
484878
484878
484878
483072
483072
483072
483072
483072
483072
483072
483072
483072
483072
483072
483072
483072
483072
483072
483072
481292
481292
481292
481292
481292
481292
481292
481292
481292
481292
481292
481292
481292
481292
481292
481292
481292
481292
481292
481292
480938
480938
480938
480938
480938
480938
480938
480938
480938
480938
480938
480938
480938
480938
480938
480938
480938
480938
480938
480938
476007
476007
476007
476007
476007
476007
476007
476007
472415
472415
471559
471559
471559
471559
471559
471559
471559
471559
471559
471559
471559
471559
471559
471559
471559
471559
470182
470182
470182
470182
470182
470182
470182
466297
466297
466297
466297
465537
465537
465537
465537
465537
465537
464102
464102
464102
464102
464102
464102
464102
464102
463110
463110
463110
463110
463110
463110
463110
463110
463110
463110
463110
463110
463110
463110
463110
463110
463110
456194
456194
456194
456194
456194
456194
456194
456194
453673
453673
453673
453673
453673
453673
453673
453673
453673
453673
453673
453673
453546
453546
452856
452856
452856
452856
452856
452856
452856
452856
452856
452856
452856
452856
451994
451994
451994
451994
451994
451994
451994
451994
451994
451994
451994
451540
451540
451540
451540
451540
451540
451540
451540
451540
451540
451540
451540
451540
451540
451540
451540
451111
451111
451090
451090
451090
451090
451090
451090
451090
451090
451090
451090
450838
450838
450838
450838
450838
450838
450838
450838
445809
445809
445809
445809
445809
445809
443436
443436
440323
440323
440323
440323
440323
440323
440323
440323
440323
440323
440323
440323
440323
440323
440323
440323
440323
439777
439777
439777
439748
439748
439748
439748
439748
439748
439748
439748
438798
438798
438798
438798
438798
438798
438798
438798
438798
438798
438798
438313
438313
438313
434185
434185
434185
434185
434185
434185
434185
434185
434185
434185
434185
434185
434185
434185
434185
434185
434185
434185
434185
433970
433970
433970
433970
433970
433970
433970
433970
432633
432633
432633
432633
432633
430972
430426
430426
430426
430426
430426
430426
430426
430426
428104
428104
428104
428104
428104
428104
428104
428104
427157
427157
427157
427157
427157
427157
426699
426699
426699
426699
426699
426699
426699
426699
426699
426699
426699
426699
426699
426699
426699
426101
426101
426101
426101
426101
426101
426101
426101
426101
426101
426101
426101
426101
426101
426101
425888
425613
425613
425613
424088
424088
424088
424088
424088
424088
424088
424088
424088
424088
424088
424088
421653
421653
421653
421653
421653
421653
421653
421653
421653
421653
421653
421653
421653
421653
421389
421389
421389
421389
421389
421389
421389
421389
421389
421389
421389
421389
409915
409915
407263
407263
407263
407263
407263
407263
407263
407263
407263
407263
407263
407263
407263
407263
407263
403937
403937
403937
403937
397980
397980
397980
397980
397980
397980
397980
397980
397980
397980
397980
397980
397980
397980
397980
397980
397980
397980
397980
395794
395794
395794
395794
395794
393504
393504
393504
393504
393504
393504
393504
390417
390417
390417
390417
390417
390389
390389
390389
390389
390389
390389
390389
388870
388870
388870
388870
388870
388870
388870
386996
386996
386996
386996
386996
386996
386996
383779
383779
383779
383779
383779
383779
383779
383779
383779
383779
383779
383779
383779
383779
383779
383779
383779
383779
383779
383779
382197
382197
382197
382197
382197
382197
380027
380027
380027
380027
380027
380027
380027
380027
380027
380027
380027
380027
380027
380027
380027
380027
380027
378826
378826
378826
378826
378826
378826
378826
378826
378826
378826
378826
378826
378826
378826
378826
378826
378090
378090
378090
378090
378090
378090
378090
378090
378090
377109
377109
377109
377109
377109
377109
377109
377109
377109
377109
377109
377109
377109
377109
377109
377109
377109
377109
376511
376511
376511
376511
373873
373873
373873
373873
373873
373873
373873
373873
373873
373232
373232
373232
373232
373232
373232
373232
373232
372405
372405
372405
372405
372405
372405
372405
372405
372405
372405
372405
372405
372149
372149
372149
372149
372149
372149
372149
372149
372149
372149
372149
372149
368281
368281
368281
368281
368281
368281
368281
368281
368281
368281
368281
368281
368281
368281
368281
368281
367826
367826
367826
367826
367826
367826
367826
367826
367826
367826
367826
367826
367826
367826
367826
367826
367826
367470
367470
367470
367470
367470
367470
367470
367470
367470
367470
367470
367470
367470
367470
367470
364942
364942
364942
363851
363851
363851
363851
363851
363851
363851
363851
363851
363699
363699
363699
363699
363699
363699
363699
363699
363699
363699
363699
363699
363699
363699
363699
361437
361437
361437
361437
361437
361437
361437
361437
361437
359328
359328
359328
359328
359328
359328
359328
359328
359328
359328
359328
359328
357892
357892
357892
357892
357892
357892
357892
357892
357892
357892
357892
357892
357892
357892
357892
357892
353230
353230
353230
353230
353230
353230
353230
353230
353230
353230
351627
351627
351627
351515
351515
351515
351515
351515
351515
351515
351515
351515
351515
351515
351515
351515
351515
349704
349704
349704
349704
349665
349665
349665
349665
349665
349665
349665
349665
349665
349665
349665
349665
349340
349340
349340
349340
349340
349340
349340
349340
349340
349340
349340
349340
349340
349340
349340
349098
349098
349098
349098
349098
349098
349098
349098
349098
349098
349098
348893
348893
348893
348893
348893
347043
347043
346635
346635
346635
346635
346635
346635
346635
346635
346635
346635
346635
346635
346635
346635
346635
346635
346635
346635
344675
344675
344675
344675
344675
344675
344675
344675
344675
344675
344675
344675
344288
344288
344288
344288
344288
344288
344288
344288
344288
344288
344288
344288
344288
344288
344288
344288
344288
344288
344288
344288
343762
343762
343762
343762
343762
343762
343762
343501
343501
343501
343433
343433
343433
343433
343433
343433
343433
343433
343433
343413
340486
340486
338436
338436
338436
338436
338436
338436
338436
338436
338436
338316
338316
338316
338064
338064
338064
335172
335172
335172
335172
335172
335172
335172
335172
335172
335172
334108
334108
334108
334108
334108
334108
334108
334108
334108
334108
334108
334108
334108
334108
334108
334108
333123
333123
333123
333123
333123
333123
333123
333123
333123
333123
333123
333123
333123
332613
332613
332613
332613
332613
332613
332613
332211
332211
332211
332211
332211
332211
332211
332211
332211
332211
332211
332211
332211
332211
332211
332211
332211
332211
332211
332180
332180
332180
332180
332180
332180
332180
332180
332100
332100
332100
332100
332100
332100
332100
332100
332100
332100
332100
332100
332100
332100
332100
332100
332100
326772
326772
326772
326772
326772
326772
326772
326772
326772
326772
326772
326772
326239
326239
326239
326239
326239
326239
326239
326239
326239
326239
322909
322909
322909
322909
322909
322909
322909
322909
322909
322909
322909
322909
322909
322909
322909
322909
322909
322909
322909
322909
321096
321096
321096
321096
321096
321096
321096
321096
321096
321096
321096
321096
320401
320401
320401
320401
320401
320401
320401
320401
320401
320401
320185
320185
320185
320185
320185
320185
320185
320185
320185
320185
320185
320185
320185
320185
320185
320185
320185
318216
318216
318216
318216
318216
318216
318216
318216
318216
318216
318216
318216
318216
318216
318216
318216
318216
318216
318216
318216
315902
315902
315902
315902
315902
315902
315902
314031
314031
314031
310109
310109
310109
310109
309505
309505
309505
309505
309505
309505
309505
307482
307482
307482
307482
307482
307482
307482
307482
307482
307482
307482
307482
307482
307039
307039
307039
307039
307039
306461
306461
306461
306461
306461
306461
306461
306461
306461
306461
306461
306461
306461
306461
305950
305950
305950
305950
305950
305950
305950
305950
301347
301347
301347
301347
301347
301347
301347
301347
301347
301347
301347
301347
301347
297966
297966
296526
296526
296526
296526
296526
296526
296526
296526
296526
296526
296526
296526
295922
295922
295922
295922
295922
295922
295922
295922
294607
294607
294607
294607
294607
294607
294607
294607
294607
294607
291700
291700
291700
291700
291700
291700
291700
291700
291700
291700
291700
291700
291700
291700
291700
287387
287387
287387
287387
287387
287387
287387
287387
287387
286560
286560
285237
284257
284257
284257
284257
284257
284257
284257
284257
284257
284257
284257
284257
284257
284257
284257
282039
282039
282039
282039
282039
282039
282039
282039
282039
282039
282039
282039
282039
282039
282039
280050
280050
280050
280050
280050
280050
280050
280050
280050
280050
280050
280050
279804
279804
278948
278948
278948
278948
278948
278948
278948
278948
278948
278948
278948
278948
277621
277621
277621
277621
277621
277621
277621
276509
276509
276509
276509
276509
276509
276509
276509
276509
276509
276509
276509
274929
274929
274929
274929
274929
274929
274929
274929
274929
274929
274812
274812
274812
274812
274812
274812
274812
274812
274812
274812
274812
274812
274812
274812
273863
273863
273863
273863
273863
273863
273863
273499
273499
273499
273499
273499
273499
273499
273499
273499
273499
273499
273499
273499
273499
272883
272883
272883
272883
272883
272883
271210
271210
271210
271210
271210
271210
271210
271210
271210
271210
271210
271210
271210
271210
271210
271210
270412
270412
270412
270412
270412
267313
267313
267313
259045
259045
259045
259045
259045
259045
259045
259045
259045
259045
257480
257480
255068
255068
255068
255068
255068
255068
255068
255068
255068
255068
255068
254979
254979
254979
254979
254979
254979
254979
254979
254979
254979
254979
254979
254979
254979
254979
254979
254979
252904
252904
252904
252904
252904
252904
252904
252904
252904
252904
252904
252901
252901
252901
252901
252901
252901
252901
252901
252901
252901
252901
252901
252901
252901
252004
252004
252004
252004
252004
252004
252004
252004
252004
249104
249104
247430
247430
247430
247430
247430
246218
246218
246218
246218
246218
246218
246218
245950
245950
245942
245942
245942
245942
245942
245942
245942
245942
245942
245942
245942
245942
245942
245942
245942
245942
245942
245942
245942
244469
244469
244469
244469
244469
244469
241672
241672
241672
241672
241672
241672
241622
241622
241622
241622
241622
241622
241622
241622
241622
241622
241622
241622
241622
241622
241622
241622
241622
240926
240926
240926
240926
240926
240926
240926
240926
240926
240926
240792
240792
240792
240792
240792
238455
238455
238455
238455
238455
238455
238455
238455
238455
238455
238455
238455
238455
238455
238455
238455
238455
238455
235176
235176
235176
235176
235176
235176
235176
235176
235176
235176
234569
234569
234569
234569
234569
234354
234354
234354
234354
234354
234354
234354
234354
234354
234354
234354
234354
234354
234354
234072
234072
231107
231107
230146
230146
230146
230146
230146
229012
229012
229012
229012
229012
229012
229012
227189
227189
227189
227189
227189
227189
227189
227189
227189
227189
227189
227189
227189
227189
227189
225987
225987
225987
225987
225987
225987
225987
225987
225987
225987
225987
225987
225987
223609
223252
222103
222103
222103
222103
222103
222103
222103
222103
222103
222103
222103
222103
222103
222103
222103
222103
222103
222103
219990
219990
219990
219990
219990
219990
219990
219990
219990
219990
219990
219990
219990
219990
219534
219534
219534
219534
219534
219534
219534
219534
219534
219534
219534
219534
219534
219534
219534
219534
219534
219534
219534
219534
216987
216987
216987
216987
216987
216987
216987
216987
216987
216987
216987
216987
216987
216987
216987
215340
214407
214407
214407
214407
214407
214407
214407
214407
214407
214407
214407
214407
214407
214407
214407
207316
207316
207316
207316
207316
207316
207316
207191
207191
207191
207191
207191
207191
207191
207191
207191
207191
207191
206250
206250
206250
206250
206250
206250
206250
206250
206250
206250
206250
206250
206250
206250
206250
206250
