2663
1500000
981272
981272
981272
981272
979132
979132
979132
974722
974722
974722
974722
974722
974722
974722
974722
974722
974722
974722
974722
971723
971723
971723
971723
971723
971723
971723
971723
971723
971723
971723
971723
971723
971723
971723
971723
971723
967380
967380
967380
967380
967380
967380
967380
967380
967380
967380
967380
967380
967380
967380
967380
967380
967380
967380
967380
966646
966646
966646
966646
963910
963910
963910
963910
963910
963910
963910
963910
963910
963910
963910
963910
963910
963910
960198
960198
960198
960198
960198
960198
960198
960198
960198
960198
960198
960198
960198
960198
960198
960198
960198
959172
959172
959172
959172
959172
959172
959172
959172
959172
959172
959172
959172
959172
959172
959172
957229
957229
957229
957229
957229
957229
957229
957229
957229
957229
957229
956079
956079
955842
955842
944645
944645
944645
944645
944645
944645
944645
944645
944645
942380
942380
942380
942380
942380
942380
942380
942380
937670
937670
937670
937670
937670
937670
937670
937670
937670
937670
937670
937670
937670
937670
937670
932555
932555
932555
932555
932555
932555
932555
932555
932555
932555
932555
932555
931107
931107
931107
931107
931107
931107
931107
931107
931107
931107
931107
931107
931107
931107
931107
931107
931107
931107
929315
929315
927965
927965
927965
927965
927965
927965
927965
927965
927965
927965
927965
927965
927965
927965
927965
927965
927965
927965
925969
925969
925969
925969
925969
925969
925969
925969
925969
925969
924957
924957
924957
924957
924957
924957
924957
924957
924957
924957
924957
924957
924957
924957
924957
924957
923888
923888
923888
923888
923888
923888
923888
923888
923888
923888
923888
923888
923888
923888
922920
922920
922920
922920
918537
918537
918537
918537
918537
918537
918537
918537
918537
918537
918537
915547
915547
915547
915547
915547
915547
915547
915547
915547
915547
915547
915547
915547
915547
915547
915547
915547
909626
909626
909626
909626
909626
909626
909626
909626
909626
909626
909379
909379
909379
900457
900457
900457
900457
900457
900457
900457
900457
900457
900457
900457
900457
900457
893015
893015
893015
893015
893015
893015
893015
893015
893015
893015
893015
893015
893015
893015
893015
893015
893015
893015
893015
893015
892852
892852
892852
892852
892852
892852
892852
892852
892852
892852
892852
892852
892852
892796
892796
892796
892796
892796
892796
892796
891081
891081
891081
891081
891081
891081
891081
891081
891081
891081
891081
891081
891081
891081
891081
883439
883439
883439
883439
883439
883439
883439
883439
883439
883439
883439
883439
883439
883439
883439
883439
883439
883439
883439
883439
882440
882440
882440
882440
882440
882440
882440
882440
882440
882440
882440
882440
882440
882440
882440
882440
882440
882440
882440
882440
880496
880496
880496
880496
880496
880496
880496
880496
880496
880496
880496
875164
867579
867579
867579
859029
859029
859029
859029
859029
859029
859029
859029
859029
859029
859029
859029
859029
859029
858795
858795
858795
858795
858795
858795
858795
857400
857400
857400
857400
857400
857400
857400
857400
857400
857400
857400
857400
857400
857400
857400
857400
857400
857400
857400
856237
856237
856237
856237
856237
849769
849769
849769
849769
849769
849769
849769
849769
849769
847557
847557
847557
847557
847557
847557
847557
847557
847557
847557
847557
847557
847557
840601
839447
839447
839447
839447
839447
839447
839447
839447
839447
839447
839447
839447
839447
839447
839447
839447
839447
839447
839447
839447
836995
836995
836995
836995
836995
836995
836995
836995
831918
829494
829494
829494
829494
829494
829494
829494
829494
829494
829494
829494
829494
829494
829494
829494
829494
829494
829494
829494
829494
828022
828022
828022
828022
828022
828022
828022
828022
828022
828022
828022
828022
828022
828022
828022
828022
828022
828022
828022
828022
826890
826890
826890
826890
826890
826890
826890
826890
826890
826890
826890
826890
826890
826890
826890
826890
826890
826890
826890
826890
824618
824618
824618
824618
824618
824618
824618
824618
824618
818610
818610
818610
818610
818610
818610
818610
818610
818610
818610
818610
818610
818610
818610
812055
812055
812055
812055
812055
812055
812055
808423
808423
808423
808423
808423
808423
808423
808423
808423
808423
808423
808423
808423
805985
805985
805985
805985
805985
805985
805985
805985
805985
805985
805985
805985
805643
805643
805643
805643
805643
805643
805643
805643
805643
805643
805643
805643
805643
805643
793369
793369
793369
793369
793369
793369
793369
793369
793369
792793
792793
792793
792793
792793
792793
792793
792793
792793
792793
792793
792793
792793
792793
792793
792793
792793
792793
790716
790716
790716
790716
790716
790716
790716
790716
790716
786166
786166
786166
786166
786166
786166
786166
786166
786166
786166
786166
786166
786166
786166
786166
786166
781479
781479
781479
781479
781479
781479
781479
781479
781479
781479
779816
779816
779816
776843
776843
776843
776843
776601
776601
776601
776601
776601
776601
776601
776601
776601
776601
776601
776601
776601
776601
776601
776601
776012
775896
775896
775896
775896
775896
775896
775896
775896
775896
775896
770175
770175
770175
770175
770175
769591
769591
768261
768261
768261
768261
768261
768261
768261
768261
768261
768261
768261
768261
767649
767649
767649
767649
767649
767649
767649
767649
767649
767649
766972
766972
766972
766972
766972
766972
766972
766972
766972
766972
766972
766972
766972
766972
766972
766972
766972
766972
766800
766800
766800
766800
766800
766800
766800
766800
766800
766800
766461
766461
766461
766461
764696
764696
764696
764696
764696
764696
764696
764696
761373
761373
761373
761373
761373
761373
761373
761373
761373
761373
761373
761373
761373
761373
761373
761373
759967
759967
759967
759967
759967
759967
759967
759967
759967
759967
759967
759967
759967
759967
759967
759967
759967
759967
759967
759560
759560
759560
759560
759560
759560
759560
759560
759560
759560
759560
759363
759363
759363
759363
759363
759363
759363
759363
759363
759363
759363
759363
759363
759363
759363
759363
758592
758592
758592
758592
758592
758592
751153
751153
751153
751153
751153
751153
751153
751153
750616
750616
750616
750616
750616
750616
750616
750616
750616
750616
750616
750616
750616
750616
750616
750616
750616
750616
750616
748402
748402
748402
748402
748402
748402
748402
748402
748402
748402
745876
745876
745876
745876
745876
745876
745876
745876
745876
745876
745876
745213
745213
743354
743354
743354
743354
743354
743354
743354
743354
743354
743354
743354
743354
743354
743354
743003
743003
743003
743003
743003
743003
743003
743003
743003
743003
743003
743003
741965
741965
741965
741965
741965
741965
741965
741965
741965
740665
740665
740665
740665
740665
740665
740665
740665
740665
740665
740665
740665
740665
740665
740665
732655
732655
732655
732655
732655
732655
732655
732655
732655
732655
732655
732655
732655
732655
732655
732655
732655
732655
732655
732655
730053
730053
730053
730053
730053
730053
730053
730053
730053
727122
727122
727122
727122
727122
727122
727122
727122
727122
727122
727122
727122
727122
727122
727122
727122
727122
727122
727122
727122
724964
723742
723742
723742
723742
720724
720724
720724
720724
720724
720724
711540
711540
711540
711540
711540
711540
703110
703110
703110
703110
703110
701087
701087
701087
701087
701087
701087
701087
701087
701087
701087
697938
697938
697938
697938
697938
697938
697938
697938
686861
686861
686861
686861
686861
686861
686861
686861
686861
686861
686861
686861
685253
684056
684056
684056
684056
684056
684056
684056
684056
684056
684056
684056
675369
675369
675369
675369
675369
675369
675369
675369
675369
675184
675184
675184
675184
675184
675184
675184
675184
675184
675184
675184
675184
675184
675184
675184
675184
675184
675184
675184
674072
674072
674072
674072
674072
674072
674072
672267
672267
672267
672267
672267
672267
672267
672267
672267
672267
672267
672267
672267
672267
671865
671865
671552
671552
671552
671552
671552
671552
671552
671552
671552
671552
671552
671552
671552
671552
671552
671552
671087
671087
671087
671087
671087
671087
671087
671087
671087
671087
671087
671087
671087
671087
671087
671087
671087
671087
671087
671087
670370
670370
670370
670370
670370
670370
670370
670370
670370
670370
670370
670370
669547
669547
669547
669547
669547
649021
649021
649021
649021
649021
649021
649021
649021
649021
649021
649021
649021
649021
649021
649021
649021
649021
649021
649021
649021
646784
646784
646784
646784
646784
646784
646784
646784
646784
646784
646784
646784
646784
646784
646784
646784
646784
646784
644405
644405
644405
644405
644405
644405
644405
644405
644405
644405
644405
644405
644405
644405
644405
644405
644405
644405
644405
644405
642782
642782
642782
642782
642782
642782
642782
642782
642782
642782
642782
642782
642782
642782
642782
637926
637926
637926
637926
637926
637926
637926
637926
637926
637926
637926
637926
637926
637926
637926
637926
637926
637926
637926
637926
635576
635576
635576
635576
635576
635576
635576
635576
635576
635576
635576
635576
635576
635576
633730
633730
633730
633730
633730
633730
633685
632255
632255
632255
632255
632255
632255
631006
631006
631006
631006
631006
631006
631006
631006
631006
631006
631006
631006
631006
631006
631006
631006
631006
631006
631006
631006
630977
630977
630977
630977
630977
626795
626795
626795
626795
626795
626795
626795
626795
626795
626795
626795
626795
621245
621245
621245
621245
621245
621245
621245
621245
621245
621245
621245
621245
621245
612805
612805
612805
612805
612805
612805
612805
612805
612805
612805
612805
612805
612805
612793
612793
612793
608137
608137
608137
608137
608137
608137
608137
607196
607196
607196
607196
607196
607196
607196
607196
607196
607196
607196
607196
607196
607196
607196
607196
607196
606486
606486
606486
606486
597494
597494
597494
597494
597494
597124
597124
597124
597124
597124
597124
597124
597124
597124
597124
597124
597124
597124
597124
597124
588964
588964
588964
588964
588964
588964
588964
588964
588964
583664
583664
582009
582009
581943
581943
581943
581943
581943
581943
579840
579840
579840
579840
579840
579840
579840
579840
579840
579840
579840
579840
579840
579840
579840
579840
577507
577507
577507
577507
577507
577507
577507
577507
577507
577507
577507
577507
577507
577507
574211
574211
574211
574211
574211
574211
574211
574211
574211
574211
574211
574211
574211
573428
573428
573428
573428
573428
573428
573428
572910
572910
572910
572910
572910
572910
572910
572910
572910
572910
572910
572910
572910
570252
570252
570252
570252
570252
570252
570252
570252
570252
570252
570252
570252
570252
570252
570252
570252
570252
570252
570252
570252
569758
569758
569758
569634
569634
569634
569634
569634
569634
569634
569053
566524
566524
566524
566524
566524
566524
566524
566524
564444
564444
564444
564444
564444
564444
559106
559106
559106
552921
552921
552921
552921
552921
552921
552921
552921
552921
552755
552755
552755
552755
552755
552755
552755
552755
552755
552755
552755
552755
551861
551861
551861
551861
551861
551861
551861
551861
551861
551861
545980
545980
545980
545980
545980
545980
545980
545980
545980
545980
545980
545980
545980
545980
545980
545980
545980
545980
545980
545980
542953
542953
542953
542953
542953
542953
542953
542953
542953
542953
542953
542953
542953
541922
541922
541922
541922
541922
541922
541922
541922
541922
541922
541922
541922
541922
541922
541922
541922
541509
541509
541509
541509
541509
541509
538866
538866
538866
538866
538866
538866
538866
538866
537300
537300
537300
537300
537300
537300
537300
537300
535993
535993
535993
535993
535993
535993
535993
535993
535993
535993
535993
535993
535993
534822
534822
534822
534822
534822
534822
534822
534822
534822
534822
534822
534822
534822
534822
534822
534822
534822
534822
534822
527487
527487
527487
527487
527487
525814
525814
525814
525602
525602
525602
525602
525602
525602
525602
525602
525602
525602
525602
525602
525602
525602
525602
523601
523601
523601
523601
523601
523601
523601
523601
523601
523601
523601
523601
523601
518885
518885
518885
518885
518885
514744
514744
514744
514744
514744
514744
514744
514744
514744
514744
514744
514744
514744
514744
514744
514744
514744
514744
514744
514744
514267
514267
514267
514267
514267
514267
514267
514267
514267
514267
514267
514267
514267
514267
514267
514267
499825
499017
499017
499017
499017
499017
499017
499017
499017
499017
499017
499017
499017
499017
499017
499017
499017
499017
498705
498705
498705
497784
497784
497784
497784
497784
497784
497784
497784
497784
497784
496085
496085
496085
496085
496085
496085
496085
496085
496085
496085
496085
496085
496085
496085
496085
496085
496085
496085
492677
492677
492677
492677
492677
492677
492677
492677
492677
492677
492677
492677
492677
492677
492677
492677
492442
492442
492442
492442
492442
492442
492442
492442
492442
492442
492442
492442
487480
487480
487480
487480
487480
487480
487480
487480
487480
487480
487480
487480
487480
487480
487480
487480
487303
487303
487303
487303
487303
487303
487303
487303
487303
487303
487303
487303
485490
485490
485490
485490
485490
485490
481565
481565
481565
481565
481565
481565
481565
481565
481565
481565
481565
481565
481565
481565
479942
479942
479942
479942
479942
479942
479942
479942
470567
470567
470567
470567
466046
466046
466046
466046
466046
466046
466046
456896
456896
456896
456896
456896
456896
456896
456896
456896
456896
456896
456896
456896
456896
456896
456896
456896
456896
456896
456896
456058
456058
456058
456058
456058
456058
456058
456058
456058
455014
455014
455014
451987
451987
451987
451987
451987
451987
451987
451440
451440
451440
451440
451440
451440
451440
448119
448119
448119
448119
448119
448119
448119
448119
448119
448119
448119
448119
448119
448119
448119
448119
445748
443924
443924
443924
443924
443924
443924
443924
443924
443924
443924
443924
443924
443924
443924
439673
439673
439673
439673
439673
439673
439673
439673
439673
439132
439132
439132
439132
439132
439132
439132
439132
439132
439049
439049
428544
428544
428544
428544
428544
428544
428544
428544
428544
428544
428544
428544
428544
428544
428544
428544
428544
426863
426863
426863
426863
426863
426863
426863
426863
426863
426863
426863
426863
426863
426863
426863
426863
421834
421834
421834
421834
421834
421834
421834
421834
420393
420393
420393
420393
420393
420393
420393
420393
420393
420393
419018
419018
419018
419018
419018
419018
419018
419018
419018
419018
419018
419018
419018
419018
419018
419018
419018
419018
419018
415940
414738
414738
414738
414738
414738
414738
414738
414738
414738
414738
414738
412182
412182
412182
412182
412182
412182
412182
412182
412182
412182
412182
412182
412182
412182
412182
412182
412182
406991
406991
406991
406991
406991
406991
406939
406939
406939
406939
406939
406939
406939
406939
406939
406939
406939
406939
406939
398372
398372
398372
398372
398372
398372
398372
398372
398372
398372
389159
389159
389159
389159
389159
389159
389159
387199
387199
387199
387199
387199
387199
387199
387199
387199
387199
387199
387199
387199
387199
386915
386915
386915
386915
386915
386915
386915
386915
386915
386232
386232
386232
386232
386232
386232
386232
386232
386232
386232
386232
386232
386232
386232
386232
386232
386232
386232
385021
385021
385021
385021
383753
383753
383753
383753
383753
383753
383753
383753
383753
383753
383753
383753
383753
383753
383753
383753
383753
383753
383753
381591
381591
381591
380299
380299
380299
380299
380299
380299
380299
380299
380299
380299
380299
380299
380299
379648
379648
379648
379648
379648
379648
379648
379648
379648
379648
375619
375619
375619
375619
375619
375619
375619
375619
375619
375619
375619
375619
375619
375619
375619
375619
367141
367141
367141
367141
367141
367141
367141
367141
367141
367141
367141
367141
367141
363783
363783
363783
363783
363783
363783
363783
363783
363783
355854
352453
352453
352453
352453
350710
350710
350710
350710
350710
350710
350710
350710
350710
350710
350710
350710
344893
344893
344893
344893
344893
344893
344893
331840
331840
331840
331840
331840
331840
331840
331840
331840
320413
320413
320413
320413
318782
318782
318782
318782
318782
318782
318782
318782
318782
318782
318782
318782
318782
318782
318782
318782
318782
318782
318782
318782
318717
318717
318717
318717
318717
315012
315012
315012
315012
315012
315012
315012
315012
315012
315012
315012
315012
315012
315012
315012
315012
315012
314411
314411
314411
314411
314411
314411
314411
314411
314411
314411
314411
308684
308684
308684
308684
308684
308684
308684
308684
308684
308684
308684
308684
308684
308684
308684
305195
305195
305195
305195
305195
305195
305195
305195
305195
305195
305195
305195
305195
305195
305195
305195
305195
305195
305195
303996
303996
303996
303996
303996
303996
303996
303996
303996
303996
303996
303996
303996
303996
303996
303996
303996
288872
288872
288872
288349
288349
288349
288349
288349
288349
288349
287346
287346
287346
287346
287346
287346
287346
287346
287346
287346
287346
283974
283974
283974
283974
283974
283974
283974
283974
283974
283974
283974
283974
283974
283974
283974
283974
283974
283497
274931
274931
274931
274931
274931
274931
274931
274931
274931
274931
274931
274931
274931
274931
274931
270959
270959
264573
264573
258755
258755
258755
258755
258755
258755
258755
258755
258755
258755
258755
258755
258755
258755
258755
258755
258755
258755
258755
258069
258069
258069
258069
258069
258069
258069
258069
258069
258069
257129
257129
257129
257129
257129
257129
257129
257129
256253
256253
256253
256253
256253
256253
256253
256253
256253
256253
256253
256253
256253
256253
256253
256253
254297
254297
254297
254297
251389
251389
251389
251389
251389
251389
251389
251389
251389
251389
251389
251389
251389
251389
251389
237955
236661
236661
236661
236661
236661
236661
236661
236661
236661
236661
236661
236661
236661
236661
236661
236661
235921
235921
235921
235921
235921
235921
235921
235921
235921
235921
235921
235921
228479
228479
228479
228479
228479
228479
228479
228479
228479
228479
228479
228479
228479
228479
228479
228479
228479
228479
228479
227639
227639
227639
227639
227639
227639
227639
227639
227639
227639
227639
227639
227639
227639
227639
227639
227639
227639
227639
227639
225499
225499
225499
225499
225499
225499
225499
225499
225499
225499
220013
220013
220013
220013
220013
220013
220013
210559
209155
209155
209155
209155
209155
209155
209155
209155
209155
209155
209155
208153
208153
208153
208153
208153
208153
208153
208153
208153
208153
208153
208153
208153
202444
202444
202444
202444
202444
202444
202444
202444
202444
202444
202444
202444
202444
202444
202444
202444
202444
