2659
1500000
994917
994917
994917
994917
994917
994917
994917
994917
994917
994917
994917
994917
990189
990189
990189
990189
990189
990189
990189
990189
990189
990189
990189
990189
990189
990189
989258
989258
989258
989258
988912
988912
988912
988912
988912
988702
988702
988702
988702
988702
988702
988702
988702
988702
988702
988702
988702
988702
988702
988702
986956
986956
986956
986956
986956
986956
986956
986956
986956
986956
986956
986956
986956
985450
985450
985450
985450
985450
985450
983210
983210
983210
983210
981311
981311
981311
981311
981311
981311
981311
981311
981311
981311
981311
981311
981311
981311
981311
981311
981311
981311
981311
981311
973471
973471
973471
973471
973471
973471
973471
973471
973471
973471
973471
973471
973471
973471
973471
973471
973471
966342
966342
966342
966342
966342
966342
966342
962972
962972
962972
962972
962972
962972
962972
962972
962972
962972
962972
962972
962972
962972
962972
962972
962972
962972
962972
959599
959599
959599
959599
959599
959599
959599
959599
959599
959599
959599
959599
959599
959599
959599
959599
959599
959599
951071
951071
951071
951071
951071
951071
951071
951071
951071
951071
951071
951071
951071
951071
951071
951071
951071
951071
950674
950674
950674
950674
950674
950674
950674
950674
950674
950674
950674
950674
950267
950267
950267
950267
950267
950267
950267
950267
950267
950267
950267
950267
950267
950267
950267
947815
947815
946475
946475
946475
946475
946475
946475
946475
946475
946475
946475
946475
946475
946475
946475
946475
946475
946345
921631
921631
921631
921631
921631
921631
921631
921631
921631
921631
921631
921631
921631
921631
921631
921631
919724
919724
919724
919724
919724
919724
919724
919724
919724
919724
919724
919724
916679
916679
916679
916679
916679
916679
916679
916679
916679
916679
916679
916679
916679
916679
916679
916679
916679
916679
912830
912830
912830
912830
912830
912830
912830
912830
912830
912830
910182
905763
905763
905763
905763
905763
905763
905763
905763
905763
905763
905763
905763
905763
905763
905763
905763
905763
905763
905305
905305
905305
905305
905305
905305
905305
905305
905305
905305
905305
905305
899024
895695
895695
895695
895695
895695
891187
891187
886978
886978
886978
886978
886978
886978
886978
886978
886978
886978
886978
886978
886978
886978
886978
886978
886978
886978
886429
886429
886429
886429
886429
886429
886429
886429
884961
884961
884961
884961
884961
884961
884961
884961
884961
884961
884875
884875
884875
884875
884875
884875
884875
884875
884875
884875
884875
884875
884663
884663
884663
877405
877405
877405
877405
877405
877405
877405
877405
877405
877405
877405
877405
877405
877405
877405
877405
877405
875799
875799
875799
875799
872741
872741
872741
872741
872741
872741
872741
872741
872741
872741
872741
872741
872741
866634
866634
866634
866634
866634
866634
866634
866634
866634
866634
866634
866634
866634
866634
866634
866634
865468
865468
865468
865468
865468
865468
865468
858928
858928
858928
858928
858928
858928
858928
854985
854985
854985
854985
854985
854985
854985
854985
854985
854985
854985
854985
854985
854985
854985
854985
854985
854985
851454
851454
851454
851454
851454
850381
850381
850381
850381
850381
848752
847719
847215
847215
847215
847215
847215
847215
847215
847215
847215
847215
847215
847215
847215
847215
847215
847215
847215
847215
847215
847215
846352
846352
846352
846352
846352
846352
846352
846352
846352
846352
846352
846352
846352
846352
846352
846352
846352
837068
837068
837068
837068
837068
837068
837068
837068
837068
837068
837068
835568
835568
835568
835568
835568
835568
835568
835568
835568
835568
835568
835568
835568
826089
811567
811567
811567
811567
811567
811567
811567
811567
811567
811567
811567
811567
811567
811567
811567
811567
808771
808771
808771
808771
808771
808771
808771
808289
808289
808289
808289
808289
808289
808289
808289
808289
808289
808289
805829
805829
805829
805829
805829
805829
805829
805829
805829
805829
805829
805829
805829
805829
805829
805829
805361
805361
805361
805361
805361
805361
805361
805361
805361
805361
805361
805361
805361
805361
805361
805361
805361
805361
805361
805361
803120
803120
803120
803120
803120
803120
803120
803120
803120
803120
803120
803120
803120
802703
796590
796590
796590
796590
796590
796590
796590
796590
796590
796590
792018
792018
792018
792018
792018
792018
788950
788950
788950
788950
788950
788950
788950
788950
788950
788950
788950
788950
788950
785388
785388
785388
785388
785388
785388
785388
785182
785182
785182
784897
784897
784897
784897
784897
784897
784897
784897
784897
784897
780276
780276
780276
780276
778710
778710
778710
778710
778710
778710
778710
778710
778710
778710
778710
778710
778710
778710
778710
778710
778710
775260
775260
775260
775260
775260
775260
775260
774101
774101
774101
774101
774101
774101
774101
774101
773297
769990
769990
769990
769990
766804
766804
766804
766804
766804
766804
766804
766804
766276
766276
766276
766276
766276
766276
766276
766276
766276
766276
766276
766276
766276
766276
761128
761128
761128
761128
761128
761128
761128
761128
761128
761128
761128
761128
761128
761128
761128
761128
755163
755163
755163
755163
755163
755163
755163
755163
755163
755163
755163
755163
755163
755163
755163
755163
755163
755163
753539
753539
753539
753539
753539
752965
752965
752965
752965
752965
752965
752965
752965
752965
752965
752965
752965
752965
752965
752965
752965
752965
752965
752965
752821
752821
752821
752821
752821
752821
752821
752821
752821
752821
752821
752821
752821
752821
752821
752821
752821
752821
751391
751391
751391
749493
749493
749493
749493
749493
749493
749493
749493
749493
749493
749493
749493
749493
749493
749493
749493
749493
749493
749493
747751
747751
747751
747751
747751
747751
747751
747751
747751
747751
747751
747751
747751
747751
747751
747751
747751
747751
747751
747751
746791
746791
746791
746791
746791
746791
746791
746791
746791
746791
746791
746791
743186
743186
743186
743186
743186
743186
743186
743186
743186
743186
743186
743186
743186
743186
743186
743186
743186
743186
743186
743186
743097
743097
743097
737521
737521
737521
737521
737521
737521
737521
737521
737521
737521
737521
736798
736798
736798
736798
736798
736798
736798
736798
736798
736798
736798
731236
731236
731236
731236
731236
731236
729323
729323
729323
729323
729323
729323
729323
729323
729323
729323
729323
729323
729323
728869
728869
728869
728869
728869
728869
728869
728869
728869
728869
728869
728869
726544
726544
726544
726544
726451
726451
726451
719799
719799
719799
719614
719614
719614
719614
719614
719614
719614
719614
719614
719614
719614
719614
719614
719614
719614
719614
719614
719614
719614
717624
716599
715526
715526
715526
715526
715526
715526
715526
703282
703282
703282
703282
703282
703282
703282
703282
703282
703282
703282
703282
703282
703282
703282
703282
702938
702938
702938
702938
702938
702938
702938
702938
702938
702938
702938
702938
702938
702835
702835
702835
702835
702835
702835
702835
702835
702835
702835
701944
701944
701944
701944
701944
701944
701944
701944
701944
701944
701944
701944
701944
701944
701944
701944
701944
701944
701944
701944
701554
701554
701554
701554
701554
701554
701554
701554
701554
701554
701554
701554
701554
701554
701554
701554
701554
697597
696163
696163
696163
696163
696163
696163
696163
696163
696163
696163
696163
696163
696163
696163
696163
696163
696049
696049
696049
696049
691211
691211
691211
691211
691211
691211
691211
691211
683009
683009
683009
683009
683009
683009
683009
683009
681185
681185
681185
681185
681185
676687
676687
676687
676687
676687
676687
670074
670074
670074
670074
670074
670074
670074
670074
670074
670074
670074
670074
670074
670074
670074
670074
670074
670074
663466
663466
663466
663466
663466
663466
663466
663466
663466
663466
663466
663466
663466
663466
658120
658120
658120
658120
658120
658120
658120
658120
658120
658120
658120
658120
658035
658035
658035
658035
658035
658035
657889
657889
657889
657889
657889
657889
657784
657784
657784
657784
657784
657784
657784
657784
657784
657784
657784
657549
657549
657549
657549
657549
657549
656520
656520
656520
656520
652778
652778
652778
652778
652778
652778
652778
652778
652778
652778
652778
652369
652369
652369
652369
652369
652369
652369
652369
652369
652369
652369
652369
652369
639833
639833
639833
639833
639833
639833
639833
639833
639833
632709
632709
632709
632709
632709
632709
632709
632709
632709
632709
632709
632709
631049
631049
631049
631049
631049
631049
631049
631049
631049
631049
631049
631049
629685
629685
629685
629685
629685
629685
629685
629685
629685
629685
629685
629685
629685
629685
629265
629265
629265
629265
626538
626538
626538
626538
626538
626538
626538
626538
626538
626538
624343
624343
624343
624343
624343
624343
624343
624343
624343
624343
624343
624343
624158
624158
624158
624158
624158
624158
624158
623820
623820
623820
623820
623820
623820
623820
623820
623820
623820
622747
622747
622747
622747
622747
622747
622747
622747
622747
610321
610321
610321
610321
610321
610321
610321
610321
610321
610321
610321
610321
610321
610321
610321
610321
610321
605531
605531
605531
605531
605531
605531
604535
604535
604535
604535
604535
604535
604535
604535
604535
604535
604535
604535
604535
601798
601798
601798
601798
601798
601798
601798
601798
601798
601246
601246
601246
601246
601246
601246
601246
601246
601211
601211
601211
601211
601211
601211
601211
601211
601211
601211
601211
601211
600023
600023
600023
600023
600023
600023
600023
600023
598181
598181
598181
598181
598181
598181
598181
598181
598181
598181
598181
598181
598181
598181
598181
598181
598181
598181
586423
586423
586423
586423
586423
586423
586423
586423
586423
582725
582725
582725
582725
582725
582725
582725
582725
582725
582725
582725
581519
581519
581519
578742
578742
578742
578742
578742
578742
578742
578742
578742
578742
578742
578742
578742
578742
578742
578742
578742
578742
576628
576628
576628
576628
576628
576628
576628
576628
576628
576628
576628
576628
576628
574727
574727
574727
574727
574727
574727
574727
574727
574180
574180
574180
574180
574180
574180
574180
574180
574180
574180
574180
574180
574180
574180
574180
574180
574180
551402
551402
551402
551402
551402
551402
551402
551402
551402
551402
551402
551402
551402
551402
551402
551402
551402
551402
551402
547823
547823
547823
547823
547823
547823
547823
547823
547823
547823
547823
547823
545229
545229
545229
545229
545229
545229
545229
545229
545229
545229
545229
545229
545229
545229
545229
545229
545229
545229
543518
543518
543518
543518
543518
543518
543518
543518
543518
543518
543518
543518
543518
543518
543518
543518
543518
543518
543518
536985
536985
536985
536820
536820
536820
536820
536820
536820
536820
536820
536820
536820
536820
536820
536820
536820
536820
536820
536820
530463
530463
530463
530463
530463
530463
530463
530463
530463
530463
530463
530463
530204
530204
530204
530204
530204
530204
530204
530204
530204
530204
530204
530204
530204
530204
530204
530204
530204
530204
530204
528485
528485
528485
528485
528485
528485
528485
528485
528485
528485
528485
528485
528104
527207
527207
527207
527207
527207
527207
527207
527207
527207
527207
527207
527207
527207
527207
527207
527207
527207
526751
526751
526751
526751
526751
526751
526751
526751
526751
524258
524258
521953
521953
521953
521953
521953
521953
521953
521953
521149
521149
521149
521149
521149
521149
521149
521149
521149
521149
521149
521149
520806
520806
516882
516882
516882
516882
516882
516882
516882
516882
516882
516882
516882
516882
516882
516882
516882
516882
516882
516882
516882
516882
509258
503591
503591
503591
503591
503591
503591
502961
502961
502961
502961
502961
502961
502961
502961
502961
502961
502961
498320
498320
498320
498320
498320
498320
498320
498320
498320
498320
496925
496925
496925
496925
496925
496925
496925
496925
496925
496925
496925
496925
496925
495545
495545
495545
493229
493229
493229
493229
491485
491485
491485
491485
491485
491485
491485
491485
491485
491485
491485
491485
491485
491485
491485
491485
491485
486657
486657
486657
486657
482506
482506
482506
482506
482506
482506
482506
482506
482001
482001
482001
482001
482001
482001
482001
482001
477309
477309
477309
477309
477309
477309
477309
477309
477309
477309
477309
477309
477309
477309
474888
474888
474888
474888
474888
474888
474888
472922
472922
472922
472922
472922
472922
472922
472922
472922
472922
472922
468733
468733
468733
468733
468733
468733
468733
468733
468733
468733
468733
468733
468733
468733
468733
468733
468733
468733
468733
468733
458614
458614
458614
458614
458614
458614
458614
458614
458614
458614
458614
458614
458614
458614
458614
458614
458614
458614
457473
457473
457473
457473
457473
457473
457473
457473
457473
457473
457473
457473
457473
451461
451461
451461
451461
451461
451461
451461
451461
451461
451461
451461
451461
451461
451461
451461
451461
451461
451461
450663
450663
450663
450663
450663
450663
450663
450663
450663
450663
450663
450663
450663
447686
447686
447686
447686
447686
447686
447686
445548
445548
445548
445548
445548
445548
445548
445548
445548
445548
444832
444832
442580
442580
441008
441008
441008
441008
441008
441008
441008
441008
441008
441008
441008
441008
441008
441008
441008
441008
441008
441008
441008
440080
440080
440080
440080
440080
440080
440080
440080
440080
440080
437903
437903
437903
437903
437903
436276
436276
436276
436276
436276
436276
434077
434077
434077
434077
434077
434077
434077
434077
434077
434077
434077
431491
431491
431491
431491
431491
431491
431491
431491
431491
431491
431491
431491
431491
431491
431491
431491
431491
431491
431491
431491
428003
428003
428003
428003
428003
428003
428003
428003
428003
428003
428003
428003
428003
428003
428003
428003
428003
428003
428003
428003
423415
423415
423415
423415
423415
423415
423415
423415
423415
421682
421682
421682
421682
421682
421682
421682
421682
421682
421682
421682
421682
421682
421682
421682
421682
421682
421682
416606
416606
416606
416606
416606
416606
416606
416606
416606
416606
416606
416606
416606
416606
415826
415826
415826
415826
415826
415826
415826
415826
415826
415826
415826
415826
415826
415826
415826
415826
415826
415826
415826
415826
413410
396325
393018
393018
393018
393018
393018
393018
393018
393018
393018
393018
393018
393018
393018
393018
393018
393018
393018
392428
392428
392428
392428
392428
392428
392428
392428
392428
392428
392428
392428
392428
390469
390469
390469
390469
390469
390469
390469
390469
390469
390469
390469
390469
390469
390469
390469
390469
390469
390469
390469
390469
385695
385695
385695
385695
385695
385695
385695
385695
385695
385695
385695
385695
385695
385695
381397
381397
381397
381397
381397
381397
381397
381397
381397
377839
377839
377839
377839
377781
377781
377781
375339
372367
372367
372367
372367
372367
372367
372367
372367
372367
372367
372367
372367
372367
372367
372367
372367
372367
372018
372018
372018
372018
372018
372018
372018
372018
372018
372018
372018
372018
372018
368175
368175
368175
368175
368175
368175
368175
368175
368175
368175
368175
368175
368175
368175
368175
368175
368175
368175
368175
367955
367955
367955
367955
367955
367955
367955
367955
367955
367955
367955
367955
367955
367955
367955
367955
367873
367873
365864
365864
365864
365864
365864
365864
365864
365864
365864
365864
365632
365038
365038
365038
365038
365038
365038
365038
365038
365038
365038
365038
365038
365038
365038
365038
365038
365038
365038
362630
362630
362630
362630
362630
362630
362630
362630
362630
362630
362630
362630
362630
362630
358585
358585
358585
358585
358585
358585
358585
358585
358585
358585
358585
358585
358585
356198
356198
356198
356198
356198
356198
356198
356198
356198
356198
356198
349773
349773
349773
349773
349773
349773
349773
349773
349773
349773
349773
349773
349773
349773
349773
349137
349137
349137
349137
344149
344149
344149
344149
344149
344149
344149
344149
344149
344149
344149
344149
344149
344149
344149
342355
342355
342355
342355
342355
342355
342355
342355
342355
342355
342355
342355
342355
342355
341916
341916
341916
341916
341916
341916
341916
341916
341916
341916
341916
341916
341916
341916
341916
341916
341916
341916
338978
338978
338978
334907
332535
332535
332535
332535
332535
332535
332535
332535
332535
332312
332312
332312
332312
329396
329396
329396
329396
329396
329396
329396
329396
329396
329396
329396
329396
329396
329396
329396
328829
328829
323329
323329
323329
323329
323329
323329
323329
323329
323329
323329
323329
323329
323329
323329
323329
323329
323329
323329
323329
316556
316556
316556
316556
316556
316556
315510
315510
315510
315510
315510
315510
313361
313361
313361
313361
313361
313361
313361
313361
313361
313361
313361
313361
313361
313361
313361
313361
313361
311866
311866
311866
311866
311866
311866
311866
311866
311866
311866
311866
311866
311866
311866
311866
311866
311866
311866
311866
311866
311216
311216
311216
306445
306445
306445
306445
306445
306445
306445
306445
306445
306445
306445
306445
297631
296649
296649
296649
296649
296649
296649
296649
296649
296649
296649
296649
296649
296649
296649
296649
296649
296649
296649
296649
296649
295820
295820
295820
295820
295820
295820
295820
295820
284513
284513
284513
284513
284513
284513
284513
284513
284513
284513
284513
284513
284513
284513
284513
284513
284513
284513
284513
284513
280050
280050
280050
280050
280050
280050
280050
280050
280050
280050
280050
280050
280050
280050
280050
280050
280050
280050
280050
280050
278858
278858
278858
278858
278858
278858
278858
278858
278858
278858
278858
278858
278858
278858
278858
278370
278370
278370
276007
276007
276007
276007
276007
276007
272332
272332
272332
272332
272332
272332
272332
263420
263420
263420
263420
263420
263420
263420
262226
262226
262226
262226
262226
262226
262226
262226
262226
262226
262226
262226
262226
262226
262226
262226
262226
258989
258989
258989
258989
258989
258989
258989
258989
258989
258989
258989
258989
258989
258989
258989
258989
258989
258989
258989
257941
257941
257941
257941
257941
257941
257941
257941
257941
257941
257941
257941
239679
239679
239679
239679
239679
232027
232027
232027
232027
232027
232027
232027
232027
232027
232027
232027
232027
232027
232027
232027
232027
232027
232027
232027
214340
214340
214340
214340
214340
214340
214340
214340
214340
214340
214340
214340
214340
214340
214340
214340
210139
210139
210139
210139
210139
210139
210139
210139
210139
210139
210139
210139
210139
210139
210139
210139
206429
206429
206429
206429
206429
206429
206429
206429
206429
200529
200529
200529
200529
200529
200529
200529
200529
200529
200529
200529
