2641
1500000
997331
997331
997331
993799
993799
993799
993799
993799
993799
993799
993799
993799
993799
993799
993799
993799
993799
993799
993799
993799
993799
993799
993799
993770
993770
993770
993770
993770
993770
993770
993770
993770
993770
993770
993770
993770
993605
987858
987858
987858
987858
987858
987858
987858
987858
987858
987858
973101
967159
967159
967159
967159
967159
967159
967159
967159
967159
967159
967159
967159
965835
965835
965835
965835
964525
964525
964525
964525
964525
964525
962311
962311
962311
962311
962311
962311
957750
957750
957750
957750
957750
957750
957750
957750
955387
955387
955387
955387
955387
955387
955387
955387
955387
955387
955387
955387
955387
955387
955387
955387
955387
955387
955387
955387
954330
954330
954330
954330
954330
954330
954330
954330
954330
954330
954330
954330
954330
954330
952761
952761
952453
952453
952453
952453
952453
952453
949857
949857
949857
949857
949857
949857
949857
949857
949857
949857
949857
949857
945608
945608
945608
945608
945608
945608
945608
935752
935752
935752
935752
935752
935752
935752
935752
932257
932257
932257
932257
932257
932257
932257
932257
932257
932257
928617
928617
928617
928617
928617
928617
928617
928617
928617
928617
928617
928617
928617
928617
928617
928617
928617
928617
928617
925520
925520
924258
924258
924258
924258
924258
924258
924258
924258
924258
924258
924258
924258
924258
924258
924258
924258
924258
924258
924249
924249
924249
924249
924249
924249
924249
924249
924249
924249
924249
924249
924249
923395
923395
923395
923395
923395
923395
923395
923395
923395
923395
923298
923298
923298
923298
923298
923298
923298
923298
916319
916319
916319
916319
916319
916319
916319
916319
916319
916319
916319
916319
916319
916319
916319
916319
916319
916319
916319
916319
910578
910578
910578
910578
910578
910578
910578
910578
910578
910578
910578
910578
908358
908358
908358
908358
908358
908358
908358
908358
908358
908358
908358
908358
908358
908358
908358
908358
908358
908358
902714
902714
902714
902714
902714
902714
902714
902714
902714
902714
902714
902714
902714
899358
899358
899358
899358
899358
899358
899358
899358
899358
899358
899358
899358
899358
899358
899358
899358
899358
899358
899358
899358
898686
898686
898686
898686
898686
898686
898686
898686
898686
898686
898686
898686
898686
898686
898686
889829
889829
889829
889829
889829
889829
889829
889829
884757
884757
884757
884757
884757
884757
884757
884757
884757
884757
884757
884757
884757
884757
884757
884757
884757
882637
882637
882637
882637
882637
882637
882637
882637
882637
882637
882637
882637
882637
882637
882637
882637
882637
882637
882637
882637
880325
880325
880325
880325
880325
880325
880325
880325
880325
880325
880325
880325
880325
880325
880325
880325
880325
880325
880325
878540
878540
878540
878540
878540
870396
870396
870396
870396
870396
870396
870396
870396
870396
870396
870396
870396
867251
867251
867251
867251
867251
867251
867251
867251
867251
867251
867251
867251
867251
867251
867251
862786
862786
862786
862786
857795
857795
857795
857795
857795
857795
857795
857795
857795
857795
857795
857795
857795
857795
857795
857795
857795
857795
857795
852823
852823
852823
852823
852823
852823
852823
852823
852823
852823
852823
852823
852823
852525
852525
852525
852525
852525
852525
852525
852525
852525
852525
852525
852525
852525
852525
852525
851451
851451
851451
851451
851451
851451
851451
851451
851451
847689
847689
847689
847689
847689
847689
847689
847689
847689
844493
844493
844493
844493
841707
841707
841707
841707
841707
841707
841707
840888
840888
840888
840888
836465
836465
836465
836465
836465
836465
836465
836465
836465
836465
835077
835077
835077
835077
835077
835077
835077
835077
835077
834265
834265
834265
834265
834265
834265
834265
834265
834265
834265
834265
834265
834265
834265
834265
833255
833255
833255
830349
830349
830349
830349
830349
830349
830349
830349
830349
830349
830349
830349
830349
830349
830349
830349
830349
830349
830349
830091
830091
827341
827341
827341
827341
827341
827341
827341
827341
827341
827341
827341
827341
827341
827341
827341
827341
827341
826780
826780
826780
826780
826780
826780
826780
826780
826780
826780
826780
826780
826780
826780
826780
826780
826780
826780
826780
826780
824353
824353
824353
824353
824353
824353
824353
824353
824353
824155
824155
824155
824155
824155
824155
824155
820003
820003
820003
820003
820003
820003
820003
820003
816312
816312
816312
816312
816312
816312
816312
816312
816230
815850
815850
815850
815850
815850
815850
815850
815850
815850
815850
815850
815850
815850
815850
815850
815850
813701
808204
808204
808204
808204
808204
808204
808018
808018
808018
808018
808018
808018
808018
808018
808018
808018
808018
808018
808018
808018
808018
808018
808018
808018
808018
806319
806319
806319
806319
806319
803901
803901
801140
801140
801140
801140
801140
801140
801140
801140
801140
801140
800919
800919
794493
794493
794493
794493
794493
794493
794493
794493
794493
794493
794493
794493
794493
794493
794493
790036
790036
790036
790036
790036
790036
788800
788800
788800
786775
786775
786775
786775
786775
786775
786775
786775
786775
786775
786299
786299
786299
784329
784329
784329
784329
784329
784329
784329
784329
784329
784329
784329
784329
784329
784329
784329
784329
767977
767977
767977
767977
767977
767977
767977
767977
767977
767977
767977
767977
767977
767977
767977
767977
767977
767977
767310
767310
767310
767310
767310
767310
767310
767310
767310
767310
767310
767310
767310
767310
767310
767310
767310
767310
766790
766790
766790
766790
766790
766790
766790
766790
766790
766790
766419
766419
766419
766419
766419
766419
766419
766419
766419
766419
766419
766419
766419
766419
766419
766419
766419
766419
761415
761415
757560
757560
757560
757560
757560
757560
757560
757560
757560
757560
757560
757560
757560
757560
757073
757073
757073
757073
757073
757073
757073
757073
757073
757073
749904
749904
749904
749904
749904
749904
749904
749904
749904
749904
749904
749904
749904
749904
747539
747539
747539
747539
747539
747539
747539
747539
747539
747419
747419
747419
747419
747419
747419
747419
747419
747419
747419
747419
747419
747419
747419
747419
747419
747419
747419
746651
746651
746651
746651
746651
746651
746651
746651
746651
746651
746651
746651
746651
746651
746651
746651
746651
746651
746651
743019
743019
743019
743019
743019
743019
742940
742940
742940
742940
742940
742934
742934
742934
742934
742934
742934
742934
742934
742312
742312
742312
742312
742312
742312
742312
740327
740327
740327
740327
740327
740266
740266
740266
740266
740266
740266
739493
734836
734836
734786
734786
734786
734786
734786
733310
733310
733310
733310
733310
733310
733310
733310
733310
733310
733310
733310
725793
725793
725793
725793
725793
725793
725793
725793
725793
725793
725793
725793
725793
725793
720564
720564
720564
720564
720564
720564
712424
705398
705398
705398
705398
705398
705398
705398
705398
705398
705398
705398
705398
705398
705398
705398
705398
704955
704955
704955
704955
704955
703200
703200
703200
703200
703200
703200
703200
703200
703200
703200
703200
703200
703200
703200
703200
703076
703076
701635
701635
701635
701635
701635
701635
701635
701635
701635
701635
701635
698588
698548
698548
698548
698548
698548
698548
698548
698548
698548
698548
698548
698548
697114
697114
697114
697114
697114
696082
696082
696082
696082
696082
696082
696082
696082
696082
696082
696082
696082
695211
695211
695211
695211
695211
695211
695211
695211
695211
695211
695042
695042
695042
695042
694576
694576
694576
694576
694576
694576
694576
694576
694576
694576
694576
694576
694576
694576
693254
693254
693254
693254
693254
693254
693254
693254
693254
693254
693254
693254
693254
693254
693049
693049
693049
692323
692323
692323
692323
692323
692323
692323
692323
692323
692323
692323
692323
692323
692323
692323
692323
691386
691386
691386
691386
691386
685608
684407
684407
684407
684407
684407
684407
684407
684379
684379
684379
684379
684379
684379
684379
684379
684379
684379
684379
684379
684379
683147
683147
683147
683147
683147
683147
683147
683147
683147
683147
683147
683147
683147
683147
680985
680985
680985
678802
678416
678416
678416
678416
678416
678416
678416
678416
678416
678416
678416
678416
678416
678416
678416
678416
678416
678416
672153
672153
672153
672153
672153
672153
672153
672153
672153
672153
672153
672153
672153
672153
672153
672153
672148
672148
672148
672148
672148
667429
667429
667429
667429
667429
667429
667429
667429
667429
667429
667429
667429
667429
667429
667429
667429
667429
664226
664226
664226
664226
664226
664226
664226
664226
664226
664226
664226
664226
664226
664226
648145
648145
648145
648145
648145
648145
648145
648145
648145
648145
648145
648145
648145
647532
647532
647532
647532
643622
643622
643622
643622
643622
643622
643622
643622
643622
643622
643622
643622
643622
643622
643622
643622
643622
638407
638407
638407
638407
638407
638407
638407
638407
638407
638407
638407
638407
636280
636280
636280
636280
636280
636280
636280
635833
635833
635833
635833
635833
633913
633913
633913
633913
633913
633913
633913
633913
633913
633913
633346
633346
633346
633346
633346
633346
633346
633346
633346
622047
622047
622047
622047
622047
622047
622047
622047
622047
622047
622047
622047
622047
622047
622047
622047
622047
622047
622047
622047
621661
621661
621661
621661
621661
621661
621661
621661
621661
616304
616304
616304
616304
616304
616304
616304
616304
616304
616304
616304
616304
616304
616304
616304
616304
616304
616304
616304
613913
613913
613913
613913
613913
605746
605746
605746
605746
605746
605746
605746
605746
605746
605746
605746
605746
605746
605746
602596
593881
593881
592221
592221
592221
588810
588810
588810
588810
588810
588810
588810
588810
588810
588810
588810
588810
588810
588810
588810
588810
588185
588185
588185
588185
588185
588185
588185
588185
588185
588185
588185
588185
584636
584636
584636
584636
584636
584636
584636
584636
584636
584636
584636
584636
584636
584636
584636
584636
584636
584636
581294
581294
581294
581294
581294
581294
581294
581294
581294
581294
581294
581294
581294
581294
581294
581294
581294
581294
581294
579767
579767
579767
579767
579767
579767
579767
579767
575549
575549
575549
575549
575549
575549
575549
575093
575093
575093
575093
575093
570327
570327
570327
570327
570327
570327
569779
569779
569779
569779
569779
569779
569779
569779
569779
569779
569779
569779
569779
569779
567904
567904
567904
567904
567904
567904
567904
567553
567553
564871
564871
564871
564871
564871
564871
564871
564871
564871
564871
564871
564871
564871
564871
564871
564871
564871
564871
564871
564871
561199
561199
555773
555773
555773
555773
555773
555773
555773
555773
555773
555773
555773
555773
555773
555773
555773
555773
555773
555773
555773
552392
552392
552392
552392
552392
552392
552392
552392
552392
552392
552392
552392
552392
549847
549847
549847
549847
549847
549847
549847
549847
549847
549847
549847
549847
549847
549847
549847
549847
549847
549847
549847
549847
545990
545990
545990
545990
545990
545990
545990
545990
545990
545990
542523
542523
542523
542523
542523
542523
542523
542523
542523
542523
542523
540776
540776
540776
540776
540776
540776
540776
540776
540776
540776
538518
538518
538518
538518
538518
538518
538518
538518
538518
538518
538518
538518
538518
538518
538518
538518
537411
537411
537411
537411
537411
537411
537411
537411
537411
537411
537411
537411
537411
537411
535916
535916
535916
535916
535916
535916
535916
535916
535916
535916
535916
535916
535916
535916
535916
535916
535916
535916
535916
535916
531856
531856
531856
531856
531856
531856
531856
531856
531856
531856
531856
529957
529957
529957
529957
529957
529957
529957
529957
529957
529957
529957
529957
529957
529957
529957
526728
526728
526728
526728
526728
526728
526728
526728
526728
526728
526728
526728
526728
526728
526728
526728
526728
526728
523952
523952
523952
523952
523952
523952
523952
523952
523952
523952
523351
523351
523351
523351
514141
514141
514141
514141
514141
514141
514141
514141
514141
514141
514141
514141
514141
514141
514141
514141
510629
510629
510629
510629
510629
510629
510629
510629
510629
510629
510629
510629
510629
510629
510629
510629
510629
508879
508879
508879
508879
508879
508879
508879
508879
508879
508879
508879
508879
504384
504384
504384
504384
504384
500911
500911
500911
500911
500911
500911
500911
500911
500911
500911
500911
500911
500911
500435
500435
500435
500435
500435
500435
500435
500435
500435
500435
500435
500435
500435
500435
500435
500435
500435
500435
500435
498224
498224
498224
498224
498224
498224
498224
484220
484220
484220
484220
484220
478406
478406
478406
478406
478406
478406
478406
478406
478406
478406
478406
478406
478406
478406
478406
478406
478406
478406
473346
473346
473346
467613
467613
467613
467613
467613
467613
467613
467613
467613
466404
466404
466404
466404
466404
466404
466404
466404
466404
466404
466404
466404
466404
466404
466404
466404
466404
466404
465811
465811
465811
465811
465811
465811
465811
465811
465811
465811
465811
465811
465811
465811
465811
465811
465811
465811
465811
457397
457397
457397
457397
457397
457397
457397
457397
457397
457397
457397
457397
457397
457397
457397
457397
457397
457397
457397
446149
446149
446149
446149
446149
446149
446149
446149
446149
446149
446149
446149
446149
446149
446149
446149
446149
446149
446149
446149
445421
445421
445421
445421
445421
443973
443973
443973
443973
443973
443973
443973
443973
443973
443973
443973
443973
443407
443407
443407
443407
443407
443407
443407
443407
443407
443407
443407
443407
443407
443407
443407
443407
443407
443407
443155
443155
443155
443155
443155
443155
443155
443155
443155
443155
443155
443155
443155
443155
443155
436949
436949
436949
436949
436949
433249
433249
433249
433249
433249
431919
431919
431919
431919
431919
431919
431919
431919
431919
431919
431919
430658
430658
430658
430407
430407
430407
430407
430407
430407
429365
429365
429365
429365
429365
421624
421624
421624
421624
421624
421624
421624
421624
421624
421624
421624
421624
421624
421624
421624
421624
420538
418602
418602
418602
418602
418602
418602
418602
418602
418602
418602
418602
418602
414439
414439
414439
413880
413880
413880
413880
413880
413880
413880
413880
413880
413880
413880
413880
398724
397490
397490
397490
397490
397490
397490
397490
397490
397490
397490
397490
397490
393210
393210
393210
393210
393210
393210
393210
388523
388523
388523
388523
388523
388523
388523
388523
388523
388523
388523
388523
388523
388523
388523
388523
387394
387394
387394
379989
379989
379989
379989
379989
379989
379989
379989
379989
379989
379989
379989
379989
379989
379989
379989
379989
379989
379927
379927
379927
379927
379927
379927
379927
379927
379927
379927
379927
374866
374866
374866
374866
374866
373741
373741
373741
373741
373741
373741
373741
373741
373741
373741
373741
373741
373741
373741
373741
373741
373741
373741
373741
373741
371627
371627
371627
371627
371627
371627
371627
371627
371627
371548
371548
371548
371548
371548
371548
371548
371548
371548
371548
371548
371548
371548
371548
371548
371548
371548
368079
368079
368079
368079
368079
368079
368079
368079
368079
368079
368079
368079
368079
368079
368079
364755
364755
364755
364755
364755
364755
364755
364755
364755
364755
362097
362097
362097
362097
362097
362097
362097
362097
362097
362097
362097
362097
362097
362097
362097
362036
351429
351429
351429
351429
351429
351429
351429
351429
351429
351429
351429
351429
351429
350451
350451
343040
343040
343040
343040
343040
343040
342490
342490
341082
341082
341082
341082
341082
341082
341082
341082
341082
341082
341082
341082
341082
341082
341082
341082
341082
341082
335147
335147
335147
335147
335147
335147
335147
335147
335147
335147
321760
321760
321760
321760
321760
321760
321760
321760
321760
321760
321760
321760
321760
321760
321760
321760
321760
321760
321760
320934
320934
320934
320934
320934
320934
320934
320934
320934
320934
320934
320934
320934
320934
320934
320934
319420
319420
319420
319420
319420
319420
319420
319420
319420
319420
319420
319420
319420
319420
319420
319420
319420
319420
317288
317288
317288
317288
317288
317288
317288
317288
317288
317288
317288
317288
317288
317288
317288
317288
317288
317288
317288
317288
315995
315995
315995
315995
315995
315995
315995
315995
315995
315995
315995
315995
315995
315995
305739
305739
305739
305739
305739
305739
305739
305739
305739
305739
305739
305739
305739
305739
304732
304732
304732
304732
304732
304732
304732
304732
282359
282359
282359
282359
282359
282359
278947
278947
278947
278947
278947
278947
278947
278947
278947
278947
278947
278947
277314
277314
277314
277314
277314
277314
264671
264671
264671
264671
264671
264671
264671
264671
264671
264671
264671
263510
263510
263510
263510
263510
253628
253628
253628
253628
253628
253628
253628
253628
253628
253628
253628
253628
253628
253628
253628
253628
248323
248323
248323
248323
248323
248323
248323
248323
248323
247403
247403
247403
247403
247403
247403
247403
247403
247403
247403
247403
247403
247403
247403
247403
247403
247403
243791
243791
243791
243791
243791
243791
243791
243791
243791
243791
243791
243791
243791
243791
243791
243791
240027
240027
240027
240027
240027
240027
240027
240027
240027
240027
240027
240027
233316
233316
233316
233316
233316
233316
233316
233316
233316
233316
233316
233316
233316
233316
233316
233316
233316
230817
230817
230817
227871
227871
227871
227871
227871
227871
227871
227871
227871
227871
227871
227871
227871
227871
227871
227871
227871
227871
227871
225791
225791
225791
225791
225791
225791
225791
225791
225791
225583
225583
225583
225583
225583
225583
225583
225583
225583
225583
225583
225583
225583
225583
225583
225583
225583
225583
225583
225583
224450
224450
224450
224450
224450
223158
223158
223158
223158
223158
223158
223158
223158
223158
223158
223158
223158
219589
219589
219589
219589
219589
219589
219589
219589
219589
219589
219589
219589
219589
219589
219589
219589
219589
218552
218552
218552
218552
218552
218552
218552
218552
218552
218552
218552
218552
218552
218552
218552
218552
218552
218552
217812
217812
217812
217812
217812
217812
216387
216387
216387
216387
216387
216387
216387
216387
216387
216387
208082
208082
208082
208082
208082
208082
204752
204752
204752
204752
204752
204752
204752
204752
204752
204752
204752
204752
204752
204752
204752
204752
204752
204752
204752
204752
203493
203493
203493
203493
203493
203493
203493
203493
