1395
1500000
981210
981210
981210
981210
981210
981210
981210
981210
981210
981210
981210
981210
981210
981210
981210
981210
981210
981210
981210
975679
970046
970046
970046
970046
970046
970046
970046
970046
970046
970046
970046
970046
970046
970046
970046
970046
969952
969952
962332
962332
962332
962332
962332
962332
962332
962332
962332
962332
955710
955710
955710
955710
955710
955710
955710
955710
955710
955710
945579
945579
945579
945579
945579
945579
945579
945579
945579
945579
945579
945579
945579
942402
942402
942402
942402
942402
942402
942402
942402
942402
942402
942402
942402
933766
933766
933766
933766
933766
933766
933766
926418
926418
926418
926418
921177
921177
921177
921177
921177
921177
921177
921177
921177
921177
921177
921177
921177
921177
921177
921177
921177
921177
921177
921177
898937
898937
898937
898937
898937
898937
898937
889592
889592
889592
889592
889592
889592
889592
889592
889592
889592
889592
889592
889592
889592
889592
889592
889592
889592
889592
889592
889160
889160
889160
889160
889160
889160
889160
889160
889160
889160
889160
889160
889160
889160
889160
889160
889160
882569
882569
882569
882569
882569
882569
882569
882569
882569
882569
882569
882569
882569
882569
882569
882569
882569
882569
882569
882569
880352
880352
872045
872045
872045
872045
872045
872045
872045
872045
872045
870088
870088
870088
870088
870088
870088
870088
870088
862959
862959
862959
862959
862959
862959
862959
862959
862959
862959
862959
862959
862959
862959
848337
848337
848337
848337
848337
848337
848337
848337
848337
848337
848337
848337
848337
848337
848337
848337
848337
840941
840941
840941
840941
840941
840941
840941
840941
840941
838280
838280
838280
838280
838280
838280
838280
838280
838234
838234
838234
838234
838234
838234
838234
838234
838234
838234
838234
838234
838234
838234
838234
838234
838234
838234
838234
838234
838225
838225
838225
838225
838225
838225
833392
833392
833392
833392
833392
833392
833392
833392
833392
833392
833392
833392
833392
833392
833392
833392
833392
833392
833392
833392
826616
826616
826616
826616
826616
826616
826616
826616
826616
826616
826616
825352
825352
825352
825352
825352
825352
825352
825352
825352
825352
825352
825352
825352
825352
825352
825352
825352
825352
822288
822288
822288
822288
822288
822288
822288
822288
822288
822288
822288
822288
822288
822288
822288
819536
819536
819536
819536
819536
819536
819536
819536
819536
819536
819536
819536
819536
819536
818458
818458
818458
818458
818458
818458
818458
818458
810895
810895
810895
810895
810895
810895
810895
810895
810895
810895
810895
810895
810895
810895
810895
810895
810895
810895
803552
803552
803552
803552
803552
803552
803552
799376
799376
799376
799376
799376
799376
799376
799376
799376
799376
799376
799376
799376
762420
762420
762420
762420
762420
762420
756612
756612
756612
752709
752709
752709
752709
752709
752709
752709
752709
752709
752709
752709
752709
752709
751233
751233
751233
751233
751233
751233
751233
751233
751233
751233
751233
751233
751233
751233
751233
751233
751233
742017
742017
742017
742017
742017
742017
742017
742017
742017
742017
742017
742017
742017
742017
742017
736314
736314
724804
724804
724804
724804
724804
724804
724804
724804
724804
724804
724804
724804
724804
724804
719520
719520
719520
719520
719520
719520
719520
719318
719318
719318
719318
719318
719318
719318
719318
719318
719318
719318
719318
719318
719318
713341
713341
713341
713341
713341
713341
713341
713341
713341
713341
713341
713341
713341
713341
713341
713341
713341
713341
713341
707195
707195
707195
707195
707195
707195
703571
703571
703571
703571
703571
703571
703571
703571
703571
703571
703571
703571
694233
694233
694233
694233
694233
694233
694233
694233
694233
691384
691384
691384
691384
691384
691384
691384
691384
691384
691384
691384
691384
691384
691384
691384
691384
691384
691384
691384
687827
687827
687827
687827
687827
687827
687827
687827
687827
687827
687827
687827
687827
687827
683777
683777
683777
683777
683777
683777
683777
683777
683777
683777
683777
673646
673646
672660
672660
672660
672660
672660
672660
672660
672660
672660
672660
672660
672660
672660
672660
672660
665673
665673
665673
665673
665673
665673
665673
665673
665673
665673
665673
665673
665673
665673
665673
665673
665673
665276
665276
665276
665276
665276
665276
665276
665276
665276
665276
665276
665276
665276
665276
665276
665276
665276
665276
656291
656291
656291
656291
656291
656291
656291
656291
656291
656291
656291
656291
656291
654066
654066
654066
654066
654066
654066
654066
654066
654066
654066
654066
654066
650360
650360
650360
650360
650360
650360
650360
644317
644317
644317
644317
644317
644317
644317
644317
644317
644317
644317
644317
644317
644317
644317
642870
642870
642870
642870
642870
641781
641781
641781
641781
641781
641781
641781
634787
634787
634787
634787
634787
634787
634787
634787
634787
634787
634787
634787
620231
620231
620231
620231
620231
620231
620231
620231
620231
620231
620231
620231
613735
613735
613735
613735
613735
613735
613735
613735
613735
613735
613735
613735
613735
613735
613735
613735
613735
613735
611784
611784
611784
611784
611784
611784
611784
611784
611784
611784
611784
611784
611784
605662
605662
605662
605662
605662
605662
605662
605662
605662
605662
605662
605662
605662
605662
605662
605662
605662
605662
603352
603352
603352
603352
584360
584360
584360
584360
584360
584360
584360
584164
584164
584164
584164
584164
583796
583796
583796
583796
583796
583796
583796
583796
583796
583796
583796
569492
569492
569492
569492
569492
569492
569492
569492
569492
569492
569492
569492
569492
569492
569492
569492
568460
568460
568460
568460
568460
568460
568460
568460
568460
568460
568460
568460
568460
568460
568460
568460
568460
563510
563510
537374
534713
534713
534713
534713
534713
534713
534713
534713
534713
534713
534713
534713
534713
534713
534713
534713
534713
534713
533921
533921
533921
533921
533921
533921
533921
533921
533921
533921
533921
533471
533471
533471
533471
533471
533471
533471
533471
533471
533471
533471
532629
532629
532629
532629
532629
532629
532629
532629
532629
532629
532629
532629
530657
530657
530657
530657
530657
530657
530657
530657
530657
530657
530657
530657
530657
530657
530657
530657
517804
517804
517804
517804
517804
517804
517804
517804
517804
517804
517804
517804
517804
517804
517804
517804
517804
516692
516692
516692
516692
516692
516692
516692
516692
516692
516692
516692
516692
516692
516692
516692
516692
516692
498900
498900
498900
498900
498900
498900
498900
498900
498900
498309
498309
498309
498309
496227
496227
496227
496227
496227
496227
496227
496227
496227
496227
496227
496227
496227
496227
496227
496227
487963
487963
487963
487963
487963
487963
487963
487963
487963
487963
487963
487963
487963
487963
487963
487963
487963
487963
486952
486952
486952
486952
486952
486952
486952
486952
486952
486952
486952
486952
486952
486952
485070
485070
485070
485070
485070
485070
485070
485070
485070
485070
485070
485070
485070
485070
460457
460457
460457
460457
460457
460457
460457
460457
460457
460457
460457
460457
460457
460457
460457
460457
460457
460457
459243
459243
459243
459243
459243
459243
459243
459243
459243
459243
459243
459243
459243
459243
459243
459243
459243
459243
459243
455528
455528
455528
454568
454568
454568
454568
454568
454568
454568
454568
454568
454167
454167
454167
454167
454167
454167
454167
454167
454167
454167
454167
443103
443103
443103
442958
442958
442958
442958
442958
442958
442958
442958
442958
442958
442958
442958
436707
436707
436707
436707
436029
436029
436029
436029
436029
436029
436029
436029
436029
436029
430375
422629
421065
421065
421065
421065
421065
421065
421065
421065
421065
421065
421065
421065
421065
421065
421065
421065
418674
418674
418674
418674
418674
418674
418674
418674
418674
418674
418674
418674
418674
418674
418674
407179
407179
407179
407179
407179
407179
397113
389973
389973
389973
389973
389973
389973
389973
389973
389973
389973
389973
389973
389973
389973
386506
386506
386506
386506
386506
386506
386506
386506
386506
385799
385799
385799
385799
385799
385799
385799
385799
385799
385799
385799
385799
385799
384937
384937
384937
381556
381556
381556
381556
381556
381556
381556
381556
381556
381556
381556
381556
381556
381556
381556
381556
357325
357325
357325
357325
357325
357325
357325
357325
357325
357325
357325
357325
357325
357325
357325
351362
351362
351362
351362
351362
351362
351362
351362
351362
351362
351362
351362
347510
347510
347510
347510
347510
347510
347510
347510
347510
347510
347510
347510
347510
347510
347510
347510
347510
340011
340011
337569
337569
337569
337569
337569
337569
337569
337569
337569
337569
337569
337569
337569
337569
337569
337569
337569
337569
337569
337569
336771
336771
336771
336771
336771
336771
336771
336771
336771
336771
336771
336771
336771
336771
336771
336771
336771
336771
336771
336771
328073
328073
328073
328073
328073
328073
328073
328073
328073
328073
328073
328073
328073
328073
328073
328073
328073
328073
328073
328073
291369
291369
291369
291369
291369
291369
291369
291369
291369
291369
290409
290409
290409
290409
290409
290409
290409
290409
290409
290409
290409
290409
290409
290409
290409
271380
271380
271380
271380
271380
271380
271380
271380
271380
259564
259564
259564
259564
259564
259564
259564
259564
251850
251850
251850
245694
245694
245694
245694
245694
245694
245694
245694
245694
245694
245694
245694
245694
245694
245694
241583
241583
241583
241583
241583
241583
241583
241583
241583
241583
239413
239413
239413
239413
239413
237496
237496
237496
237496
237496
237496
237496
221812
221812
221812
210919
210919
210919
210919
210919
210919
210919
210919
210919
210919
209335
209335
209335
209335
209335
209335
209335
209335
209335
206029
