2553
1500000
999029
999029
988437
988437
988437
988437
988437
987755
987755
987755
987755
987384
987384
987384
987384
987384
987384
987384
987384
987384
987384
987384
987384
987384
987384
987384
987384
987384
987384
987384
986810
986810
986810
986810
986810
986810
986810
986810
986810
986810
986810
986810
986810
986810
986810
981121
981121
981121
981121
981121
981121
981121
981121
981121
981121
978994
978994
978994
978994
978679
978679
978679
978679
978679
978679
978679
978679
978679
978679
978679
978679
978679
978679
978679
978679
978679
978644
977133
977133
977133
977133
977133
973164
973164
973164
973164
973164
973164
973164
973164
973164
973164
973164
973164
973164
973164
973164
973164
973164
971901
969559
969559
969559
969559
969559
969559
969559
969559
969559
969559
969559
969559
969559
969559
969559
969559
969559
968565
968565
968565
968565
968565
968565
968565
968565
968565
968565
968565
968565
968565
956056
956056
956056
956056
956056
956056
956056
956056
956056
956056
956056
956056
956056
956056
956056
956056
956056
956056
956056
953756
953756
953756
953756
953756
953756
953756
953756
953756
952501
952501
949691
949691
949691
949691
949691
949691
949691
948574
948574
948574
948574
948574
948574
948574
948574
948574
948574
948574
948574
948574
948574
948574
948574
948574
948574
937973
937973
937973
937973
937973
937973
937973
937973
937973
937973
937887
937887
937887
937887
937887
937887
937887
936399
936399
936399
936399
936399
936399
936399
936399
935148
935148
935148
935148
935148
935148
935148
935148
935148
935148
935148
935148
935148
935148
924062
924062
924062
924062
924062
924062
921597
921597
921597
916512
916512
916512
916512
915357
915357
915357
915357
915357
915357
915357
915357
915357
915357
911192
911192
911192
911192
911192
911192
910088
910088
910088
910088
910088
910088
910088
910088
910088
910088
910088
910088
910088
910088
910088
904923
904923
903156
903156
903156
903156
903156
903156
903156
903156
903156
901416
901416
901416
901416
901416
901416
901416
901416
901416
901416
901416
901416
899150
899150
899150
899150
899150
899150
899150
899150
899150
899150
899150
899150
899150
899150
896379
896379
896379
896379
896379
896379
896379
896379
896379
896379
896379
896379
896379
893372
893372
893372
893372
893372
893372
893372
893372
893372
893372
893372
893372
893372
893372
893372
886892
886892
886892
886892
886892
886892
886892
886892
882094
882094
882094
882094
882094
882094
882094
882094
882094
882094
882094
882094
882094
882094
882094
882094
882094
882094
882094
882094
881102
881102
881102
881102
881102
881102
881102
881102
881102
881102
881102
881102
881102
874412
874412
874412
874412
874412
874412
874412
874059
874059
874059
874059
874059
874059
874059
874059
874059
874059
874059
874059
874059
874059
874059
874059
874059
874059
872826
872826
872826
872826
872826
872826
872826
872826
872826
872826
872826
872826
872826
872826
872826
872826
872826
872826
872826
872826
868833
868833
868833
868833
868833
868833
868833
868833
868833
864610
864610
864610
864610
864610
864610
864610
864610
863645
863645
863645
863645
863645
863645
863645
863645
863645
863645
863645
863645
863645
863645
863645
863645
863645
863645
863645
859002
859002
859002
859002
859002
859002
859002
859002
859002
859002
859002
859002
859002
859002
859002
859002
859002
856961
854041
854041
854041
854041
854041
854041
854041
854041
854041
854041
854041
854041
854041
854041
854041
854041
854041
854041
851385
851385
851385
851385
851385
851385
847465
847465
847465
847465
847465
847465
847465
847465
847465
847465
847465
847465
847465
847465
847465
847465
843043
843043
843043
843043
843043
843043
843043
843043
843043
843043
843043
843043
843043
843043
843043
843043
843043
843043
843043
843043
842396
842396
842396
842396
842396
842396
842396
842396
842396
842396
842396
842396
842396
842396
842396
842396
842396
842396
842396
842396
841635
841635
841635
841635
841635
841635
841635
841635
841635
841635
841635
841635
841635
841635
839492
839492
839492
839492
839492
839492
839492
839492
839492
839492
839492
839492
839492
839492
839492
837556
837556
837556
837556
837556
837556
837556
837556
837556
837556
837556
837556
834845
834845
832342
832342
832342
832342
832342
832342
831698
831698
831698
831698
831698
831698
831698
831698
831698
831698
831698
831698
831698
831698
827500
827500
827500
827500
827500
827500
827500
827500
827500
827500
827402
827402
827402
827402
824567
824567
824567
824567
824567
824567
824567
824567
824567
817012
817012
817012
817012
811960
811960
811960
811960
811960
811960
811960
811960
811960
811960
811732
811732
811732
811732
811732
811732
811732
811732
811732
811732
811732
811732
811732
809177
809177
809177
809177
809177
809177
809177
809177
809177
809177
809177
809177
809177
809177
809177
809177
803946
803946
803946
803946
803946
803946
803946
803946
803946
803946
803946
803946
803946
803946
803946
803946
803946
799028
799028
799028
799028
799028
799028
799028
799028
799028
799028
799028
797921
797921
797921
797921
797921
797921
796742
796742
796742
796742
796742
796742
793802
793802
793802
793802
793802
793802
793802
793802
793802
793802
793802
793802
793802
793802
793802
793782
793782
793782
793782
793782
793782
793782
793782
793782
786973
786973
786973
786973
786973
786973
786973
786973
786973
786973
786973
786973
786973
786973
786973
786973
786973
786973
786973
786973
786759
786759
786759
786759
786759
786759
786759
786759
786759
786759
786759
786759
786759
786759
786759
786759
786759
786170
786170
786170
786170
783920
783920
783920
783920
783920
783920
783920
783920
781942
781942
781942
781942
781942
781942
781942
781942
777970
777970
777970
777970
777970
777970
777970
777970
777970
777970
777970
777970
777970
777970
776937
776937
776937
776937
776937
776937
776937
773730
773730
773730
773730
773730
773730
773730
773730
773730
773730
773730
773730
772996
772996
772996
772996
768923
768923
768923
768923
768923
768923
768923
768923
768923
768923
768923
768923
768923
768513
768513
768513
768513
768513
768513
768513
768513
764422
764422
764422
764422
759961
759961
759961
759961
759961
759961
759961
759961
759961
759961
759961
759961
756615
756615
756615
756615
756615
756615
756615
756615
756615
756615
756615
756615
751889
751889
745911
743588
743588
743588
743588
743588
743588
743588
743588
743588
743588
743588
743588
743588
743588
743588
743588
743588
741572
741572
736513
736513
736513
736513
736513
736513
736513
736513
736513
736513
736513
736513
736513
736513
731773
731773
731773
731773
731773
731773
731773
731773
731773
731773
731773
731773
727126
727126
727126
727126
727126
727126
727126
727126
727126
722565
722565
722565
722565
722565
722565
722565
722565
722565
722565
722565
720673
720673
720673
720673
720673
720673
719580
719580
715558
715558
715511
715511
715511
715511
715511
715511
715511
715511
715511
715511
715511
715511
715511
715511
715511
715511
715511
715056
715056
715056
715056
715056
715056
715056
715056
715056
715056
711853
711853
711853
711853
711853
711853
711853
711853
711853
711853
711853
711853
711853
711853
711853
711853
711853
711853
711853
708301
708301
708301
708301
708301
708301
708301
708301
708301
708301
708301
708301
707836
707836
707836
707836
707836
707836
707836
707836
707836
707836
707836
707836
707836
707836
707836
706372
706372
706372
706372
706372
706372
706372
706372
706372
706372
706372
706372
706372
706372
706372
706372
706372
706372
705616
705616
705616
705616
705616
705616
705616
705616
705616
705616
705616
705616
705616
705616
705616
701271
701271
701271
701271
701271
693903
693903
693903
693903
693903
693903
693903
693903
693903
693903
693903
692005
692005
692005
692005
692005
692005
692005
692005
692005
692005
692005
692005
692005
692005
692005
692005
688316
688316
677736
677736
674396
674396
674396
674396
674205
674205
674205
674205
670776
670776
670776
670776
670776
670776
670776
670776
670776
670776
670776
668898
668898
668898
668898
668898
668898
668898
668898
668898
668898
668898
668898
668898
668898
668898
665399
665399
664854
664854
664854
664381
664381
664381
664381
661257
661257
661257
661045
661045
661045
661045
661045
661045
661045
661045
661045
661045
661045
659280
659280
659280
654350
654350
654241
654241
654241
654241
654241
654241
654241
654241
654241
654241
654241
654241
654241
637841
637841
637841
637841
637841
637841
637841
637841
637841
637841
637305
637305
637305
637305
637305
628365
628365
628365
628365
628365
628365
628365
628365
628365
628365
628365
628365
628365
627383
627090
627090
627090
627090
626413
626413
626413
626413
626413
626413
626413
626413
626413
622660
622660
622660
622660
622660
622660
622660
622660
622660
622660
622660
622660
621684
621684
621684
621684
621684
621684
621684
621684
621684
621684
621684
620056
620056
619838
619838
619838
619838
619838
619838
619838
619838
619838
619838
619838
619838
619838
619838
619838
619838
619838
619838
619320
619320
619320
619320
619320
617115
617115
617115
617115
613140
613140
613140
613140
613140
613140
612090
612090
612090
612090
612090
612090
612090
612090
612090
612090
612090
612090
612090
612090
612090
612090
612090
612090
605304
605304
605304
605304
605304
605304
605304
605304
605304
605304
605304
605304
605304
605304
605304
605304
605304
605134
605134
605134
602370
602370
602370
602370
602370
602370
602370
602370
602370
602370
602370
602370
602370
602370
602370
602370
602370
602370
602370
602370
602138
602138
602138
602138
602138
602138
602138
602138
602138
602138
602138
598608
598608
598608
598608
598608
598608
598608
598608
598608
598608
598608
598608
598608
596309
596309
596309
596309
596309
596309
596309
596309
593477
593477
593477
593477
593477
593477
593477
593477
593477
593477
593477
593477
593477
593477
593477
589781
589781
589781
589781
589781
588568
588568
588568
588568
588568
588568
588568
588568
588568
588568
588568
588568
588568
588568
588568
588568
588568
588568
588568
580047
580047
580047
580047
580047
580047
580047
580047
580047
580047
580047
580047
580047
580047
580047
580047
580047
580047
580047
576792
576792
576792
575839
575839
575839
575839
575839
575839
575839
575839
575839
575839
575839
575839
575839
571969
571969
571969
571969
571969
571969
571969
571969
571969
571969
571969
571969
571969
571969
571969
567869
567869
567273
567273
567273
567273
567273
567273
567273
567273
567273
567273
567273
566827
566827
566827
566827
566827
566827
566827
566827
566827
566827
566827
566827
566827
566827
566827
566827
566827
561903
561903
561903
561903
561903
561111
561111
561111
561111
561111
560196
560196
560196
560196
560196
560196
560196
560196
560196
560196
560196
560196
560196
560196
560196
560196
555941
555941
555941
555941
555941
555941
555941
555941
555941
555941
555941
555941
555941
555941
555941
555941
555941
555941
555941
555918
555918
555918
555918
555918
555918
555918
555918
555918
555918
551064
551064
551064
551064
551064
551064
551064
551064
551064
551064
551064
551064
551064
551064
551064
551064
551064
551064
551064
551064
536123
536123
536123
536123
536123
536123
536123
536123
536123
536123
536123
536123
536123
536123
536123
535556
535556
535556
535556
535495
535495
535495
535495
535495
535495
535495
529667
529667
529667
529667
529667
529667
529667
529667
529667
529667
529667
529667
520286
520286
520286
520286
520286
520286
520286
520286
520286
516932
516932
516932
516932
516932
516932
516932
516932
516932
516932
516932
516932
516932
516932
516932
516932
516932
516932
516777
516777
516777
516777
516777
516777
516777
516777
516777
516777
516456
516456
516456
516456
516456
516456
516456
516456
516456
516456
516456
516456
516456
516456
516456
516456
516456
516456
516456
513142
513142
513142
509593
509593
509593
509593
509593
509593
509593
509593
509593
509593
509593
509593
509593
509593
509593
509593
509593
502197
500629
500629
500629
500629
500629
500629
500629
500629
500629
497396
497396
497396
497396
497396
497396
497396
497396
497396
497396
497396
497396
497396
497396
497396
497396
497396
497396
497396
494393
490620
490620
490620
488256
488256
488256
488256
487580
487580
487580
487580
487580
487580
487580
487580
487580
487580
487580
487580
487580
487580
487580
487580
487580
487580
474638
474638
474638
474638
474638
474638
474638
474353
474353
474353
474353
474353
474353
474353
474353
474353
474353
474353
474353
474353
474353
474353
474353
474353
474353
474353
471510
471510
471510
471510
471510
471510
471510
471510
471510
471510
471510
471510
460347
460347
460347
460347
460347
459256
459256
459256
459256
459256
457863
457863
457863
457863
457863
457863
457863
457863
457863
457863
457863
457863
457863
457863
453080
453080
453080
453080
453080
453080
453080
448577
448577
448577
448577
448577
448577
448577
448577
448577
448577
443687
443687
443687
443687
443687
443687
443687
443687
443687
443687
443687
443687
443687
443687
443687
441631
441631
441631
441631
441631
441631
441631
441631
441631
441631
441631
441631
441631
441631
441631
441631
441631
441631
441631
441631
421499
421113
421113
419730
419730
419730
419730
419730
419730
419730
419730
414193
414193
414193
414193
414193
414193
414193
414193
414193
414193
414193
414193
414193
414193
414193
414193
414193
414193
414193
414193
411972
411972
411972
411972
411972
411972
411972
411972
411972
411972
411972
411972
411972
411972
411972
410243
410243
410243
410243
410243
410243
410243
410243
410243
410243
410243
407582
407582
407582
407582
407582
407582
407582
407582
407582
407582
407582
407582
393061
393061
393061
393061
393061
393061
393061
393061
393061
393061
393061
393061
391079
391079
391079
391079
391079
391079
391079
391079
391079
391079
391079
391079
391079
391079
391079
391079
383648
383648
383648
383648
383648
383648
383648
383648
383648
383648
383648
383648
383293
383293
383293
383293
383293
383293
383293
383293
383293
383271
383271
383271
383271
383271
383271
383271
383271
383271
383271
383271
383271
383271
383271
383271
383271
383271
383271
378714
370953
370953
370953
370953
369587
369587
369587
369587
369587
369587
369587
369587
369587
369587
369587
369587
369587
369587
369587
367951
366227
366227
366227
365942
365942
365942
365942
365942
365942
365942
365942
365942
365942
365942
365942
365942
365942
365942
365942
365942
365942
365942
365942
365157
365157
365157
365157
365157
365157
365157
365157
365157
365157
365157
365157
365157
365157
365157
365157
365157
365157
365157
365157
364001
364001
364001
364001
364001
364001
364001
364001
364001
364001
364001
364001
364001
364001
364001
364001
357799
357799
357799
357799
357799
354938
354938
354938
354938
352148
352148
352148
352148
352148
352148
352148
352148
352148
352148
352148
352148
352148
352148
352148
352148
352148
352148
352148
352148
344413
344413
344312
344312
344312
344312
344312
344312
344312
344312
344312
344312
344312
344312
344312
344312
344312
344312
344312
344312
342944
342944
342944
342944
342944
340925
340925
339458
339458
339458
339458
339458
339458
339458
339458
339458
337368
337368
337368
337368
337368
337368
337368
337368
337368
337368
337368
337368
337368
337368
337368
337368
337368
337287
337287
337287
337287
337287
337287
337287
337287
337287
337287
337287
337287
337287
337287
337287
337287
337287
337287
337287
337287
335176
335176
335176
335176
335176
335176
335176
331563
331563
331563
331563
331563
331563
331563
331563
331563
329780
329780
329780
329780
329780
329780
329780
329780
329780
329780
322767
322767
322767
322767
322767
322767
322767
322767
322767
322767
322767
322767
322767
322767
322767
321739
321739
321739
321739
321739
312986
312986
312986
312986
312986
312986
312986
312986
312986
312986
312986
312986
312986
312986
312986
312986
312986
310134
309119
309119
309119
309119
309119
309119
309119
309119
309119
309119
309119
309119
309119
295501
295501
295501
295501
295501
295501
295501
295501
295501
295501
292952
292952
292952
292952
292952
292952
292952
292952
292952
292952
292952
292952
292952
292952
292952
292952
292952
292952
291621
291621
291621
291621
291621
291621
291621
291621
291621
291621
291621
291621
291569
291569
291569
291569
291569
291569
291569
290683
290683
290683
290683
290683
290683
290683
290683
290683
290683
290683
290683
290683
290683
290683
290683
290683
290683
290683
289759
289759
289759
289759
289759
289759
289759
289759
289759
289759
289759
289759
289759
289759
289759
289759
289759
289759
288781
288781
288781
288781
288781
284328
284328
284328
284328
284328
273634
273634
273634
273634
273634
273634
273634
273634
273634
273358
273358
273358
273358
273358
273358
273358
273358
273358
273358
273358
273358
273358
273358
273358
265738
265738
265738
265738
265738
265738
265738
265738
265738
265738
265738
265738
265738
265738
265738
265738
265738
263883
263883
263883
263883
263883
263883
263883
260878
260878
260878
260878
260878
260878
260878
260878
260878
260878
260878
258940
258940
258940
258940
258940
258940
258940
258940
258940
258940
258940
258940
258940
258102
258102
258102
258102
254068
254068
254068
254068
254068
254068
254068
254068
254068
243252
242470
242470
242470
242470
242470
242470
242470
242470
242470
242470
242470
242470
242470
235148
234196
234196
234196
234196
234196
232325
232325
232325
231317
231317
231317
231317
231317
231317
231317
231317
231317
228247
228247
228247
228247
228247
228247
228247
228247
228247
228247
228247
228247
228247
228247
228247
228247
228247
226569
226569
226569
226569
226569
226569
226569
226569
226569
226569
226569
222015
222015
222015
222015
222015
222015
222015
222015
220023
220023
220023
220023
215352
215352
215352
215352
215352
215352
215352
215352
215352
215352
215352
215352
215352
215352
215352
215352
215352
215352
213186
213186
213186
213186
213186
213186
213186
213186
213186
213186
213186
202695
202695
202695
202695
202695
202695
202695
202055
202055
202055
202055
202055
202055
202055
202055
202055
202055
202055
202055
202055
202055
202055
202055
202055
202055
202055
202055
