1231
1500000
996363
996363
996363
996363
995394
995394
995394
995394
995394
995394
995394
995394
995394
995394
995394
995394
995394
995394
982449
982449
982449
982449
982449
982449
982449
982449
982449
982449
982449
977765
977765
977765
977765
977765
977765
977765
977765
977765
977765
977765
977765
977765
977765
977765
977765
977765
977765
977765
977765
967390
967390
967390
967390
967390
962391
962391
962391
954426
954426
954426
954426
954426
954426
942309
942309
925814
925814
925814
921405
921405
921405
921405
921405
921405
921405
921405
921405
921405
921405
921405
921405
921405
921405
897317
897317
897317
892163
892163
892163
892163
887179
887179
887179
887179
887179
887179
887179
887179
887179
887179
887179
887179
887179
887179
887179
887179
887179
887179
887179
887179
885918
885918
885918
885918
885918
885918
885918
885918
885918
885918
885918
885918
885918
885341
885341
885341
885341
885341
885341
884416
884416
884416
884416
884416
884416
884416
884416
884416
884416
884416
884416
884416
884416
884416
884416
884416
884416
884416
883611
883611
883611
883611
883611
883611
883611
883611
883611
883611
883611
883611
883611
883611
883611
883611
883611
883611
883611
881039
881039
881039
881039
881039
881039
881039
881039
881039
881039
881039
881039
881039
879454
879454
879454
879454
879454
879454
879454
879454
879454
879454
879454
879454
879454
879454
879454
879454
879454
879454
869640
869640
869640
869640
869640
869640
867384
867384
867384
867384
867384
867384
867384
867384
867384
867384
867384
867384
867384
867384
867384
867384
867384
850126
850126
845282
845282
845282
845282
845282
845282
845282
845282
845282
845282
845282
845282
845282
845282
845282
844996
843676
842699
842699
842699
842699
842699
842699
842699
842699
842699
842699
842699
837640
837640
837640
837640
837640
837640
837640
837640
836155
836155
836155
836155
836155
836155
836155
836155
836155
836155
836155
836155
836155
836155
836155
836155
836155
836155
836155
836155
824085
824085
824085
824085
824085
824085
824085
824085
824085
824085
824085
824085
824085
824085
824085
824085
824085
824085
824085
821578
796096
796096
796096
796096
796096
796096
796096
796096
796096
796096
795742
793290
793290
793290
788260
787662
787662
787662
787662
787662
787662
787662
787662
787662
787662
787662
787662
787662
787662
787662
784832
784832
784832
784832
784832
784832
784832
784832
784832
784832
784832
784832
784832
784832
784832
781778
781778
781778
781778
781778
781778
781778
781778
781778
781778
779602
779602
779602
779602
779602
779602
779602
779602
779602
776196
776196
776196
776196
776196
776196
776196
776196
769335
769335
769335
769335
769335
769335
769335
769335
769335
754063
754063
754063
754063
754063
754063
754063
754063
754063
754063
754063
721585
721585
721585
715262
715262
715262
715262
715262
715262
715262
715262
715262
715262
714316
714316
714316
714316
710561
710561
710561
710561
710561
710561
710561
695041
695041
695041
695041
695041
695041
695041
695041
695041
695041
695041
695041
695041
695041
695041
695041
695041
695041
695041
692595
692595
692595
692595
692595
692595
692595
692595
688541
688541
688541
688541
688541
688541
688541
688541
688541
688541
688541
688541
688541
688541
688541
688541
682998
682998
682998
682998
680078
680078
680078
680078
680078
680078
680078
680078
680078
680078
680078
680078
680078
678916
678916
678916
678916
678916
678916
678916
678916
677860
677860
677860
677860
670919
670919
670919
670919
670919
670919
670919
670919
670919
670919
670919
670919
656400
656400
656400
656400
656400
656400
656400
656400
656400
655953
655953
655953
655953
655953
655953
655953
655953
655953
655953
655953
655953
655953
655953
649849
649849
649849
649849
649849
649849
649849
649849
649849
649849
649849
649849
649849
649849
649176
649176
649176
647307
647307
647307
647307
647307
647307
647307
642310
642310
642310
642310
642310
642310
642310
642310
642310
642310
642310
642310
634441
634441
616765
616765
616765
616765
616765
616765
616765
601150
601150
601150
601150
601150
601150
601150
601150
601150
601150
601150
601150
601150
601150
601150
601150
601150
601150
585207
585207
585207
585207
585207
585207
585207
585207
585207
585207
585207
585207
585207
585207
585207
585032
585032
580151
580151
580151
580151
580151
580151
580151
580151
580151
580151
580151
580151
580151
580151
580151
580151
580151
580151
579959
579959
579959
579959
579959
579959
579959
579959
579959
579959
579959
579959
579959
579959
578196
578196
578196
578196
578196
578196
578196
578196
569722
569722
569722
569722
569722
569722
569722
569722
569722
569722
569722
569722
568179
568179
568179
568179
567897
567897
567897
567897
567897
567897
567897
567897
567897
567897
567897
567494
567494
567494
560066
560066
560066
560066
560066
542712
542712
542712
542712
542712
542712
542712
542712
542712
542712
542712
537928
537928
537928
537928
537928
535238
535238
535238
535238
535238
535238
535238
535238
535238
535238
535238
535238
535238
535238
535238
535238
535238
535238
535238
535238
527247
527247
527247
527247
527247
527247
524416
500856
500856
497285
491601
491601
491601
491601
490371
490371
490371
490371
490371
490371
490371
490371
490371
490371
490371
482418
482418
482418
482418
482418
482418
482418
482418
482418
482418
482418
482418
482418
482418
482418
482418
479187
479187
479187
479187
479187
479187
479187
479187
479187
479187
479187
479187
479187
448208
448208
448208
448208
440920
440920
440920
440920
440920
440920
440920
440920
440920
437730
437730
437730
437730
437730
437730
434202
434202
434202
434202
434202
434202
434202
434202
434202
434202
427515
427515
427515
427515
427515
427515
427515
427515
427515
427515
427515
427515
420886
420886
420886
420886
420886
420886
420886
420886
420886
420886
420886
420886
420886
420886
420886
420886
408812
408812
394810
394810
394810
394810
394810
394810
394810
394810
394810
394810
394810
394810
392044
392044
392044
392044
392044
392044
392044
392044
392044
392044
392044
392044
392044
392044
392044
392044
378409
378409
378409
378409
378409
378409
378409
378409
369212
369212
369212
369212
369212
369212
369212
369212
369212
369212
369212
369212
354177
354177
354177
354177
354177
354177
354177
354177
354177
354177
354177
351846
351846
351846
351846
351846
351846
351846
351846
351846
351846
351846
351846
351846
351846
351846
351846
351846
351846
351846
351846
347763
347763
347763
347763
347763
347763
347763
347763
347763
347763
347763
347763
347763
347763
347763
345734
345734
345734
345734
345734
345734
345734
345734
345734
345734
345734
345734
345734
345734
345734
345734
345734
345734
343703
343703
343703
343703
343703
343703
343703
343703
343703
343703
343703
343703
343703
343703
343703
343703
343703
343703
343703
343703
340451
340451
333762
333762
333762
333762
333762
333762
333569
333569
333569
333569
333569
333569
333569
333569
333569
327561
327229
327229
327229
327229
324026
324026
324026
324026
324026
324026
324026
324026
324026
324026
324026
322994
322994
322994
322994
322994
322994
321069
321069
321069
321069
321069
321069
321069
321069
321069
321069
321069
321069
321069
321069
321069
321069
321069
321069
321069
321069
314913
314913
314913
314913
314913
314913
314913
314913
314913
314913
314913
311940
311940
311940
310203
310203
310203
310203
310203
310203
310203
310203
310203
308716
308716
308716
308716
308716
308716
308716
308716
308716
308716
308716
308716
308716
308716
308716
308716
308716
295100
295100
295100
295100
295100
295100
295100
295100
295100
295100
295100
295100
295100
295100
295100
295100
295100
295100
283690
283690
283690
283690
283690
283690
275544
275544
275544
263079
263079
263079
263079
263079
263079
263079
263079
263079
263079
261316
261316
261316
261316
261316
261316
261316
238845
238845
238845
238845
238845
238845
238845
238845
238845
238845
238845
238845
238845
238845
238845
238845
238845
238845
238845
238845
233085
233085
233085
233085
233085
233085
233085
233085
233085
233085
227562
227562
227562
227562
227562
227562
227562
227562
227562
227562
227562
227562
227562
227562
227562
227562
227562
227562
227562
227562
225968
225968
225968
225968
225968
225968
225968
225968
225968
213004
213004
213004
213004
213004
213004
213004
213004
213004
213004
213004
213004
213004
213004
213004
213004
213004
213004
213004
212032
212032
212032
212032
212032
212032
212032
212032
212032
212032
212032
212032
212032
212032
212032
209442
209442
209442
209442
209442
209442
209442
209442
209442
209442
209442
209442
209442
209442
209442
209442
209442
209442
209442
209442
209290
209290
209290
209290
209290
209290
209290
209290
209290
209290
209290
209290
209290
209290
207085
207085
207085
