2673
1500000
999289
999289
999289
999289
999289
999289
999289
999289
999289
998444
998444
998444
998444
998444
998444
998444
998444
998444
998444
997349
995184
995184
995184
995184
995184
995184
995184
995184
995184
995184
995184
995184
992795
992795
992795
992795
992795
992795
992795
992795
992795
992795
992795
992795
992795
992795
992795
992795
983394
983394
983394
983394
983394
983394
983394
983394
983394
983394
983394
983394
976197
976197
976197
976197
976197
976197
976197
976197
976197
975875
975875
975875
975875
975875
975875
975875
975875
975875
975875
975875
975875
975875
975875
975875
975875
975875
975875
975875
975875
971427
971427
971427
971427
971427
971427
971427
971427
971427
971427
971427
971427
971427
971427
971427
971427
971427
971427
971427
971427
967193
967193
967193
967193
967193
967193
967193
967193
967193
967193
967193
967193
967193
967193
967193
967193
964275
964275
964275
964275
964275
964275
964275
964275
964275
964275
964275
964275
964275
964275
964275
964275
964275
964275
964275
964275
960048
960048
960048
960048
960048
960048
960048
960048
960048
960048
960048
956060
956060
956060
956060
956060
956060
939744
939744
939744
939744
939744
939744
939744
939744
939744
939744
939744
935302
935302
928667
928667
928667
928667
928667
928667
928667
928667
928667
928667
928667
928667
928667
928667
928667
928667
928667
928667
928667
926857
926857
926857
926857
926857
926857
926857
926857
926857
926857
926857
926857
926857
926857
926857
926857
926857
926857
926857
926857
925960
925960
925960
925960
925960
925960
925960
925960
925960
925960
925960
925960
925960
925960
925960
925960
925960
925960
924117
924117
924117
924117
924117
924117
924117
924117
924117
924117
924117
924117
924117
924117
922521
922521
922521
922521
922521
922521
922521
922521
922521
916404
916404
916404
916404
916404
916404
916404
916404
916404
916404
916404
916404
916404
916404
913916
913916
913916
913916
913916
913916
913916
913916
913916
913916
913916
913916
913916
913916
913916
908950
908950
908950
908950
908950
908950
908950
908950
908950
908950
908950
908950
908950
908950
908950
908950
906063
906063
906063
906063
906063
906063
906063
906063
906063
906063
906063
906063
906063
906063
906063
906063
906063
906063
906063
906063
905941
905941
905941
905941
905941
905941
905941
905941
905941
905941
905941
905941
905941
897026
897026
897026
897026
897026
897026
897026
897026
897026
897026
897026
897026
897026
897026
897026
897026
895012
895012
895012
895012
895012
895012
895012
895012
895012
895012
895012
895012
895012
895012
895012
895012
893723
893723
893723
892621
892621
892621
892621
892621
892621
892252
892252
892252
892252
892252
892252
892252
892252
892252
892252
892252
892252
892252
892252
892252
892252
892252
892252
892252
892252
887406
887406
887406
887406
887406
887406
887406
887406
887406
887406
887406
887406
887236
887236
887236
887236
887236
887236
887236
887236
887236
887236
887236
887236
883239
883239
883239
883239
883239
883239
883239
883239
883239
883239
883239
883239
883239
883239
883239
883239
883239
883239
880248
880248
880248
880248
880248
880248
880248
880248
880248
880248
880248
880248
880248
880248
880248
880248
880248
880004
880004
879515
879515
875520
875520
875520
875520
875520
875520
875520
875520
872974
872974
872974
872974
872974
872974
872974
872974
872974
871576
871576
871576
871576
871576
871576
871576
871576
871576
871576
871576
871576
871576
869799
869799
869799
869799
869799
867706
867706
867706
867706
867706
867706
867706
860514
860514
860514
860514
859610
859610
859610
855386
855386
855386
855386
855386
855386
855386
855386
855386
855386
855386
855386
855386
855386
855386
855386
855386
855386
855386
851264
851264
851264
851264
851264
851264
851264
851264
851264
851264
851264
851264
850170
850170
850170
850170
850170
850170
850170
850170
847835
847835
847835
847835
847835
847835
847635
847635
847635
847635
847635
847635
847635
847635
847635
847635
847635
847635
847635
847635
847635
847635
847635
847635
847635
847471
847471
847471
847471
847471
847471
837676
837676
836546
834643
834643
834643
834643
834643
834643
834643
834643
834643
834643
834643
834643
834643
833949
833949
831461
831461
831461
831461
831461
831461
831461
831461
829880
829880
829880
829880
829880
829880
829880
829880
829880
829880
829880
829880
829880
829880
829880
829880
829880
829880
829880
829880
828588
828588
828588
828588
828588
828588
828588
828588
828588
828588
828588
828588
828588
828588
828588
828588
828588
828214
828214
828214
828214
828214
828214
828214
828214
828214
828214
828214
824265
824265
824265
824265
824265
824265
824265
824265
824265
824265
824265
824265
824265
822682
822682
822682
822682
822682
822682
817221
817221
817221
817221
817221
817221
817221
813192
813192
813192
813192
813192
813192
813192
813192
813192
813192
812010
812010
812010
812010
812010
812010
812010
812010
810121
810121
810121
810121
810121
810121
810121
810121
810121
810121
810121
810121
810121
810121
810121
810121
810121
810121
796333
796333
796333
796333
796333
794846
794846
794846
794846
794846
794846
794846
794306
794306
794306
794306
794306
794306
794306
794306
794306
794306
794306
794306
794306
794306
794306
794306
794306
791132
791132
791132
791132
791132
791132
791132
791132
791132
791132
791132
791132
791132
791132
791132
791132
791132
791132
791132
790116
790116
790116
790116
790116
790116
790116
790116
790116
790116
790116
790116
790116
790116
790116
790116
790116
790116
790116
789465
789465
789465
789465
789465
789465
789465
788142
788142
788142
788142
788142
788142
788118
788118
788118
788118
788118
788118
788118
788118
788118
788118
788118
784808
784808
784808
784808
784808
784808
784808
780848
780848
780848
780848
780848
780848
780848
780848
780848
780848
780848
780848
780848
780848
780848
780848
780848
779260
779260
779260
779260
779260
779260
779260
779260
774034
774034
774034
774034
774034
774034
774034
774034
774034
774034
774034
774034
774034
774034
774034
774034
772988
772988
772988
772988
772988
772988
772181
772181
772181
772181
770362
770362
770362
770362
770362
770362
767886
767886
767886
767886
767886
767886
767886
767886
767886
767886
767886
767886
767886
767886
767886
767886
765457
765457
765457
765457
765457
760928
760928
760928
760928
760928
760928
760928
760928
760928
760928
760928
758840
758840
758840
758840
758840
758840
758840
758840
758840
758840
758840
751522
751522
751522
751522
751522
751522
751522
751522
751522
751522
751522
751522
751522
751522
751522
751522
748722
748722
748722
748722
748722
748722
748722
748722
748722
748722
748722
748722
748722
748722
748722
748722
748722
748722
748722
748722
744916
744916
744916
744916
744916
744916
744916
744916
744916
744916
744916
744916
744916
744916
744916
744212
744212
744212
744212
744212
744212
744212
744212
744212
744212
744212
744212
744212
741340
741340
741340
741340
741340
741340
741340
741340
741340
741340
741340
741340
741340
741340
741340
732006
732006
728987
728987
728987
728987
728987
728987
728987
728987
728987
728477
728477
728477
728477
728477
728477
728477
728477
728477
728477
728477
728477
725220
719772
719772
719772
719772
719772
719772
719772
719772
719772
719772
719772
719772
719772
719772
719772
719772
714129
714129
714129
714129
714129
714129
714129
714129
714129
714129
714129
714129
714129
714129
714129
714129
714129
714129
714129
714129
709225
709225
709225
709225
709225
709225
709225
709225
709225
709225
709225
709225
709225
709225
709225
709225
709225
709225
708782
708782
708782
708782
708782
708782
708782
708782
708782
705830
705830
705830
705830
705830
705830
705830
705830
705830
705830
705830
705830
705830
705830
705830
705830
705830
704844
704844
704844
704844
704844
704844
704844
704844
704844
704844
704844
704844
704844
704844
704844
704844
704844
704392
704392
704392
704392
704392
704387
704387
704387
704387
704387
704387
704387
704387
704387
703229
703229
703229
703229
703229
703229
703229
703229
703229
703229
703229
703229
703229
703229
703229
703229
703229
697602
697602
697602
697602
697602
697602
697602
697602
697602
697602
697602
697602
697602
697602
697602
693691
693691
693691
689241
689241
689241
689241
689241
689241
689241
689241
689241
689241
689241
689241
689241
686389
686389
686389
686389
686389
686389
686389
686389
686389
686389
686389
686389
685902
685902
685902
685902
685902
685902
685902
685902
682732
682732
682732
682732
682732
682732
682732
682732
682732
682732
682732
673903
673903
673191
673191
673191
673191
673191
673191
668853
668853
668853
668853
668853
663342
663342
663342
661393
661393
661393
661393
661393
661393
661393
661393
661393
661393
661393
661393
661393
661393
661393
661393
661393
649134
641741
641741
641741
641741
641741
641741
641741
641741
641741
641741
641741
641741
641741
641741
641741
641741
641741
641741
637173
637173
637173
629997
629997
629997
629997
629997
629997
629997
629997
629997
623725
623725
623725
623725
623725
616395
616395
616395
616395
613500
613500
613020
613020
613020
613020
609662
609662
609662
609662
609662
609662
609662
609662
609662
609662
609662
609662
609662
609662
609662
609662
609662
609662
606790
606790
606790
606790
606790
606790
606790
606790
606790
606790
606790
606790
606790
606790
606790
605293
605293
605293
605293
605293
605293
605293
605293
605293
605293
605293
605293
605293
605293
605293
605293
605293
605293
605293
603856
603856
603856
603856
603856
603856
603856
603856
603856
603856
603856
603856
603856
603856
603856
603856
593586
593586
593586
593586
593586
593586
593586
593586
593586
593586
593586
593586
593586
593586
583788
583788
583788
583788
583788
583788
583788
583788
583788
583788
583788
583788
583788
583788
583788
583788
583788
583788
583788
577352
577352
577352
577352
575152
575152
575152
575152
575152
575152
575152
575152
575152
575152
575152
575152
575152
575152
575152
575152
575152
575152
575152
575152
574280
574280
574280
574280
574280
574280
574280
574280
574280
574280
574280
574280
574280
574280
574280
569791
569791
569791
569791
569791
569791
569791
569791
569791
565359
565359
565359
565359
565359
565359
565359
565359
563244
563244
563244
563244
563244
563244
563244
563244
563244
563244
563244
563244
563244
563244
560100
560100
560100
560100
560100
560100
560100
560100
560100
560100
560100
560100
560100
560100
560100
560100
560100
560100
560100
559129
559129
559129
559129
559129
559129
559129
559129
559129
559129
559129
559129
559129
557185
557185
557185
557185
557185
557185
557185
557185
557185
557185
557185
557185
557185
554892
554892
554892
554892
554892
554892
554892
554892
554892
554892
554892
554892
554892
554892
551152
551152
551152
551152
551152
551152
551152
551152
551152
551152
551152
551152
550216
550216
550216
550216
550216
550216
548117
548117
548117
548117
548117
548117
548117
548117
540594
540594
540594
540594
540594
540594
540594
540594
540594
540594
540594
540594
540594
540594
540594
540594
540594
540594
540594
540594
537043
537043
537043
532215
532215
532215
532215
532215
532215
532215
532215
532215
532215
532215
532215
532215
532215
532215
532215
532215
532215
532215
532215
528136
528136
528136
528136
527755
527755
527755
527755
527755
527755
527755
527755
527755
527755
527755
527755
527755
527755
527755
527755
527755
527755
526482
526482
526482
526482
526482
526482
526482
526482
526482
526482
526482
526482
526482
526482
526482
526482
526482
526482
526482
526482
523495
523495
523495
523495
523495
523495
523495
523495
523495
523495
523495
523017
523017
523017
523017
523017
523017
523017
522646
522646
522646
522646
522646
522646
522646
522646
522646
522646
522646
522646
522646
522646
522646
522646
522646
522586
522586
522586
522586
522586
522586
522586
522586
522586
522586
522586
522586
511491
511491
511491
511491
511491
511491
511491
511491
511491
511491
511491
511491
511491
511491
511491
511491
511491
511491
511491
509533
509533
509533
509533
509533
509533
509533
509533
509533
509533
508189
508189
508189
508189
508189
508189
508189
508189
508189
505510
505510
505510
505510
505510
505510
505510
505510
505510
505510
505510
505510
505510
502498
502498
502498
495559
495559
495559
495559
495559
495559
495559
495467
493439
493439
493439
493439
493439
493439
493439
493439
493439
493439
493439
490993
490993
490993
490993
490993
490993
490993
490993
490993
490993
490993
488802
488802
488802
488802
488802
488802
488802
488802
488802
488802
488802
488501
488501
488501
488501
488501
488501
482614
482614
482614
482376
482376
479609
479609
479609
479609
479609
479609
479609
479609
479609
479609
479609
479609
479609
479609
479609
479609
476897
476897
476897
476897
476897
476897
476897
476897
476897
476897
476897
476897
476897
476897
475809
463843
463843
463843
463843
463843
463843
463843
463843
463843
463843
463843
463843
463843
463843
463843
463843
463634
463634
463634
463634
463634
463634
463634
463634
463634
463634
463634
463634
463634
463634
463634
463634
461870
461870
461870
461870
461870
461870
461870
461870
461870
461870
461870
461870
461870
455485
452653
452653
452653
452653
449034
446566
446566
446566
445465
445465
445465
445465
445465
445465
445465
445465
445465
445465
445465
445465
445465
445465
445465
445465
445465
445465
445465
442459
442459
442290
442290
442290
442290
442290
442290
442290
442290
442290
442290
442290
442290
442290
442290
442290
442290
441808
441808
441808
441808
441808
441808
441808
441808
441808
441808
441808
441808
441808
441808
441808
441808
441808
441808
441808
441525
441525
441525
441525
441525
441525
441525
441525
441525
433829
433829
433829
433829
433829
433829
433829
433829
433829
433829
433829
433829
433829
433576
433576
433576
433576
433576
433576
433576
433576
433576
433576
432964
432964
432964
429195
428437
428437
428437
428437
428437
428437
428437
428437
427892
427892
427892
427892
427892
427892
427892
427892
427892
427892
427892
427892
427892
427892
427892
427892
427892
426068
426068
426068
426068
426068
426068
426068
426068
426068
426068
426068
426068
426068
426068
426068
422665
422665
421885
421885
418062
418062
418062
418062
418062
418062
415609
415609
415609
415609
415609
413013
413013
413013
413013
413013
413013
413013
413013
413013
413013
413013
413013
413013
413013
404286
404286
404286
404286
404286
404286
404286
404286
404286
404286
404286
404286
404286
404286
404286
404286
404286
404286
404286
404286
402501
402501
402501
402501
402501
402501
402501
402501
402501
402501
402501
401143
401143
401143
401143
401143
401143
401143
401143
401143
401143
401143
401143
401143
401143
401143
401143
401143
401143
400790
400790
400790
400376
400376
400376
400376
400376
400376
400376
400376
400376
400376
400376
400376
400376
400376
400376
400376
400376
400376
400376
400376
396854
396854
396854
396854
396854
396854
396854
396854
396854
396854
396854
396854
393386
393386
393386
393386
393386
393386
393386
393386
393386
393386
393386
393386
393386
393386
393386
393386
393386
393386
389169
389169
389169
389169
389169
389169
389169
389169
389169
389169
389169
389169
389169
389169
385791
385791
385791
385791
385791
385791
385791
385791
385791
385791
385791
385791
385791
385791
385791
385791
385791
385791
385791
385734
385734
385734
385734
385734
385734
385734
375208
375208
375208
375208
370054
368930
368930
368930
368930
368930
368930
368930
368930
368930
368930
368930
368930
368930
366578
366578
366578
366578
366578
366578
366578
366578
366578
366578
366578
366578
366578
366578
366578
366578
366578
359742
359742
359742
359742
359742
359742
353986
353986
350539
350539
350539
350539
340633
340633
340633
340633
340633
340633
340633
340633
340633
340633
340633
340633
340633
340633
340633
340633
340633
340633
340633
337225
337225
337225
337225
337225
337225
337225
337225
335186
335186
335186
335186
335186
335186
335186
335186
335186
335186
335186
335186
335186
335186
335186
335186
334461
334461
334461
334461
334461
334461
334461
334461
334461
334461
334461
334461
334461
334461
334461
331863
331863
331863
331863
327297
327297
327297
327297
327297
327297
327297
327297
327297
327297
327297
327297
327297
327297
327297
327018
327018
327018
327018
327018
327018
327018
325866
325866
325866
325866
325866
325866
325866
325866
325866
325866
325866
325866
325866
325866
321489
321489
321489
321489
321489
321489
321489
321489
321489
321489
321489
321489
321489
311081
309803
309803
307795
307795
307795
307795
307795
307795
307795
307795
307795
307795
307795
307795
307795
307795
307795
307795
307795
307795
307795
299279
299279
299279
299279
299279
299279
299279
299279
299279
299279
299279
296992
296992
296992
296992
296992
296992
296992
296992
296992
296992
296992
296992
296992
296992
295289
295289
295289
295289
295289
295289
295289
295289
295289
295289
295289
295289
295289
295289
295289
295289
295289
295289
295289
295286
295286
295286
295286
295286
295286
295286
295286
295286
295286
295286
295286
295286
295286
295286
295286
295286
294612
294612
294612
287745
287745
287745
287745
287745
287745
287745
287745
287745
287745
277006
277006
277006
277006
277006
277006
277006
277006
277006
277006
277006
277006
277006
277006
277006
277006
277006
276162
276162
276162
276162
276162
276162
275764
275764
275764
275764
275764
275708
275708
275708
273187
273187
273187
273187
273187
273187
273187
273187
273187
273187
273187
273187
273187
273187
273187
273187
270873
270873
270873
270873
270873
270873
270873
270873
270873
270873
270873
270873
270873
270873
270873
270873
270873
270873
270873
270873
265839
265839
265839
265839
265839
265839
265839
265839
265839
265839
265839
265360
264715
264715
264715
264715
264715
264715
264715
264715
264715
264715
264715
264715
264715
264715
264715
264715
262810
262810
262810
262810
262810
262810
262810
262810
262810
262810
262810
262810
262810
262810
262810
262810
262810
262810
262810
262810
261008
261008
261008
261008
261008
261008
261008
261008
261008
261008
261008
261008
261008
261008
261008
259632
259632
259632
259632
259632
259632
256924
254832
254832
254832
254832
254832
254832
254832
254832
254832
254832
254832
254832
254832
252887
252887
252887
252887
252887
252887
252887
252887
252887
252887
252887
252887
252887
252468
252468
252468
252468
252468
250160
250160
250160
250160
250160
246178
246178
246178
246178
246178
246178
246178
246178
246178
246178
246178
246178
246178
246178
246178
246178
246178
246178
246178
232009
228190
228190
228184
228184
228184
228184
228184
228184
228184
228184
228184
227064
227064
227064
227064
227064
227064
224120
224120
224120
224120
224120
224120
224120
224120
224120
224120
224120
224120
224120
224120
224120
224120
224120
224120
224120
220397
220397
220397
220397
220397
216913
216913
216913
216913
208282
208282
208282
208282
208282
208282
208282
208282
208282
208282
208282
200470
200470
200470
200470
200470
200470
