2580
1500000
999512
999512
999512
999512
999512
999512
999512
999512
999512
999512
999512
999512
999512
999512
999512
999382
999382
999382
999382
999382
999382
999382
999382
999382
999382
999382
999382
999382
999382
999382
999382
999382
999382
999382
999382
997635
997635
996882
996882
996882
996882
996882
996882
996882
996882
996882
996882
996882
996882
996882
996882
996882
996882
996882
993864
992015
992015
992015
992015
992015
992015
992015
992015
992015
992015
992015
992015
992015
992015
992015
992015
992015
992015
992015
992015
989803
989803
989803
989803
989803
989803
989803
989803
989803
989803
989803
989803
989803
989803
989803
989803
981968
981968
981968
981968
981968
981968
981968
981968
981968
981968
981968
980014
980014
980014
980014
980014
980014
980014
980014
980014
980014
980014
980014
980014
980014
980014
980014
971910
963998
963998
963998
963998
963998
959816
959816
954851
954851
954851
954543
954543
954543
954543
954543
954543
954543
954543
954543
954543
954543
952497
952497
952497
947526
947526
947526
947526
947526
947526
947526
947526
947526
947526
947526
947526
947526
947526
947526
944651
942676
942676
942676
942676
942676
942676
942676
942676
942676
942676
942676
942676
942676
942676
942676
942676
942676
942676
939781
939781
939781
939781
939781
939781
939781
939781
939781
939781
939781
939781
939781
939781
939781
939781
939781
939204
939204
939204
937086
937086
930301
930301
930301
930301
926549
926549
926549
926549
926549
926549
926549
926549
926549
926549
926549
926549
926549
926549
926549
923328
923328
923328
923328
923328
923328
923328
923328
923328
918716
918716
918716
918716
918716
918716
914053
914053
914053
914053
914053
914053
914053
913166
913166
913166
913166
913166
913166
913166
913166
913166
913166
913166
913166
913166
913166
913166
913166
913166
913166
913166
913166
905468
905468
905468
905468
905468
905468
905468
905468
905468
905468
905468
900913
900913
900913
900913
900913
900913
900913
900913
900007
900007
900007
900007
900007
900007
900007
900007
900007
900007
900007
900007
900007
900007
899772
899772
899772
899772
899772
899772
899772
899772
899772
899772
899772
899772
898255
898255
898255
898255
898255
895590
895590
895590
895590
895590
895590
895590
895590
895590
895590
895590
895590
895590
894821
894821
894821
894821
894821
894821
894821
894821
894821
893971
893971
893971
893971
893971
893971
893971
893971
893971
886290
886290
886290
886290
886290
886290
886290
886290
886290
886290
886290
886290
886290
884704
884704
884704
884704
884704
884704
884704
884704
884704
884704
884704
884704
875951
875951
875951
875951
875951
875951
875951
875951
875951
875951
875951
875951
875951
874294
874294
874294
874294
874294
874294
874294
874294
874294
874294
874294
874294
874294
874294
874294
874294
873694
873694
873694
873694
873694
873694
873694
873694
873694
873694
873694
873694
873694
873694
873694
873694
873694
870596
870596
870596
870596
870596
866547
866547
866547
866547
866547
866547
866547
866547
866547
866547
866547
866547
866547
866547
866547
866051
866051
866051
866051
866051
866051
866051
866051
866051
866051
866051
866051
866051
866051
866051
866051
865834
865834
865834
865834
861500
861500
861500
861500
861500
861500
861500
861500
861500
861500
861500
861500
854641
854641
854641
854641
854641
854641
852087
852087
852087
852087
852087
844150
844150
844150
844150
840525
840525
840525
840525
840525
840525
840525
840525
840525
840525
840525
840525
840525
840525
840525
840525
840525
840525
840525
840525
832249
832249
832249
832249
832249
832249
832249
832249
832249
832249
832249
832249
830913
830913
830913
830913
830913
830913
830913
830913
830913
830913
830913
830913
830913
830787
830787
830787
830787
830787
830787
830416
830416
830416
830416
822958
822958
822958
822958
822958
822958
822958
822958
822958
822958
822958
822958
822958
822958
822958
822958
822958
822958
822574
822574
822574
822574
822574
822574
822574
822574
822574
822574
822574
816887
816887
816887
816887
816887
816887
816887
816887
816887
816887
816887
816887
816887
816887
806148
806148
806148
806148
806148
806148
806148
806148
806148
806148
806148
806148
806148
806148
806148
806148
806148
806148
806148
805353
805353
805353
805353
805353
805353
805353
805353
805353
805353
805353
805353
805353
805353
805353
805353
805353
805353
805353
805194
805194
805194
805194
805194
805194
805194
803612
803612
803612
803612
803612
803612
803612
803612
803612
803612
803612
803612
803612
803612
803612
796307
796307
796307
796307
796307
796307
796307
796307
796307
796307
796307
796307
796281
796281
796281
796281
796281
796281
796281
796281
796281
796281
796281
796281
796281
796281
796281
796281
796281
796281
796281
796281
795538
795538
794509
794509
794509
794509
794509
794509
794509
794509
794509
794509
794509
794509
794509
794509
794509
794509
794509
794509
794509
790358
790358
785868
785868
785868
785868
785868
785868
779168
779168
779168
779168
779168
779168
779168
779168
779168
779168
776123
776123
776123
776123
776123
776123
776123
776123
776123
776123
775084
775084
775084
775084
775084
775084
775084
775084
775084
775084
775084
775084
775084
775084
775084
775084
775084
775084
775084
773521
773521
773521
773521
773521
773521
773521
773521
773521
773521
773521
773521
773521
773521
773387
773387
773387
773387
773387
773387
773387
773387
773387
773387
773387
773387
773387
773387
773387
773387
773387
773387
773387
773069
773069
773069
773069
773069
773069
773069
773069
773069
773069
773069
773069
773069
773069
773069
773069
773069
773069
770208
770208
770208
770208
770208
770208
770208
770208
770208
770208
770208
770208
770208
767611
767611
765425
765425
765425
765425
765425
765425
765425
765425
765425
765425
765425
765425
765425
765425
765425
765425
765425
765425
764833
764833
764833
764833
764833
764833
764833
764833
764833
764833
764833
764833
764833
764833
764833
764833
764833
764833
764833
763969
763969
763969
763969
756968
756968
756968
756968
756968
756968
756968
756968
756968
756747
751425
751425
751425
751425
751425
751425
751425
751425
751425
751425
751425
751425
751425
751425
751425
751425
750352
750352
750352
750352
750352
749456
749456
749456
749456
748654
748654
748654
748654
748654
748654
748654
748654
748654
748654
748654
748654
748654
748654
748654
748654
748654
748654
744188
744188
744188
744188
744188
744188
744188
744188
744188
744188
744188
744188
744188
744188
744188
739330
739330
737814
737814
737814
737814
737814
737814
737814
737814
737814
737814
737814
737309
737309
737309
737309
737309
737309
737309
737126
737126
737126
737126
737126
737126
737126
737126
737126
737126
737126
737126
737126
737126
734077
734077
734077
734077
734077
734077
734077
734077
734077
734077
732788
732788
732788
732788
732788
732788
732788
732788
732788
732788
732788
732350
732350
732350
732350
732350
732350
732350
732350
732350
732350
728784
728784
728784
728784
728784
728784
728784
728784
728784
728784
728784
728784
728784
728784
728784
728784
728784
728784
728784
722318
722318
722318
722318
722318
722318
722318
722318
722318
722318
722318
722318
722318
722318
722318
722318
722318
722318
721893
721893
721893
721893
721893
721893
721893
721893
721893
721893
721893
721893
721893
721893
721893
721893
721893
721893
721893
720250
720250
720250
720250
720250
720250
720250
720250
720250
720250
720250
720250
720250
720250
720250
720250
711437
711437
711437
711437
711437
711437
711437
711437
711437
711437
711437
711437
711437
711437
707755
707755
706756
706756
706756
706756
706756
703618
703618
703618
703618
703618
703618
703543
703543
703543
703543
703543
703543
703543
703543
703543
703543
703543
703543
703543
703543
703543
703543
701764
701764
701764
701764
701764
701764
701764
686377
686377
686377
686377
686377
686377
686377
686377
686377
686377
686377
686377
686377
686377
686377
686377
686377
686377
684436
684436
684436
684436
684436
684436
684436
684436
684436
684436
684436
684436
684436
684436
681181
681181
681181
681181
678430
678430
678430
678430
678430
678430
678430
678430
678430
677984
677984
677984
677984
677984
677984
677984
677984
677984
677984
677984
677984
677984
677984
677984
677984
673793
673793
673793
673793
673793
673793
673793
673793
673793
673793
673793
673793
673793
673793
671215
671215
671215
671215
671215
671215
671215
671215
671215
668485
668485
668485
668485
668485
665766
665766
665766
665766
665766
665766
665766
665766
665766
665766
665766
665766
664381
664381
664381
664381
664381
664381
664381
664381
664381
664381
664381
664381
664381
664381
664176
664176
664176
664176
664176
664176
660784
660784
660784
660784
660784
660784
660784
651436
651436
651436
651436
651436
651436
651436
651436
651436
651436
651436
651436
651436
639828
639828
639828
639828
639828
639828
639828
639828
639828
639828
639828
629818
629818
629818
629818
629818
629818
628992
628992
628992
626687
626687
626687
626687
626687
626687
626687
626687
626687
621513
621513
621513
621513
621513
621513
621513
621513
621513
621513
620022
620022
620022
620022
620022
620022
620022
620022
620022
620022
620022
620022
620022
620022
620022
620022
617372
617372
617372
617372
617372
617372
617372
617372
617372
617372
615119
615119
615119
615119
615119
615119
615119
615119
615119
615119
615119
615119
615119
615119
615119
612546
612546
612546
612546
612546
612546
612546
612546
612546
612546
612546
612546
612546
612546
612546
612546
612546
612546
611191
611191
611191
610233
610233
610233
610233
610233
609199
609199
609199
606368
606368
605897
605897
605897
605897
605897
605897
605897
605897
605897
605897
605897
605897
605897
605897
598930
598930
598930
598930
598930
598930
598930
598930
598930
598930
598930
598930
598930
598930
598930
592276
592276
592276
592276
592276
592136
592136
590565
590565
590565
590565
590565
590565
590565
590565
590565
590565
590565
590565
590565
590565
590565
590565
590565
587318
587318
587318
587318
565509
565509
565509
565509
565509
565509
565509
565509
565509
565509
565509
565509
565509
565509
565509
565509
565509
565509
564823
564823
564823
564823
564823
564823
564823
564823
564823
564823
564823
564823
564823
564823
564823
564823
564823
564823
564823
564823
563997
563997
563997
563997
563997
563997
563997
563997
563997
563997
563997
563997
563997
563997
563997
557211
557211
557211
557211
557211
557211
557211
557211
557211
553086
553086
553086
553086
553086
553086
550553
550553
548115
548115
548115
548115
548115
547935
547935
547935
547935
547935
547935
547935
547935
547935
547935
547935
547935
547935
547935
547718
547718
547718
547718
547718
547718
547718
547718
547718
547718
545934
545934
545934
545934
545934
545934
545934
545934
545934
545934
545934
545934
545934
538477
538477
538477
538477
538477
538477
538477
538477
538477
538477
538477
538477
538477
538477
538477
535978
535978
535978
535978
535978
535978
535978
535978
535978
535978
535978
535978
534275
534275
534275
534275
534275
534275
534275
534275
534275
534275
534275
533428
533428
533428
533428
533428
533428
533428
533428
533428
533428
533428
533428
533428
533428
532118
532118
532118
532118
532118
527063
527063
527063
527063
527063
527063
527063
527063
527063
527063
527063
524881
524881
524881
524881
524881
524881
524881
524881
524881
524881
524881
524881
524881
524881
524881
524881
524881
524881
524881
524881
524709
524709
524709
524709
524709
524709
524709
524709
522338
522338
522338
522338
522338
522338
522338
522338
522338
522338
522338
522338
521366
521366
521366
521366
521249
521249
521249
516638
516638
516638
516638
516638
516638
516638
516638
516638
516638
516638
516638
516638
516638
516638
516638
516638
516638
516638
516638
513139
513139
513139
513139
513139
513139
511249
511249
511249
511249
511249
511249
511249
508573
508573
508573
508573
508573
508288
508288
508288
508288
508288
508288
508288
508288
508288
508288
508288
508288
503746
503746
503746
496864
496864
496864
496864
496864
496864
496864
496864
496864
496864
496864
496864
496864
496864
496864
496864
496864
496864
496864
495687
495687
495687
495687
495687
495687
495687
495687
495687
495687
495687
495687
495687
495687
495687
495687
495687
495687
495687
495687
493102
491770
491770
491770
491770
491770
491770
491770
491770
491770
491770
491770
491770
491770
491770
491770
491770
491770
491770
487318
487318
487318
487318
487318
487318
487318
487318
487318
487318
487318
487318
487318
487318
487318
487318
487318
487318
487318
480121
480121
480121
471392
471392
471392
471392
471392
471392
471392
471392
471392
471392
471392
471392
469214
469214
469214
469214
469214
469214
469214
462151
462151
462151
462151
462151
462151
462151
462151
462151
462151
454258
454258
454258
454258
454258
454258
454258
454258
454258
454258
454078
451187
451187
451187
451187
451187
451187
451187
451187
451187
451187
451187
451187
451187
451187
451187
448500
448500
448500
448500
448500
448500
448500
448500
448500
448500
448500
448500
448348
448348
448348
448348
448348
448348
448348
448348
448348
448348
448348
448348
448348
448001
448001
448001
448001
448001
445298
445298
445298
445298
445298
445298
445298
445298
445298
445298
445298
445298
445298
445298
445298
445298
445298
445298
445298
445298
440510
440510
440510
440510
440510
440510
440510
440510
440510
440510
431220
431220
431220
427072
427072
427072
427072
427072
427072
427072
421407
421407
421407
421082
421082
421082
421082
421082
421082
419032
419032
419032
419032
419032
419032
419032
419032
419032
419032
419032
419032
419032
419032
419032
419032
419032
419032
419032
419032
410100
410100
410100
410100
410100
409235
409235
409235
409235
409235
409235
409235
409235
409235
409235
407810
407810
407810
407810
407810
406583
406583
406583
406583
406583
406583
406583
406583
406583
394858
394858
394858
394858
394858
394858
394858
394858
394858
394858
385261
385261
385261
385261
385261
385261
385261
385261
383086
383086
383086
383086
383086
383086
383086
378967
378967
378967
378967
378967
378135
378135
378135
378135
378135
378135
378135
378135
374608
374608
374608
373752
373752
373752
373752
373752
373752
373752
373752
373752
373752
373752
373752
373752
371959
371959
371959
371959
371959
371959
371959
371959
371959
371959
371959
371959
371959
371959
370604
370604
370604
370604
370604
370604
370604
370604
370604
370604
370604
370604
370604
370604
370604
370604
370604
370604
370604
370402
370402
370402
370402
370402
370402
370402
370402
370402
370402
370402
370402
370402
370402
370402
369646
369646
369646
369646
369646
369646
369646
369646
369646
369646
369516
369516
369516
369516
369516
369516
369516
369516
369516
369516
369516
369516
369516
369516
369377
369377
369377
369377
369377
369377
369377
369377
369377
369377
369377
369377
369377
369377
369377
369377
369377
369377
367764
367764
367764
367764
367764
367764
367764
367764
367764
367764
367764
367764
367764
367764
367764
367764
367764
362963
362963
362963
360050
360050
360050
360050
360050
360050
360050
360050
360050
360050
354169
354169
354169
354169
354169
354169
354169
354169
354169
354169
354169
354169
354169
354169
353710
353710
353710
353710
353710
353710
353710
349928
349928
349928
349928
349928
349928
349928
349928
349928
349928
349928
349928
349928
349205
345245
345245
345245
345245
345245
345245
345245
345245
345245
345245
345096
345096
345096
345096
345096
345096
345096
345096
345096
345096
345096
345096
345096
344801
344801
344801
344801
344801
344801
344801
344801
344801
344801
344801
344801
344801
344801
344801
344801
344801
344801
344801
333958
333958
333958
333958
333958
330693
330693
330693
330693
330693
323030
323030
323030
323030
323030
323030
323030
323030
323030
323030
323030
323030
323030
315921
315921
315921
315921
315921
315921
315921
315921
315921
315921
315921
315921
315921
315921
315921
315921
315921
314426
314426
314426
314426
305630
305630
305630
305630
305630
305630
305630
304713
304713
304713
304713
304713
304713
304713
304713
303907
303907
303907
303907
303855
303855
303855
303855
303855
303855
303855
303855
303855
301168
301168
301168
301168
301168
301168
298303
298133
298133
298133
298133
296585
296585
296585
296585
296585
296585
296585
296585
291904
291904
291904
291904
289457
289457
289457
289457
289457
289457
289457
289457
283704
283704
283704
283704
283704
283704
283704
283704
283704
274112
274112
274112
274112
274112
274112
274112
274112
274112
274112
274112
274112
274112
273691
273691
273691
273691
273691
273691
273691
273691
273691
271243
271243
271243
271243
271243
271243
271243
271243
271243
271243
271243
271243
271243
271243
271243
271243
271243
271243
271243
271243
269936
269936
269936
269936
269936
269936
269936
269936
269936
269936
269936
269936
269936
269936
269936
269936
269936
269936
269936
264824
264824
264824
264824
264824
264824
264824
264824
264824
262973
262973
262973
259117
259117
259117
259117
258132
258132
258132
258132
258132
258132
258132
251676
251676
251676
251676
251676
251676
251676
251676
251676
251676
251676
251676
251676
251676
251676
251676
251009
251009
248443
248443
248443
248443
248443
248443
248443
248443
248443
248443
248443
248443
248443
248443
248443
247558
247558
247558
247558
247558
247558
246956
246956
246956
246956
246956
246956
246956
246956
246956
246956
246956
243556
243556
243556
243556
243556
243556
243556
243556
243556
243556
240489
240489
240489
240489
240489
240489
238806
238806
238806
238806
238806
238806
238806
238806
238806
238806
238806
238806
236182
236182
236182
236182
236182
236182
236182
236182
236182
236182
236182
236182
236182
235453
233737
233737
233737
233737
233737
233737
233737
233737
233737
233737
233737
233737
233737
233737
233737
233737
216084
216084
216084
216084
216084
216084
216084
216084
216084
216084
214288
214288
214288
214288
214288
214288
214288
214288
214288
214288
214288
214288
214288
214288
214288
210331
210331
210331
210331
210331
210331
210331
210331
210331
210331
210331
210331
210331
210331
209395
209395
209395
209395
209395
209395
209395
209395
207802
207802
207802
207802
207802
207802
207802
207802
207802
207802
207802
207802
202369
202369
202369
202369
202369
202369
202369
202369
202369
202369
202369
202369
202369
202369
202369
