5143
1500000
998036
998036
998036
998036
998036
998036
998036
998036
998036
998036
998036
998036
998036
998036
998036
998036
998036
997594
997594
997594
997594
997594
997594
997594
997594
997594
997594
997594
994529
994529
994529
994529
992381
992381
992381
992381
992381
992381
992381
992381
992381
992381
991753
991753
991753
991753
991753
991753
991753
991753
991753
991753
991753
991753
991753
991753
991753
991753
991753
990417
989097
989097
989097
989097
989097
989097
989097
988117
988117
988117
988117
988117
988117
988117
988117
988117
986870
986870
986870
986870
986870
986870
986870
986870
986870
981676
981676
981676
981676
981676
981676
981676
981676
981676
981676
981676
981676
981676
981676
981676
981676
981676
981676
981676
979978
979978
979978
979978
979978
979978
979978
979978
979978
979978
979978
979934
979934
979934
979934
979934
979934
979934
979934
979934
979934
978291
978291
978291
978291
978291
978291
978291
978291
978291
978202
978202
978202
978202
978010
978010
978010
978010
978010
978010
978010
978010
978010
978010
978010
978010
978010
978010
978010
974453
974453
974453
974453
974453
974453
974453
974453
974453
974453
974453
974453
974453
974453
972215
972215
972215
972215
972215
972215
972215
972215
972215
972215
972215
972215
972215
972215
972215
972215
969312
969312
969312
969312
969312
969312
969312
969312
969312
969312
969312
969312
969312
967266
967266
967266
967266
967266
967266
967266
967266
967266
967266
967266
967266
966499
966499
966009
966009
966009
966009
966009
966009
966009
964214
964214
964214
964214
964214
964214
964214
964214
964214
964214
964214
964214
964214
964214
964214
960792
960792
960792
960792
960792
960792
959824
959824
959824
959824
959824
959824
959824
959824
959824
959824
959824
958100
958100
958100
958100
958100
958100
958100
958100
958100
958072
958072
958072
958072
958072
951967
951967
951967
951967
951967
951967
951967
951967
951967
951967
951967
951967
951967
951967
951967
951967
951967
951967
951967
951967
951837
951837
951837
951837
951837
951837
951837
951837
949122
949122
949122
949122
949122
949122
949122
947973
947973
947973
947973
947973
947973
947973
947973
947973
947973
947973
946421
946421
946421
946421
946421
946421
946421
946421
946421
946421
946421
946421
946411
946411
946411
946411
946411
946411
946411
946411
946062
945128
945128
945128
945128
945128
945128
945128
945128
945128
945128
945128
945128
945128
945128
945128
945128
945128
945128
945128
945128
943285
943285
943285
943285
943285
943285
943285
943285
943285
943285
943285
943285
943285
943285
943285
943285
942617
942617
942617
942617
942617
942617
942617
942617
942617
942617
942617
942617
942617
942617
942617
942617
942617
942617
942617
942324
942324
942324
942324
942324
942324
942324
942324
942324
941737
941737
940475
940475
940475
940475
940475
940475
939760
939760
939760
939760
939760
939760
939760
939760
937643
937643
937643
937643
937643
937643
937643
937643
937643
937643
937643
937643
937643
937643
937643
937643
936926
936926
936926
936926
936926
936926
936926
936926
936926
936926
936926
936926
936926
936926
936926
936926
936926
935210
935210
935210
935210
935210
935210
935210
935210
935210
935210
935210
935210
935210
935210
933445
933445
933445
933445
933445
933445
933445
933445
933445
933445
933445
933445
933445
932349
932349
932349
932349
932349
932349
932349
932349
932349
929537
929537
929537
929537
929537
929537
929537
929537
929537
929537
929537
929537
929537
929537
929537
929101
929101
929101
929101
929101
929101
929101
929101
929101
929101
926461
926461
926461
926461
926461
926461
926461
926461
926461
920910
920910
920910
920910
920910
920910
920910
920910
920408
920408
920408
920408
920408
920408
920408
920408
920408
920408
920408
920408
920408
912409
912409
912409
912409
912409
912409
912409
912409
912409
912409
912409
912409
912409
912409
912409
912409
912409
912409
912409
912347
912347
912347
912347
911724
911724
911724
911724
911724
911724
911724
911724
911724
911724
911724
911724
911724
911724
911724
909887
909887
909887
909887
909887
909887
909887
909887
909887
909887
909887
909887
906996
906996
906324
906324
906324
906324
906324
906324
906324
906324
906324
906324
906324
906324
906324
906324
906324
906324
906272
906272
906272
906272
906272
906272
906272
906272
906272
906272
906272
906272
906272
906272
906272
906272
903405
903405
903405
903405
903405
903405
903405
903405
903405
903405
903405
903405
903405
903405
902934
902934
902934
902934
902934
902934
902934
902934
901733
901733
901733
901733
901733
901733
901733
901733
901733
901733
901733
901733
901733
901733
899309
899309
899309
899309
899309
899309
899309
899309
899309
899309
899309
899309
899309
899309
899309
896809
896809
896809
896809
896809
896809
895608
895608
895608
895608
895608
895608
895608
895608
895608
895608
895608
895608
895608
895608
895608
895608
895608
894653
894653
894653
894653
894653
894653
894653
894653
894653
894653
894653
894653
894653
894653
894653
894653
894653
894653
893306
893306
890606
890606
890606
890606
890606
890606
890606
890606
890606
890606
890606
890606
890606
890606
889106
887469
887469
887469
887469
887469
887469
887469
882592
882592
882592
882592
882592
882592
882592
881253
881253
881253
881253
881253
881253
881253
881253
881253
881253
881253
881253
881253
881253
881253
881253
881253
881253
881253
875700
875700
875700
875700
875700
875700
875700
875700
875700
873486
873486
873486
873486
873486
873486
873486
873486
873377
873377
873377
873377
873377
873377
873377
873377
873377
873377
873377
873377
873377
873377
873377
873377
873377
873377
873377
873336
873336
873210
872609
872609
871429
871429
871429
871429
871429
871429
871429
871233
871233
871233
871233
871233
871233
871233
871233
871233
871233
871233
871233
871233
871233
871233
870769
870769
870769
870769
870769
870769
870769
870769
870769
870769
870043
870043
870043
870043
870043
870043
870043
870043
870043
870043
870043
870043
870043
869595
869595
869595
869595
869393
869393
869393
869393
869393
869393
869393
869393
869393
869393
869393
869393
869393
868124
868124
868124
868124
868124
868124
868124
868124
868124
866866
866866
866866
866866
866866
866866
866866
866866
866866
866383
866383
866383
866383
866383
866383
866383
866383
866383
866383
866383
864193
864193
864193
864193
864193
864193
864193
864193
864193
864193
864193
863932
862239
862239
862239
862239
862239
862239
862239
862239
861256
861256
861256
861256
861256
861256
861256
861256
861256
861002
861002
861002
861002
861002
861002
861002
861002
861002
861002
861002
861002
861002
861002
861002
861002
861002
861002
861002
861002
860167
860167
860167
860167
860167
860167
860167
860167
860167
860167
860167
860167
860167
860167
860167
860167
860167
860167
858369
858369
858369
858369
857690
857690
857690
857690
857690
857690
857690
857690
857690
857690
857690
854564
854564
854564
854564
854564
854564
854564
854564
854564
854564
854316
854316
854316
854316
854316
854316
854316
853858
853858
853858
853858
853858
853858
853858
853858
853858
852590
852590
852590
852590
852590
852590
852590
852590
852590
852590
852590
852590
852590
852590
852590
851315
851315
851315
851315
851315
851315
851315
851315
851315
851315
851315
851315
851315
847101
847101
847101
847101
842398
839182
839182
839182
839182
839182
839182
839182
839182
837809
837809
837809
837809
837809
837809
837809
837216
837216
837216
837216
837216
837216
837216
837216
837216
837216
837216
837216
837216
837216
837216
837216
837216
837216
837216
836685
836685
836685
836685
836685
836685
836685
836685
836685
836685
836685
836685
836685
836685
836685
836685
836685
836685
834738
834738
834738
834738
834738
834738
834738
834738
834738
834738
834025
834025
834025
834025
834025
834025
834025
834025
834025
834025
834025
834025
832709
832709
832709
832709
832709
832709
832709
832410
832410
832410
832410
832410
832410
832410
832410
832410
832410
832410
832410
831861
831861
831861
831861
831861
831861
825834
825834
825834
825834
825834
825834
825834
825834
825834
825834
825834
825834
825834
825834
824520
824520
824520
824520
824520
824520
823218
823218
823218
823218
823218
823218
823218
823218
823218
823218
823218
823185
823185
823185
823185
823185
823185
823185
823185
823185
823185
823185
822067
822067
822067
822067
822067
821484
821484
821484
821484
821484
821484
821348
821348
821348
821348
821348
821348
821348
821348
821348
821348
821348
821348
821348
821348
821348
821348
821348
821348
821348
819619
819619
819619
819619
819619
819619
819619
819619
819619
819619
819619
819619
819619
818151
818151
818151
818151
817221
817221
817221
817221
817221
817221
817221
817221
817221
817221
817221
817221
817221
817221
817221
812717
812717
812717
812717
812717
812717
812717
812717
812717
812717
812717
812717
812717
812717
812717
812717
812717
810072
810072
809330
809330
809330
809330
809330
808192
808192
808192
808192
808192
808192
808192
808192
808192
808192
808192
808192
808192
808192
806172
806172
806172
806172
806172
806172
806172
806172
806172
806172
806172
805989
805989
805989
805989
805989
805989
805989
805989
805989
805989
805046
805046
804946
804946
804946
804946
804946
804946
804946
804946
804946
804946
804946
804946
804946
804946
804946
804946
804946
804946
804946
804946
802429
802429
802429
802429
802429
802429
802429
801581
801581
801581
801581
801581
801581
801581
801581
801581
798975
795594
795594
795594
795594
795594
795594
795594
795594
795594
795594
793864
793864
793864
793864
793864
793864
791581
790220
790220
790220
790220
790220
790220
790220
790220
790220
790220
790220
790220
790220
790220
790220
790220
788708
788708
788708
788708
788708
788708
788708
788708
788708
788708
788708
788708
787890
787890
787890
787890
787890
787890
787890
787890
787890
787890
787890
787890
787890
787890
787890
787856
787856
787856
787856
787856
787856
787856
787856
787856
785463
785463
785463
785463
785463
785463
785463
785463
785463
784739
784739
784739
784739
784739
784739
784739
784739
784739
784739
784739
783742
783742
783742
783742
783742
783742
783742
783742
783742
783742
783742
783742
783742
783742
783742
783742
783742
780232
780232
780232
775711
775711
775711
775711
775711
775711
775711
775711
775711
775711
775711
775711
775711
775711
775711
775711
775499
775499
775499
775499
775499
775499
775499
775499
775499
775499
775499
775499
775499
775499
775499
775499
774244
774244
774244
774244
774244
774244
774244
774244
774244
774244
774244
774244
774244
774244
774244
774244
774244
774244
774244
774244
771875
771875
771875
771875
771875
771875
771875
771875
771875
771875
771875
770354
770354
770354
770354
770354
770354
770354
770354
770354
770354
770354
770354
770354
770354
770354
770354
770354
769138
769138
769138
769138
769138
769138
769138
769138
769138
769138
769138
769138
769138
769138
768916
768916
768916
768916
768916
768916
768916
768916
768916
768916
768916
768916
768916
768916
768916
768728
768728
768728
768728
768728
768728
768728
768728
768728
768728
767860
767860
767860
767860
767860
767860
767860
767860
767860
767860
767860
767860
767860
767860
767860
767860
765196
765196
765196
765196
765196
765196
765196
765196
765196
765196
765196
765196
765196
765196
765196
765196
764743
764743
764743
764743
761476
761476
761476
761476
761476
761476
761476
761476
761476
761476
761476
761476
761476
761476
761476
761476
761476
761476
758416
758416
758416
758416
758416
758416
758416
758416
758416
758416
758416
758164
758164
756381
756381
755944
755944
755944
755944
755944
755944
755944
755944
755944
755944
755944
755944
755944
755944
755944
755875
755875
755875
755875
755875
755875
755875
755875
755875
755875
755875
755875
755875
753968
753968
753549
749204
749204
749204
749204
749204
749204
749204
749204
749204
749204
749204
746614
746614
746614
746614
746614
746614
746614
742729
742729
742729
742729
742729
742729
742729
742729
742729
742729
742729
742729
742729
741350
741350
741350
741350
741350
741350
741350
741350
741350
740224
740224
740224
740224
740224
740224
740224
740224
740224
740224
737099
737099
737099
737099
737099
737099
737099
737099
737099
737092
737092
737092
737092
737092
737092
737092
737092
737092
737092
737092
737092
737092
737092
737092
737092
737092
737092
737092
737092
734494
734494
734494
734494
734494
734494
734494
734494
734494
734494
734494
734494
734494
734494
734494
734494
734494
734494
734494
734494
734449
734449
734449
734449
733809
733809
730680
730680
730680
730680
730680
730680
730680
730680
728551
728551
728551
728551
728551
726449
726449
726449
726449
726449
726449
726449
726449
726449
726449
726449
726449
726449
726292
726292
726292
726292
723841
723841
723841
722990
722990
722990
722990
722990
722990
722384
722384
722384
722384
722384
722384
721670
721670
721670
721670
721670
721670
721670
721670
721670
719522
719522
719522
719522
719522
719522
719522
719522
719522
719522
719522
719522
719522
719522
719522
719522
719522
719522
719522
719101
719101
719101
719101
719101
719101
719101
719101
719101
719101
719101
718674
718674
718674
718674
718674
718674
718674
718674
717806
717806
717806
717806
717806
717806
717806
717806
717806
717806
717806
717806
717806
717806
717806
716932
716932
716932
716932
716932
716932
716932
716932
716932
716932
716932
716932
716932
716521
716521
716521
716521
716454
716454
716454
716454
716454
716454
716454
716454
716454
716454
716454
716454
716454
716454
716454
716454
716454
716454
715075
715075
715075
715075
715075
715075
715075
715075
715075
715075
715075
715075
715075
715075
715075
715075
715075
715075
714391
714391
714391
714391
713720
713720
713720
713720
713720
713720
713720
713720
713720
713720
713720
713720
713720
713720
713720
713720
713720
713720
713720
711989
711989
711989
711989
710693
710693
710693
710693
710693
710693
710693
710693
710693
710693
710693
710693
710693
710693
710693
710693
710693
710693
710693
710693
706528
706528
705595
705595
705595
705595
705595
705595
705595
705595
704936
704936
704326
704326
704326
704326
704326
704326
703822
703822
703822
703822
703822
703822
703822
703822
703822
703822
703822
703822
703822
703822
703822
703822
703822
702473
702473
702473
702473
700756
700756
700756
700756
700756
700756
700756
700756
700756
700756
700756
700756
700756
699766
699766
699766
699766
699766
698568
698568
698568
698568
698568
698568
697903
697903
697903
697903
697903
697903
697903
697903
697903
697903
695015
695015
695015
688890
688890
688890
688890
688890
688890
688890
688890
688890
688890
688890
688890
688890
688890
688890
687441
687441
687441
687441
687441
687441
687441
687441
687441
687441
686183
686183
686183
686183
686183
684994
684994
684994
684994
684994
684994
684994
684994
684994
684994
684994
683920
683920
683920
683920
683920
683920
683920
683920
683920
683920
683920
683920
682348
682348
682348
682348
682348
682348
682348
682348
682348
682348
682348
682348
682348
682348
681617
681617
681617
679677
679677
679677
679677
679677
679677
679677
679677
679677
679677
679677
679677
679677
679677
679677
679677
678561
674708
674708
674247
674247
674247
674247
674247
674247
674247
674247
674247
674247
674247
674247
674247
674247
674247
674247
673188
673188
673188
673188
673188
673188
673188
673188
673188
673188
673188
673188
673188
673188
671135
671135
671135
671135
671135
671135
671135
671135
671135
671135
667304
667304
667304
667304
667304
667304
667304
667304
667304
667304
667304
667304
667304
667304
667304
667304
667304
667304
667086
667086
667086
667086
667086
667086
667086
667086
667086
667086
667086
667086
667086
667086
665963
665963
665963
665963
665963
665963
665963
665963
665963
665963
665963
665963
665963
665963
665963
665963
665963
665723
665723
665723
665723
665723
665723
665723
665723
665723
665723
665723
665723
665723
665723
665723
665723
665723
665033
665033
665033
665033
665030
665030
665030
665030
665030
665030
665030
665030
665030
665030
665030
665030
665030
664755
664755
664755
664755
664755
664755
664755
664755
664755
664755
664755
664755
664755
664755
664755
664755
662923
662923
662923
662923
662923
662923
662923
662882
662882
662882
662882
662882
662882
662882
662882
662882
662882
662882
662882
662882
662882
662882
662882
662882
662882
662882
662882
662521
662114
662114
662114
662114
662114
662114
662114
661270
661270
661270
661270
661270
661270
661270
661270
661270
661270
661270
661270
659083
659083
657032
656292
656292
656292
656292
656292
656292
656292
656292
655171
654932
654932
654932
654932
654932
654932
654932
654932
654932
654932
654932
654932
654932
654932
654932
654932
654932
654932
654932
653914
653914
653914
653914
653914
653914
648425
648425
648425
648425
648425
648425
648425
648425
648425
648425
648425
648425
648425
648425
648425
648425
648425
648425
648425
645613
645613
645613
645613
645613
645613
645613
645613
645613
645613
645613
645613
645613
645613
645613
645525
645525
645374
645374
645374
645374
645374
645374
645374
645374
645374
645374
645374
645374
645374
645374
645374
645374
645374
642876
642876
642876
642876
642876
642876
642876
642876
642876
642876
642876
642856
642856
642856
642856
642856
642856
642856
642856
642856
642856
633010
633010
633010
633010
633010
633010
633010
633010
633010
633010
633010
633010
633010
633010
633010
632924
632924
632924
632924
632924
632924
632924
632924
632924
632924
632924
632924
631990
631990
631990
631990
631990
631990
631990
631990
631510
631510
631510
631510
631510
631510
631510
631510
631510
631510
629452
629452
629452
629452
629452
629452
629452
629452
629452
629452
629452
629452
628248
628248
628248
628248
628248
628248
628248
628248
628248
628248
628248
628248
627913
627913
627913
627913
627913
622906
622906
622906
622906
622906
622906
622906
622906
622906
622906
622474
622474
622474
622474
622474
622474
622474
621713
621713
621713
621713
621713
621713
621713
621713
621713
621713
621713
621713
621713
621713
621713
621713
621713
621713
621713
621713
621255
621255
621255
621255
621255
621255
621255
621255
621255
621255
621255
621255
621255
621255
621255
621255
621255
621255
619844
619844
619844
619844
619844
619844
619844
619844
619844
619844
619844
619844
616249
613148
613148
613148
613148
613148
613148
613148
613148
613148
613148
613148
613056
613056
613056
613056
613056
613056
613056
613056
613056
612344
612344
612344
612344
612344
612344
612344
612344
612344
612344
612294
612294
611823
611823
611823
611823
611823
611823
611823
611823
611823
611823
611823
611823
611823
611823
611593
611593
611593
611593
611593
611593
611593
611593
611593
611593
611593
611593
611593
609548
609548
609548
609548
609548
609548
609548
609548
609548
609548
609548
609548
609548
609548
609548
609548
609548
609548
609548
609548
609527
609527
609527
609527
609527
609527
609527
609527
609527
609527
605834
605834
605834
605834
605834
605834
605834
605834
605834
605834
605834
605834
605834
605834
605834
605834
605834
605834
605834
604571
603788
603788
603788
603788
603788
603788
602885
602885
602885
602885
602885
602885
602885
602885
602885
602885
602885
602885
602885
602885
602885
602885
600751
600751
600751
600751
600751
600751
600751
600751
600751
600751
600751
600751
600751
600561
600561
600561
600561
600561
600561
600561
600561
600561
600561
600561
600561
597534
597534
597534
597432
597432
597432
597432
597432
597432
597432
597432
597432
597432
597432
597432
597432
597432
591692
591692
591692
591692
591692
591692
591692
591692
591692
591692
591692
591692
591692
591692
591692
591692
591692
591618
591618
591618
591618
591618
591618
591618
591618
591618
591618
591618
591618
591618
591618
591618
591618
591618
591618
591618
591618
578479
578479
578479
578479
578479
578479
578479
578479
578479
578479
578479
578479
578479
578479
578479
578479
578479
578479
578479
577936
577936
577936
577936
577936
577936
577936
577936
577936
577936
577936
577936
577936
575831
575831
575831
575831
575831
574937
574937
574937
574937
574937
574937
574937
574937
574937
574937
574937
574937
574937
574937
574937
573201
573201
573201
573201
573201
573201
573201
573201
573201
573201
573201
573201
573201
571712
571712
571712
571712
571712
571712
571712
571712
568917
568917
568917
568917
568917
568917
568917
568917
568917
568917
568917
568917
568917
568223
568223
568223
568223
568223
568223
568223
567900
567900
567900
567172
567172
567172
567172
567172
567172
567172
567172
567172
567172
567172
567172
567074
567074
567074
567074
567074
567074
564021
564021
564021
564021
564021
564021
564021
564021
556389
556389
556389
556389
556389
556389
556389
555800
555800
555800
555800
555800
555800
555777
555777
555777
555777
555777
555777
555777
555777
555777
555777
555777
555777
555777
555576
555576
555576
555576
555576
555576
555576
555576
555576
555576
555576
555576
555576
555576
555576
555576
555576
555576
555576
555576
555052
555052
555052
555052
555052
555052
555052
555052
555052
555052
555052
555052
555052
555052
555052
555052
553964
553964
553964
553773
548943
548943
548943
548943
548943
548943
548943
548943
548943
548943
548943
548943
548943
543268
543268
543268
543268
543268
543268
543268
543268
543268
541488
541488
541488
541488
541488
541488
541488
541488
541488
541488
541488
541488
541488
540542
536948
536851
536851
536851
536851
536851
536851
536519
536519
536519
536519
536519
536519
536519
536519
536519
536519
536519
536519
536519
536519
536519
536519
536519
536519
536519
536519
530766
530766
530766
530766
530766
530766
530766
530766
530766
530643
530643
530643
530643
530643
530643
530643
530643
530643
530017
530017
530017
530017
530017
530017
530017
530017
530017
530017
530017
530017
530017
530017
530017
526656
526656
526656
526656
526656
526656
526656
526656
525531
525531
525531
525531
525531
525531
525531
525531
525531
525142
525142
525142
525142
524278
524278
524278
524278
524278
524278
524278
522543
522543
522543
522543
522543
522543
522543
522543
521388
521388
521388
521388
521388
521388
521388
521388
516348
516348
516348
516348
516348
516348
516348
516348
516348
516348
516348
516348
516142
516142
516142
516142
516142
516142
516142
516142
516142
516142
516142
516142
516142
516142
516142
516142
513481
513481
513481
513481
513481
513481
507359
507359
507359
507359
507359
506439
506439
506439
506439
506439
506439
506439
506439
506439
506439
506439
506439
506439
506439
506439
506439
506439
506439
506439
506439
505775
505775
505775
505775
505775
505775
505775
505775
505775
505775
505775
504331
504331
504331
504331
504331
503327
503327
503327
503327
503327
503327
503327
503327
503327
503327
503327
502486
502486
502486
502486
502486
502486
502486
502486
500377
500377
500377
500377
500377
500377
500377
500377
500377
500377
500377
500377
500377
500377
500377
500377
498363
498363
498363
498363
498363
498363
498363
498363
498363
498363
498363
498363
498363
498363
498363
497988
497988
497988
497988
497988
497988
497988
497988
497988
497988
497468
497468
497468
497468
496303
496303
496303
496303
496303
496303
496303
496303
496303
496303
496303
496303
496303
496303
496303
496303
496303
496303
496303
496303
490651
490651
490651
490651
490651
490651
490651
490651
490651
490651
490651
490651
484589
484589
484589
484589
484469
484469
484469
484469
484469
484469
484469
484469
484469
484469
484469
484469
484469
484469
484469
484469
484469
484469
480740
480740
480740
480740
480740
480740
480740
480740
480740
480740
480740
480740
480740
480740
480740
480740
479185
479185
479185
479185
479185
479185
479185
479185
479185
479185
479185
479185
479185
479185
479153
479153
479153
479153
477599
477599
477599
477599
477599
477599
477599
477599
477599
477599
477599
477599
477599
477599
477599
477599
477599
477599
477599
471232
471232
471232
471232
471232
471232
471232
471232
470081
470081
470081
470081
470081
469125
469125
469125
469125
469125
469125
469125
469125
469125
469125
469125
469125
469125
469125
469125
469003
469003
469003
469003
469003
469003
469003
469003
469003
469003
468493
468493
468493
468493
467329
467329
467329
467329
467329
467329
467329
467329
466021
466021
465741
465741
465741
465741
465741
465191
465191
465191
465191
465191
465191
465191
465191
465191
465191
465191
465191
465191
465191
463767
463767
463121
463121
463121
463121
463121
463121
463121
463121
463121
463121
463121
463121
462386
462386
462386
462386
462386
462386
462386
462386
462386
462386
462386
462386
462386
462386
462386
462386
461827
461827
461827
461827
461827
461827
461827
461827
461827
461827
461827
461827
461827
461827
461827
461827
461827
461827
461827
461827
460309
460309
460309
460309
460309
460309
459321
459321
459321
459321
459321
459321
459321
459321
459321
459321
459321
459321
459321
459321
459321
459321
459321
457246
457246
457246
457246
457246
457246
457246
457246
457246
457246
457246
456291
456291
456291
453826
453826
453826
453826
453826
453826
453826
453826
453826
453826
453826
453826
453826
453826
453826
453826
453826
453826
452788
452788
452788
452788
452788
452788
452788
452788
452788
452788
452788
452788
452788
452788
451638
451638
451638
451638
451638
451638
451638
451272
451272
451272
451272
451272
451272
451272
449819
449819
449819
449819
449819
449819
449819
449819
449819
449819
449819
449819
449819
449819
449819
449819
449819
449819
448331
448331
448331
448331
448331
448331
448331
448331
448331
446842
446842
446842
446842
446842
446842
446842
446842
441917
441917
441917
441917
441917
441917
441917
441917
441917
441917
441917
441917
441917
441917
441917
441857
441857
441857
441857
441857
441857
441857
441857
441857
441857
441857
441857
441857
441857
440534
440437
440437
440437
440437
440437
440437
440437
440437
440437
440437
440437
440437
440437
440437
437415
437415
437415
437415
437415
437415
437415
437415
437415
437415
433962
433962
433962
433962
433962
433962
433962
433962
433962
433962
433962
433962
433962
433962
433962
433962
433962
433962
433962
433962
433588
432607
432607
430800
430800
430800
430800
430800
430800
430800
430800
430800
430800
430800
430800
430800
430800
430800
430800
430800
430800
430780
430780
430780
430310
430310
430310
430310
430310
430310
430310
430310
430310
430310
430310
430310
430310
430310
430310
430310
430310
430310
424711
424711
424711
424711
424711
424711
424711
424711
424711
424711
424711
424711
424711
424711
424711
424711
424711
424711
424711
424711
421824
421824
421824
421824
421824
421824
421824
421824
421824
421824
421824
419062
419062
419062
419062
419062
419062
419062
419062
419062
419062
419062
419062
419062
418267
418267
418267
418267
418267
418267
418267
418267
418267
418267
418267
418267
418267
417240
417240
417240
417240
417240
415232
415232
415232
415232
415232
415232
413703
413703
413703
413703
413703
413703
413703
413703
413703
413703
413703
413703
413703
413703
413703
413295
413295
413295
413295
412065
412065
412065
412065
412065
412065
412065
412065
412065
412065
412065
412065
412065
412065
411985
411985
411985
411985
411985
411985
411985
411985
411985
411985
411985
411985
411985
411670
411670
411670
411670
409706
409706
409706
409706
409706
409706
407447
407447
407447
407447
407447
407447
407447
407447
407447
407447
407447
407447
407447
407447
407447
407447
407303
407303
406425
406425
406425
405902
405902
405902
404644
404644
404644
404644
404644
404644
404644
404644
404644
404644
404644
404644
404644
404644
404644
404644
404644
404644
397568
397568
397568
397568
397568
397568
397568
397568
397568
396991
396991
396991
396991
396991
396991
396991
396991
396991
396991
394591
394591
394591
394591
394591
394591
394591
393715
393715
393715
393715
393715
393715
393715
393715
393715
393715
393715
393715
393715
393715
393715
392923
392923
392923
392923
392923
392923
392923
392923
392923
392923
392923
392923
392923
392923
392923
392406
392406
392406
392406
392406
392406
392406
392406
392406
392406
392406
392406
391989
391989
391989
391989
391989
391989
391989
391946
391946
391946
391946
391946
391946
391946
391946
391946
391946
391946
391946
391946
391946
391946
391946
390249
390249
388184
388184
388184
388184
388184
388184
388184
388184
388184
388184
388184
388184
388184
388184
388184
388184
387688
384029
384029
384029
384029
384029
384029
384029
384029
384029
384029
384029
384029
384029
381633
381633
381633
381633
381633
381633
381633
381633
381633
381633
381633
381633
381633
381633
381633
380803
380359
380359
380359
380359
380359
380359
380359
380359
379321
379321
379321
379321
379321
379321
379321
379321
379321
379321
379321
379321
379321
379321
375987
375987
375987
375987
375987
375987
375987
375987
373637
373637
373637
373637
373637
373637
373607
373607
373607
373607
373607
373607
373607
373607
373607
373607
373607
373607
373607
373607
373607
373607
373607
373607
373607
373607
373532
373532
369465
369465
369465
369465
369465
369465
369465
369465
369465
369465
369465
369465
369465
369465
367865
367865
367865
367865
367865
367865
367865
367865
367865
367865
367865
367865
367865
367865
366800
366800
366800
366800
366800
366800
366800
366800
366800
366800
366800
366800
366800
366800
366800
366800
366800
363490
363490
363490
363490
363490
363490
363490
363490
363490
363490
363490
363490
363490
363490
361687
361687
361687
361687
361687
361687
361687
361687
361687
361687
361687
361687
357866
357866
357866
357866
357866
357866
354846
354846
354846
354846
354846
354846
352161
352161
352161
352161
350979
350979
350979
350979
350979
347059
347059
347059
345773
345773
345773
345773
345773
345773
345773
345773
345773
345773
345773
345773
345773
345773
345773
345773
345773
344520
344520
344520
344520
344520
344520
344520
344520
344520
344520
344520
344520
344520
344520
342478
342478
342478
341419
341419
341419
341419
341419
341419
341419
341419
341419
341419
341419
341419
341419
340213
340213
340213
340213
340213
340213
340213
340213
340213
340213
340213
340213
340213
340213
340213
340213
340213
339651
339651
339651
339651
339651
339651
339651
339651
339651
339651
339651
339651
339651
339651
339651
339651
339651
339651
339621
339621
339621
339621
339621
339621
339621
339621
339621
339621
339621
339621
339621
339621
339621
339621
339621
339621
338309
338309
338309
338309
338309
338309
338309
338309
338309
337347
337347
337347
337347
337347
337347
337347
337347
337347
337347
337347
337347
337347
337347
337347
337347
337347
337347
337347
333977
333977
331158
331158
331158
331158
329504
329504
329504
329504
329504
329504
329504
329504
329504
329504
329504
329504
329504
329504
329504
329504
328362
327242
327242
327242
327242
326688
326688
326688
326688
326688
326688
326688
326688
326688
326688
326688
325598
325598
325598
325598
325598
325598
325598
325598
325598
325598
325598
325598
325598
325598
325598
325598
325598
325598
325598
325598
324512
324512
324512
324512
324512
324512
324512
324512
324512
324512
324512
324512
324512
324512
322957
322957
322957
322957
322957
321280
321280
321280
321190
321190
321190
321190
321190
321190
319228
319228
319228
319228
319228
319228
319228
319228
319228
319228
319228
319228
319228
319228
319228
319228
319228
319228
318980
318980
318980
318980
318980
318980
318980
318980
318980
318980
318980
318980
318980
318980
318980
318980
316878
316878
316878
316878
316878
316878
316878
316878
316765
316765
316765
316765
316765
316765
316765
316765
316765
316765
316765
316765
316765
316765
314394
314394
314394
314394
314394
312939
312939
312939
312939
312939
312939
312939
312939
312939
312939
312939
312939
312939
312939
312939
312939
312939
312939
312939
312939
309804
309804
309804
309804
309804
309804
309804
309804
309804
309804
309804
309804
309804
308345
308345
308345
308345
308345
308345
308345
308345
307358
307358
307358
307358
307358
307358
307358
307358
307358
307358
307358
307358
306186
306186
306186
305444
305444
305444
305444
305444
305444
305444
305444
305444
305444
304628
304628
304628
304628
304628
304628
304628
304628
304628
304628
304628
304628
304628
304628
304628
304628
304628
304628
304628
304628
303969
303969
303969
303969
303969
303969
303969
303969
303969
300857
299021
299021
299021
299021
299021
299021
299021
299021
299021
299021
299021
299021
299021
299021
299021
299021
299021
299021
296713
296713
296713
296713
296713
296713
296713
296713
296713
296713
296713
296713
296308
296308
296308
296308
296308
294880
294880
294880
294880
294880
294880
293633
293572
293572
293572
293572
293572
293572
293572
293572
293572
293572
293572
293572
291627
291627
291627
291627
291627
289584
289584
289584
289584
289584
289584
289584
289584
289584
289584
289584
289584
289584
289584
289584
283136
283136
283136
283136
283136
283136
283136
283136
283136
283136
283136
283136
283136
282865
282865
282865
282865
282865
281642
281642
281642
281642
281642
281642
281642
281642
281642
281642
281642
281642
281642
281642
281642
280931
280931
280931
280931
280931
280931
280931
280931
280931
280931
280931
280931
280931
280931
280931
280931
280931
280139
280139
280139
280139
280139
280139
280139
280139
280139
280139
280139
280139
280139
280139
280139
280139
280139
280139
280139
280139
279850
279850
279850
279850
279850
279850
279850
279850
279850
279850
279850
279850
279850
279850
279850
279850
279850
279850
279850
277477
277477
277477
277477
277477
277477
277477
277477
277477
277477
275769
269250
269250
269250
269250
269250
269250
269250
269250
269250
269250
269250
269093
269093
269093
269093
269093
268969
268969
268969
268969
268969
268969
268969
268969
268969
268969
268969
268969
268969
268969
267268
267268
267268
267268
267268
267268
267268
267268
267268
267268
267268
267268
267268
267268
267268
267268
267268
267268
267268
267268
265726
265726
265726
265726
265726
265726
264935
264935
264935
264935
264935
264935
264935
264935
264935
264904
264904
264904
264904
264904
260467
260467
260467
260467
260467
259045
259045
259045
259045
259045
259045
259045
258725
258725
258725
258725
258507
258507
258507
258507
258507
258507
258507
258507
258507
256330
256330
256330
256330
256330
256330
256330
256330
256330
256330
256330
256330
256330
255587
255587
255587
255587
255587
255587
255587
255587
255587
255587
255587
255587
255587
255587
255587
255587
255587
254639
254639
254639
254639
254639
254639
254639
254639
254639
254639
254639
253022
253022
251438
251438
251438
251438
251438
251438
251438
251438
251438
251438
251438
251438
251438
251438
245674
245674
245674
245674
245674
245674
245674
245674
245674
245674
245674
245674
245674
245102
245102
245102
245102
245102
245102
245102
245102
245102
245102
244761
244761
244761
244761
244585
244585
244585
244585
244585
244585
244585
244585
244585
241136
241136
241136
238141
238141
238141
238141
233631
233631
233631
233631
233631
233631
233631
233631
233631
233631
233631
233631
233631
233631
233631
233631
233631
233631
233631
233631
233205
233205
233205
233205
233205
233205
233205
233205
233205
233205
233205
233205
232650
232148
232148
232148
231769
231769
231769
231769
231769
231769
231769
231769
231769
231766
231766
231766
231766
231766
231766
231766
231766
231766
231766
231043
231043
231043
231043
230133
230133
230133
230133
230133
228736
228736
228736
228736
228736
228736
228736
228736
228736
228736
228736
228736
228736
228736
228736
228736
228736
228736
228628
228628
228628
228628
228628
228628
228628
228628
228628
228628
228628
228628
228628
228628
228628
228628
228628
228628
228628
226227
226227
226227
226227
226227
226227
226227
226227
226227
226227
226227
226227
226227
226227
226227
226227
226227
225500
225500
225500
225500
225500
225500
225500
225500
225500
225500
225500
225500
224329
224329
224329
223450
223450
223450
223450
223450
223450
223450
219845
219845
219845
219845
219845
219845
219845
219845
219845
219845
219477
219477
219477
219477
219477
219477
219477
219477
219477
219477
219477
219477
216318
216318
216318
216318
216318
216318
216318
216318
216318
216318
216318
216318
216049
216049
216049
216049
216049
216049
216049
216049
216049
216049
216049
216049
216049
216049
216049
216049
216049
216049
216049
216049
211986
211986
211986
211986
211986
211986
203192
203192
203192
203192
203192
203192
203192
203192
203192
203192
203192
203192
203192
203192
203192
203192
200673
200673
200673
200673
200673
200673
200673
200673
200673
200673
200673
200673
