5376
1500000
999799
999799
999799
999799
999799
999799
999799
999799
996722
996722
996722
996722
996722
996722
992465
992465
991924
991924
991924
991924
991924
989401
989401
989401
989401
989401
989401
989401
989401
989401
989401
987441
987441
987441
987441
985925
985925
985925
985925
985925
985925
985925
985925
985925
985925
985925
985925
985925
985925
985925
985925
985925
985878
985344
985344
985344
985344
985344
985344
983201
983201
983201
983201
983201
983201
983201
983201
983201
983201
979507
979507
979507
979507
979507
979507
979507
979507
979507
979507
979507
979507
979507
979507
979507
978916
978916
978916
978916
978916
978429
978429
978429
978429
978429
978429
978429
978429
978429
978107
978107
978107
978107
978107
978107
978107
978107
977670
977670
977670
977670
977670
977670
977670
977670
977670
977670
977670
977670
977670
977670
977670
975799
975799
975799
975799
975799
975799
975799
975350
973291
973291
972713
972713
972713
972713
972713
972713
972713
972713
972713
972713
972713
971913
971913
971913
971913
971913
971913
971913
971913
971913
971913
971913
971913
971913
971913
971913
971913
971913
971913
971913
971347
971347
971347
971100
971100
971100
971100
971100
969100
969100
969100
969100
969100
969100
969100
969100
969100
969100
969100
969100
969100
969100
968209
968209
968209
968209
968209
966843
966843
966843
962124
960277
960277
960277
960277
960277
960277
960277
960277
960277
960277
960277
960277
960277
960277
960277
960277
960277
958464
958464
958464
958464
958464
958464
958464
958464
955777
955777
955777
955777
955777
955777
955777
955777
955777
955777
955777
955777
953554
953554
953554
953554
953554
953554
953554
953554
953554
953554
953554
953554
953554
953554
953554
953554
953554
953554
953554
953554
953024
953024
953024
952894
952894
952894
952894
952894
952894
952894
952894
952894
952894
952894
952894
952894
952894
952894
952894
952894
951804
951804
951804
951455
951455
951455
951455
951455
951455
951455
951455
951455
951455
951455
951455
951455
951455
951455
951455
951455
951455
951455
950696
950696
950696
950696
950696
950696
950696
950696
950696
950696
950696
948659
948659
948659
948659
948659
948659
948659
948659
948659
948659
948659
948659
948659
948659
948659
948659
948659
948659
947678
947678
947678
947678
947678
947678
947678
947678
947678
947678
947678
947678
947678
947678
947678
947678
947678
947678
944636
944636
944636
944636
944636
944636
944636
944636
944636
944636
944636
944636
944636
944636
942575
942575
939426
939426
939426
939426
939426
939426
939426
939426
939426
939426
939426
939426
939426
939426
939426
936708
936708
936708
936708
936708
936708
936708
936302
936302
936302
936302
936302
936302
936302
936302
936302
936302
936302
936302
936302
936302
936302
936215
932967
932967
932967
932967
930681
930681
930681
930681
930681
930681
930681
930681
930681
930681
924723
924723
924723
924723
924723
924723
924723
924723
924723
924723
924723
924723
924723
924723
924723
924723
924723
923303
923303
923303
923303
923303
923303
923303
923303
923303
923303
923303
923303
922348
922348
922348
922348
922348
922348
921514
921514
921514
921514
919925
919925
919925
919925
919925
919925
919925
919925
919925
919804
919804
919804
919804
919804
919804
919804
919804
917748
917748
917748
917748
917748
917748
917748
917748
917748
917748
917748
917748
917748
917748
917748
917748
917748
917748
917748
917748
916990
916990
916990
916990
916990
916990
916990
916990
916990
916990
916990
916990
916990
916990
916990
916990
916990
916990
916990
916845
916845
916845
916845
916845
916845
916845
916845
916845
916845
916845
916845
916845
916845
916845
915884
915884
915884
915884
915884
915884
915884
915884
915884
915884
915884
915884
915884
915884
915884
915884
915884
915884
915807
915807
915807
915807
915807
914858
914858
914858
914858
914858
914858
914080
914080
914080
914080
914080
914080
914080
914080
914080
914080
914080
914080
912685
912685
912685
912685
912685
912685
912685
912685
912685
911856
911856
911856
911856
911856
911856
911856
911856
911856
911856
911856
911856
911856
911856
911856
911856
911701
911701
911701
911701
911701
911701
911701
911701
911701
911701
911701
911701
911701
911701
908990
908990
908990
908990
908990
908990
907919
907919
907919
907919
907919
907919
907919
907919
907590
907590
907590
907590
907590
907590
907590
903217
903217
903217
903217
903217
903217
903217
903217
903217
903217
903217
903217
903217
903217
903217
902371
902371
902371
902371
902371
902371
902371
902371
902371
902371
902371
902371
902371
902371
902371
900827
900827
900827
900827
900827
900827
900827
900827
900827
900827
898571
898571
898571
898571
898571
898571
898571
898571
898571
898571
898571
898571
897642
897642
897642
897642
897642
897642
897255
897255
897255
897255
897255
897255
897255
897255
897255
897255
897255
897255
897255
897255
897255
897255
897255
897255
897255
897255
896158
896158
896158
896158
896158
896158
896158
896158
896158
896158
895467
895467
895467
895467
895467
895467
895467
895467
895467
895467
893654
893654
893654
893654
893654
893654
893654
893654
893654
893654
893654
893654
893654
893654
893097
893097
893097
893097
893097
893097
893097
893097
893097
893097
893097
893097
893097
889366
889366
889366
888913
888913
888913
888913
888913
888913
888913
888913
888913
888913
888807
888807
888807
888807
888807
888807
888807
888807
888807
888807
888807
888807
888807
888807
888807
888807
888807
888807
888807
888807
888402
888402
888402
888402
888402
888402
888402
888402
888402
888402
888402
888402
888402
888402
888402
888402
888402
884403
884403
884403
884403
884403
884403
884403
884403
884403
884403
884403
884403
884403
884403
881676
881676
881676
881676
881676
881676
881676
881676
881676
881676
881676
881676
881676
881676
881676
881676
881676
881676
881676
881676
881509
881509
881383
881383
881383
881383
881383
881383
881383
881308
881308
881308
881308
881308
881308
881308
881308
881308
881308
881308
881308
881308
881308
881308
878828
878828
878828
878828
878828
878828
878828
877051
877051
875834
875834
875834
875834
875834
875834
875834
875834
875834
875834
875834
875834
875834
875834
875834
875834
875645
875645
875645
875645
875645
875645
875645
875645
874943
874943
874943
874943
874943
874943
874943
874943
874943
874943
874943
874943
874943
874943
874943
874943
874943
874943
874943
874943
874930
874930
874930
874930
874930
874930
874930
874930
874930
874930
874930
874930
874930
874930
874930
874930
874930
868886
868886
868886
868886
868886
868886
868886
868886
868886
868886
868886
868886
866797
866797
866797
866797
866797
866797
866797
866797
865400
862771
862771
862771
862771
862771
862771
862771
862771
862771
862026
862026
862026
862026
862026
862026
862026
862026
862026
862026
862026
862026
862026
862026
862026
862026
862026
862026
862026
860482
860482
860482
860482
860482
860482
860482
860482
860482
860482
860482
860482
860482
860482
860482
860482
860482
860482
860482
859361
859361
859361
859361
859361
859361
859361
859361
858693
858693
858693
858693
858693
858693
858693
858693
858693
858693
858693
858693
858554
858554
858554
858554
858554
858554
858554
858554
858554
858554
858554
857769
857769
857769
857769
857769
857769
857769
857769
857769
857769
857769
857769
857769
857769
857769
855732
855732
855732
855732
855732
855732
855732
855732
853980
853980
853980
853980
853980
853980
853980
853980
853980
851148
851148
851148
851148
850558
850558
850558
850558
850558
850558
850558
850558
850558
850558
850558
850558
850218
850218
850218
850218
850218
850218
850218
850218
850218
850218
850218
850218
850218
848395
848395
848395
848395
848395
848395
848395
848395
848395
848395
848395
848171
848171
848171
848171
848171
848171
848171
848171
846500
846500
846500
846500
846500
846500
846500
846500
846500
846500
846500
846500
846500
846500
846500
845559
845559
845559
845559
845559
845559
845559
845559
845559
845559
845559
845559
845559
845559
845559
845559
845559
845559
845559
841027
841027
841027
841027
841027
841027
841027
841027
840943
840943
840943
840943
840943
840943
840943
840943
840943
840943
840943
840943
840943
840943
840943
840943
840943
840090
840090
840090
840090
840090
840090
836826
836826
836826
836826
836826
836826
836826
836826
836826
836826
835049
835049
835049
835049
835049
835049
835049
835049
835049
835049
835049
835049
835049
835049
835049
835049
835049
835049
834556
834556
834556
834556
834556
834556
834556
834556
834556
834556
834556
834556
834556
834556
834556
834556
833257
833257
833257
833257
833257
833257
833257
833257
833257
833257
833257
833257
833257
833257
833257
833257
832920
832920
832920
832920
832920
829876
829876
829876
829876
829876
829876
829876
829876
829876
829876
829876
829876
829876
829876
829112
829112
829112
829112
829112
829112
829112
829112
829112
829112
826131
826131
826131
826131
826131
826131
826131
825797
825797
825797
825797
825797
825797
825797
825797
825797
820682
820682
820682
820682
820682
820682
820682
820682
820682
820682
820682
820682
820682
820682
820682
820682
820682
820682
820682
820682
815616
815334
815334
815334
815334
815334
814793
814793
814793
814793
814793
814793
814793
814793
814793
814793
814793
814793
814793
814793
814793
814793
814253
814253
814253
814253
814253
814253
814253
814253
814253
814253
814253
814253
814253
814253
814253
814253
814018
814018
814018
814018
814018
814018
813596
813596
813596
813596
813596
813596
813596
813596
813596
813596
813269
813269
813269
813269
813269
813269
813269
813269
813269
813269
812832
812832
812832
812832
812832
812832
812832
812832
812832
812832
812832
812832
812832
812832
812832
812832
812832
812415
812415
812415
812011
812011
812011
811906
811906
811906
811906
811906
811906
811906
811906
809750
809750
809750
809750
809750
809750
809750
809750
809750
809750
809750
809750
809750
809750
809750
809750
809750
809750
808944
808944
808944
808944
808944
808944
808944
808944
808944
807562
807562
807562
807562
807562
807562
807562
807562
807562
807562
807562
807562
806719
806719
806719
806719
806135
806135
806135
806108
806108
806108
806108
806108
804248
804248
804248
804248
804248
804248
804248
801956
801956
801956
801956
801956
801956
801956
801956
801956
801956
801956
801956
801956
801956
801956
801956
801956
801675
801675
801675
801675
801675
801675
801675
796719
796719
796719
796719
796719
796719
796719
796719
796719
796719
796719
796719
796719
796719
796719
796719
795996
795996
795996
794893
794893
794893
794893
794893
794893
794893
794893
794893
794893
794893
794893
794893
794893
794893
794893
794893
792675
791510
791510
791510
791510
791510
791510
791510
791510
791510
791510
791510
791510
791510
791510
791510
791510
791510
789099
789099
789099
789099
789099
789099
789099
789099
789099
789099
789099
789099
789099
789099
789099
789099
789099
785256
785256
785256
785256
785256
785256
785256
785256
785256
785256
785256
785256
785256
785256
785256
785256
785256
785256
785256
781676
781676
781676
781676
781676
781676
781676
781676
781676
781676
781676
781676
781676
781676
781676
780346
780346
780346
780346
780346
780346
780346
780346
780346
780346
780346
780346
780346
780346
778797
778797
778797
778797
778797
778797
778797
778797
778797
778797
778797
778797
778797
778797
778797
778797
778797
778797
778797
778797
778109
778109
778109
778109
778109
778109
778109
778109
778109
778109
778109
778109
778109
778109
778109
778109
778109
778109
778109
778109
774860
774860
773577
773577
773577
773577
773577
773577
773577
773577
772675
772675
772675
772675
772675
772675
772675
772675
772675
772675
772675
772675
772675
772675
772675
772675
772675
772256
772256
772256
772256
772256
772256
772256
772256
772256
772256
772256
772256
772256
772256
772256
772256
772256
772256
772256
772256
771045
771045
771045
771045
771045
771045
770837
770837
770837
770143
770143
770143
770143
770143
770143
770143
770143
770143
770143
770143
770143
770143
770143
769971
769971
769971
769971
769971
769971
769971
769971
769971
769971
769971
769971
769971
769971
769971
769971
769971
769971
769971
769971
765873
765873
765873
765873
765873
765873
765873
765873
765873
765873
765873
765873
765873
765873
765873
765873
765873
765873
763595
763595
763595
763595
763595
763595
763595
763595
763595
763595
763595
761748
761748
761748
761748
761748
761748
761748
761748
761748
761748
761748
761748
761748
761748
761748
761748
761748
761748
761252
761252
761252
761252
761252
761252
761252
761252
761252
761252
761252
761252
761252
761252
761252
761252
761252
761174
761174
761174
761174
761174
761174
761174
761174
761174
761174
759604
759604
759604
759604
759604
758906
758906
758906
758906
758906
758906
758906
758906
758906
758906
758906
758906
758906
758906
758510
758510
758510
758510
758510
758510
758510
758510
758510
758510
758510
758510
758510
758510
758510
758510
757249
756515
756515
756515
756515
756515
756515
756515
747349
747349
747349
747349
747349
747349
747349
747349
747349
747349
747349
747349
744999
744999
744999
744999
744999
744999
744999
744999
744484
744484
744484
744484
743362
743362
743362
743362
743362
743362
743362
743362
743362
743362
743362
743362
743362
743362
743104
743104
743104
743104
743104
743104
743104
743104
743104
743104
743104
740833
740833
740833
740833
740833
740833
740833
740833
740306
740306
740306
740306
740306
740306
740306
740306
740306
740306
740306
740306
737553
737553
737553
737553
737553
737553
737553
737553
737553
737553
737553
737553
737553
737553
737553
737553
737553
737553
735350
735350
735350
735350
735350
735350
735350
735350
728793
728793
728793
728793
728793
728793
728793
728793
728793
728793
728793
728793
728793
728793
728793
728793
728793
728793
728793
728793
724880
724880
724880
724880
724880
724880
724880
724880
724880
724880
724880
724880
724880
724074
724074
724074
724074
724074
724074
724074
724074
724074
724074
724074
723654
723654
723654
723654
723654
723654
723654
723654
723654
723654
723654
723654
723654
723654
723654
723654
723654
723504
723504
723504
723504
723504
723504
723504
723504
723504
723504
723504
723504
723504
723504
723504
716744
716744
716744
716744
716744
716744
716744
716744
716744
716645
716645
716645
716645
716645
716645
716645
716645
716645
715460
715460
715460
715460
715460
715460
715460
715460
715460
715460
715460
715460
714200
714200
714200
712602
712602
712602
712602
712602
712602
712602
712602
712602
712602
712602
712602
712602
712602
712602
712602
712602
712602
712602
710629
710629
710629
710629
710629
710629
710629
710629
710629
710629
710629
710629
710629
710629
710629
710629
710629
710629
710629
710629
707929
707929
707929
707929
707929
707929
707929
707929
707929
707929
705907
705907
705907
705907
705907
705907
703177
703177
703177
703177
703177
703177
703177
703177
703177
703177
703177
703177
703177
703177
703177
703177
703177
703177
703177
700412
700412
700412
700412
700412
700412
700412
700412
693902
693902
693902
693902
693902
693902
693902
693902
693902
693902
693902
693902
693902
691615
691615
691615
691106
691106
691106
691106
691106
691106
690047
690047
690047
690047
690047
690047
690047
690047
690047
690047
690047
688166
688166
688166
688166
688166
688166
688166
688166
688166
688166
688166
688166
688166
688166
688166
688166
688166
688166
688166
687120
687120
687120
687120
687120
687120
687120
686817
686817
686817
686817
686817
686817
686817
686817
686817
685434
685434
685434
685434
685434
685434
685434
685434
685434
685434
685434
685434
685434
685434
685434
683647
683647
683647
683647
683647
683647
683647
681709
681709
681709
681709
681709
681709
681709
681709
681709
681709
681709
681709
681709
681709
681709
681709
681709
679986
679986
679986
679986
679986
679986
679986
679986
679986
679986
679986
679986
679986
672269
672269
672269
672269
672269
672269
672269
672269
672269
671524
671524
671524
671524
671524
671524
671524
671524
671524
671524
671524
671465
671465
671465
671465
671465
671465
671465
671465
671465
671465
671465
671465
670503
670503
670503
670503
670503
670503
670503
670503
670503
670503
670503
670503
670334
670334
670334
670334
670334
670334
670334
670334
670334
670334
670334
670334
670334
670334
670334
670334
670334
670334
668527
668527
668527
668527
668527
668527
668527
668527
668527
668527
668527
668527
668527
665548
665548
665548
665548
665548
665548
663054
663054
663054
663054
663054
663054
663054
663054
661253
661253
657695
657695
657695
657695
657695
657695
657695
657695
657695
657695
657695
657695
657695
657695
657695
657695
657695
654576
654576
654576
654576
654576
654576
654576
654576
654576
654576
654555
654555
654555
654555
654555
654555
654555
654555
654555
654555
654555
654555
654555
654555
654555
654555
654555
654555
654555
654273
653258
653258
653119
653119
653119
653119
653119
653119
653119
653119
653119
653119
653119
653119
653119
653119
653119
653119
653119
651188
651188
651188
651188
651188
651188
651188
649652
649652
649652
649652
649652
649652
649652
643994
643994
643994
643994
643994
643994
643994
643994
643994
643994
643994
643994
638266
638266
638266
638266
638266
638266
638266
638266
638266
638266
638266
638266
638266
638266
636318
636318
636318
636318
636318
636318
636318
636318
636318
636318
636318
632329
632329
632329
632329
632329
632329
632329
632329
629729
629729
629729
629729
629729
628211
628211
628211
628211
628211
628211
628211
628211
628211
628211
628211
628211
628211
628211
628211
627194
627194
627194
627194
627194
627194
627194
627194
627194
626495
626495
626495
626495
626495
626495
626495
626495
626495
626495
626495
626495
626495
626495
626495
626495
625536
625536
625536
625536
625536
625536
625536
625536
625536
625536
625536
625536
625536
625536
625536
625536
625536
625536
625536
625536
624324
624324
624324
624324
624324
624324
624324
624324
624324
624324
624324
624324
624324
624324
624324
624324
624324
624324
623739
623739
623739
623739
623739
623739
623739
623739
623739
622564
622564
622564
622564
622564
622564
619907
619907
619907
619907
619907
619907
615143
615143
615143
615143
615143
615143
615143
615143
615143
615143
615143
615143
615143
615143
615143
608324
608324
608324
608324
608324
608324
608324
608324
607868
607868
607868
607868
607868
607868
607868
607868
607868
607868
607868
607868
607868
607868
607868
607868
607868
607868
607868
607868
602864
602864
602864
601069
601069
601069
601069
601069
601069
601069
601069
601069
601069
601069
601069
601069
601069
601069
601069
601069
601069
601069
601069
600999
600999
600999
600999
600999
600999
600999
600999
597276
597276
597276
597276
597276
597276
597276
597276
597276
595802
595802
595802
595802
595802
595802
595802
595802
595802
595802
595802
595802
595802
595802
595802
595802
595802
595802
595802
595802
595371
595371
595371
595371
595371
595371
595371
595371
595371
595371
595371
595371
595371
595371
595371
595371
595371
595371
595371
594940
594940
594940
594940
594940
594940
594940
594940
594940
594940
594940
594940
594940
594940
594940
594940
594940
594940
594900
594900
594900
593255
593255
593255
593255
593255
593255
593255
593255
591456
591062
591062
591062
591062
591062
591062
591062
591062
591062
591062
591062
591062
591062
591062
591062
591062
591062
591062
591062
591062
589656
589656
589656
589656
589656
589656
589656
589656
589656
589656
589656
589656
589656
589656
589656
589656
588529
588529
588529
588529
588529
587068
587068
587068
584589
584589
584589
584589
584589
584589
584589
584589
584589
584589
584589
584589
584269
584269
584269
584269
584269
584269
584269
584269
584269
584269
584269
584269
584269
584269
584269
584269
583882
583882
583882
583882
583882
583882
583681
583681
583681
583681
583681
583681
583681
583681
583681
583681
583681
583681
583681
583681
583681
583681
583681
579504
579504
579504
579504
579504
579504
579504
579504
579504
579504
579504
579504
579504
579504
579504
579504
579504
579504
579504
579504
579190
579190
579190
579190
579190
579190
579190
579190
577892
577892
577892
577892
577892
577892
577892
574693
574693
574693
574693
574693
574693
574693
574693
574693
574693
574693
574693
574693
574693
574693
574693
574693
574693
574693
572311
572311
572311
572311
572311
572311
572311
572311
572311
572311
572311
572311
572311
572311
572311
571319
571319
571319
571319
571319
571319
571319
571319
571319
571319
571319
571319
571319
571319
571319
571201
571201
571201
571201
571201
571201
571201
571201
571201
571201
571201
571201
571201
571201
571201
571201
569706
569706
569706
569706
569706
569706
569706
569706
569706
569706
569706
569706
569706
569706
569706
569706
569706
569706
569706
568521
568521
568521
568521
568521
568521
568521
568521
568521
568521
568521
568521
568521
568521
568521
568521
565726
565726
565726
565726
565726
565726
565726
565726
565726
565726
565726
565726
565726
565726
565726
565726
565726
565726
565726
565726
565505
565505
565505
565505
565505
565505
565505
565505
565505
565505
565505
565505
565505
565505
564223
564223
564223
564223
564223
564223
564223
564223
564223
564223
564223
564223
564223
564223
564223
564223
564223
564223
563087
563087
563087
563087
563087
563087
563087
563087
563087
563087
563087
563087
563087
563087
562333
562333
562333
562333
562333
562333
562333
562333
562333
562333
562333
561260
561260
561260
561260
561260
561260
561260
561260
561260
561260
561260
561260
561260
561260
561260
561260
561260
561260
561260
561260
560651
560651
560651
560651
560651
560651
560651
560651
560651
560651
560651
559928
559928
559928
559928
559928
559928
559928
559928
559928
559928
559928
559928
559928
559928
559928
559928
559928
559928
559928
559928
559225
559225
559225
559225
559225
559225
558988
558988
558988
558988
558988
558988
558988
558988
558988
558988
558988
558988
558988
558988
558988
558988
558988
558988
558247
558247
558247
558247
558247
558247
555085
554247
554247
554247
554247
554247
554247
554247
554247
554247
554247
554247
554247
554247
554247
553003
553003
553003
553003
553003
553003
553003
553003
553003
553003
553003
553003
553003
553003
553003
553003
553003
553003
553003
552202
552202
552202
552202
552202
552202
552202
552202
550214
550214
550214
550214
550214
550214
550214
550214
550214
550214
550214
550214
550214
548616
548616
548616
548616
548616
548616
548616
548616
548616
548616
548616
548616
548616
548616
548616
548616
548616
548616
546508
546508
546175
546175
546175
546175
546175
546175
546175
546175
546175
546175
546175
546175
546175
546175
546175
544971
544971
544971
544971
544971
544971
544971
544971
544971
544971
544971
544971
544971
544355
544355
544355
544355
543717
543717
543717
543717
543717
543717
543717
543717
543717
543717
543447
543447
543447
543447
543447
543447
543447
543447
543447
542251
542251
542251
542251
542251
542251
542251
542251
542243
542243
537719
537719
537719
537719
535799
535799
535799
535799
535799
535799
535799
535799
535799
535799
535799
535799
535799
533046
533046
533046
533046
532238
532238
532238
532238
531607
531607
531607
531607
531607
531607
531607
531607
531607
531607
531607
531607
531607
531607
527829
527829
522737
522737
522737
522737
522737
522737
522737
522737
522737
522737
522737
522737
522737
522737
522737
522737
522737
522737
522355
522355
522355
522355
522355
522355
522355
522355
522355
522355
522355
522355
522355
522355
522355
522355
521480
521480
521480
521480
521480
521480
521480
521480
521480
521480
521480
521480
521480
521480
515354
515354
515354
515354
515354
515354
515354
515354
515354
515354
515354
515354
515354
513495
513495
513495
513495
513495
513495
513422
513422
513422
513422
513422
513422
513422
513422
513422
513422
513422
513422
513422
513422
513422
513395
513395
511755
510867
510867
510867
510867
510867
510867
510867
510867
510867
505951
505951
505951
505951
505951
505951
505951
505951
505951
505951
505951
505951
505951
502561
502561
502561
502561
502561
502561
502561
502561
502561
502561
502561
502561
502108
502108
502108
502108
502108
500977
500977
500210
500210
500210
500210
500210
500210
500210
500210
500210
500210
500210
500210
500210
500210
500210
500210
500210
500210
499109
499109
499109
499109
499109
499109
499109
499109
499109
499109
499109
499109
499109
499109
499109
497982
497982
497982
497982
497982
497982
497982
497982
497982
497982
497982
497982
497982
497982
497982
497982
497982
497982
497069
497069
497069
497069
497069
497069
497069
497069
497069
497069
497069
497069
497069
497069
497069
496692
496692
496692
496692
496692
496692
496692
496692
496692
496692
496692
496692
496692
496692
496625
496625
496625
496625
496625
496625
496625
496625
496625
496625
496625
496625
496625
496625
496625
496154
496154
496154
496154
496154
496154
496154
496154
496154
496154
496154
496154
496154
496154
496154
496154
495706
495706
495706
495706
495706
495706
495706
495706
495706
495706
495706
495706
495706
495291
495291
495291
495291
495291
495291
495291
490253
490253
490253
490253
490253
490253
490253
490253
490253
490253
489888
489888
489888
489888
489888
489888
489888
489888
489888
489888
486000
486000
486000
486000
486000
486000
486000
486000
486000
486000
486000
486000
486000
486000
486000
484075
484075
484075
484075
484075
484075
484075
484075
484075
484075
484075
484075
484075
484075
484075
484075
484075
484075
484075
478574
478574
478574
478574
478574
478574
478574
478574
478574
478574
478574
478574
478574
478574
478574
478574
478574
478574
478574
478574
477457
477457
477184
477184
477184
477184
477184
477184
477184
477184
477184
477184
477184
477184
477184
477184
477184
477184
477184
477184
476868
476868
476159
476159
476159
476159
476159
476159
476159
476159
476159
476159
476159
476159
476159
476159
476159
476159
476159
476159
471018
471018
471018
471018
471018
471018
471018
467805
467805
467805
467805
467805
467805
467805
467805
467805
467805
467805
467805
467805
467097
467097
467097
467097
467097
467097
467097
467097
467097
467097
466141
466141
466141
466141
466141
466141
466141
466141
466141
466141
466141
466141
466141
466141
466141
466141
463443
463443
463443
463443
463443
463443
463443
463443
463443
463443
463443
463443
462514
462514
461294
461294
461294
461294
461294
461294
461294
461294
461294
461294
461294
461294
461294
461294
458452
458452
458452
458452
458452
458452
458452
458452
458452
458452
458452
458452
458452
458452
458452
455684
455684
455684
455684
455684
453396
453396
453396
453396
453396
453396
453396
453396
453396
453396
453396
453396
453396
453396
453396
453396
453137
453137
453137
453137
453137
453137
453137
453137
453137
452648
452648
452648
452648
452648
452648
452648
452648
452648
452648
452648
452648
452648
452391
452391
452391
452391
452391
452391
452391
452391
452391
452391
452391
452391
452391
452391
452391
452391
452391
452391
452391
452391
451195
451195
451195
451195
451195
451109
451109
451109
451109
451109
451109
451109
451109
451109
451109
451109
451109
451109
451109
451109
448528
448528
448528
448528
448528
448528
448528
448528
447000
447000
447000
447000
447000
447000
447000
445740
445740
445740
445740
445740
445740
445740
445740
445740
444093
444093
444093
443918
443918
443918
443918
443918
443918
443918
442418
442418
439379
439379
439379
439379
439379
439379
439379
439379
439379
439379
439379
439379
439379
439379
439379
439379
439379
438467
438467
438467
438467
438467
438467
438467
438467
438467
438467
438467
438467
438467
438467
438467
438467
438256
438256
438256
438256
438256
438256
438256
438256
438256
438256
438256
438256
438256
438256
438256
438256
438256
438256
438256
434978
434978
434978
434978
434978
434978
434978
434978
434978
434978
434978
434978
434978
434256
433264
433264
432124
432124
432124
432124
432116
432116
432116
432116
430881
430881
430881
430881
430881
430881
430881
430881
430881
430881
430881
430881
426328
426328
426328
425714
425714
425714
425714
425714
425714
425714
425714
425714
425714
425714
425714
425139
425139
425139
425139
425139
425139
425139
425139
425139
425139
425139
425139
425139
425139
425139
425139
425139
423112
423112
423112
423112
423112
423112
423112
423112
422840
422840
422840
422840
422840
422840
422840
422840
422840
422840
422840
422840
420856
420856
420856
420856
420856
420856
420856
420856
420856
420856
420856
420849
420849
420849
420849
420849
420849
420849
420849
420849
420849
420849
420849
420849
420849
419700
419700
419700
416834
415344
415344
415344
415344
415344
415344
415344
415344
415344
415344
412880
412880
412880
412880
412880
412880
412880
412880
412880
412880
412880
411732
411732
411233
411233
411233
411233
411233
411233
411233
411233
411233
411233
411233
411233
409020
409020
409020
409020
409020
409020
409020
409020
409020
409020
409020
407345
407345
407345
407345
407345
407345
407345
407345
407345
407345
407345
407345
407345
401319
401319
401319
401319
401319
401319
401319
401319
401319
401319
401319
401319
401319
401319
401319
401319
399404
399404
399404
399404
399404
399404
399404
399360
399360
399360
399360
399360
399360
399360
399360
399360
399360
398012
398012
398012
398012
398012
398012
398012
397714
397714
397714
397714
397714
397714
397714
397714
397714
397714
397714
397714
397714
397714
397714
396389
396389
396389
396389
396389
396389
396389
396389
396389
395820
395820
395820
395820
395820
395820
395820
395820
395820
395820
395820
395820
394062
394062
394062
394062
394062
394062
394062
394062
394062
394062
394062
394062
394062
394062
394062
394062
391786
391786
391786
391786
391786
391786
391786
391786
391786
391786
391786
391786
391786
391786
391786
391786
391786
389267
389267
389267
389267
389267
389267
389267
388532
388532
386875
386875
386875
386564
386564
386564
386564
386564
386564
386564
386564
386564
386564
386564
386564
386037
386037
386037
386037
386037
386037
386037
386037
386037
386037
384452
384452
384452
384452
384452
384452
384452
384452
384452
384452
384452
384452
384452
384452
384452
383123
383123
383123
383123
383123
383123
383123
383123
383123
383123
383123
383123
382807
382807
382807
382807
382807
382807
382233
382233
379245
379245
379245
379245
378992
377466
377466
377466
377466
377466
377466
377466
377466
377466
377157
377157
377157
377157
377157
377157
377157
377157
377157
377157
377157
377157
377157
377157
377157
377157
377157
375794
375794
375794
375794
375794
375794
375794
375794
375794
375794
375794
375794
375794
375794
375794
375794
375794
375794
370799
370799
370799
370799
366930
366930
366930
366930
366930
366930
366930
366642
366642
366642
366642
366642
366642
366561
366561
366561
366561
366561
366561
366561
366561
366561
366561
366561
366561
366561
366561
366559
366559
366559
366559
366559
366559
365648
365648
365648
365648
365648
365648
365648
362129
362129
362129
351430
351430
351430
351430
351430
351430
351430
351430
351430
351430
351430
351430
351430
351430
351430
349920
349920
349920
349920
349920
349920
349920
349920
349920
349920
349920
349920
349920
349920
349920
349920
349920
349920
349920
349920
348410
348410
348410
348410
348341
348341
348341
348341
348341
348341
348341
348341
348341
348341
348341
348341
343682
343682
343682
343682
343682
343682
342944
342944
341743
341743
341743
341743
341743
341743
341743
341743
341743
341743
341743
341633
341633
341633
341633
341633
341633
341633
341633
341633
341633
341633
341633
341633
341633
341633
341633
341633
341633
338930
338930
338930
338930
338930
338930
338930
338930
338930
338930
338181
338181
338181
338181
338181
338181
338181
338181
338181
338181
338181
338181
338181
338181
338181
335822
335822
335822
335822
331079
331079
331079
331079
331079
331079
331079
331079
331079
331079
331079
331079
331079
331079
331079
331079
330217
330217
330217
330217
330217
330217
330217
330217
330217
330217
330217
329887
329887
329887
329887
329887
329887
329887
329562
329562
329562
329562
329562
329562
329562
329562
329562
329562
329562
329562
329562
329562
328122
328122
328122
328122
328122
328122
328122
328122
328122
328122
327210
327210
327210
327210
327210
325637
325637
325637
325637
325637
325637
325637
325637
325637
325637
325637
324391
324391
324391
324391
324391
324391
324257
324257
324257
324257
322994
322994
322994
322994
322994
322994
322994
322994
322994
320960
320960
320960
320960
320960
320960
320960
320960
320960
320960
320960
320960
320960
320960
320960
320960
320960
320960
320960
320687
320687
320687
320687
320687
320687
320687
320687
319210
319210
319210
319210
319210
319210
319210
319210
319210
319005
319005
316901
316901
316901
316901
316901
316901
314919
314919
314919
314919
314919
314919
314919
314919
314919
312735
312735
312735
312735
312735
312735
312735
312735
312735
312735
312735
312735
312735
311814
311814
311814
311814
311814
311814
311814
311814
311814
311814
311814
311814
308112
308112
308112
308112
308112
308112
308112
308112
308112
308112
307110
307110
307110
307110
307110
306312
305354
305354
305354
305354
305354
305354
305354
305354
305354
305354
305354
305354
305354
305354
305354
305354
305354
305354
305354
305354
305280
305280
305280
305280
305280
305280
305280
305280
305280
305280
305280
305280
305280
305280
305280
305280
305280
305280
305280
304124
304124
304124
304124
304124
304124
304124
304124
304124
304124
304124
304124
304124
304124
304124
300958
300958
300958
300958
300958
300958
300958
300958
300958
300958
300958
300958
300958
300958
300050
300050
300050
300050
300050
300050
300050
300050
300050
300050
300050
300050
300050
300050
300050
300050
300050
300050
298059
298059
298059
298059
298059
298059
298059
298059
298059
298059
298059
298059
298059
298059
298059
298059
296887
296887
296887
296887
296887
296887
296887
296887
296887
294489
294489
294489
294489
294489
291515
291515
291515
291515
291515
291515
291515
291515
291515
291515
291515
291515
291515
291515
291515
291515
291515
291515
291515
291515
287529
287529
287529
287529
287529
287529
287529
287529
287529
287529
287529
287529
287529
286674
284588
284588
284588
284588
284588
284588
284088
284088
284088
284088
284088
284088
284088
284088
284088
284088
284088
284088
284088
280280
280280
280280
280280
280280
280280
280280
280280
280280
280280
280280
280280
280280
280280
280280
280049
280049
280049
280049
280049
280049
280049
280049
280049
280049
280049
280049
280049
280049
280049
280049
280049
280049
279021
279021
279021
279021
279021
279021
279021
279021
279021
279021
279021
279021
279021
279021
279021
279021
279021
279021
279021
278654
278654
278654
278654
278654
278654
278654
278577
278577
278577
278577
278577
278577
278577
278577
278577
278577
278577
278577
278577
278577
277322
277322
277322
277322
277322
277322
277322
277322
274225
272427
272427
272427
272427
272427
272427
272427
272427
272427
272427
271310
271310
271310
271310
271310
271310
271310
271310
271310
271310
271310
271310
271310
271310
271310
271310
270906
270906
270906
270906
270906
270906
270906
270906
270050
270050
269890
269705
269705
269705
269705
269705
269705
269705
269705
269705
269705
269705
269705
269705
269705
269211
269211
269211
266908
266279
266279
266279
266279
266279
266279
266279
266279
266279
266279
266279
265938
265938
265876
265876
265876
265876
265876
265876
265876
265876
265876
263798
263798
263798
263798
263798
263798
263798
263798
263798
263798
263798
263798
263798
263798
263798
263798
263798
263798
262524
262524
262524
262524
262524
262524
262524
262524
262524
261272
261272
261272
261272
256486
256486
256486
256486
256486
256486
256486
256486
256486
256486
256486
256486
256486
256486
256486
256486
256486
256486
256486
255797
255797
255797
255797
255797
255797
254848
254848
254848
254848
254848
254848
254848
254848
253036
253036
253036
253036
253036
253036
253036
253036
253036
253036
253036
253036
253036
253036
253036
253036
253036
249463
249463
249463
249463
249463
249463
249463
249463
249463
249463
249463
249463
249463
249463
249463
249463
249463
249463
249463
247736
247736
247736
247736
247736
247736
247736
247736
247736
247736
247736
247736
247736
247736
247736
242961
242961
242961
242961
242961
242961
240545
240545
240545
240545
240545
240545
240545
240545
240545
240545
239263
239263
239263
239263
239263
239263
239263
239263
239263
239263
239263
239263
239263
239263
236129
236129
236129
236129
236129
236129
236129
236129
236129
236129
236129
236129
236129
236129
236129
236129
236129
236129
235757
235757
235757
235757
235757
235757
235757
235695
235695
235695
235695
235695
235695
235695
235695
235695
235695
235695
235152
235152
235152
235152
235152
235152
235152
235152
235152
235152
235152
234018
234018
234018
233655
233655
233655
228437
228437
228437
228437
228437
228437
228437
228437
228437
228437
228437
228437
228437
228437
228437
228437
228437
228437
228437
226861
226861
226861
226861
226861
226861
226861
226861
226861
226861
226861
226861
226861
226861
226861
226861
226611
226611
226611
226611
226611
226611
226611
226611
226611
226611
226611
226611
226611
226611
226611
226611
226611
225746
225746
225746
225474
225474
225474
225474
225474
225474
225474
225474
225474
225474
225474
225474
225474
225474
225474
225474
223281
223281
219966
219966
219966
219966
219966
219856
219856
219856
219856
219856
219856
219856
219856
219856
219856
219856
219856
213864
213864
213864
213864
213864
213864
213864
213864
213864
213864
213864
213864
213864
208924
208924
208924
208924
208924
208924
208924
208924
208924
205536
205536
205536
205536
205536
205536
205536
205536
205536
205536
205536
205536
205536
205536
205536
205536
204979
204979
204979
203709
202040
202040
202040
202040
202040
202040
202040
202040
202040
202040
202040
201717
201717
201717
201717
201717
201717
201717
201717
201717
201717
201717
201089
201089
201089
201089
201089
201089
201089
201089
201089
201089
201089
201089
201089
201089
201089
201089
201089
201089
201089
201089
200856
200856
200856
200856
200856
200856
200856
200856
200856
200856
200856
200856
200856
200856
200856
200856
