2697
1500000
999734
999734
999734
999734
999734
999734
999734
999734
999734
999734
999734
999734
999734
999734
999734
995291
995291
995291
995291
995291
995291
995291
995291
995291
995291
995291
995291
995291
995291
995291
995291
995291
995291
995291
993672
993672
993672
993672
993672
993672
993672
993672
993672
993672
993672
993672
993672
993672
993672
993672
993672
993672
993672
993672
989555
989555
989555
989555
989555
981463
981463
981463
981463
981463
981463
981463
981463
981463
981463
981463
981463
981463
981463
981463
981463
981463
981463
981463
981463
980563
980563
980563
980563
980563
980563
980563
980563
980563
980563
980563
980563
980563
980563
980563
979054
979054
979054
979054
977141
977141
977141
977141
977141
977141
977141
977141
977141
977141
977141
977141
977141
977141
977141
977141
977141
976318
976318
976318
976318
976318
976318
976318
976318
976318
971407
971407
971407
971407
971407
971407
971407
971407
971407
971407
971407
971407
971407
971407
971407
971407
971407
971407
971407
971407
970172
970172
970172
970172
970172
970172
970172
970172
970172
970172
970172
970172
970172
970172
970149
970149
970149
970149
970149
970149
970149
970149
970149
970149
970149
970149
970149
970149
970149
970149
970149
970149
964777
964777
964777
964777
964777
964777
964777
964777
953752
953752
953752
953752
953752
953752
953752
953752
953752
953752
953752
953752
953752
953752
953752
953752
951992
951992
951992
951992
951992
951992
951992
951992
951992
951992
951992
951992
951992
951992
951992
951992
951992
951992
950694
950694
950694
950694
950694
950694
950694
950694
950694
950694
950694
950694
950694
950694
950694
950694
950694
950694
950694
950635
950635
950635
950635
950635
950635
950635
950635
950635
950635
950635
950635
950635
950635
950635
950635
945802
945802
945802
945802
945802
945802
945802
945802
945802
945802
945802
945802
945802
945802
945802
945802
945802
945802
945802
943347
943347
943347
943347
943347
940518
940518
940518
940518
940518
940518
940518
940518
940518
940518
940512
940512
940512
940512
940512
940512
940512
940512
940512
939332
939332
939332
939332
939332
939332
939332
939332
939332
939332
939332
939332
939332
939332
939332
939332
936797
936797
918150
918150
918150
918150
918150
918150
918150
918150
918150
918150
918150
918150
918150
918150
918150
918150
918150
916625
916625
916625
916625
916567
916567
916567
916567
916567
916567
916567
916567
916567
916567
916567
916567
916567
916567
916567
916567
916567
916567
910963
910963
910963
910963
910963
910963
910963
910369
910369
910369
910369
910369
910369
902613
902613
902613
902613
902613
902613
902613
902613
902613
902613
902613
902613
902613
902613
902613
901012
901012
901012
901012
901012
901012
901012
901012
901012
901012
901012
901012
901012
901012
901012
901012
901012
901012
901012
898860
898860
898860
898860
898860
898860
898860
898860
898860
898860
898860
898860
898860
898860
898860
898860
898860
898860
895273
895273
895273
895273
895273
895273
895273
895273
895273
895273
895273
895087
895087
895087
895087
895087
895087
895087
895087
895087
895087
895087
895087
895087
895087
895087
895087
895087
895087
895087
892208
892208
892208
892208
892208
892208
892208
892208
892208
892208
892208
892208
890623
890623
890623
890623
890623
890623
890623
890623
890623
890623
890623
888461
888461
888461
888461
883352
883352
883352
883352
883352
883352
883352
883352
883352
883352
883352
883352
883352
883352
883352
883352
883352
883352
883352
883352
878687
878687
878687
878687
878687
878687
878687
878687
878687
878687
878687
878687
878687
878687
878687
878687
878687
878687
878687
878687
876591
876591
876591
876591
876591
876591
876591
876591
876591
876591
876591
876591
876591
876591
876591
875302
875302
874129
874129
874129
874129
874129
874129
874129
874129
874129
874129
864597
864597
864597
864597
864597
864597
864597
864597
864597
864597
864597
864597
864597
864597
864597
864597
864597
864597
864597
857278
857278
857278
857278
857278
857278
854774
854774
854774
854774
854774
854774
854774
854774
854774
854774
854774
854774
854774
854774
854774
847718
847718
847718
847718
847718
847718
847718
847718
847718
847718
847718
847718
847718
845459
845459
845459
845459
845459
845459
833218
833218
832528
832528
832528
832528
832528
832528
832528
832528
832528
832528
832528
832528
832528
823823
823823
823823
823823
823823
823823
823823
823823
823823
823823
823823
823823
823823
823823
823823
823823
823823
823823
823823
823823
823687
823687
823687
823687
823687
823687
823687
823687
823687
823687
823687
823687
823687
823687
823687
823345
823345
823345
823345
823345
823345
823345
823121
823121
823121
823121
823121
821249
821249
821249
821249
821249
821249
821249
821249
821249
821249
821249
821249
821249
819002
819002
819002
819002
819002
819002
819002
819002
819002
819002
819002
819002
819002
819002
819002
819002
810566
810566
810566
810566
808743
808743
808743
808743
808743
808743
801995
801995
801995
801995
797206
797206
797206
797206
797206
797206
797206
797206
797206
797206
797206
797206
797206
794057
794057
794057
794057
794057
794057
794057
794057
794057
794057
794057
794057
778524
778524
778524
778524
778524
778524
778524
778524
778524
778524
778524
773199
773199
773199
773199
773199
773199
773199
773199
773199
773199
773199
773199
773199
773199
773199
773199
773199
770367
770367
770367
770367
770367
770367
770367
770367
770367
770367
770367
769699
769699
769699
769699
769699
769699
769699
769489
769489
769489
769489
769489
769489
769489
769489
769489
769489
769489
769489
769489
769489
769489
763523
763523
763523
763523
763523
763523
763523
763523
763523
763523
763523
763523
763523
761600
761600
761600
761600
761600
761600
761600
761600
761600
761600
761600
761600
756433
756433
756433
756433
756433
756433
756433
756433
756433
756433
756433
748921
748921
748921
748921
748921
748921
748921
748921
748921
748921
748921
748921
748921
748921
748626
744586
744586
744586
744586
744586
744586
744586
744586
744586
743678
743678
743678
743678
743678
743678
743678
743678
743678
738516
738516
738516
738516
738516
738516
738516
738516
738516
738516
738516
738516
737252
737252
737252
737252
737252
737252
737252
737252
737252
737252
736186
736186
736186
736186
736186
736186
736186
736186
734513
734513
732687
732687
732687
732687
732687
732687
732687
732687
732687
732687
732249
732249
732249
732249
732249
732249
732249
732249
732249
732249
732249
732249
732249
729410
729410
729410
728594
728594
728594
728594
728594
728594
728594
728594
728594
728594
728594
728594
728594
727610
727610
727610
727610
727610
725997
712006
712006
712006
712006
711350
711350
711350
709428
709428
709428
709428
709428
709428
709428
709428
709428
709428
709428
709428
709428
709428
709428
709428
709428
699264
699264
699264
699264
699264
699264
699264
699264
699264
699264
699264
699264
699264
699264
699264
699264
696793
696793
696793
696793
696793
696793
696793
696793
696793
696793
696793
696793
696395
696395
696395
696395
696395
696395
696395
696395
696395
696395
696395
696395
696395
696395
696395
696395
696395
696395
696395
696350
696350
696350
696350
696350
696350
696350
689055
689055
689055
686138
686138
686138
686138
686138
686138
686138
686138
686138
686138
686138
686138
686138
686138
686138
686138
686138
684320
684320
684320
684320
684320
680732
680732
680732
680732
680732
680732
680732
680732
680732
680732
680732
680732
680732
680732
680732
680732
680732
680732
679664
679664
679664
679664
679664
679664
679664
679664
679664
679664
679664
679664
679664
679664
679664
669866
657845
657845
657845
657845
657845
657845
657845
657845
657845
657845
657845
657845
657845
657845
657845
657845
657845
657845
657845
657845
649350
649350
649350
649350
649350
649350
649350
649350
649350
649350
649350
649350
649350
649350
649350
649350
648000
648000
648000
648000
648000
648000
648000
648000
644925
644925
644925
644925
644925
644925
644925
638236
638236
638236
638236
638236
638236
638236
638236
630346
630346
630346
630346
630346
630346
630346
630346
630346
630346
630346
630346
630346
630346
630346
627068
627068
627068
627068
627068
627068
627068
627068
627068
627068
627068
627068
627068
627068
627068
627068
622839
622839
622839
622839
622839
622839
622839
622839
622839
622839
622839
622839
622839
622839
622839
622839
622839
622839
621526
621526
621526
621526
621526
621526
621526
621526
621526
621526
621526
621526
621526
620430
620430
620430
620430
620430
620430
620430
620430
620430
620430
620430
620430
620430
620430
620430
620430
620430
620430
615416
615416
611338
606276
606276
606276
606276
606276
605214
605214
605214
605214
605214
605214
605214
605214
605214
605214
605214
605214
605214
605214
605214
605214
605214
605214
605214
603187
600640
600640
600640
600640
600640
600640
600009
600009
600009
600009
600009
600009
600009
600009
600009
600009
593276
593276
586814
586814
586814
586814
586814
586814
586814
586814
586814
586814
586814
584676
584676
584676
584676
584676
584676
584676
584676
584676
584676
584676
584676
584676
584676
584676
584676
584676
582800
582800
582800
582800
582800
582800
582800
582800
582800
582800
582800
579007
579007
579007
579007
579007
579007
579007
579007
579007
579007
579007
579007
579007
578182
578182
578182
578182
578182
578182
570550
570550
570550
569844
569844
569844
569844
569844
569844
569844
569844
569844
567250
567250
567250
567250
567250
567250
567250
567250
567250
567250
567250
567250
567250
566119
566119
566119
566119
566119
566119
566119
566119
566119
566119
566119
566119
566119
566119
566119
566119
559644
559644
559644
559644
559644
559644
559644
559644
559644
559644
559644
559644
554204
554204
554204
554204
554204
554204
554204
554204
553243
553243
553243
553243
553243
553243
553243
553243
553243
553243
553243
553243
553243
553243
553243
553243
553243
553243
553243
553243
551903
551555
551555
551555
551555
551555
551555
551555
551555
551555
551555
551555
551555
550662
550662
550662
550662
550662
550662
550662
550662
550662
550662
550662
550662
545234
545234
545234
545234
545234
545234
545234
545234
544444
543899
543899
543899
543899
543899
543899
543899
543899
543899
543899
543899
543899
543899
543899
543899
543899
541881
541881
541881
541881
541881
541541
541541
541541
541541
541541
541541
541541
541541
541541
533350
533350
533350
533350
533350
533350
533350
533350
533350
533350
533350
533350
533350
533350
533350
524600
524600
524600
524600
524600
524600
524600
524600
524600
523155
523155
523155
523155
523155
523155
523155
523155
523155
523155
521739
518655
518655
518655
518655
518655
518655
518655
518655
518655
518655
518655
518655
518655
517604
517604
517604
517604
517604
517604
517604
517604
517604
517604
517604
517604
516682
516682
515623
515623
515623
515623
515623
515623
515623
515132
515132
515132
515132
515132
514657
514657
514657
514657
514657
514657
514657
514657
514657
514657
514657
514657
513096
508482
508482
508482
508482
508482
508482
508482
508482
508482
508482
508482
508482
508482
508482
508482
508482
507533
507533
507533
507533
507533
507533
507024
507024
507024
507024
507024
507024
507024
507024
504500
504500
504500
504500
504500
504500
504500
504500
504500
504500
504500
504500
504500
504500
504500
504500
504500
504500
504500
504087
504087
504087
504087
504087
504087
504087
504087
504087
504087
504087
504087
504087
504087
504087
504087
504087
504087
504087
504087
503277
503277
503277
503277
503277
503277
503277
503277
503277
503277
503277
503277
503277
503277
503277
503277
503277
503277
499382
499382
499382
499382
499382
499382
499382
499382
499382
499382
499382
499382
499382
499382
499382
499382
499382
499382
496736
496736
496736
496736
496736
496736
496736
496736
496736
496736
496736
496736
488967
488967
488967
488967
488967
488967
488967
488967
488967
488967
488967
488967
488967
488967
488967
488967
488967
488967
484484
484484
484484
484484
484484
484484
484484
484484
484484
484484
484484
484484
484484
484484
484484
484484
484484
484484
482818
482818
482818
482818
482818
482818
482818
482818
482818
482818
482818
482818
482818
482818
482818
482818
482818
482818
482756
482756
482756
482756
482756
482756
482756
482756
480740
480740
480740
480740
480638
480638
480638
480003
480003
480003
480003
480003
480003
480003
480003
480003
480003
480003
480003
480003
475233
475233
475233
475233
475233
475233
475233
475233
475233
475233
475233
475233
475233
475233
475233
475233
475233
467985
467985
467985
467985
467985
467985
467985
467985
467985
467985
467985
467985
467985
467985
467985
467985
467985
467985
467985
467985
464694
464694
464694
464694
464694
464694
464694
464694
464694
464694
464694
464694
464694
464694
464694
464638
464638
464638
464638
464638
464638
464638
464638
464638
464638
464638
464638
464638
464638
464638
460697
460697
460697
460697
460697
460697
460697
460697
460697
460697
460656
460656
460656
460656
460656
460656
460656
460533
460533
460533
460533
460533
460533
460533
460533
460533
460533
460533
460533
460533
460533
460533
459493
459493
459493
459493
455485
453981
453981
448127
448127
448127
448127
448127
448127
448127
448127
448127
445535
441858
441858
441858
441858
441858
441858
441858
441858
441858
441858
441858
441858
441858
441858
439777
439777
439777
439777
439777
439777
439777
439777
433920
433920
433920
433920
433920
433920
433920
433920
433920
430541
430541
430541
430541
430075
430075
430075
428096
428096
428096
427375
427375
427375
427375
427375
427375
427375
427375
427375
427375
427375
427375
427375
427375
427375
427006
427006
427006
427006
427006
427006
426830
426830
426830
426830
426830
426830
426830
419131
419131
419131
419131
419131
419131
419131
419131
419131
419131
419131
419131
419131
419131
419131
419131
419131
418165
418165
418165
418165
418165
418165
418165
418165
418165
418165
418165
418165
418165
418165
418165
413554
412518
412518
412518
412518
412518
412518
412518
412518
412518
412518
412518
412518
412518
412518
412518
412518
412518
412518
412518
412518
407233
407233
407233
407233
407233
407233
407233
407233
407233
407233
407233
407233
407233
407233
403324
403324
397925
397925
397925
397925
397925
397925
397925
397925
397925
397925
397925
397925
397925
397925
397925
397925
394899
394899
394899
394899
394899
394899
394899
394899
387743
387743
387743
387743
387743
387743
387743
387743
387743
387743
379366
379366
379366
379366
379366
379366
379366
379366
376582
376582
376582
376582
376582
376582
376582
376582
376582
376582
376582
376582
376582
375186
375186
375186
375186
375186
375186
375186
374115
374115
374115
374115
374115
374115
374115
374115
374115
373236
373236
373236
373236
373236
373236
373236
373236
373236
372832
372832
372832
372832
372832
372832
372832
372832
372832
372832
372832
372832
366249
366249
366249
366249
366249
366249
366249
366249
366249
366249
366249
366249
366249
366249
366249
366249
366249
366249
366249
366249
364989
364989
364989
364989
364989
364989
364989
364989
364989
359403
359403
359403
359403
359403
359403
359403
359403
359403
359403
356456
356456
352226
352226
352226
352226
352226
352226
352226
352226
352226
352226
352226
352226
352226
352226
352226
352226
352226
352226
351490
351490
351490
351490
351410
351410
351410
351410
351410
351410
350116
350116
350116
347633
347633
347633
347633
347633
347633
347633
347633
347633
347012
347012
347012
347012
345684
345684
345684
345684
345684
345684
345684
345327
345327
339308
339308
339308
339308
339308
339308
337714
337714
337714
337714
337714
337714
337714
337714
337714
337714
337714
337714
337714
337714
336661
336661
336661
336661
336257
336257
336257
336210
336210
336210
336210
336210
336210
336210
336210
336210
328407
328407
328407
328407
313275
313275
313275
313275
313275
313275
313275
313275
313275
313275
313275
313275
313275
313275
313275
313275
313275
310383
310383
310383
310383
310383
310383
310383
310383
310383
310383
310383
310383
310383
310383
310383
310383
310383
310383
304206
304206
304206
304206
304206
304206
304206
304206
304206
304206
304206
304206
304206
304206
304206
304206
302410
302410
302410
302410
302410
302410
302410
302410
302410
302410
302410
302410
302410
302410
302410
302410
302410
302410
302410
301067
301067
301067
301067
301067
301067
301067
301067
301067
301067
301067
301067
301067
301067
301067
301067
301067
301067
296018
296018
296018
296018
296018
296018
296018
296018
296018
296018
296018
296018
296018
296018
296018
296018
296018
296018
290690
290690
290690
290690
290690
290690
290690
290690
290690
290690
290690
290690
290690
290690
285739
285739
285739
285739
285739
285739
285739
285739
285739
285739
285739
284905
284905
284905
284905
284905
284905
284905
284905
284905
284905
284905
284905
284905
284905
284905
284905
284905
284905
284905
284905
284516
284516
284516
284516
284516
284516
284516
284516
284516
284516
284516
279728
279728
279728
279728
279728
279728
279728
279728
279728
279728
278694
278694
278694
278694
278694
278694
278694
278694
278694
278694
278694
278694
278694
278581
278581
278581
278581
278581
278581
278581
278581
278581
278581
278581
278581
278581
278581
278581
278581
278581
278581
271452
271452
271452
271452
271452
271408
271408
271408
271408
271408
271408
271408
271408
271408
271408
271408
271408
271408
269881
269881
269881
269881
269881
269881
269881
269881
269881
269881
269881
269881
269881
269881
269881
269881
269881
267622
267622
267622
267622
267622
267622
267622
267622
267622
267622
267622
267622
267622
267622
267622
267622
266127
266127
256219
256219
256219
256219
256219
256219
256219
256219
256219
256219
256219
256219
256219
256219
256219
254539
254539
254539
254539
252563
252563
252563
252563
252563
252563
252563
252563
252563
252563
252563
252563
252563
252563
252563
252563
252563
245493
245493
245493
245493
245493
245493
245493
245493
245493
239739
239739
239739
239739
239739
239739
239739
239739
232301
232301
232301
227816
227816
227816
227816
227816
227816
227816
227816
227816
227816
227816
227816
227816
227816
227816
227816
227816
227084
227084
227084
227084
227084
227084
227084
227084
227084
227084
227084
223629
223629
223629
223629
223629
223629
223629
223629
223629
223629
223629
223629
223629
223629
223629
223629
223629
223629
223629
220916
220916
217267
217267
217267
217267
217267
217267
217267
217267
217267
217267
217267
217267
217267
217267
216063
216063
216063
216063
216063
216063
216063
216063
216063
216063
216063
216063
216063
216063
216063
216063
216063
216063
215096
215096
215096
215096
215061
215061
215061
215061
215061
215061
215061
215061
215061
215061
215061
215061
215061
215061
211496
211496
211496
211496
211496
211496
211074
211074
211074
211074
211074
211074
211074
211074
211074
211074
211074
211074
206214
206214
206214
206214
206214
206214
206214
206214
206214
206214
206214
206214
203653
203653
203653
203653
203653
203653
203653
203653
200575
200575
200575
200575
200575
200575
200575
200575
200575
200575
200575
200575
200575
200481
200481
200481
200481
200481
200481
