2693
1500000
997727
997727
997727
997727
997727
997727
997727
997727
997727
997727
997727
997727
997727
997727
997727
996812
996812
996812
996812
996812
996812
996812
996812
996812
996812
996641
996641
996641
996641
996641
996641
996641
996641
996641
996641
996641
996641
996641
996641
995799
995799
995233
995233
995233
995233
995233
995233
995233
994806
994806
994806
994806
994806
994806
994806
994806
990922
990922
990922
988116
988116
988116
988116
988116
988116
988116
988116
988116
988116
988116
985753
985753
985753
985753
985753
985753
985144
985144
985144
985144
985144
985144
985144
985144
985144
985144
985144
985144
976607
976607
974389
974389
974389
974389
974389
974389
974389
974389
974389
974389
974389
974389
973050
973050
973050
973050
973050
973050
973050
973050
973050
969592
969592
969592
969592
969592
969592
969592
969592
969592
969592
969592
969592
969592
969592
969592
969592
969592
969592
969592
966254
966254
966254
966254
966254
962555
962555
962119
962119
962119
962119
962119
957051
957051
957051
957051
957051
957051
957051
957051
957051
957051
957051
957051
957051
957051
957051
956914
954038
954038
954038
954038
954038
954038
954038
954038
954038
954038
954038
948869
948869
948869
948869
948869
948869
948869
948869
948869
948869
948869
948869
948869
948869
948869
948869
935288
935288
935288
935288
935288
935288
935288
935288
935288
935288
935288
935288
935288
930188
930188
930188
930188
930188
930188
930188
930188
930188
930188
930188
930188
930188
930188
930188
930188
930188
930188
930188
930188
928135
926401
926401
926401
922895
922895
922895
922895
922895
922895
922895
921939
921939
921939
921939
921939
921939
921939
921939
921939
921939
921939
921343
921343
921343
921343
921343
921343
921343
921343
921343
921343
921343
921343
903457
903457
901546
901546
901546
901546
901546
897698
897698
897698
897698
897698
897698
897698
897698
897698
897698
897698
897698
897698
897698
897698
897698
897698
897698
895312
895312
895312
895312
895312
895312
895312
895312
895312
895312
895312
895312
895312
895312
895312
895312
895312
895312
895312
895312
885995
885995
885995
885995
885995
885995
885995
885995
885995
885995
885995
885995
885995
885995
885995
885995
885995
885995
885995
885829
885829
885829
885829
885829
885829
885829
885829
885829
885829
885829
885829
885829
885829
885829
885829
885829
885829
885829
885829
884042
884042
884042
884042
884042
884042
884042
884042
884042
884042
884042
884042
884042
884042
884042
884042
884042
884042
884042
883943
883943
883943
883943
883943
883943
883943
883943
883943
883943
883943
883943
883943
883943
883943
883943
883943
883838
883838
883838
883838
883838
883838
879095
879095
879095
879095
879095
879095
879095
879095
879095
878877
878877
878877
878877
878877
878877
878877
878877
878877
878877
878877
878877
878877
878877
878877
870924
870924
870924
870924
870924
870924
870924
870924
870924
870924
870924
870924
862467
862467
862467
862467
859011
859011
859011
859011
859011
859011
859011
859011
859011
859011
859011
859011
856496
856496
856496
856496
856496
856496
856496
856496
856496
856496
856496
856496
856496
856496
856496
856496
856496
856496
855953
855953
855953
854758
854758
854758
854758
854758
854758
854758
854758
854758
854758
854758
854758
853439
853439
853439
853439
853288
853288
853288
853288
853288
853288
853288
853288
853288
853288
853288
853288
853288
853288
853288
853288
853288
849825
849825
849825
849825
849825
849825
849825
849825
849825
849164
849164
849164
849164
849164
849164
849164
848728
848728
848728
848728
848728
848728
848728
848728
848728
848728
848728
848728
848728
848728
848728
848728
848728
848728
847699
847699
846155
846155
846155
846155
846155
846155
846155
846155
846155
846155
846155
846155
844077
844077
844077
844077
844077
844077
844077
844077
844077
844077
844077
844077
844077
844077
844077
844077
843635
843635
843635
843635
843635
843635
843635
843635
843635
843635
843635
843635
840325
840325
840325
840325
840325
840325
840325
840325
840325
840325
831221
831221
831221
831221
831221
831221
831221
831221
831221
831221
831221
830037
830037
830037
830037
830037
830037
830037
830037
830037
830037
830037
830037
830037
830037
830037
830037
830037
827172
827172
827172
827172
827172
827172
827172
827172
827172
827172
827172
827172
827172
827172
826799
826799
824640
824640
824640
824640
824640
818553
818553
818553
818553
818553
818553
818553
818553
818524
818524
818524
818524
818524
818524
818524
818524
818524
818524
818524
818524
814471
814471
814471
814471
814471
814471
814471
814471
814471
814471
814471
814471
814471
814471
814471
814471
814471
814471
814471
814373
814373
814373
814373
814373
814373
814373
814373
814373
814373
814373
814373
814373
814373
814373
814373
814373
814373
811901
811901
811901
811901
811901
811901
811901
811901
811901
811901
811901
811901
811901
811901
807238
807238
807238
807238
807238
807238
807238
807238
807238
807238
807238
807238
807238
807238
807238
807238
807238
807238
805738
805738
805738
805738
800905
800905
800905
799557
799557
799557
796003
796003
796003
796003
796003
796003
796003
796003
796003
796003
796003
796003
796003
796003
796003
790867
790867
790867
790867
790867
790867
790867
790345
790345
790345
790345
790345
790345
790345
790345
790345
790345
790345
790345
790345
790345
790345
786262
786262
784302
784302
784302
784302
784302
784302
784302
784302
784302
784302
784302
784302
780682
780682
780682
780682
780682
780682
778025
778025
778025
778025
778025
778025
778025
776382
776382
776382
776382
776382
776382
776382
776382
776382
776382
776382
776382
775164
775164
775164
775164
775164
775164
775164
775164
775164
775164
775164
775164
775164
775164
775164
775164
775164
775164
769078
769078
768346
768346
768346
768346
768346
768346
768346
768346
768346
768346
768346
768346
768346
768346
768346
768346
768346
768346
768346
767002
767002
767002
767002
767002
767002
764550
764550
764550
764550
764550
764550
764550
764550
764550
764550
764550
764550
764550
764550
764550
764550
764550
764550
764550
762939
762939
762939
762939
762939
762939
762939
762939
762939
762939
762939
762939
762939
762939
762939
762939
762939
762939
762939
749755
749755
749755
749601
749601
749601
749601
749601
749601
749601
749601
749601
749601
749601
749601
743818
743378
743378
743378
743378
743378
743378
743378
743378
743378
743378
743378
743378
742722
742722
742722
742722
742722
742722
742722
742722
742722
742722
742722
742722
742722
742722
738819
723679
723547
723547
723547
723547
723547
723547
723547
723547
723547
723547
723299
723299
723299
723299
714162
714162
714162
714162
714162
714162
714162
714162
714162
714162
714162
714162
714162
714162
714162
714162
714162
714162
713139
713139
713139
713139
713139
713139
713139
713022
713022
713022
713022
713022
713022
713022
713022
713022
713022
713022
713022
710713
710713
710713
709787
709787
709787
709787
709787
709787
709787
709787
709787
709787
709787
709787
709787
709787
709787
709787
709787
708461
708461
708461
708461
708461
706570
706570
706570
701794
701794
701794
701794
701794
700203
700203
700203
700203
700203
700203
700203
700203
700203
700203
700203
700203
693341
692088
692088
692088
692088
692088
692088
692088
692088
692088
692088
692088
692088
692088
692088
692088
692088
692088
692088
692088
692088
690720
690720
688768
688768
688768
688768
687888
687888
687888
687888
687888
687888
687888
687888
687888
687888
683937
683937
683937
683937
683937
683937
678414
678414
678414
678414
678414
678414
678414
678414
678414
678414
678414
678414
678414
676182
676182
672522
672522
672522
672522
672522
672522
672522
672522
672522
653021
653021
653021
653021
653021
653021
653021
653021
653021
653021
653021
647910
647910
647910
647910
647910
647910
647910
647910
647910
647910
647910
647910
647910
647910
647910
647910
647910
647910
647910
647706
647706
647706
647706
647706
647706
647211
647211
647211
647211
647211
647211
647211
647211
647211
647211
647211
647211
647211
647211
647211
647211
647211
647211
647211
645498
645498
645498
645498
645498
645498
645498
645498
645498
645498
645498
645498
644930
644930
644930
644930
644930
644930
644930
644930
644930
644930
644930
644930
644930
644930
644930
644930
644930
644930
644930
644930
644627
644627
644627
644627
644627
644627
644627
644627
644627
644627
642745
642745
642745
642745
642745
642745
642745
642745
642745
642745
642745
642745
642745
642745
642745
642745
642745
642745
642745
639275
639275
639275
639275
639275
637222
637222
637222
637222
637222
637222
637222
637222
637222
637222
637222
637222
637222
637222
637222
635198
635198
635198
634640
634640
634640
634640
634640
634640
634640
634640
634640
634640
634640
634640
634640
634640
634640
634640
634640
634601
634601
634601
634601
634601
634601
634601
634601
634601
634601
634601
634601
634601
634601
634601
634601
631920
631920
631920
631920
631920
631920
631920
631920
631920
631920
631920
631920
631920
631920
631920
631920
631920
631920
631920
631585
631585
631585
631585
631585
631585
631585
631585
631585
631585
631585
631585
628605
628605
628605
628605
628605
628605
628605
628605
628605
628605
628605
628605
628605
628605
628605
628605
628605
626325
626325
626325
626325
626325
626325
626325
626325
626325
626325
626325
626325
626325
624074
624074
624074
624074
624074
624074
624074
624074
624074
624074
624074
624074
624074
624074
612797
612797
612797
612797
611251
611251
611251
611251
611251
611251
611251
611251
611251
611251
611251
611251
611251
611251
611251
601412
601412
601412
601412
601412
601412
591729
591729
591729
591729
591729
591729
591729
591729
591729
591729
591729
591729
591729
591729
591729
588840
588840
588840
588840
588840
588840
588840
588840
588840
584714
584714
579288
579288
579288
579288
579288
579288
579288
579288
579288
579288
579288
579288
579288
571044
571044
571044
571044
571044
571044
571044
571044
571044
571044
571044
571044
571044
571044
571044
571044
570578
570578
570578
570578
570578
570578
570578
570578
570578
570578
570578
567411
567411
567411
567411
567411
567411
567411
567411
567411
567411
567411
567411
567411
567411
567411
567411
567411
567411
565085
565085
565085
565085
565085
565085
565085
564329
564329
564329
564329
564329
564329
564329
564329
564329
564329
564329
564329
564329
564329
560803
560803
560803
560803
560803
560803
560803
557906
557906
557906
557906
557906
557906
557906
557906
557906
557906
557906
557906
557906
552819
552819
552819
552819
552819
552819
552819
552819
552819
552819
552819
552819
552819
552819
552819
552819
550250
550250
550250
550250
550250
550250
550250
550250
550250
550250
548097
548097
548097
548097
548097
548097
548097
548097
548097
548097
530911
530911
530911
530911
530911
530911
530911
530911
530911
530911
530911
530911
530911
530911
530911
530911
530911
530911
521926
521926
521926
521926
521926
521926
521926
521926
521926
521926
521926
521926
521926
521926
521926
521926
521926
521926
521926
513039
513039
513039
513039
513039
513039
513039
513039
513039
513039
513039
513039
513039
513039
513039
513039
513039
510242
510242
510242
510242
510242
510242
510242
510242
510242
510242
510242
510242
510242
510242
510242
510242
510242
510242
506257
506257
506257
506257
506257
506257
506257
506257
506257
491703
491703
491703
489969
489969
489969
489969
489969
486223
486223
486223
486223
486223
486223
486223
486223
486223
486223
486223
486223
486223
486223
486223
486223
486223
486223
486223
486223
482813
482813
482813
482813
482813
481635
481635
481635
481635
481635
481635
481635
481112
481112
481112
481112
481112
481112
481112
481112
481112
481112
479386
479386
479386
479386
479386
479386
479386
479386
479386
479386
479386
479386
476996
476996
476996
476996
476996
476996
476590
473907
473907
473907
473907
473907
473907
473907
473907
471888
471888
471888
471888
471888
471888
471888
471888
471888
471888
471888
470198
470198
470198
470198
470198
470198
470198
470198
470198
470198
470198
470198
468280
468280
468280
468280
468280
468280
468280
468280
468280
468280
468280
468280
468280
468280
467659
467659
467659
467659
467659
464708
464708
464708
464708
464708
464708
464708
464708
464708
464708
461018
461018
461018
461018
461018
461018
461018
461018
461018
461018
461018
461018
461018
461018
461018
461018
461018
461018
461018
449149
449149
449149
449149
449149
449149
449149
449149
449149
449149
449149
449149
449149
449149
449149
449149
449149
449149
449149
449149
440839
439712
439712
439712
439712
431496
431496
431496
431496
431496
431496
431496
431496
431496
431496
431496
431496
431329
431329
431329
431329
431329
431329
431329
431329
431329
431329
431329
431329
431329
430657
430657
430657
430657
430657
430657
430657
430657
430657
430657
430657
430657
430657
426595
426595
426595
426595
426595
426595
426256
426256
426256
426256
426256
426256
426256
426256
426256
426256
426256
426256
426256
426256
425849
425849
425849
425849
425849
425849
425849
425849
425849
425849
425849
424974
424974
424974
424974
424158
424158
424158
424158
424158
424158
424158
424158
424158
424158
424158
424158
424158
424158
424158
424158
421292
421292
421292
421292
421292
421292
421292
421292
418494
418257
418257
411783
411783
411783
411783
411783
411783
409174
409174
409174
402414
402414
402414
402414
402414
402414
402414
402414
402414
400621
400621
400621
395470
395470
395470
395470
395470
395470
395470
395470
395470
395470
395470
394697
394697
394697
394697
394697
394697
394697
394697
394697
391138
391138
391138
391138
391138
391138
381869
381869
381869
381869
381869
381869
381869
381802
381802
381802
381802
381802
377913
377913
377913
377913
377913
377913
377913
377913
377913
377913
377913
377913
377913
377913
377913
377666
377666
377666
377666
377666
377666
377666
377666
377666
377666
377666
377666
377666
377666
377666
377666
377666
372724
372724
372724
372724
372724
372724
371591
371591
371591
371591
371591
371591
371591
371591
371591
371591
371591
371591
371591
371464
371464
371464
371464
371464
371464
371464
371464
371464
371464
371464
371464
371464
371464
371464
371464
371267
371267
371267
371267
371267
371267
371267
371267
371267
371267
371267
371267
371267
371267
371267
371267
371267
369709
362696
362696
362696
362696
362696
362696
362696
362696
362696
362696
362696
362696
362696
362696
362696
356536
356536
356536
356536
356536
356536
356536
356536
356536
356536
356536
343642
343642
343642
343642
343642
343642
343642
343642
341437
341437
341437
341437
341437
341437
341437
341437
341437
341437
341437
341437
341437
341437
341437
341437
341437
341437
341437
341437
338009
338009
338009
338009
338009
338009
338009
338009
338009
338009
338009
338009
338009
338009
338009
338009
338009
338009
338009
338009
332909
332909
332909
332909
332909
332909
332909
332909
332909
332909
332909
332909
332909
332685
332685
332685
332685
332685
332685
332685
332685
332685
332685
332685
332685
332685
332685
332685
332685
332685
332685
328770
328673
328673
328673
328673
328673
328673
325236
325236
325236
325236
325236
322343
322343
322343
322343
322343
322343
322343
322343
322343
322343
322343
322343
322343
322343
322343
317255
317255
316584
316584
316584
316584
316584
316584
316584
316584
316584
316584
316584
316584
316584
314064
314064
314064
314064
314064
314064
314064
314064
314064
314064
314064
314064
312184
312184
312184
312184
312184
312184
312184
312184
312184
312184
312184
312184
312184
308373
308373
308373
308373
308373
308373
308373
308373
308373
308373
308373
308373
308373
307710
307710
307710
307710
307710
307710
307710
307710
307710
302175
302175
302175
302175
302175
302175
302175
302175
302175
302175
302175
302175
302175
302175
302175
302175
297362
297362
297362
297362
297362
297362
297362
297362
297362
297362
297362
297362
297362
297362
297362
297362
297362
297362
297362
297362
296484
296484
296484
296484
296484
296484
296484
296484
296484
296484
296484
296484
296484
296484
296484
296484
296484
296484
294752
294752
294752
294752
294752
294752
294752
294752
294752
293570
293570
293570
293570
293570
293570
293570
293570
293570
293570
293570
293570
291927
291927
291927
291927
291927
291927
291927
291927
291927
291927
291927
291927
291927
291927
291927
291927
291927
291927
277152
277152
277152
277152
277152
277152
277152
277152
277152
277152
277152
277152
277152
277152
277152
277152
277152
277152
277152
275112
275112
275112
275112
275112
275112
275112
275112
275112
275112
272678
272678
272678
272678
272678
272678
272678
272678
272678
272678
272678
272678
272678
272678
272678
272678
272678
272678
272678
272678
271936
271936
271936
271936
271936
271936
270856
270856
270856
270856
270774
270774
270774
270774
270774
270774
270774
270774
270774
270774
270774
270774
270774
265465
265465
265465
265465
265465
265465
265465
265465
265465
265465
265465
265465
265465
261581
261581
261581
261581
261581
261581
261581
261581
261581
261581
261581
261581
261581
261581
261581
261581
261581
261581
261581
261581
259063
259063
259063
259063
259063
259063
259063
259063
259063
259063
259063
259063
259063
259063
259063
250229
250229
250229
250229
250229
250229
250229
250229
250229
250229
250229
250229
250229
250229
250229
250229
245492
245492
245492
245492
245492
245492
245492
245492
244846
244846
244846
244846
244846
244846
244846
244846
244846
244846
244846
244846
244846
244846
244846
244846
244846
244846
244846
242822
242822
242822
242822
242822
242822
242822
242822
242822
242822
242822
242822
237626
237626
237626
237626
236845
236845
236845
236637
236637
236637
236637
236637
236637
234010
234010
234010
234010
234010
234010
234010
234010
234010
234010
234010
234010
234010
234010
234010
234010
234010
234010
231603
231603
231603
231603
231603
231603
231603
231603
231603
231603
231603
231603
230963
230963
230963
230963
230963
230963
230963
230963
230963
230963
230963
230963
230963
230963
230963
230963
230853
230853
230853
230853
230853
230853
230853
230853
230853
230853
230853
230853
230853
230853
230853
230853
221996
221996
221996
221996
221996
221996
221996
221996
221996
221996
221996
221996
221996
221996
221996
221996
221996
221996
221956
221956
221956
221956
221956
221956
221956
221956
221956
221956
221956
221956
221956
221956
217645
217645
217645
217645
217645
217645
217645
217645
217645
217645
217645
217645
217645
216469
215685
215685
215685
215685
215685
215685
215685
215685
215685
215685
215685
215685
215685
214546
214546
214546
214546
214546
214546
214546
214546
214546
214546
214546
214546
214546
214546
214546
214546
214546
214546
214546
214546
214422
214422
214422
214422
214422
214422
214422
214422
214422
214422
214422
214422
214422
214422
214422
214422
214422
214422
213659
213659
213659
213659
213659
213659
213659
213659
213659
213659
213659
213659
213647
213647
213647
213647
213647
213647
213647
213647
213647
213647
213647
213647
206366
206366
206366
206366
206366
206366
206366
201295
201295
201295
201295
201295
201295
201295
201295
201295
201295
201295
201295
201295
