2624
1500000
998106
998106
998106
998106
998106
998106
998069
998069
998069
998069
998069
998069
998069
998069
998069
998069
998069
998069
997662
997662
997662
997662
997662
997662
997662
997662
997662
997662
997662
997662
997662
997662
997662
997662
993604
993604
993604
993604
993604
993604
993604
993604
993604
993604
993604
993604
993604
990605
990605
990605
990605
990605
990605
990605
990605
990605
990605
990605
990605
990605
990605
990605
990605
990605
990605
990605
990181
990181
990181
990181
990181
990181
990181
990181
990181
990181
990181
990181
990181
990181
990181
990181
986275
986275
986275
986275
986275
986275
986275
986275
986275
986275
986275
986275
986275
984830
984830
982788
982788
982788
982788
982788
982788
982788
982788
982788
982788
982788
982788
982788
982788
982788
982788
980711
980711
980711
980711
980711
980711
980711
980711
980711
980711
980711
980711
980711
980711
980711
980711
980711
980711
976364
976364
976364
976364
976364
976364
976364
976364
976364
976364
976364
976364
976364
976364
976364
976364
973608
973608
973498
973498
973498
969858
969858
969858
969858
969858
969858
969858
969858
969858
969858
969858
969858
969858
969858
962714
962714
962714
962714
962714
962714
962714
962714
961661
961661
961661
961661
961661
961661
961661
961661
961661
961661
960957
960957
960957
960957
960957
960957
960957
960957
960957
960957
960957
960957
960957
960957
960957
956853
956853
956853
956853
956853
955450
955450
955450
955450
955450
955450
955450
955450
952798
952798
952798
952798
952798
952798
952798
952798
952798
952798
952798
952798
952798
952798
952798
952798
952798
946472
946472
946472
946472
946472
946472
946472
946472
946472
946472
946472
946472
946472
946472
946472
946472
946472
942593
942593
942593
942593
942593
941524
941524
941524
941524
941524
941524
941524
941524
941524
941524
941524
936483
933570
933570
933570
933570
933570
933570
933570
933570
933570
933570
933570
933570
932834
932834
932834
925435
925435
925435
925435
925435
925435
925435
925435
925435
925435
925435
925435
925435
925435
919874
919874
919874
919874
919874
918947
918947
918947
918947
918947
918947
918947
918947
918947
918947
918947
918947
918947
918947
918947
918947
918947
918947
917868
917868
917868
917868
917868
917868
917868
917868
917868
917868
917868
917868
917868
917868
917868
917868
917868
917868
917868
917868
915512
915512
915512
915512
915512
915512
915512
915512
915512
915512
915512
915512
915512
915512
915512
915512
915512
915512
915512
907956
907956
907956
907956
907956
907956
907956
907956
907956
907956
907956
907956
907956
907956
907956
907956
907956
907956
906110
901981
901981
901981
901981
901981
901981
901981
899194
898541
898541
898541
898541
898541
898541
898541
898541
898541
898541
898541
898541
898541
898541
898541
898541
898541
898541
887238
887238
887238
887238
887238
887238
887238
887238
887238
887238
887238
887238
887238
887238
887238
885420
885420
885420
884105
884105
884105
884105
884105
884105
884105
884105
884105
884105
873068
873068
873068
872378
872378
872378
872378
872378
872378
872378
872378
872378
872378
872378
871316
871316
871316
871316
871316
871316
871316
871316
871316
871316
871316
871316
871316
871316
871316
871316
871316
871316
859177
859177
859177
859177
859177
859177
859177
859177
859177
859177
859177
859177
856802
856802
856802
856802
856802
856802
856802
856802
856802
856802
856802
856802
856802
856802
856802
856802
856802
856802
856802
855299
855299
855299
855299
853563
853563
853563
853563
853563
853563
853563
852376
849587
849587
849587
849587
849587
849587
849587
849587
845976
845976
845976
845976
845976
845976
845976
845976
845976
845976
845590
845413
845413
845413
845413
845413
845413
845413
845413
845413
845413
845413
845413
845413
845413
845413
845413
845413
845413
845413
843706
838965
838965
838965
838965
838965
838965
838965
838965
838965
838965
838965
835941
835941
835941
835941
835941
835941
835941
835941
829775
829775
829775
829775
829775
828605
828605
828605
828605
828605
828605
828605
828605
828605
828605
828605
828605
828605
828605
827626
827626
827626
827626
827626
827626
827626
827626
827626
827626
827626
827626
827325
827325
827325
827325
827325
827325
827325
827325
827325
827325
817518
817518
817518
817518
817518
817518
817518
817518
817518
817518
817518
816862
816862
816862
816862
816862
816862
816862
816862
816862
816862
816862
816862
816862
816862
816862
809467
809467
809467
809467
809467
809467
809467
809467
809467
809467
809467
809467
809467
809467
809467
809467
809467
809467
809467
809467
808059
808059
808059
808059
808059
808059
808059
808059
808059
808059
799056
799056
799056
799056
794782
794782
794782
794782
794782
794782
794782
785340
779780
779780
779780
779780
779780
779780
779780
779780
779780
779780
779780
779780
779780
779780
779780
779780
778815
778815
778815
778815
775594
775594
775594
775594
775594
775594
775594
775594
775594
775594
775594
775594
775594
766417
766417
766417
766417
766417
766417
766417
766417
766417
766417
766417
766417
766417
766417
766417
764439
764439
764439
764439
764439
764439
764439
764439
764439
764439
764439
764439
764439
764439
764439
764439
763221
763221
763221
763221
763221
763221
763221
763221
763221
763221
763221
763221
763221
763221
763221
763221
763221
760168
760168
760168
760168
760168
760168
760168
760168
760168
760168
760168
760168
760168
746354
746354
746354
746354
746354
746354
746354
746354
746354
746354
746354
746354
746354
746354
742314
742314
742314
742314
742314
742314
742314
742314
742314
742314
742314
742314
742314
742314
742314
742314
742314
742314
742314
742314
740769
740769
740769
740769
740769
740769
740769
740769
740769
740769
740769
740769
740769
737640
737640
737640
737640
737640
737640
737640
737640
737640
737640
737640
737640
737640
737640
737640
737640
737393
737393
737393
737393
737393
737393
737393
737303
737303
737303
737303
737303
737303
737303
737303
737301
737301
737301
737301
737301
737301
737301
737301
737301
737301
737301
737301
737301
737301
737301
737301
737301
733638
733638
733638
733638
733638
733638
733638
733638
733638
733638
733638
733638
733638
732601
732601
732601
732601
732601
732601
732601
730510
730510
730510
730510
730510
730510
730510
730510
730510
730510
730510
730510
730510
726459
726459
726459
726459
726459
726459
726459
726459
726459
726459
726459
726459
726459
726459
726459
726459
724669
724669
724669
724669
724669
724669
724529
724529
724529
724529
724529
724529
724529
724529
724529
724529
724529
724529
724529
724529
724529
724529
724529
724529
717451
717451
717451
717451
717451
717451
717451
717451
717451
717451
717451
717451
717451
717451
717451
711470
711470
711470
711470
711470
711470
711470
711470
711470
711470
703664
703664
703664
703664
703664
703664
703664
703664
703664
703664
703664
703664
703664
703664
703664
701948
701948
701948
701948
701948
701948
701948
701948
701948
701948
701229
701229
700748
700748
700748
700748
700748
700748
700748
700748
700748
700748
700748
700748
700748
700748
700748
700748
700748
700748
700347
700347
700347
699670
699670
697661
697661
697661
697661
697661
697661
696126
696126
696126
696126
696126
696126
696126
696126
692332
692332
692332
692332
692332
692332
692332
692332
692332
692332
692332
692332
692332
692332
692332
692332
692332
692332
692332
692332
692293
692293
692293
692293
692293
692293
692293
692293
692293
692293
692293
692293
692293
682975
682975
678592
678592
675656
675656
675656
675656
675656
675656
675656
675656
675656
675656
675656
674757
672001
672001
672001
672001
672001
672001
672001
672001
672001
672001
672001
672001
672001
672001
672001
671406
671406
669905
669905
668156
668156
668156
668156
668156
668156
668156
668156
668156
668156
668156
668156
668156
668156
668156
667234
667234
667234
667234
667234
667234
667234
667234
667234
667234
667234
667234
667234
667234
667234
667055
667055
667055
667055
667055
667055
667055
667055
667055
667055
667055
667055
667055
660617
660617
660617
660617
660617
660617
660617
660617
660617
660617
660617
660617
660617
660617
660617
660617
660115
660115
660115
660115
660115
660115
660115
660115
660115
660115
660115
660115
660115
660115
660115
660115
654535
654535
654535
654535
654535
653405
653405
653405
653405
653405
653405
653405
653405
653405
653405
653405
653405
653405
653405
653405
653405
653405
653405
653405
653405
650286
650286
650286
650286
650286
650286
650286
650286
650286
650286
650286
650286
650286
650286
650286
650286
646335
646335
646335
646335
646335
646335
646335
646335
646335
646335
646335
646335
644299
644299
644299
644299
644299
644299
644299
644299
644299
644299
644299
644299
644299
644299
644299
644299
644299
644299
644299
644299
643176
643176
643176
643176
643176
643176
643176
643176
643176
643176
643176
643176
643176
643176
643176
643176
643176
643176
641569
641569
641569
641569
641569
641569
641569
641569
641569
639215
639215
639215
639215
639215
639215
639215
639215
639215
639215
639215
639215
639215
639215
639215
639215
639215
639215
639215
639215
633298
633298
633298
633298
633298
633298
633298
633298
633298
633298
633298
630824
630824
630824
630824
630824
622680
622680
622680
622680
622680
622680
622680
622680
622680
622680
622680
622680
622680
616875
616875
616875
616875
616875
616875
616875
616875
616875
616875
616875
616875
616875
616875
615374
615374
615374
615374
615374
615374
615374
615374
615374
615374
615374
615374
615374
615374
614921
614921
614921
614921
614921
614921
614921
614921
614921
614921
614921
614538
614538
614538
614538
613581
613581
613581
613581
613581
613581
613581
613581
613581
613581
613581
613581
612755
612755
612755
612755
612755
612755
612755
612755
612276
612276
612276
612276
612276
612276
612276
612276
612276
612276
612276
612276
612276
612276
612276
612276
612276
612276
612276
610841
610841
610841
610841
610841
610841
610841
610841
610841
610841
610841
610841
610841
610841
610841
610841
610841
610841
610841
609896
609896
609896
609896
609896
609896
609896
609896
609896
609896
609896
609896
609896
606999
606056
606056
606056
606056
606056
606056
606056
605504
605504
605504
601472
601472
601472
601472
601472
601472
601472
601472
601472
600550
600550
600550
600550
600550
600550
600550
600550
600550
600550
600550
600550
600550
600550
600550
598841
598841
591368
591368
591368
591368
583070
583070
583070
583070
583070
583070
583070
583070
583070
583070
583070
583070
583070
583070
583070
583070
583070
580124
580124
580124
580124
579830
579830
579830
579830
579830
579830
579830
579830
579830
579830
579830
579830
579830
579610
579610
579610
579610
579610
579610
579610
579610
579610
579610
579610
579610
579610
579610
579610
579610
579610
579610
579610
579610
572712
572712
572712
572712
572712
572712
572712
572712
572712
572712
572712
572712
572712
572712
572712
572712
572712
572712
572019
571764
571764
566166
566166
566166
566166
566166
566166
566166
566166
566166
566166
566166
566166
566166
566166
566166
566166
566166
566166
566166
556227
556227
556227
556227
556227
556227
556227
556227
556227
556227
556227
556227
556227
556227
556227
555931
555931
552953
552953
552953
552953
552953
552558
552156
552156
548111
548111
548111
548111
548111
548111
548111
548111
548111
548111
548111
548111
548111
548111
548111
548111
548111
548111
548111
548111
541263
541263
541263
541263
541263
541263
540976
540976
540976
540976
540976
540976
540976
537882
537882
537882
537882
537882
537882
537882
537882
537759
537759
537759
537759
537759
537759
529508
524952
524952
524952
524952
524952
524952
524952
524952
524952
524952
524952
524952
523121
523121
523121
523121
523121
523121
523121
523121
523121
523121
523121
523121
522594
522594
522594
519835
519835
519835
519835
519835
519835
519835
519835
519835
519835
519835
519835
519835
519835
519835
519835
519835
519835
519835
519835
513917
513917
513917
513917
513917
513917
513917
513917
513917
513917
513917
513917
513917
513917
513917
513917
504478
504478
504478
504478
504478
504478
504478
504478
504478
504478
504478
504478
504478
504478
504478
504478
504478
504478
504478
504478
502185
502185
502185
490804
490804
490804
490804
490804
490804
490804
490804
490804
490804
490804
490804
490804
490804
490804
490804
490804
490804
490804
490804
487550
487550
487550
487550
487550
487550
487550
487550
487550
487550
487550
487550
487550
487550
487550
487550
487550
486624
486624
486624
486624
486624
486624
486624
486624
486624
486624
486624
486624
486624
486624
486624
486624
486624
486624
486624
486624
480941
480941
480941
480941
480941
480941
480941
480941
472234
472234
472234
472234
472234
472234
472234
472234
472234
472234
472234
470214
470214
470214
470214
470214
470214
470214
470214
470214
470214
470214
470214
470214
469484
469484
469484
469484
469484
469484
469484
469484
469484
469484
469484
469484
469484
469484
469484
468431
468431
468431
468431
468431
468431
468431
468431
466700
466700
466700
466405
465528
465528
465528
465528
465528
465528
465528
465528
465528
465528
465528
465528
465528
465528
465528
465528
465528
465528
465528
464674
464674
464674
464674
464674
464475
464475
456151
455420
455420
455420
455420
455420
453427
453427
453427
453427
453427
453427
453427
453427
453427
453427
453427
453427
453427
446984
446984
446984
446984
446695
446695
446695
446695
446695
446695
443518
443518
443518
443518
443518
443518
443518
443518
442172
442172
442172
442172
442172
442172
442172
442172
442172
442172
442172
442172
441102
439215
439215
439215
439215
439215
439215
439215
439215
439215
439215
439215
439215
439215
439215
439215
439215
439215
439215
438161
438161
438161
438161
438161
438161
438161
438161
438161
438161
438161
438161
438161
438161
438161
438161
438161
438161
438161
434930
434930
434930
434930
434930
434000
434000
434000
434000
434000
434000
434000
434000
434000
434000
434000
434000
434000
434000
428444
428444
428444
428444
428444
428444
428444
428444
428444
428444
428444
428444
416986
416986
416986
416986
416986
416986
416986
416986
416986
416986
416986
416986
416986
416986
416986
416432
416432
416432
416432
416432
416432
416432
416432
416432
416432
416432
416248
416248
416248
416248
416248
416248
416248
416248
416248
416248
416248
416248
409813
403436
403436
403436
403436
403436
403436
403436
403436
403436
402938
395316
395316
395316
395316
395316
395316
395316
395316
395316
395316
395316
395316
395316
395316
395316
395316
395316
395316
395316
395316
395130
395130
395130
395130
395130
395130
395130
395130
395130
395130
395130
395130
395130
395130
395130
395130
394002
388694
388694
388694
388694
388694
388694
388694
388694
388694
388694
388694
388694
388694
388694
388694
388694
388694
388694
386677
386677
386677
386677
386677
386677
386677
386677
386677
386677
386677
386677
386677
386677
386677
386677
386306
386306
386306
386306
386306
385075
385075
375621
375621
375621
375621
375621
375621
373169
373169
373169
373169
373169
373169
373169
373169
373169
373169
373169
368845
368845
368845
368845
368845
368845
368845
368845
368845
364395
364395
364395
364395
364395
364395
364395
361484
361484
361484
361484
361484
361484
361484
361484
361484
361484
361484
355660
355660
355660
355660
355660
355660
353317
348226
348226
348226
348226
348226
348226
348226
348226
348226
348226
348226
348226
348226
345692
344267
344267
344267
344267
344267
344267
344267
342149
342149
342149
342149
342149
342149
342149
342149
342149
342149
342149
342149
342149
342149
340245
340245
340245
340245
340245
340245
340245
340245
340245
327334
327334
327334
327334
327334
327334
327334
327334
327334
327334
327334
327334
327334
327334
327334
327334
327334
327334
327334
326487
326487
326487
326487
326487
326487
326487
326487
326487
326487
326487
326487
326487
326487
326487
326487
323702
323702
323702
323702
323702
323702
323702
323702
323702
323702
323702
323702
323702
323702
323702
323702
323702
323702
323119
323119
323119
323119
323119
323119
323119
323119
323119
323119
323119
323119
323119
323119
323119
323119
322978
322978
322978
322978
319123
319123
319123
319123
319123
319123
319123
319018
319018
319018
319018
319018
319018
319018
319018
319018
319018
316117
316117
316117
316117
316117
316117
316117
316117
316117
316117
316117
316117
316117
316117
316117
316117
315249
315249
315249
315249
315249
315249
315249
315249
315249
315249
310818
310818
310818
310818
310818
310818
310818
310818
310818
310818
310818
310818
309780
309780
309780
309780
309780
309780
309780
309780
309780
309780
309780
309780
309780
305891
305891
305891
305891
305891
305891
305891
302190
302190
302190
302190
302190
302190
302190
302190
302190
302190
302190
302190
302190
302190
301510
301510
301510
301510
301510
301510
301510
301510
298537
298537
298537
298537
298537
298537
298239
298239
298239
298239
295873
295873
295873
295873
295873
295873
295873
295873
295802
295802
295802
295802
295802
295802
295802
295802
295802
295802
295802
295802
295802
295802
295802
295802
295802
295802
295802
295802
291204
291204
291204
291204
291204
291204
291204
291204
291204
291204
291204
291204
291204
271875
271875
271875
271875
271875
271875
271875
271875
271875
271875
271875
271875
271875
271875
271875
271875
269344
269344
269344
269344
269344
269344
269344
269344
269344
269344
269344
269344
269344
269344
269344
269344
247844
247844
247844
247844
247844
247844
247844
247844
247844
247844
247844
247844
247844
247844
247844
247844
247844
247844
247844
245493
245493
245493
245493
245493
245493
245493
245493
244169
244169
244169
244169
244169
244169
244169
244169
244169
244169
244169
244169
240532
240532
240532
240532
240532
240532
240532
240532
240532
240532
236491
236491
236491
236491
236491
236491
236491
236491
236491
236491
236491
236491
236491
236491
236491
236491
235147
235147
235147
235147
235147
234946
234946
234946
234946
234946
234946
234946
233901
233901
233901
233901
233901
233901
233901
233901
233901
233901
233901
233901
233901
233901
233901
233619
233619
233619
233619
233619
233619
233619
233619
233619
233619
233619
233619
233619
233619
233619
233619
233619
233619
233619
232649
232649
232194
232194
232194
232194
232194
232194
232194
232194
232194
232194
232194
232194
232194
232194
232194
230537
213962
213962
213962
213962
213962
213962
213962
213962
213962
213962
213962
213962
213962
213962
212850
212850
212850
202778
202778
202778
202778
202778
202778
202778
202778
202778
200318
200318
200318
200318
200318
200318
200318
200318
200318
200318
200318
200318
200318
200318
