5298
1500000
999115
999115
999115
999115
999115
999115
999115
998637
998637
998006
998006
998006
998006
996850
996850
996850
996850
996850
996850
996850
996850
996850
996850
996850
996850
996124
996124
996124
996124
996124
996124
996124
996124
994738
994738
994738
994577
994577
994577
994577
994326
994326
994326
994326
994326
994326
994326
994326
994326
994326
994326
994326
993256
993256
993256
993256
993256
993256
993256
993256
993256
993256
993256
993256
993256
993256
993256
993256
993256
993256
991552
991552
989287
989287
989287
989287
989287
989287
989287
989264
989264
989264
989264
989264
989264
989264
989264
989264
989264
989264
989264
989264
989264
989264
989264
989264
989264
989264
989264
988486
988486
988486
988486
988486
988486
988486
988486
988486
988486
988486
987310
987310
987310
987310
987310
987310
987310
987310
987310
987310
987310
987310
987310
987310
987310
987310
987310
987310
987310
987310
986756
986756
986756
986756
986756
986756
986756
986572
986572
986572
986572
986572
986572
986572
986572
986572
986572
986572
986572
985622
985622
985622
985622
985622
985622
985622
985622
985622
985622
985622
985568
985568
985568
984576
984576
984576
984576
984576
984576
984576
984576
984576
984576
984576
984576
984576
984576
984576
984576
984576
984297
984297
984297
984297
984297
984297
984297
984297
984140
984140
984140
984140
984140
984140
984140
984140
984140
984140
984140
984140
981571
981571
981571
981571
981571
981571
981571
981571
981571
981571
981571
981571
981571
981571
981571
981571
981571
981571
980447
980447
980447
980447
980447
980447
980447
980447
980447
980447
980447
980447
980447
980447
980447
980447
975619
975619
975619
975619
975619
975619
975619
975619
975619
975619
975619
975619
975619
975619
975619
975141
975141
975141
970936
970936
970936
970936
970936
970936
970936
970936
970936
970936
970936
970936
970936
970936
970936
970936
970936
970936
970936
970661
970661
970661
970661
970661
970661
970661
970661
970661
970661
969727
969727
969727
969727
969727
969727
968088
968088
968088
968088
968088
968088
968088
964244
964244
964244
964244
964244
964244
964244
964244
964244
964244
964244
964244
964244
964244
964244
964244
964244
960236
960236
960236
960236
960236
960236
960236
960236
960236
960236
960236
960236
960236
960236
960236
960236
960236
960236
958008
958008
958008
958008
958008
958008
958008
956661
956661
956661
956661
956661
956661
956661
956661
956661
955747
955747
955747
955747
955747
955747
955747
955747
955747
955747
955747
952621
952621
952621
952621
952621
952621
952621
952621
952621
952621
952621
952621
952621
952621
952621
952621
952621
952621
952189
952189
952189
952189
952189
952189
952189
952189
952189
952189
950283
950283
950283
950283
950283
950283
950283
950283
950283
950283
950283
950283
950283
950283
950283
950283
950283
949654
949654
949654
949654
949654
949654
949630
949630
949630
949630
949630
949630
949630
949630
946884
946884
946884
946884
946884
946884
946884
945068
945068
945068
945068
945068
939516
939516
939516
939516
939516
936933
936933
936933
936933
935471
935471
935471
935471
935471
935471
935471
935471
935116
935116
935116
935116
935116
935116
935116
935116
935116
935116
935116
935116
935116
935116
935116
935116
935116
932960
932960
932960
932960
932960
932960
932960
932960
932960
932960
932960
932960
932960
932960
932960
932960
932960
932960
932751
932751
932751
932751
932751
932751
932751
932751
932751
932751
932751
931425
931425
931425
931425
931425
931425
931425
931425
931425
931425
930938
930938
930938
930938
926119
926119
926119
926119
926119
926119
926119
926119
926119
926119
926119
926119
926119
926119
926119
926119
926119
926119
926119
926119
924280
924280
924280
924280
924280
924280
924280
924280
924280
924280
924280
924280
924280
924280
924280
924280
924280
924280
924280
924280
924010
924010
924010
924010
924010
924010
924010
924010
921290
919806
919806
919806
919806
919806
919806
919806
919806
919806
919806
919806
919806
919806
919806
919806
919806
919806
919196
919196
919196
919196
919196
919196
918476
918476
918476
916498
916498
916498
916498
916498
916498
916498
916186
916186
916186
916186
916186
916186
916186
916186
916186
914186
914186
914186
914186
914186
914186
914186
914186
914186
914186
914186
914186
914186
914186
914186
913768
913768
913768
912762
912762
912762
912762
912762
912762
912762
912159
912159
912159
912159
912159
910824
910824
910824
910824
910824
910824
910824
910824
910824
910824
910824
910824
910824
910824
910824
910824
910824
910824
910824
910824
909284
909284
909284
909284
909284
909284
909284
909284
909284
909284
909284
909284
909284
909284
909284
909284
909284
909284
909284
909284
906214
906214
906214
906214
906214
906214
906214
906214
906214
906214
906214
906214
906214
906214
906214
906214
906214
906214
906170
906170
904870
904870
904870
902643
902643
902643
902643
902643
902643
902643
902643
902643
902643
902643
902643
902643
898695
898695
898695
898695
898695
898695
898695
898695
898695
898695
898695
898695
898695
898695
898695
898695
898695
898695
898695
898154
898154
898154
898154
898154
898154
898154
898154
898154
898154
898154
898154
898154
898154
898154
898154
895793
895793
895793
895793
895793
895793
895793
895793
895793
895793
895793
895793
895793
895793
895793
895793
895793
895793
895793
895793
894945
894945
894945
894945
894945
894945
894945
894945
894945
894945
894945
894945
894945
894945
894945
894945
894945
894945
892579
892579
892579
892579
892579
892579
892579
892579
892579
892579
892579
892579
892579
892579
892579
892579
892579
892579
892579
892579
892507
892507
892507
892507
892507
892507
892507
892507
892507
892318
892318
892318
892318
892318
892318
892318
892318
892318
889612
889612
889612
889612
889612
889612
889612
889612
889612
889612
889612
889612
889612
889612
889612
889612
889612
888125
888125
888125
888125
888125
888125
888125
888125
888125
888125
888125
887919
887919
887919
887919
887919
887919
887919
887919
887919
887919
887919
887919
887919
887919
887919
887919
887919
887919
885348
885348
885348
885348
885348
885348
885348
885348
885348
885348
885348
885348
885348
885348
883056
883056
883056
883056
883056
883056
883056
883056
883056
883056
883056
883056
883056
883056
883056
883056
883056
883056
883056
883056
882604
882604
882604
882604
882604
882604
882604
882604
882604
882604
882604
882604
882604
882604
881357
881357
881357
881357
881357
881357
881357
881357
881357
881357
881357
881357
881357
881357
881357
881357
881357
880695
880695
877942
877942
877942
877942
877942
877942
877942
877942
877942
877942
877942
877415
877415
877415
877415
877415
877415
877415
877415
877415
877415
877415
877415
877415
877415
877415
877415
876648
876648
876648
876648
876648
876648
876648
876648
876648
876648
875156
875156
874881
874881
874881
874881
874881
874881
874881
874881
874881
874881
874881
874881
874881
874881
874881
874881
872831
872831
872831
872831
872831
872831
872831
872831
872831
872831
872831
872831
872831
872831
872831
872831
872831
872831
867194
867194
867194
867194
867194
867194
867194
867194
867194
867194
867194
867194
867194
867194
867194
867194
867194
867194
867194
867194
866237
866237
866237
866237
866237
866237
866237
866073
866073
865378
865378
865378
865378
865378
863138
863138
863138
863138
862925
862925
862925
862925
862925
862925
862925
862925
862925
857796
857796
857796
857796
857796
857796
857796
857796
857796
857796
857796
857796
857796
857796
857796
857796
857796
857524
857524
857524
857524
857524
857524
857524
857524
857524
857524
857524
857524
857524
857524
857524
857461
857461
857461
857461
857461
857461
857461
857461
857461
857461
857461
857461
856399
856399
856399
856399
856399
855203
855203
855203
855203
855203
855203
855203
855203
855203
855203
855203
853900
853900
853900
853900
853900
853900
853900
853900
853900
852165
852165
852165
852165
852165
852165
852165
852165
852165
852165
852165
852165
852165
852165
852165
852165
852165
848553
848553
848553
848553
848022
848022
848022
848022
848022
848022
848022
848022
848022
848022
848022
848022
848022
848022
848022
847008
847008
847008
847008
847008
847008
847008
847008
847008
847008
847008
847008
847008
847008
847008
846918
845825
845825
845825
845825
845825
845825
845825
845825
845825
845825
845825
845825
845825
843851
843851
843851
843851
843851
843851
843851
843851
843851
843851
842838
842838
842838
842838
842838
842838
842815
842815
842815
842815
842815
842815
842815
842815
842815
842815
842815
842815
842815
842815
842815
842815
842815
842815
842815
842815
842786
842786
842059
842059
842059
842059
842059
842059
842059
842059
842059
842059
842059
842059
842059
842059
842059
842059
842059
842059
842059
841602
841602
841602
841602
840760
840760
839974
839974
839974
831991
831991
831991
831991
831991
831991
831991
831991
831991
831991
831991
831991
829630
829630
829630
829630
829630
829630
829630
829630
829630
829630
829630
829630
829630
828268
828268
828268
828268
828268
828268
828268
828268
828268
827011
827011
827011
827011
827011
827011
827011
827011
827011
827011
827011
827011
827011
827011
827011
827011
827011
827011
827011
824105
824105
824105
824105
824105
824105
824105
824105
824105
824105
824105
824105
824105
824105
824105
824105
821880
821880
821880
820140
820140
820140
820140
820140
820140
820140
820140
820140
820140
820140
820140
820140
820140
819857
819857
819857
819857
819857
819857
819545
819545
819545
819545
819545
819545
819545
819519
819519
819519
819519
819519
819519
819519
819519
819519
819519
819519
819519
819519
819519
819519
819519
819519
813472
813472
813472
813472
813472
813472
813472
813472
813429
813429
813429
807124
807124
807124
807124
807124
807124
807124
807124
807124
807124
807124
802794
802794
802794
802794
802794
802794
802794
802794
802794
802794
802794
802794
802794
802794
800588
800588
800588
800588
800588
800588
800588
800588
800588
800588
800588
800588
800588
800588
800588
800355
800355
800355
800355
800355
800355
800355
800355
800355
800355
800355
800355
800355
800355
796622
796622
796622
796622
796622
796622
796622
796622
796622
796622
796622
796622
796622
796622
796622
794408
794408
794408
791376
791376
791376
791376
791376
791376
791376
791376
791376
791376
791376
791376
791376
791376
791376
791376
791376
791376
791376
791376
789399
789399
789399
789399
789399
789399
789399
787764
787764
787764
787764
787764
787764
787764
787764
787764
787764
787764
787764
787764
787764
787764
787764
787764
787764
787764
787764
786407
782452
782452
782452
782452
782452
782452
782452
782452
782299
782299
782299
782299
782299
782299
782299
782299
782299
782299
782299
782299
782299
782299
782299
782299
781125
781125
781125
781125
781125
781125
781125
781125
781125
781125
780100
780100
780100
780100
780100
780100
780100
780100
780100
780100
780100
780100
778133
778133
778133
778133
778133
778133
778133
778133
778133
778133
778133
778133
778133
778133
778133
778133
778133
778133
778133
778133
775919
775919
775919
775919
775919
775919
775919
775919
775919
775919
775919
775919
775919
775919
775919
775919
775919
775919
775202
775202
775202
775202
775202
775202
775202
774418
774418
774418
774418
774418
774418
774418
774418
774418
767578
767578
767578
767578
767578
767578
767578
767578
767578
767578
764618
764618
764618
764618
764618
764618
764618
764618
764618
764618
764618
764618
764618
764618
764618
764618
762360
762360
762360
762360
762360
762360
762360
762360
762360
762360
762360
762360
762360
762360
762360
762360
759987
759987
759987
759987
759987
759987
759987
759987
759987
758164
758164
758164
758164
758164
749858
749858
749858
749858
749858
749858
749858
749858
749858
749858
749858
749858
749110
749110
749110
749110
749110
749110
749110
749110
749110
749110
749110
749110
749110
749095
749095
749095
749095
749095
749095
749095
749095
749095
749095
749095
749095
749095
749095
749095
749095
749095
749095
749095
749095
748695
748695
748695
748695
748695
748438
748438
748438
748438
748438
748438
748438
748438
748438
748438
748438
748438
748438
748438
748438
748438
748438
748438
748438
747174
747174
747174
747174
738167
738167
738167
738167
738167
738167
738167
738167
738167
738167
738167
735945
735945
735945
735945
735945
735945
735945
735945
735945
735945
735945
735945
735945
735945
735945
734740
730679
730679
730679
730679
730679
730679
730679
730679
730679
730679
730679
730679
730679
730679
730679
730589
730589
730589
730589
730589
730589
730589
730589
730589
730589
730589
730589
730589
730589
730589
730589
730589
730589
730589
730589
730508
730508
730508
730508
730508
730508
730508
730508
727496
727496
727496
727496
727496
727496
727496
727496
727496
727496
727496
727496
727496
727496
727496
726967
726967
726967
726967
726967
726967
726967
726967
726967
726967
726967
726967
726967
726967
726967
726967
726021
726021
726021
726021
726021
726021
726021
723887
723887
723887
723887
723887
723887
723887
723887
723163
723163
723163
720781
720781
720781
720781
720781
720781
720781
720781
720781
720781
720781
720781
720781
720781
720781
720781
720781
720236
720236
720236
720236
720236
720236
720236
720236
720236
720236
720236
720236
720236
716725
716725
716725
716725
716725
716725
716725
716725
716725
716725
716725
716725
716725
716725
716725
716725
716725
715819
715819
715819
715819
715819
715819
714155
714155
714155
714155
714155
714155
714155
713546
713546
713546
713546
713546
713546
713546
713546
713546
713546
713546
713546
713022
713022
713022
713022
712356
712356
712356
712356
712356
712356
712356
712356
712356
712356
712356
712356
712356
712356
712356
712356
712356
712356
712356
712272
712272
711987
711987
711987
711987
711987
711185
711185
711185
711185
707565
707565
707565
707565
707565
707565
707565
705628
705628
705628
705628
705628
705628
705628
705628
705628
705628
705628
705628
705628
705628
705628
701854
701854
701854
701854
701854
701854
701854
701854
701854
701854
701854
701854
701854
701854
700938
700938
700938
700938
700938
696978
696978
696978
696978
696978
696978
696978
696978
696978
696978
696978
696978
696978
696978
696978
696978
696978
696978
696978
696978
696298
696298
696298
696298
696298
696298
696298
693712
693712
693712
693712
693712
693712
693712
693712
693712
693712
693712
692024
688063
688063
688063
688063
688063
688063
688063
688063
688063
688063
688063
688063
688063
688063
688063
688063
688063
688063
688063
688063
685769
685769
685769
685769
685769
685769
685769
685769
684031
684031
684031
684031
684031
684031
684031
684031
684031
684031
684031
684031
684031
684031
684031
684031
682547
682547
682547
682547
682547
682547
679816
679816
679816
679816
679816
679816
678098
678098
678098
678098
678098
678098
678098
678098
678098
678098
678098
678098
678098
678098
677643
677643
677643
677643
677643
676537
676537
676537
676537
676537
676537
676537
676537
676537
676537
676537
676537
676537
676537
676537
676537
676537
674884
674884
674884
674884
674884
674884
674884
674884
674884
674884
668449
668449
668449
668449
668449
668449
668449
668449
668449
668449
668449
668449
668449
668449
668449
668449
668449
668449
668449
668449
667188
667188
667188
667188
667188
667188
667188
667188
667188
667188
667188
667188
667188
667188
667188
667188
665281
665281
665281
665281
665281
665281
665281
665281
665281
665281
665281
665281
665281
665281
664593
664593
664593
664593
664593
663874
663874
663874
663874
663874
663874
663874
663874
663874
663874
663874
663874
663874
663874
663874
663874
660927
660927
660558
660558
660558
659086
659086
658237
658237
658237
658237
658237
658237
658237
658237
658237
658237
658237
658237
658237
658237
658237
658237
658237
658237
658237
658237
655567
655567
655567
655567
655567
655567
655567
655567
655567
655567
655567
655567
655567
655567
655567
655567
655567
655567
652058
652058
652058
652058
652058
652058
652058
652058
652058
652058
652058
651995
651995
651870
651870
651870
651870
651870
651870
651870
651870
651870
651870
651870
651870
650102
650102
650102
650102
650102
650102
650102
650102
650102
650102
650102
650102
650102
650102
650102
650102
650102
650102
650102
649169
649169
648803
648803
648803
648803
648032
648032
648032
648032
648032
648032
648032
648032
648032
648032
647822
647822
647822
647822
647822
647822
647822
647259
647259
647259
646767
646767
646767
646767
646767
646767
645643
645643
645643
645643
645643
645643
645643
645643
645643
645643
645643
645643
645643
645643
645643
645643
645405
645405
645405
645405
645348
645348
645348
645348
645348
645348
645348
645348
645348
645348
645348
645348
645208
645208
645208
645208
645208
645208
645208
645208
645208
645208
645208
645208
645208
645208
645208
643003
643003
642327
642327
642327
642327
642327
642327
642327
642327
642327
642327
642327
642327
642327
642327
642327
642327
642327
642327
642327
642327
642059
642059
642059
642059
642059
642059
642059
642059
641473
641473
641473
641473
641135
641135
641135
641135
641135
641135
641135
641135
641135
641135
641135
641135
641135
641135
641135
641135
641135
641135
641135
641135
640651
640651
640651
640651
639032
639032
639032
639032
639032
639032
639032
639032
637620
637620
637620
637620
637620
637620
637620
637620
637620
637620
637620
637620
637620
637620
637620
637620
637620
637464
637464
637464
637464
637464
637464
637464
637464
637464
637464
637464
637464
637464
637464
637464
637464
637464
637464
637464
637464
636037
636037
636037
636037
636037
636037
636037
636037
636037
636037
636037
636037
636037
636037
636037
633787
633787
633787
633787
633787
633787
633787
633787
633787
633787
633787
633787
633787
633787
630095
630095
630095
630095
630095
630095
630095
630095
630095
630095
630095
628977
628977
628977
628977
628977
628451
628451
628451
628451
628451
627910
627910
627910
627910
627910
627910
627910
627910
627910
627910
627910
627187
627187
627187
627187
627187
627187
627187
627187
627187
627187
627187
627187
627187
627187
627187
627187
627187
627187
627187
627187
625245
625245
625245
625245
625245
625245
625073
625073
625073
625073
625073
625073
625073
625073
625073
625073
624855
624855
624855
624855
624855
624855
624855
624855
624855
624855
624855
624855
624855
624855
624855
624855
624855
624855
624855
624855
622894
622894
622894
622657
622657
622657
622657
622657
622657
622657
622657
622657
622657
622657
622657
622657
622657
622657
622657
622657
622657
621347
621347
621347
621347
621347
621347
621347
621347
621347
621347
621347
621347
621347
621347
621347
621347
621347
621347
621347
621347
615769
615769
615769
615769
615769
615769
615769
615769
614955
614955
614955
614955
614955
614955
614955
614955
614955
614955
614955
614955
614955
614955
614955
614955
614955
614955
614955
614955
608749
608749
608749
608749
608749
608749
608749
608749
608749
608749
608749
608749
608749
608749
608749
608749
608749
608749
608507
608507
608507
608507
608507
608507
608507
608507
608507
608507
608507
608507
608175
608175
608175
608175
608175
608175
606328
606328
606328
606328
606328
606328
606328
605474
605474
605474
605474
605474
605474
605474
605474
605474
605474
605474
605474
605474
605474
605474
605474
605474
605474
605474
595595
595595
595595
595595
595595
595595
595595
595595
595595
595595
595595
595595
595595
595595
595595
595595
594720
594720
594720
594720
594720
594720
594720
594720
594720
594720
594720
594720
594470
594470
594470
594470
594470
594470
594470
594470
594470
594470
594470
594470
594470
594470
594470
594470
594470
593773
593325
593325
593325
593325
593325
593325
593325
593325
593325
593325
593325
593325
593325
593325
593325
591705
591705
591705
591705
591705
591705
591705
591705
591705
591705
591705
591705
591463
591463
591463
591463
590501
590501
590501
590501
590501
590501
590501
590501
590501
590501
590501
590501
590501
590501
590501
590501
589717
589717
589717
589717
589717
589717
589717
589717
589717
589717
589717
589717
589717
589717
589717
589717
589244
589244
589244
588584
588584
588584
588584
588584
588584
588584
588584
581792
581792
581792
581792
581792
581792
581792
581792
581792
581792
581792
581792
581792
581792
581792
581792
580097
580097
580097
580097
580097
580097
579100
579100
579100
579100
579100
579100
579100
579100
579100
579100
579100
579100
579100
579100
579100
579100
579100
579100
579100
579100
577443
577443
577443
577443
577443
577443
577443
577443
577443
577443
577443
577443
577443
577443
577443
577443
577443
577443
577443
577443
577109
577109
577109
577109
577109
577109
577109
577109
577109
577109
577109
577109
577109
576166
576166
576166
576166
573604
573604
573604
573604
573604
573604
573604
573604
573604
573604
573604
573604
573604
573604
572158
572158
572158
572158
572158
572158
572158
572158
572158
572158
572158
572158
571916
571916
571916
571916
571916
571916
571916
571916
571916
570830
570830
570830
570830
570830
570830
570830
570830
570830
570830
570830
570830
569874
569874
569874
569874
569874
569874
569874
569874
569874
569874
569874
569874
569874
569874
569874
569874
569874
569874
564305
564305
564305
564305
564305
564305
564305
564305
564305
564305
564305
564305
564305
564305
564305
564305
564305
564305
564305
561762
561762
561762
561762
561762
561762
561762
561762
561762
561762
561762
561762
561762
561762
561762
561762
561762
561762
561762
558714
558714
558714
558714
558714
558714
558714
558714
558714
558714
558714
558714
558714
557898
557898
557898
557898
557632
557632
557632
557632
557632
557632
557632
557632
557632
557632
557632
557632
557632
557583
557583
557583
556168
556168
556168
556168
556168
556168
556168
556168
556168
556168
556168
556168
556168
556168
556168
556168
556168
554421
554421
554421
553789
553789
553789
553789
553789
553789
553789
553789
553789
553789
553789
553789
553789
553789
553789
553789
553789
553058
553058
553058
552132
552132
552132
552132
552132
552132
552132
552132
552132
552132
552132
547752
547752
547752
547752
547752
547752
547752
547752
547752
547752
547752
547752
547752
547752
547752
547752
547752
547752
547752
543087
543087
543087
543087
543087
543087
543087
543087
543087
543087
543087
543087
543087
542610
542610
542610
542610
542610
542610
542610
542610
542610
542610
542610
542610
542610
542610
542610
542610
542610
542610
542091
542091
542091
542091
542091
542091
542091
541973
541973
541973
541973
541896
540878
540878
540878
540878
540878
538711
538711
538711
538711
538711
538711
538711
538711
538711
538711
538711
538711
538711
538711
538148
536862
536056
536056
536056
536056
536056
536056
533692
533692
533692
533692
533692
533692
533692
533692
533692
533692
533692
533692
533692
533329
533329
533329
533329
533329
533329
532968
532968
532968
532968
532968
532968
528185
528185
526102
526102
526102
526102
526102
526102
526102
526102
526102
526102
526102
526102
526102
526102
522786
522786
522786
522786
514872
514872
514872
514872
514872
514872
514872
514872
514872
514872
514872
514872
514872
514872
514872
514872
514872
514872
514872
514499
514499
514499
514499
514499
514499
514499
514499
514499
514499
514499
514499
514499
514499
514499
514499
514499
513857
513857
513857
513857
513857
513857
513857
513857
513857
513857
513857
513857
513857
513857
513857
513857
513857
513857
511968
511968
511968
511968
511968
511968
511968
511968
511968
511968
511968
511968
511968
511968
511968
511968
511559
511559
511559
511559
511559
511559
511559
511559
511559
511559
510539
510539
509176
509176
509176
509176
509176
509176
509176
509176
509176
508560
508560
505153
505153
505153
505153
505153
505153
505153
505153
505153
505153
505153
505153
504427
503056
503056
503056
503056
503056
503056
503056
503056
503056
503056
501794
501794
501794
501794
501794
501794
501794
501794
501794
501794
501794
501794
501794
501794
501794
501794
501457
501457
501457
501457
501457
501457
501457
501457
501457
501457
501457
501457
501457
501376
501376
501376
501376
499242
499242
499242
499242
499242
499242
499242
499242
499242
499242
498723
498723
498723
498723
498723
496712
496712
496712
496712
496712
496712
496712
496712
495975
495975
495975
495975
495975
495975
495975
495975
495975
495936
494957
494957
494957
494957
494957
494957
494957
494957
493856
493856
492428
492428
492428
492428
492428
492428
492428
492428
492428
492428
492428
492428
492428
492428
492428
487455
487455
487455
487455
487455
487455
487455
487455
487455
487455
487455
487455
487455
487455
487455
487455
487455
487433
487433
487433
487433
487433
487433
487433
487433
487433
487433
487433
487433
487433
487433
487433
487433
487433
487433
487433
485921
485921
485921
485921
485921
485921
484708
484708
484708
484708
484708
484708
484708
484708
484708
484708
484025
483033
483033
483033
483033
483033
483033
483033
483033
483033
480227
480227
480227
480227
480227
480227
480227
480227
480227
480227
480227
480227
480227
478678
478678
478678
478678
478678
478678
478678
478678
478678
478678
477909
477909
477909
477909
477909
477909
477909
477909
477658
477658
477658
477658
477658
477658
477658
477658
477658
477658
477658
477658
477658
477658
477658
477658
477658
477658
477658
477658
476490
475574
475574
475574
475574
475574
475574
475574
475574
475574
475574
475574
474323
474323
474323
474323
474323
474323
474323
474323
474323
474323
474323
474323
474323
472510
472510
472510
472510
472510
472510
472510
472510
472510
472510
472510
472510
471568
471568
471568
471568
471568
471568
471568
471568
471568
471568
471568
471568
471568
468213
468213
468213
468213
468213
468213
468213
468213
468213
468213
468213
468213
468213
468213
468213
467719
464663
464663
464663
464663
464663
464663
464663
464663
464663
464663
464663
464663
464663
464663
464663
464663
464663
464663
462671
462671
462671
462671
462671
462671
462671
462671
462671
462671
462671
462671
462671
462671
462671
460327
460327
460327
460327
460327
460327
460327
460327
460327
460327
460327
460327
460327
460327
460327
460327
460309
460309
460309
460309
460309
460309
460309
460309
460309
460309
460309
460309
460309
460309
460309
460309
460309
460309
460309
460309
455489
455489
455489
455489
455489
455489
455489
455489
455489
455489
455489
455489
455489
455489
455489
455489
455078
455078
455078
455078
452034
452034
452034
452034
452034
452034
452034
452034
452034
452034
452034
452034
451341
451341
451341
451341
451341
451341
451341
451341
451341
451341
451341
451341
451341
451341
451341
451341
451341
451341
451341
451341
451063
451063
451063
451063
451063
451063
451063
451063
451063
451063
451063
451063
451063
451063
451063
451063
451063
451063
451063
450111
450111
450111
450111
450111
450111
448050
448050
448050
448050
448050
448050
448050
448050
448050
448050
448050
448050
448050
448050
448050
448050
448050
448050
448050
446864
446864
446864
446864
446864
446864
446864
446864
446864
446864
446864
446864
446864
446864
446864
446864
446864
443837
443837
443837
443837
443837
443837
443837
443837
443837
440440
440440
440440
440440
440440
440440
440440
440440
440440
440440
438610
438610
438610
438610
438610
437944
437944
437944
437944
437718
437718
437718
437718
437718
437718
437718
437718
437718
437718
437718
437718
437718
437718
436710
436710
436710
436710
436710
436710
436710
436710
436710
436710
436710
436710
436710
436710
436710
436710
436710
436710
436710
436710
436233
436233
436233
436233
436233
436233
436233
436233
435743
435743
435743
435743
432951
432951
432951
432951
432951
432951
432951
432951
432951
430211
430211
430211
430211
430211
430211
430211
430211
430211
430211
430211
430211
430211
430211
430211
430211
429800
429800
429800
429800
429800
429800
429800
429800
429800
429800
429800
429800
429800
429800
429800
429800
429800
429800
429800
429104
429104
429104
429104
429104
429104
429104
429104
429104
429104
429104
429104
429104
429104
429104
428973
428973
428973
428973
428973
428973
428973
428973
428973
428973
428973
428973
428589
428589
428589
428589
428589
428589
428589
428589
428589
428589
428589
428589
428589
428589
428589
428589
428589
428589
428589
427351
427351
427351
427351
427351
427351
427351
427351
427351
427351
427351
427351
426210
426210
426210
426210
426210
426210
426210
422506
419617
419617
419617
419617
419617
419295
419295
418097
418097
418097
418097
418097
418097
418097
418097
418097
418097
418097
418097
418097
418097
418097
418097
418097
418097
418097
415565
415565
415565
415565
415565
414683
414683
414683
414683
414683
414683
414683
414683
414683
414683
414683
414683
414683
414683
414683
414683
414683
414683
414683
412763
412763
412763
412763
412763
412763
412763
412763
412763
412763
412763
412763
412763
412763
412763
412763
410069
410069
410069
410069
410069
410069
410069
410069
410069
410069
410069
407401
407148
407148
407148
404995
404995
404995
404995
404995
404995
404995
404943
404943
404943
403657
403657
403657
400033
400033
400033
400033
400033
400033
397464
397464
393751
393751
393751
392451
392451
392451
392451
392451
392451
392451
392451
392451
392444
392444
392444
392444
392444
392444
392444
392444
392444
392444
392444
392444
392444
392444
392444
392444
392444
392444
392444
392444
390685
390685
390685
390685
390685
387218
387218
387218
387218
387218
387218
387218
385494
385494
385494
385494
385494
385494
385494
385494
385494
385494
385494
381353
381353
381353
381353
381353
381353
381353
381353
381353
381353
381353
381353
381353
381353
380622
380622
380622
380622
380622
380622
380622
380622
380622
380622
380551
380551
380551
380551
380551
380551
380551
380551
380551
380551
380551
380551
380551
380204
380204
380204
380204
380204
380204
380204
380204
380204
380204
380204
380204
380204
380204
377163
377163
377163
377163
377163
377163
377163
377163
377163
377163
377163
377163
376522
376522
375348
375348
375348
375348
375348
375348
375348
375348
375348
375348
375348
375348
375348
375348
375348
375348
375348
375348
375348
375241
375241
375241
375241
375241
375241
375241
375241
375241
375241
375241
375241
375241
375241
375241
375241
375241
375241
375241
375241
373510
373510
373510
373510
373510
373510
373510
373510
370370
370370
370370
370370
370370
370370
370370
370370
370370
370370
370370
370370
369158
369158
369158
369158
366597
366597
362649
360096
360096
360096
360096
360096
359997
359997
359997
359997
359997
359997
359997
359997
359997
359997
359997
359997
358139
358139
358139
358139
358139
358139
358139
358139
358139
358139
358139
358139
358139
357528
357528
357528
357528
357528
357528
357528
357528
356636
355480
355480
355319
355319
355319
354424
354424
354424
354424
354424
354424
352476
352476
352476
352476
352476
352476
352476
352476
352476
352476
352476
352476
352476
352476
352476
352476
352476
352476
351447
351447
351447
351447
351447
351447
351447
351447
351447
349885
349885
349885
349885
349885
349885
349885
349885
349885
349885
349885
348754
348754
348754
348754
348754
348754
347989
347156
347156
347156
347156
347156
347156
347156
347156
347156
347156
347156
347156
347156
345860
345860
345860
345860
345860
345860
344583
344583
344583
344583
344583
344583
344583
344583
344583
344583
344583
344583
344583
344583
344583
344583
344583
344583
343991
343991
343991
343991
343991
343991
340807
337678
337678
337678
337678
337678
337678
337678
337678
337678
337678
337678
337678
337678
337678
337678
337678
337678
337678
337678
337041
337041
337041
337041
337041
337041
337041
337038
337038
337038
337038
337038
337038
337038
337038
337038
337038
337038
337038
337038
337038
337038
337038
337038
337038
337038
333694
333694
333694
333694
333694
333694
333694
333694
333694
333694
333694
333694
333694
333694
333694
333694
333694
333694
332246
332246
332246
332246
329621
329621
329621
329621
329621
329621
329621
329621
329621
329621
329621
329621
329621
329621
329621
329621
329621
329621
329621
329047
329047
328497
328497
328497
328497
328497
328497
328497
326953
326953
326953
326953
326953
326953
326953
326953
326953
326953
326953
326792
326792
326792
326792
326792
326792
326792
326792
326792
326792
323952
323952
323952
323952
323952
323952
323952
323952
323952
323952
323952
323952
322986
322986
322986
322986
322986
322986
322986
322751
322751
322751
322751
322751
322751
322751
322751
322751
322751
322751
322751
322751
322751
322751
322751
322751
322751
322751
322479
322479
322479
322479
321381
321381
321381
321381
321381
321381
315600
315600
315600
315600
315600
315600
315600
315600
315600
315600
315600
315600
315600
315600
315600
315600
306431
306431
306431
306431
306431
306431
306431
304507
304507
304507
304507
304507
304507
304507
304507
299615
299615
299615
299615
299615
299615
299615
299615
299615
299615
299615
299012
299012
299012
299012
299012
299012
299012
299012
299012
299012
299012
297083
297083
297083
297083
297083
297083
297083
297083
297083
297083
297083
297083
297083
297083
297083
297083
297083
297083
297083
297083
296920
296920
296920
296920
296920
296920
296920
296920
296920
296920
296920
296920
296920
296920
295790
295790
295790
295790
295790
295739
295553
295553
295553
295553
295553
295553
295553
295553
295553
295553
293674
293674
293674
293674
293674
293674
293674
293674
293674
293674
293674
293674
293674
293674
293674
293674
293674
293674
293516
293516
293516
293516
293516
293516
293516
293516
293516
291844
291844
287093
287093
287093
287093
286976
286976
286976
286976
286630
286630
286630
286630
286630
286630
286630
286630
286630
286630
286630
286630
286630
286217
286217
286217
286217
286217
286217
286217
286217
286217
286217
286217
284083
284083
284083
284083
284083
284083
284083
284083
284083
284083
284083
284083
284083
284083
284083
284083
284083
284083
284083
284083
282965
282869
282869
282869
282869
282869
282869
282869
282869
282869
282869
282869
280490
280043
280043
280043
280043
280043
280043
280043
280043
280043
280043
280043
280043
280043
280043
278685
278685
278434
278434
278434
278434
278434
278434
278434
278434
278434
278434
278434
278434
278434
278434
276819
276819
276819
276819
276819
276819
276819
276819
276819
276819
276819
276819
276819
276021
276021
276021
276021
276021
276021
276021
276021
276021
276021
276021
276021
276021
276021
276021
276021
273670
273670
273670
272534
272534
272534
272534
272534
272534
272534
272534
272534
272534
272534
272534
272534
272534
272534
272534
272534
272534
272534
270965
270965
270965
270965
270965
270965
270965
270827
270827
270827
270827
270827
270827
270827
270827
270827
270827
270827
270827
270827
270827
270827
270827
270827
270827
270827
270188
270188
270188
270188
270188
270188
270188
270188
270188
270188
268198
268198
268198
268198
268198
268198
268198
268198
268198
268198
268198
268198
268198
268198
268198
268198
268198
261113
261113
261113
261113
261113
261113
261113
261113
261113
261113
261113
261113
261113
261113
261113
261113
261113
261113
261113
258999
258999
258999
258999
258999
258999
258999
258999
258999
258999
258999
258999
258999
258999
258999
258999
255683
255683
255683
255683
255683
255683
255683
255683
253817
249203
249203
249203
249203
249203
249203
249203
249203
249203
249203
249203
249203
249203
249203
249203
249203
249203
249203
249203
248457
248457
248457
248457
248457
248457
248457
248457
248457
248457
248457
248457
248237
248237
248237
248237
248237
248237
248237
248237
248237
248237
248237
248237
248237
248237
248237
248237
245202
245202
245202
245202
243165
243165
243165
243165
243165
243165
243165
243165
243165
243165
243165
243165
243165
243165
243165
242738
242738
242738
242738
242738
242738
242738
242595
242595
242595
242564
241651
241651
241651
241651
241651
241651
241651
241651
241651
241651
241651
241651
241587
241587
241587
241587
241587
241587
241587
241587
241587
241587
241587
241587
241587
241587
240808
240808
240808
240808
240808
240808
240808
240808
240710
240710
240710
240710
240710
240710
240710
240710
240710
240710
240710
240710
240710
240710
240710
240710
236227
236227
236227
236227
236227
236227
236227
236227
236227
236227
236227
236227
236227
236227
236227
236227
236227
235259
235259
235259
235259
235259
235259
235259
235259
235259
235259
235259
235259
235259
235259
235259
235259
235259
230336
230336
230336
230336
230336
230336
230336
230336
230336
230336
230336
230336
229205
229205
229205
229205
229205
229205
229205
229205
229205
229205
228708
228708
228708
228708
228708
228708
228708
228708
228708
228708
228097
228097
227681
227681
226338
226338
226338
226338
226338
226338
226338
226338
226338
226338
219893
219893
219893
219893
219893
219893
219893
219893
219893
219893
219893
219893
219893
219893
219893
219893
219893
219893
219893
219893
219485
219485
219485
219485
219485
219485
219485
219485
219485
219485
219485
219485
216939
216939
216939
216939
216939
216939
216939
216939
216939
216939
216939
216939
216939
211363
211363
211363
209726
209726
209726
209726
209726
209726
209726
209726
209726
209726
209726
209726
209726
209726
209726
209726
209726
209726
209726
208994
208994
208994
208994
208994
208994
207608
207608
207608
207608
207608
207608
207608
207608
207608
207608
207608
207608
207608
207608
207608
207608
207608
206341
206341
206341
206341
205353
205353
205353
205353
205353
205353
205353
205353
205353
205353
205353
205353
202249
202249
201908
201908
201908
201908
201908
201908
201908
201908
201908
201908
201908
201908
201631
201631
201631
201631
201631
201631
201631
201631
201631
201631
201631
201631
201631
201631
201631
