1285
1500000
992644
992644
992644
992644
992644
992644
992644
992644
992644
992644
992644
992644
992644
992644
992644
992644
992644
992644
992644
992644
979881
979881
979881
979881
979881
979881
979881
979881
979881
979881
979881
979881
979881
979881
979881
979881
979881
979881
979881
953068
953068
953068
953068
953068
953068
953068
953068
943868
933725
933725
933725
933725
933725
933498
933498
933498
933498
933498
933498
933498
933498
933498
933498
933498
933498
933498
933498
933498
933498
933498
933498
933498
933498
933113
933113
933113
933113
933113
933113
933113
933113
933113
933113
933113
933113
933113
933113
933113
927004
927004
927004
927004
927004
927004
927004
920774
920774
920774
920774
920774
920774
920774
920774
911277
911277
911277
911277
911277
911277
911277
911277
910045
910045
910045
910045
910045
910045
910045
910045
910045
910045
910045
908737
908737
908737
908737
908737
908737
908737
908737
908737
908737
908737
908737
908737
908737
908737
908737
904765
904765
904765
904765
904765
904765
904765
904765
904765
904765
904765
903374
903374
903374
903374
903374
903374
895605
895605
895605
895605
895042
895042
895042
895042
895042
895042
895042
895042
895042
895042
895042
895042
895042
895042
895042
895042
895042
895042
895042
886117
885160
885160
885160
885160
885160
885160
885160
885160
885160
885160
885160
885160
885160
876841
876841
876841
876841
876841
876841
876841
876841
876841
876841
876841
876841
876841
876841
876841
876841
876841
876841
875893
875893
875893
875893
875893
875893
875893
875893
875893
875893
875893
875893
875542
875542
875542
875542
875542
875542
875542
875542
875542
875542
875542
875542
875542
875542
871370
871370
871370
871370
871370
871370
858006
858006
858006
858006
858006
858006
858006
858006
858006
858006
858006
857595
857595
857595
857595
857595
857595
857595
857595
857595
857595
857595
850448
850448
850448
850448
850448
850448
850448
850448
850448
850448
850448
850448
850448
850448
850448
849795
849795
849795
849795
849795
849795
849795
841492
841492
841492
841492
841492
832997
832997
832997
832997
832997
832997
832997
832997
832997
832997
832997
832997
832997
832997
832997
827362
827362
827362
827362
827362
827362
822363
822363
822363
822363
822363
822363
822363
822363
822363
822363
822363
822363
822363
822363
822363
822363
822363
822363
822363
820941
820941
820941
811947
811947
811947
811947
811947
811947
811947
811947
811947
811947
811947
811947
810180
810180
810180
810180
810180
810180
810180
810180
810180
808418
808418
808418
808418
808418
808418
783968
783968
783968
783968
783968
783968
775871
772231
772231
772231
772231
772231
772231
772231
772231
772231
772231
772231
768078
768078
768078
768078
768078
768078
757749
757749
757749
757749
757749
757749
749365
749365
749365
749365
745857
745857
745857
745857
745857
745857
745857
745857
745857
745857
745857
745857
745857
745857
745857
745857
745857
745857
745857
735637
735637
735637
735637
735637
735637
735637
728786
728786
728786
728786
728786
728786
728786
728786
728786
728786
728786
728786
728786
728786
728786
728786
728786
728786
721143
721143
721143
721143
716977
716977
716977
716977
716977
696467
696467
696467
696467
696467
696467
690960
690960
690960
690960
690960
690960
690960
690960
690960
689446
689446
689446
689446
689446
689446
689446
689446
689446
679259
679259
679259
679259
679259
679259
679259
679259
679259
679259
679259
679259
679259
679259
679259
679259
679259
679259
679259
679259
678930
678930
678930
678930
678930
678930
678930
678930
678930
678930
678930
678930
678930
678930
678930
678930
655213
655213
655213
655213
655213
655213
651053
651053
651053
651053
651053
651053
651053
651053
651053
651053
651053
651053
651053
647065
647065
647065
647065
647065
647065
647065
647065
647065
647065
647065
647065
647065
647065
647065
624140
624140
624140
624140
624140
621745
621745
621745
621745
621745
621745
621745
621745
621745
621745
621745
621316
621316
621316
599919
599919
599919
599919
599919
599919
599919
599919
599919
599919
599919
599919
599919
599919
599579
599579
599579
599579
599579
599579
599579
599579
599579
599579
599579
578282
578282
578282
574198
573472
573472
573472
573472
561254
561254
561254
561254
561254
561254
561254
561254
561254
561254
561254
556102
556102
556102
556102
556102
556102
556102
556102
556102
556102
556102
556102
556102
556102
548549
548549
548549
548549
548549
548549
548549
548549
548549
540416
540416
540416
540416
540416
540416
540416
540416
540416
538246
538246
538246
538246
538246
538246
538246
538246
536648
536648
536648
535654
535654
535654
535654
535654
535654
535654
530854
530854
530854
530854
530854
530854
530854
530854
530854
530854
530854
530854
520937
520937
519596
519596
519596
519596
504003
504003
504003
504003
504003
504003
504003
504003
504003
504003
504003
504003
504003
504003
504003
504003
504003
504003
504003
503023
503023
503023
503023
503023
503023
503023
495231
495231
495231
495231
495231
495231
495231
495231
495231
495231
495231
495231
495231
495231
495231
495231
495231
474334
448314
448314
448314
448314
448314
448314
448224
448224
448224
448224
448224
434546
434546
434546
434546
434546
434546
434546
434546
434546
434546
434546
434546
416059
416059
416059
416059
416059
416059
416059
416059
404044
404044
404044
404044
404044
404044
404044
404044
404044
404044
404044
390750
390750
390750
347385
347385
347385
347385
347385
347385
342814
342814
342814
342814
342814
342814
342814
342814
342814
342814
342814
342814
342814
342814
342814
342814
342814
334775
334775
334775
334775
334775
334775
334775
334775
334775
334775
308888
308888
308888
308888
308888
308888
308888
308888
308888
308888
308888
308888
308888
308888
308888
291984
291984
284761
284761
284761
284761
284761
284761
284761
284761
284761
284761
284761
284761
284761
284761
284761
284761
282405
282405
282405
282405
282405
282405
282405
282405
282405
282405
282405
282405
282405
282405
282405
282405
282405
282405
280351
280351
280351
280351
280351
280351
280351
280351
280351
280351
280351
280351
280351
280351
280351
280351
280351
280343
280343
280343
280343
280343
280343
280343
280343
280343
280343
280343
280343
280343
280343
280343
280343
280343
280343
280343
271830
271830
271725
271725
271725
271725
271725
271725
265051
265051
265051
265051
265051
265051
265051
265051
265051
265051
265051
265051
265051
265051
265051
265051
265051
265051
263508
263508
263508
263508
263508
263508
257177
250537
250537
250537
250537
250537
250537
250537
250537
233793
233793
233793
233793
233793
233793
233793
233793
233793
233793
233793
233793
233793
233793
233793
230998
230998
230998
230998
230998
230998
230998
230979
230979
230979
230979
230979
230979
230979
230979
230979
230979
230979
230979
230693
230693
230693
230693
230693
230693
230693
230693
230693
230693
230693
230693
230693
230693
230693
229237
203968
203968
203968
203968
203968
203968
201467
201467
201467
201467
201467
201467
201467
201467
201467
201378
201378
201378
201378
201378
201378
201378
201378
201378
201378
201378
201378
201378
201378
201378
201378
201378
201378
196992
196992
196992
196992
196992
196992
196992
196992
196992
184375
184375
184375
184375
184375
184375
184375
184375
184375
184375
184375
184375
184375
184375
184375
184375
184375
184375
179615
179615
179615
179615
179615
179615
179615
179615
179615
179615
179615
179615
179615
179615
179615
179615
179615
179615
179615
179615
178119
178119
178119
178119
178119
178119
178119
178119
166911
166911
166911
166911
166911
166911
166911
166911
166911
166911
166911
166911
166911
166911
166911
141152
141152
141152
141152
141152
141152
141152
141152
141152
141152
141152
141152
141152
141152
141152
141152
141152
141152
141152
141152
117921
117921
117921
117921
117921
117921
117921
117921
117921
117921
117921
117921
117921
117921
117921
117921
117392
117392
117392
117392
117392
117392
117392
117392
117392
117392
117392
117392
117392
117392
117392
117392
101502
101502
101502
101502
101502
101502
101502
101502
101502
101502
101502
101502
101502
101502
101502
101502
101502
101502
99600
99600
99600
99600
99600
99600
78963
78963
78963
78963
78963
78963
78963
78963
78963
78944
78944
78944
78944
78944
78944
78944
78944
78944
78944
76960
76960
76960
76960
76960
76960
76960
76960
71925
71925
71925
71925
71925
71925
71925
71925
71925
71925
71925
71925
71925
71925
71925
57154
57154
57154
57154
57154
57154
57154
57154
57154
57154
57154
57154
57154
57154
57154
57154
57154
57154
57154
57154
56407
56407
56407
56407
56407
56407
56407
56407
56407
56407
56407
56407
56407
56407
56407
53712
53712
53712
53712
53712
53712
53712
53712
53712
53712
53712
53712
53712
53712
42068
42068
42068
42068
42068
42068
42068
42068
42068
42068
42068
42068
42068
42068
40713
40713
40713
40713
40713
40713
36363
36363
36363
36363
36363
36363
36363
36363
36363
36363
36363
36363
36363
18715
18715
18715
18715
18715
18715
18715
18715
18715
