1395
1500000
976747
976747
976747
976747
976747
976747
976747
976747
976747
976747
976747
976747
976747
976747
976747
976747
976747
976747
976747
969903
962931
962931
962931
962931
962931
962931
962931
962931
962931
962931
962931
962931
962931
962931
962931
962931
962815
962815
953385
953385
953385
953385
953385
953385
953385
953385
953385
953385
945191
945191
945191
945191
945191
945191
945191
945191
945191
945191
932654
932654
932654
932654
932654
932654
932654
932654
932654
932654
932654
932654
932654
928722
928722
928722
928722
928722
928722
928722
928722
928722
928722
928722
928722
918035
918035
918035
918035
918035
918035
918035
908942
908942
908942
908942
902457
902457
902457
902457
902457
902457
902457
902457
902457
902457
902457
902457
902457
902457
902457
902457
902457
902457
902457
902457
874934
874934
874934
874934
874934
874934
874934
863370
863370
863370
863370
863370
863370
863370
863370
863370
863370
863370
863370
863370
863370
863370
863370
863370
863370
863370
863370
862835
862835
862835
862835
862835
862835
862835
862835
862835
862835
862835
862835
862835
862835
862835
862835
862835
854679
854679
854679
854679
854679
854679
854679
854679
854679
854679
854679
854679
854679
854679
854679
854679
854679
854679
854679
854679
851935
851935
841656
841656
841656
841656
841656
841656
841656
841656
841656
839233
839233
839233
839233
839233
839233
839233
839233
830412
830412
830412
830412
830412
830412
830412
830412
830412
830412
830412
830412
830412
830412
812317
812317
812317
812317
812317
812317
812317
812317
812317
812317
812317
812317
812317
812317
812317
812317
812317
803165
803165
803165
803165
803165
803165
803165
803165
803165
799871
799871
799871
799871
799871
799871
799871
799871
799814
799814
799814
799814
799814
799814
799814
799814
799814
799814
799814
799814
799814
799814
799814
799814
799814
799814
799814
799814
799804
799804
799804
799804
799804
799804
793823
793823
793823
793823
793823
793823
793823
793823
793823
793823
793823
793823
793823
793823
793823
793823
793823
793823
793823
793823
785437
785437
785437
785437
785437
785437
785437
785437
785437
785437
785437
783873
783873
783873
783873
783873
783873
783873
783873
783873
783873
783873
783873
783873
783873
783873
783873
783873
783873
780081
780081
780081
780081
780081
780081
780081
780081
780081
780081
780081
780081
780081
780081
780081
776676
776676
776676
776676
776676
776676
776676
776676
776676
776676
776676
776676
776676
776676
775342
775342
775342
775342
775342
775342
775342
775342
765983
765983
765983
765983
765983
765983
765983
765983
765983
765983
765983
765983
765983
765983
765983
765983
765983
765983
756896
756896
756896
756896
756896
756896
756896
751728
751728
751728
751728
751728
751728
751728
751728
751728
751728
751728
751728
751728
705995
705995
705995
705995
705995
705995
698807
698807
698807
693977
693977
693977
693977
693977
693977
693977
693977
693977
693977
693977
693977
693977
692151
692151
692151
692151
692151
692151
692151
692151
692151
692151
692151
692151
692151
692151
692151
692151
692151
684102
684102
684102
684102
684102
684102
684102
684102
684102
684102
680746
680746
680746
680746
680746
680746
680746
680746
680746
680746
680746
680746
680746
680746
680746
673689
673689
659445
659445
659445
659445
659445
659445
659445
659445
659445
659445
659445
659445
659445
659445
652906
652906
652906
652906
652906
652906
652906
652656
652656
652656
652656
652656
652656
652656
652656
652656
652656
652656
652656
652656
652656
645259
645259
645259
645259
645259
645259
645259
645259
645259
645259
645259
645259
645259
645259
645259
645259
645259
645259
645259
637654
637654
637654
637654
637654
637654
633170
633170
633170
633170
633170
633170
633170
633170
633170
633170
633170
633170
621613
621613
621613
621613
621613
621613
621613
621613
621613
618088
618088
618088
618088
618088
618088
618088
618088
618088
618088
618088
618088
618088
618088
618088
618088
618088
618088
618088
613685
613685
613685
613685
613685
613685
613685
613685
613685
613685
613685
613685
613685
613685
608674
608674
608674
608674
608674
608674
608674
608674
608674
608674
608674
596137
596137
594917
594917
594917
594917
594917
594917
594917
594917
594917
594917
594917
594917
594917
594917
594917
586270
586270
586270
586270
586270
586270
586270
586270
586270
586270
586270
586270
586270
586270
586270
586270
586270
585778
585778
585778
585778
585778
585778
585778
585778
585778
585778
585778
585778
585778
585778
585778
585778
585778
585778
574660
574660
574660
574660
574660
574660
574660
574660
574660
574660
574660
574660
574660
571907
571907
571907
571907
571907
571907
571907
571907
571907
571907
571907
571907
567321
567321
567321
567321
567321
567321
567321
559842
559842
559842
559842
559842
559842
559842
559842
559842
559842
559842
559842
559842
559842
559842
558052
558052
558052
558052
558052
556704
556704
556704
556704
556704
556704
556704
548049
548049
548049
548049
548049
548049
548049
548049
548049
548049
548049
548049
530036
530036
530036
530036
530036
530036
530036
530036
530036
530036
530036
530036
521997
521997
521997
521997
521997
521997
521997
521997
521997
521997
521997
521997
521997
521997
521997
521997
521997
521997
519583
519583
519583
519583
519583
519583
519583
519583
519583
519583
519583
519583
519583
512007
512007
512007
512007
512007
512007
512007
512007
512007
512007
512007
512007
512007
512007
512007
512007
512007
512007
509148
509148
509148
509148
485646
485646
485646
485646
485646
485646
485646
485403
485403
485403
485403
485403
484947
484947
484947
484947
484947
484947
484947
484947
484947
484947
484947
467246
467246
467246
467246
467246
467246
467246
467246
467246
467246
467246
467246
467246
467246
467246
467246
465970
465970
465970
465970
465970
465970
465970
465970
465970
465970
465970
465970
465970
465970
465970
465970
465970
459843
459843
427501
424207
424207
424207
424207
424207
424207
424207
424207
424207
424207
424207
424207
424207
424207
424207
424207
424207
424207
423227
423227
423227
423227
423227
423227
423227
423227
423227
423227
423227
422671
422671
422671
422671
422671
422671
422671
422671
422671
422671
422671
421628
421628
421628
421628
421628
421628
421628
421628
421628
421628
421628
421628
419187
419187
419187
419187
419187
419187
419187
419187
419187
419187
419187
419187
419187
419187
419187
419187
403283
403283
403283
403283
403283
403283
403283
403283
403283
403283
403283
403283
403283
403283
403283
403283
403283
401906
401906
401906
401906
401906
401906
401906
401906
401906
401906
401906
401906
401906
401906
401906
401906
401906
379888
379888
379888
379888
379888
379888
379888
379888
379888
379157
379157
379157
379157
376581
376581
376581
376581
376581
376581
376581
376581
376581
376581
376581
376581
376581
376581
376581
376581
366354
366354
366354
366354
366354
366354
366354
366354
366354
366354
366354
366354
366354
366354
366354
366354
366354
366354
365103
365103
365103
365103
365103
365103
365103
365103
365103
365103
365103
365103
365103
365103
362774
362774
362774
362774
362774
362774
362774
362774
362774
362774
362774
362774
362774
362774
332315
332315
332315
332315
332315
332315
332315
332315
332315
332315
332315
332315
332315
332315
332315
332315
332315
332315
330813
330813
330813
330813
330813
330813
330813
330813
330813
330813
330813
330813
330813
330813
330813
330813
330813
330813
330813
326216
326216
326216
325028
325028
325028
325028
325028
325028
325028
325028
325028
324532
324532
324532
324532
324532
324532
324532
324532
324532
324532
324532
310840
310840
310840
310661
310661
310661
310661
310661
310661
310661
310661
310661
310661
310661
310661
302925
302925
302925
302925
295089
285503
283568
283568
283568
283568
283568
283568
283568
283568
283568
283568
283568
283568
283568
283568
283568
283568
280609
280609
280609
280609
280609
280609
280609
280609
280609
280609
280609
280609
280609
280609
280609
266384
266384
266384
266384
266384
266384
253928
245092
245092
245092
245092
245092
245092
245092
245092
245092
245092
245092
245092
245092
245092
240801
240801
240801
240801
240801
240801
240801
240801
240801
239926
239926
239926
239926
239926
239926
239926
239926
239926
239926
239926
239926
239926
238860
238860
238860
234676
234676
234676
234676
234676
234676
234676
234676
234676
234676
234676
234676
234676
234676
234676
234676
204689
204689
204689
204689
204689
204689
204689
204689
204689
204689
204689
204689
204689
204689
204689
197311
197311
197311
197311
197311
197311
197311
197311
197311
197311
197311
197311
192544
192544
192544
192544
192544
192544
192544
192544
192544
192544
192544
192544
192544
192544
192544
192544
192544
183263
183263
180241
180241
180241
180241
180241
180241
180241
180241
180241
180241
180241
180241
180241
180241
180241
180241
180241
180241
180241
180241
179254
179254
179254
179254
179254
179254
179254
179254
179254
179254
179254
179254
179254
179254
179254
179254
179254
179254
179254
179254
168491
168491
168491
168491
168491
168491
168491
168491
168491
168491
168491
168491
168491
168491
168491
168491
168491
168491
168491
168491
123069
123069
123069
123069
123069
123069
123069
123069
123069
123069
121881
121881
121881
121881
121881
121881
121881
121881
121881
121881
121881
121881
121881
121881
121881
98333
98333
98333
98333
98333
98333
98333
98333
98333
83711
83711
83711
83711
83711
83711
83711
83711
74164
74164
74164
66546
66546
66546
66546
66546
66546
66546
66546
66546
66546
66546
66546
66546
66546
66546
61459
61459
61459
61459
61459
61459
61459
61459
61459
61459
58773
58773
58773
58773
58773
56402
56402
56402
56402
56402
56402
56402
36993
36993
36993
23512
23512
23512
23512
23512
23512
23512
23512
23512
23512
21553
21553
21553
21553
21553
21553
21553
21553
21553
17461
