5399
1500000
996776
996776
996776
996776
996776
996776
996776
996776
996776
996776
996776
996776
996776
996776
996776
996776
996776
996776
996776
996294
996294
996294
996294
992375
992375
992375
992375
992375
992375
992375
992375
992375
992375
992375
992375
992375
992375
991092
991092
991092
991092
991092
991092
991092
991092
991092
991092
991092
991092
991092
991092
991092
991092
991092
991092
990609
990609
990609
990609
990609
990609
988394
988394
988394
988394
988394
988394
988394
988394
988394
988394
988394
987721
987721
987721
987721
987721
987721
984508
982983
982983
982983
982983
982983
982983
982983
982983
982983
982983
982983
982983
982430
982430
982430
982430
982430
982430
982430
980089
980089
980089
980089
980089
977474
977474
977474
977474
977474
977474
977136
977136
977136
977136
977136
977136
977136
977136
977136
977136
975450
975450
975450
973539
973539
973539
973539
973539
973539
973539
973539
973539
973539
973539
973539
973539
973539
973421
973421
973413
973413
973413
973413
973413
973413
973413
973413
973413
973413
973413
973413
973413
973413
973413
973413
973413
973413
973318
973318
973318
973318
973318
973318
973318
973318
973318
973318
973318
973318
973318
973318
972720
972720
972720
972720
972720
972720
972720
972720
972720
972720
972720
972720
972720
972720
972720
970619
970619
970619
970619
970619
970619
970619
970619
970619
970619
970619
967487
967487
967487
967487
967487
967487
967487
967487
967487
967487
967487
967487
967487
967487
967487
967487
967487
967487
967487
967487
966637
966637
966637
966637
966358
966358
966358
966358
966358
966358
966358
966358
966358
966358
966358
966358
966358
963896
963896
963896
963896
963896
963896
963896
963896
963896
963896
963896
963896
962966
962966
962966
962966
962966
962966
962966
962966
962966
962966
962966
962966
962966
962966
960410
960410
960410
960410
960410
958914
958914
958914
958914
958914
958914
958801
958801
958801
958801
958801
958801
958801
958801
958801
958801
958801
958801
958801
958801
958801
958801
958801
957254
957254
957254
957254
957254
957254
957254
957254
957254
957254
957254
957254
957254
957254
957254
957254
957254
957254
957254
957254
952442
952442
952442
952442
952442
952442
952442
952442
952442
952442
952442
952442
952442
951045
951045
951045
951045
951045
951045
951045
951045
951045
951045
951045
951045
951045
951045
950241
950241
950241
950241
950241
950241
950241
950241
950241
950241
950241
950241
950241
950241
950241
950241
950241
948775
948775
948775
948775
948775
948775
948775
948775
948775
948775
948775
948775
948775
948775
948410
948410
948410
948410
948410
948410
948410
948410
948396
948396
948396
948396
948396
948396
948396
948396
948396
948396
948396
948396
948396
948396
948396
948396
948396
947393
947393
947393
947393
946559
946559
946559
946559
946559
946559
946559
946559
946559
946559
946559
946559
946559
946559
946559
946123
946123
946123
946123
946123
946123
946123
946123
946123
946123
945963
945963
945963
945963
945963
945963
945963
945963
945963
945963
945963
943973
943973
943973
943973
943973
943973
943151
938293
938293
938293
938293
938293
938293
938293
938293
938293
938293
938293
938293
938293
935056
935056
935056
935056
935056
935056
935056
931668
931668
931668
931668
931668
931668
931668
931668
931668
930078
930078
929797
929797
929797
929797
929797
929797
929797
929797
929797
929797
929508
929508
929508
929508
929508
929508
929508
929508
929508
929508
929508
929508
929508
929508
929508
928176
928176
928176
928176
928176
928176
928176
928176
928176
928176
928176
928176
928176
928176
927787
927787
927787
927787
927787
927787
927787
927787
927787
927787
927787
927772
927772
927772
927772
924402
924402
924402
921775
921775
921775
921775
921775
921775
921775
921775
921775
921775
921775
921775
921775
921775
921744
921744
921744
921744
921744
921744
921744
921744
921744
921744
921744
921744
921744
921744
921744
921744
921744
921744
918455
918455
918455
917279
917279
917279
917279
917279
917279
917279
917279
911408
911408
911408
911408
911408
911408
911408
911408
911408
911408
911408
911408
911408
911408
911408
911408
911408
911408
908173
908173
908173
908173
908173
908173
908173
908173
905736
905736
905736
905736
905736
905736
905736
905736
905736
905736
905736
905736
905736
905736
905736
905736
905736
903360
903360
903360
903360
903360
902581
902581
902581
902581
902581
902581
902581
902581
902581
902581
901718
901718
898283
898283
898283
898283
898228
898228
898228
898228
898228
898228
898228
898228
898228
898228
898228
898228
896053
896053
896053
896053
896053
896053
896053
896053
896053
896053
896053
891470
891470
890982
890982
890982
890982
888452
888452
888452
888452
888452
888452
888452
888452
888452
888452
888452
888452
887342
887342
887342
887342
887342
887342
887342
887342
886779
886779
886623
886623
886623
886623
886623
886623
886623
886623
886623
886623
886623
886623
884100
884100
884100
884100
884100
884100
884100
884100
884100
884100
884100
884100
884100
884100
884100
884100
880267
880267
880267
880267
880267
880267
880267
880267
880267
880267
880267
880267
880185
880185
880185
880185
880185
880185
880185
880185
880185
880185
880185
880185
880185
880185
880185
880185
879876
879876
879876
879876
879876
879876
879876
879876
879876
879876
879876
879876
879876
879876
879876
879876
879876
872011
872011
872011
872011
872011
871780
871780
871780
871780
871780
871780
871780
871780
865063
865063
865063
865063
865063
865063
865063
865063
865063
865063
865063
865063
864987
864987
864987
863998
861942
861942
861942
861942
861942
861942
861942
861942
861942
861942
861942
861942
861942
861942
861942
861942
861942
861942
861942
861347
861347
861347
861347
861347
861347
861347
861347
861347
861347
861347
861347
857064
857064
857064
857064
857064
857064
857064
856147
856147
856147
856147
856147
855612
855612
855612
855612
855612
853632
853632
853632
853632
853632
853632
853632
853632
853632
853632
853632
853632
853632
853632
846059
846059
846059
846059
846059
846059
846059
846059
846059
846059
846059
846059
844099
844099
844099
844099
844099
844099
844099
844099
844099
844099
844099
844099
844099
844099
839410
839410
839410
839410
839410
839410
839410
835729
835729
835729
835729
835729
835729
835729
835729
835729
835729
831162
831162
831162
831162
831162
831162
830723
829649
829649
829649
829649
829649
829649
829649
829649
829649
829649
829649
829649
829649
829649
829649
829649
829649
829649
828137
828137
828137
828137
828137
827535
827535
827535
827535
827535
827535
825677
825677
825677
825677
825677
825677
825677
822958
822958
822958
822958
822958
822958
822958
822958
821259
821259
821259
821259
821259
821259
821259
821259
815732
815732
815732
815287
815287
815287
815287
815287
815287
815287
815287
815287
815287
815287
815287
815287
815287
815287
815287
815287
815287
815287
814278
814278
814278
814278
814278
814278
814278
814278
810434
810434
810434
810434
810434
810434
810434
810434
810434
810434
810434
810434
810434
810434
810434
810434
801064
801064
801064
801064
801064
801064
801064
801064
801064
801064
801064
801064
801064
801064
801064
801064
801064
800855
800855
799805
799805
799654
799654
799654
799654
799654
799654
799654
799654
799654
799654
799654
799654
799654
798208
798208
798208
798208
798208
798208
798208
798208
798208
798208
798208
798208
798208
793507
793507
793507
793507
793507
793507
793507
793507
793507
793507
793507
790726
786197
786197
786197
786197
786197
786197
786197
786197
786197
786197
786197
786197
786197
785794
785794
785794
785794
785794
785794
785794
785794
785794
785794
785300
785300
785300
785300
785300
785300
785300
785300
785300
785300
785300
785300
784884
784884
784884
784884
784884
784884
784884
784884
784884
784884
784884
784270
784270
784270
784270
784270
784270
784270
784270
784270
784270
784270
784270
784270
784270
784270
784270
780191
780191
780191
780191
780191
780191
780191
780191
780191
780191
780191
780191
780191
780191
777851
777851
777851
777270
777270
777270
777270
777270
777270
773475
773475
773475
773475
773475
773475
773475
773475
773475
772471
772471
772471
772471
772471
772471
772471
772471
772471
772471
772471
772471
771566
771566
771566
771566
771566
771566
771566
770067
770067
768357
768357
768357
768357
764157
764157
764157
764157
764157
764157
764157
764157
764157
764157
764157
764157
760897
760897
760897
760897
760897
760897
760897
760897
760897
760897
760897
760897
760897
760897
760897
760897
760640
760640
760640
760640
760640
760640
760640
760640
760640
760640
760640
760208
760208
760208
760208
760208
760208
760208
760208
760208
758988
758988
758988
758988
758988
758988
758988
758988
758988
758988
758988
758988
758988
758988
758988
758988
756616
756616
756616
756616
756616
756616
756616
756616
756616
756616
756616
756616
756616
756616
756616
756616
756616
756494
756494
756494
756494
756494
756494
756494
756494
756494
756494
756494
756494
753418
753418
753418
753418
753418
753418
753418
753418
753418
753083
753083
753083
753083
753083
753083
753083
753083
752626
752626
752626
752626
752626
748560
748560
748560
748560
748560
748560
748560
748560
748560
748560
748560
748560
748560
748560
748560
748486
748486
748486
748486
748486
748486
748486
748486
748486
748486
748486
748486
748486
748486
745703
745703
745703
745703
745703
745703
745703
745703
745320
745320
745320
745320
745320
745320
745320
745320
745320
745320
745320
745320
745320
745320
745320
745320
745320
745320
741828
741828
741828
741828
741828
741828
741828
741828
741828
741828
741828
741828
741828
739462
739462
739462
739462
739462
739462
739462
739462
739462
739462
739462
739462
739462
739462
739462
739462
739462
739462
739462
731525
731525
731525
731525
731525
731525
731525
731525
731525
731525
731525
731525
731525
731525
729073
729073
729073
729073
729073
729073
729073
729073
729073
729073
729073
729073
729073
729073
729073
729073
729073
729073
729073
728165
728165
728165
728165
728165
728165
728165
728165
728165
728165
728165
728165
728165
728165
728165
728165
728165
728165
728165
728165
726365
726365
726365
726365
726365
726365
726365
726365
726365
726365
726365
726365
726365
726365
726365
726365
726365
726365
726365
726365
725507
725507
725507
725507
725507
725507
725507
725507
725507
725507
724579
724579
724579
724579
724579
724358
724358
724358
724358
724358
724358
724358
724358
724358
724358
724358
724358
724358
724358
724358
724358
724358
724358
724358
724358
724089
724089
724089
724089
724089
724089
724089
724089
724089
724089
724089
724089
724089
722816
722816
722816
722816
722816
722816
722816
722816
722816
722816
722816
722816
722816
722816
722816
720623
720623
720623
720623
720623
720623
720623
720623
720623
720623
720349
720349
720349
720349
720349
720349
720349
720349
720349
720349
720349
720349
720349
720349
720349
720349
720349
720349
720349
718661
718661
718661
718661
718661
718661
718661
718661
718661
718661
718661
718661
718661
718661
712051
712051
712051
712051
712051
712051
712051
712051
712051
712051
712051
712051
712051
712051
712051
712051
712051
712051
712051
712051
707687
707687
707687
707687
707687
707687
707687
707687
707687
707687
707687
707687
707687
705755
705755
701609
701609
701609
701609
701609
701609
701609
701609
701316
701316
701316
701316
701316
701316
701316
701316
701316
700439
700439
700439
700439
700439
699368
699368
699368
699368
699368
699368
699368
699368
699368
699368
699368
699368
699368
699368
699368
699368
699368
699368
699368
699368
698072
698072
698072
698072
698072
698072
698072
698072
698072
698072
698072
698072
698072
698072
698072
698072
697486
697486
697486
697486
697486
697486
697486
697486
697486
697486
697486
697421
697421
697421
697421
697421
697421
697421
697421
697421
697421
697421
697421
697421
697421
697421
697421
697421
697421
697421
697421
697291
697291
697291
697291
697291
697291
697291
697291
697291
697291
697291
697291
697291
696146
696146
696146
696146
696146
696146
696146
696146
696146
696146
696146
696146
696146
696146
696146
695586
695586
695586
695586
695586
695586
695586
695586
695586
695586
695586
695586
695586
695586
695586
692897
692897
692897
692897
692897
692897
692897
692897
692897
692897
692897
692897
692897
692897
692897
692897
692897
692897
692897
692897
682039
680669
680669
680669
680669
680669
680669
680669
680669
680669
680669
680669
680669
680669
680669
680669
680669
680669
680669
680669
680044
680044
680044
680044
680044
680044
680044
679633
679633
679633
679633
679633
679633
679633
679633
679633
679633
679633
679633
679633
679633
679633
679596
679596
679596
679596
679399
679399
679399
679399
679399
679399
676176
676176
676176
676176
676176
676176
675220
675220
675220
675220
674856
674856
674856
674856
674856
674856
674856
674856
674856
674856
674856
671190
671190
671190
671190
671190
671190
671190
671190
671190
660736
660736
660736
660736
660736
660736
660736
660736
660736
660736
660736
660736
660736
660736
660736
660539
660539
660539
660539
660539
660539
660539
660539
660539
660539
660539
660539
660539
659947
659947
659947
659947
659947
659947
659947
659947
659947
659947
659947
659947
659947
659947
659716
659716
659716
659716
659716
659716
659716
658658
658658
658658
658658
658658
658658
658658
658658
658658
658658
658658
658658
658658
658658
658658
658658
658658
658658
656942
656942
656942
656942
655123
655123
655123
655123
655123
655123
655123
655123
655123
655123
655123
655123
655123
655123
655123
655123
655123
655123
655123
654267
654267
654267
654267
654267
654267
654267
654267
654267
654267
654267
654267
651905
651905
651905
651905
651905
651905
651905
651905
651905
651905
651905
651905
651905
651905
651905
641933
641933
641933
641933
641933
641933
641933
641933
638276
638276
638276
638276
638276
638276
638276
638276
635645
634058
634058
634058
634058
634058
634058
634058
634058
634058
634058
634058
632089
632089
632089
632089
632089
632089
632089
632089
632089
632089
627062
627062
627062
627062
627062
627062
626371
626371
626371
626371
626371
626371
626371
626371
626371
626371
623180
623180
623180
623180
623180
623180
623180
623180
623180
623180
623180
623180
623180
623180
623180
623180
623180
621608
621608
621608
621608
621608
621608
621608
621608
620639
620639
620639
620639
620639
620639
620639
620639
618913
618913
618913
618913
618913
618913
618913
618913
618913
618913
618913
618913
618555
618555
618555
618555
618555
618555
618555
618555
618555
618555
618555
618555
618555
618555
618555
618555
618555
618555
618555
618121
618121
618121
618121
618121
618121
618121
618121
614733
614733
614733
614733
614733
614733
614733
614733
614733
614733
614733
614733
614733
614733
614733
614733
612762
612762
612762
612762
612762
612762
612762
612762
612762
612762
612762
612762
612762
612762
609396
609396
609396
609396
609396
609396
609396
609396
609396
609396
609396
602877
602856
602856
602856
602856
602856
602856
602856
601746
601746
601746
601746
601746
601746
598871
598871
598871
598871
598871
598871
598871
595149
595149
595149
595149
595149
595149
595149
595149
595149
595149
595149
595149
595149
595149
594247
594247
594247
593676
593676
593676
593676
593676
593676
593676
593676
593676
593676
593676
593676
593676
593676
593676
593676
592858
592858
592858
592858
592858
592858
592858
592858
592858
592858
592858
592858
592858
592858
592858
592858
592858
592858
591840
591840
591606
591606
591606
591606
591606
591606
591606
591606
591606
591606
591606
590690
590690
590690
590690
590690
590690
590690
590690
590690
590690
589366
589366
589366
589366
589366
589366
589366
589366
589366
589366
589366
589366
589366
589366
589366
589366
589366
587076
587076
587076
587076
587076
587076
587076
587076
587076
587076
587076
587076
587076
587076
587076
587076
587076
586671
586671
586671
586671
586671
586671
586671
586671
586671
586671
584672
584672
584672
584672
584672
580858
580858
580858
580858
580858
580858
580858
579592
579592
579592
579592
579592
579592
579592
579592
579592
579592
579592
579592
579592
579592
579592
579592
579592
579173
579173
579173
579173
579173
579173
579173
579173
579173
579173
579173
579173
577494
577494
577494
577494
577494
577494
577494
577494
577494
577494
577494
577494
577494
577494
575053
575053
575053
575053
575053
575053
575053
575053
575053
575053
575053
575053
575053
575053
575053
575053
575053
575053
575053
574815
574815
574815
574173
574173
574173
574173
568365
568365
568365
568365
568365
568365
568365
568365
568365
568365
567213
567213
567213
567213
567213
567213
567213
567213
567213
567213
567213
567213
567213
567068
567068
567068
567068
567068
567068
567068
567068
567068
567068
567068
567068
567068
567068
567068
567068
567068
563944
563944
563944
563944
563944
563944
563944
563944
563944
563944
563944
563944
563944
563944
562659
562659
562659
562659
562659
562659
562659
562659
562659
562659
562659
562659
562659
562478
562478
562478
562478
562478
562478
562478
562478
562478
562478
562478
562478
560760
560760
560760
560760
560235
560235
560235
560235
560235
560235
560235
560235
560235
558435
558435
558435
558435
558435
558060
558060
558060
558060
558060
558060
558060
558060
558060
558060
558060
558060
558060
558060
558060
558060
558060
558060
558060
557558
557558
557558
557558
557558
557558
556100
556100
556100
556100
556100
556100
556100
556100
556100
556100
556100
556100
556100
544757
544757
544757
544757
544757
544757
544457
544457
544457
544457
544457
544457
544457
544457
544457
543571
543571
543571
543571
543571
543571
543571
543571
543571
543571
543571
543571
543571
543571
543571
543571
543571
543123
543123
543123
543123
543123
543123
543123
543123
543123
543123
543123
543123
543123
543123
543123
543123
543123
542395
542395
542395
542395
542395
541772
541772
541772
541772
541772
541772
541772
541772
541772
541772
541772
540676
540676
540676
540676
540676
540676
540676
540676
540676
540676
538810
538810
538810
538810
538810
538810
538810
538810
538810
538810
538810
538743
538743
538743
538743
533524
533524
533524
533524
533524
533524
533524
533524
533524
533524
533524
533524
533524
533524
533524
533524
533524
533524
533524
527446
527446
527446
527446
527446
527446
527446
527446
527446
527446
527446
527446
527446
527446
527446
527446
527294
527294
527294
527294
527294
527294
527294
527294
527294
527294
527294
527294
527294
527294
527294
527093
527093
527093
527093
526895
526895
526895
526895
526895
525038
525038
525038
525038
525038
525038
525038
525038
525038
525038
525038
525038
525038
517172
517172
516014
516014
513098
513098
513098
513098
513098
513098
513098
513098
513098
510018
510018
510018
508636
508636
508636
508636
508636
508636
508636
508636
508636
508330
508330
508330
508330
508330
508330
508330
508330
508330
508330
508330
508330
508330
508330
508330
508330
508330
506141
506141
506141
503100
503100
503100
503100
503100
503100
503100
503100
503100
503100
503100
503100
503100
503100
498185
498185
498185
498185
498185
498185
498185
498185
498185
498185
498185
498185
498185
498185
498185
498185
498185
497653
497653
497653
497653
496445
494766
494766
494766
494766
494766
494340
494340
494340
494340
494340
494340
494340
494340
494340
494340
494340
494340
494340
494340
494340
494340
490068
490068
490068
490068
490068
490068
490068
490068
490068
490068
490068
490068
490068
490068
488306
488306
488306
488306
488306
488306
488306
488306
488306
488306
488306
488039
488039
488039
488039
488039
488039
488039
488039
488039
488039
487439
487439
487439
486881
486881
484762
484762
484762
484762
484762
484762
484762
484762
484762
484119
484119
484119
484119
484119
484119
484119
484119
484119
484119
482172
482172
482172
482172
482172
482172
477826
477826
477826
477826
477826
477826
477826
477826
477826
477826
477826
477826
477826
477826
477826
477826
477826
477826
477826
472544
471456
471456
471456
471456
471456
471456
471456
471456
471456
471456
471456
471456
471067
471067
471067
471067
471067
471067
471067
471067
471067
471067
471067
471067
471067
471067
471067
471067
471067
471067
471067
468742
468742
468742
468742
468742
468742
468742
468742
468742
468742
468742
468742
466424
466424
466424
466424
466424
466424
466424
466424
466424
466424
466424
465956
462671
462671
462671
462671
462671
462671
462671
462671
462671
462671
462671
462671
462671
462671
459918
456966
453564
453564
451322
451322
451322
451322
451322
451322
451322
451322
451322
451322
451322
451322
451322
451322
451322
451322
451322
451322
451322
446447
446447
446447
446447
446447
446447
446447
446447
446447
446447
446447
446447
446447
446447
445424
445424
445424
445424
445424
445424
445424
445424
445424
445424
441475
441475
441475
441475
441475
441475
441475
440104
440104
440104
440104
440104
440104
440104
440104
440104
440104
440104
440104
440104
440104
440104
440104
440104
440104
435687
435687
435687
435687
435687
435687
435687
435687
435687
435687
435687
435687
435687
434498
434498
434498
434498
434498
434498
434498
434498
434498
434099
434099
434099
434099
434099
434099
434099
434099
430956
430956
430956
430956
430956
430956
430956
430956
430956
430956
430956
430956
430956
430956
430956
430956
430956
430956
430956
430880
430880
430880
430880
430880
430880
428230
428230
428230
428230
428230
428230
426503
426503
425679
425679
425679
425679
425679
425679
425679
425679
425679
425679
425679
424028
424028
424028
424028
424028
424028
424028
424028
424028
424028
424028
424028
424028
421883
418251
418251
418251
418251
418251
418251
418251
418251
418251
418251
418251
416901
416901
416901
416901
416901
416901
416901
416901
416901
416901
416901
416901
416901
416901
416901
416901
416901
415077
415077
415077
415077
415077
415077
415077
415077
415077
415077
415077
415077
408308
408308
408308
408308
408308
408308
408308
408308
408308
408308
408308
406332
406332
406332
406332
406332
406332
406332
406332
406332
406332
406332
406332
406332
406332
406332
406332
406332
406332
406332
406332
404247
404247
404247
404247
404247
404247
404247
404247
404247
404247
404247
404247
404247
404141
404141
404141
404141
404141
404141
404141
404141
404141
404141
403986
403986
403986
403986
403986
403986
403986
403986
403986
403986
403986
403986
403986
403974
403974
403974
403974
403974
403974
403974
403974
403974
403974
403974
403974
403974
403974
403974
403974
402331
402331
402331
402331
402331
402331
402331
402331
402331
402331
402331
402331
402331
402331
402331
398259
398259
398259
398259
398259
398259
394428
394428
394428
394428
394428
394428
394428
394428
394428
394428
394428
394428
394428
394428
394428
394428
394428
394428
393703
393703
393703
393703
393703
393703
393703
393703
393703
393703
393703
393703
393703
393626
393626
393626
393626
393626
393626
393626
393626
393626
393626
393626
393626
393626
393626
393626
393626
393626
390771
390771
390771
390771
390771
390771
390116
390116
390116
390116
390116
390116
390116
390116
390116
390116
390116
390116
390116
390116
390116
390116
387095
387095
387095
387095
387095
387095
383826
383826
383826
383826
383826
383826
383826
383826
383826
383826
383826
383826
383826
383826
383826
383826
383826
383726
383726
383726
383726
383726
383726
383726
383726
383726
383726
383726
383726
383726
383726
383726
383726
383726
383726
383726
383533
383533
383533
383533
383533
383533
383228
383228
383228
383228
383228
383228
383228
382469
382469
382469
382469
382469
382469
382469
382469
382469
382469
382469
379870
379870
379870
379870
379870
379870
378614
378614
377859
377859
377859
377859
377859
377859
377859
377859
377859
377859
377859
377859
377859
377859
377859
377859
376217
376217
376217
376217
376217
376217
376217
376217
376217
376217
376217
376217
376217
376217
376217
376217
369454
369454
369454
369454
369454
369454
369454
369434
369434
369434
369434
369434
369434
369434
369434
369434
369434
369434
369434
369434
369434
369434
369434
369434
369434
368687
368687
368687
368687
368687
368687
368687
368687
368687
368687
368687
367335
367335
367335
367335
367335
367335
367335
366834
366834
366834
366834
366834
366834
366834
366834
366834
366834
366834
366834
366834
366834
366834
366834
366834
366522
366522
366522
366522
366522
366522
366522
366522
366522
366522
366522
366522
366522
366522
366522
366522
366522
366522
366522
366522
364194
364194
364127
364127
364127
364127
364127
364127
364127
364127
364127
364127
364127
364127
364127
359462
359462
359462
359462
359462
359462
359462
359462
357140
357140
357140
354946
354946
354946
354946
354946
354558
354558
354558
354558
354558
354558
354558
354558
354558
354558
354558
354558
354558
354558
354558
354558
354558
354558
354558
353652
353652
353652
353652
353652
353652
353652
353652
353652
353652
353652
353652
353652
353652
353652
353652
353652
353652
353652
352228
352228
352228
352228
351638
351638
351638
351638
349845
349845
349845
349845
349845
349845
349845
349845
349845
349845
349845
349845
349845
349845
349845
349845
349071
347895
347895
347895
347895
347895
347895
347895
347895
347895
347895
347895
347895
347895
347895
347895
347895
344190
344190
344190
344190
344190
344190
344190
344190
344190
344190
344190
344190
344190
344190
344190
344190
344190
344190
344190
344190
342629
342629
342629
342629
342629
342629
342629
342629
342629
342629
342629
342629
342629
342629
342629
342629
342629
342629
342629
342629
341218
340815
340815
340815
340815
340815
340815
340815
340815
340815
340815
340815
338424
338424
338424
338424
338424
338424
334743
334743
334743
334743
334743
329380
329380
329380
329380
329380
329380
329380
329380
329380
329380
329380
329380
329380
329380
329380
329035
329035
329035
329035
329035
329035
329035
328676
328676
328676
328676
328676
328676
328676
328676
328676
328676
328676
328676
328676
327440
327440
327440
327440
327440
327440
327440
327440
327440
327440
327440
327440
327440
326594
326594
326594
326594
326594
326594
326594
326594
326273
326273
326273
326273
326273
326273
326273
326273
326273
326273
326273
326273
325184
325184
325184
325184
325184
325184
325184
325184
325184
325184
325184
325184
325184
325184
325184
325184
325184
325184
325184
321733
321733
321733
321733
321733
321733
321733
321733
321733
321733
321733
321733
321733
321733
321369
321369
321369
321369
321369
321369
321369
321369
321369
321369
321369
321369
321369
321369
321153
321153
321153
321153
321153
321153
321153
321153
321153
321153
321153
321153
320219
320219
315444
315444
315444
315444
315444
315444
315444
315444
315444
315444
315444
313963
313963
313963
313963
313963
313963
313963
313963
313963
313963
313963
313963
313963
313963
313963
313963
313963
313222
313222
313222
313222
308396
305289
305289
305289
305289
305289
304856
304856
304856
304856
304856
304856
304856
304856
304856
303469
303469
303469
303469
303469
303469
302872
302872
302872
302872
302872
302872
302872
302872
300018
300018
300018
293485
293485
293485
293485
293485
293485
293485
292717
292717
292717
292717
292717
292717
292717
292717
292717
292717
292717
292717
292717
292717
292717
292717
292717
292322
292322
292322
292322
292322
292322
292322
292322
292322
292322
292322
292322
288914
288914
288914
288914
288914
288914
288914
288914
288914
288914
288914
288914
288356
288356
288356
288356
288356
288356
288356
288356
288356
288356
288356
288356
288356
288356
288356
288356
288356
288345
288345
288345
288345
288345
288345
288345
288345
288345
286198
286198
286198
286198
286198
286198
286198
286198
286198
286198
286198
286198
286198
286198
286198
286198
286198
286198
285487
285487
285487
285487
285487
285487
285487
285487
285487
285487
285487
285487
285487
285487
285487
285487
285487
284766
284766
284766
284766
284766
284766
284766
284766
284766
284766
284766
284766
284766
283887
283887
283887
283887
283887
283887
283887
283887
283887
283887
283887
283887
283887
283887
283887
283887
283887
283887
282826
282826
282826
282826
282826
282826
282826
282826
282826
282826
282826
282826
282826
282460
282460
282460
282460
282460
282460
282460
282460
282460
282460
282460
282460
282443
282443
282443
282443
282443
282443
282443
282443
282443
282443
282443
282443
282443
281684
281684
281684
281684
281684
281684
281684
281684
281684
281684
281684
281684
281684
281684
281684
281684
281684
280047
280047
280047
280047
280047
280047
280047
280047
280047
280047
280047
280047
280047
280047
280047
279585
279585
279585
279585
279585
279585
279585
279585
279475
279475
279475
279475
279475
279475
279475
279475
279475
279475
279475
279475
279475
278142
278142
278142
278142
278142
278142
278142
278142
278142
278142
278142
278142
278142
278142
273814
273814
273814
273814
273814
273814
273814
273180
273180
273180
273180
273180
273180
273180
273180
273180
273180
273180
273180
273180
273180
273180
273180
273180
273180
273180
273180
272368
272368
272368
272368
272368
272368
272368
272368
272368
272368
272368
272368
272368
272368
272368
272368
272336
272336
272336
272336
272336
272336
272336
272336
272336
272336
272336
272336
269709
269709
269709
269709
269709
269709
269709
269709
269709
269709
269709
269709
269709
269709
269709
269709
267200
267200
267200
267200
267200
267200
267200
267200
267200
267200
267200
267200
267200
266536
266536
266536
266536
266536
266536
261608
261608
261608
261608
261608
261608
261608
261608
261608
261608
261608
257917
257917
257917
257917
257917
257917
257917
257917
257917
257917
257917
257917
257917
257917
257917
257917
257917
256453
256453
256453
256453
256453
256453
256453
256453
256453
256453
256453
256453
256453
256453
256453
254403
254403
254403
254403
254403
254403
254403
254403
254403
254403
254403
254403
254403
254403
254403
254403
254403
249661
249661
249661
249661
249661
249661
249661
249661
249661
249661
249661
249661
249661
249661
249661
249661
248997
248997
248997
248997
248997
248997
248997
248997
248997
248997
248997
248997
248997
248997
248997
248997
248997
248997
247503
247503
247503
247503
247503
247503
247503
247503
247503
247503
247503
247503
247503
247503
247503
247503
245220
245220
245220
245220
245220
245220
245220
245220
245220
245220
245220
245220
245220
245220
243015
243015
243015
243015
243015
243015
243015
243015
243015
243015
243015
234395
234395
234395
234395
234395
234395
234395
234395
232165
232165
232165
232165
232165
232165
232165
232165
232165
232165
232165
232165
232165
232165
232165
232165
232165
232165
229651
229651
229651
229651
229651
229651
229651
229651
229651
229651
229651
229651
229651
229651
229651
229651
229651
229651
225796
225796
225796
225796
225796
225796
225796
223892
223892
223892
223892
223892
223892
223892
223892
223892
223892
223892
223892
223892
223892
222496
222496
222496
222496
222496
222496
222496
222496
222496
222496
222496
222496
222496
222496
222496
222496
222496
222496
222496
218817
218817
218817
218817
218817
218817
218817
218817
218817
218817
218817
218817
218817
218817
218817
218817
218817
218817
216868
216868
216868
216868
216868
216868
216868
216868
216868
209596
209596
209596
209596
209596
209596
207904
207904
207904
207904
207904
207904
207904
207904
207904
207904
207904
207904
207904
207904
206797
206797
206797
206797
206797
206797
206797
206797
206797
206797
206797
206797
206797
206797
206797
206797
206797
206797
204084
204084
204084
204084
204084
204084
204084
204084
204084
204084
204084
204084
204084
204084
204084
204084
204084
204084
202434
202434
202434
202434
202434
202434
202434
201049
201049
200555
200555
200555
200555
200555
200555
200555
200555
200555
200555
200555
200555
200555
200555
200555
200555
200555
200555
200266
200266
200266
200266
200266
200266
200266
200266
200266
200266
200266
200266
200266
200266
200266
200266
200266
200266
200266
200005
200005
200005
200005
200005
200005
200005
200005
200005
200005
200005
200005
200005
200005
197955
197955
197955
197955
197955
197955
197955
197955
197390
197390
197390
197390
197390
197390
197390
196877
196877
196877
196877
196877
196877
196877
196877
196877
195249
195249
195249
195249
195249
195249
195249
195249
194537
194537
194537
194537
194537
194537
194537
194537
194537
194537
194537
194537
194537
194537
194537
194537
194537
194537
194537
194537
191054
191054
191054
191054
191054
191054
191054
191054
191054
191054
191054
191054
191054
191054
191054
190488
190488
190488
190488
190488
190488
190488
190488
190488
190488
190488
187987
187987
187987
187987
187987
187987
187987
187987
187987
187987
187987
187987
187987
187987
187987
185048
185048
185048
185048
185048
185048
185048
185048
185048
185048
185048
185048
185048
185048
185048
185048
185048
177177
177177
177177
177177
177177
177177
177177
177177
177177
177177
177177
177177
177177
177177
177177
177177
177177
177177
177177
177177
175683
175683
175683
175683
175683
175683
175683
175683
175683
175683
175683
175683
175683
175683
175683
175683
175683
172007
172007
172007
172007
172007
172007
172007
172007
172007
172007
172007
172007
172007
172007
172007
171307
171307
171307
171307
171307
171307
171307
171307
171307
171307
171307
171307
170298
170298
170298
169412
169412
169412
169412
169412
166767
166767
166767
166767
166767
166767
166767
166767
166767
166767
166767
166767
166767
158011
158011
158011
158011
158011
158011
158011
158011
158011
158011
158011
158011
158011
158011
154418
154418
154418
152784
152784
152784
151702
151702
151702
151702
151702
151702
151702
151702
151702
151702
151702
151702
151702
151702
151702
151702
151702
151702
151702
149330
149330
149330
149330
149330
149330
149330
149049
149049
149049
149049
149049
149049
149049
149049
149049
149049
149049
149049
149049
149049
149049
149049
149049
149049
149049
145461
145461
145461
145461
145461
145461
145461
145461
145461
145461
145461
145461
145461
145461
145461
145461
145230
145230
145230
145230
145230
145230
145230
145230
145158
145158
145158
145158
145158
145158
145158
145158
145158
145158
145158
145158
145158
138057
138057
138057
138057
138057
138057
138057
138057
138057
138057
138057
138057
138057
138057
138057
138057
133383
133383
133383
133383
133383
133383
133383
133383
133383
132146
132146
132146
132146
131411
131411
131411
131411
131411
131411
131411
131411
131411
131411
131411
131411
131411
131084
131084
131084
131084
131084
131084
131084
131084
131084
131084
131084
131084
131084
129977
129977
129977
129977
129977
129977
129977
129977
129977
129977
129977
129977
129977
129977
129977
119973
119973
119973
119973
119973
119973
119973
119973
119973
119973
118784
118784
118784
118784
118784
118784
118784
118784
118784
118784
118784
118784
118784
118784
118784
114646
114646
114646
114646
114646
114646
114646
114646
114646
114646
114646
114646
109018
109018
109018
109018
109018
109018
109018
109018
109018
109018
109018
109018
109018
109018
109018
107903
107903
107903
107903
107903
107903
107903
107903
107903
107903
107903
107903
107903
107903
107903
105090
105090
105090
105090
105090
105090
105090
105090
105090
105090
105090
104372
104372
104372
100898
100898
100898
100898
99380
99380
99380
99380
99380
99380
99380
99380
99380
99380
99380
99380
99380
99380
99380
99380
99380
99380
99380
99380
98832
98832
98832
98832
98775
96106
96106
96106
96106
96106
96106
96106
96106
96106
96106
96106
96106
96106
96106
96096
96096
96096
96096
96096
96096
96096
96096
96096
96096
96096
96096
96096
96096
95069
95069
95069
95069
95069
95069
91113
91113
91113
91113
91113
91113
91113
91113
91113
91113
91113
91113
90546
90546
90546
90546
90546
90546
90546
90546
89767
89767
89767
89767
89767
89767
89767
89767
89767
89767
85853
85853
85328
85328
85328
85328
85328
85328
85328
85328
85328
85328
85328
85328
85328
84229
84229
84229
84229
84229
84229
84229
84229
84229
84229
84229
84229
84229
84126
84126
84126
84126
84126
84126
84126
84126
84126
84126
84126
84126
84126
82716
82716
82716
82716
82716
82716
82716
82716
82716
82716
82716
81378
81378
81378
81378
81378
81378
81378
81378
79336
79336
79336
79336
79336
79336
79336
79336
79336
77866
77866
77866
77866
77866
77866
77866
77866
77866
77866
77866
77866
77866
77866
77866
70873
70873
70873
68068
68068
68068
68068
68068
68068
68068
68068
68068
68068
68068
68068
65032
65032
65032
65032
65032
65032
65032
65032
65032
65032
65032
65032
65032
65032
65032
65032
64970
64970
64970
61981
61981
61981
61981
61981
61981
60813
60813
60813
60813
60813
60813
60813
60813
60813
58826
57550
57550
57550
57550
57550
57550
57550
57550
57550
57550
57550
57550
47699
47699
47699
47699
47699
47699
47699
47699
43331
43331
43331
43331
43331
41632
41632
41632
41632
41632
41632
41632
41632
41632
41632
41632
41632
41632
41632
41632
41632
41632
41632
41632
41632
38176
38176
38176
38176
38176
38176
38176
38176
38176
38176
38176
38176
38176
37214
37214
37214
37214
37214
37214
37214
37214
37214
37106
37106
37106
37106
37106
37106
35438
35438
35438
35300
35300
35300
35300
35300
35300
35300
35300
35300
30909
30909
30909
30909
30909
30909
30909
30909
30909
30909
30909
25295
25295
24642
24642
24642
24642
24642
24642
24642
24642
24642
24642
24642
24642
24642
24642
24642
24642
24642
24642
18324
18324
18324
18324
18324
18324
18324
18324
18324
18324
18324
18324
18324
18324
18324
18324
18324
18324
17964
17964
17964
17964
17964
17964
17964
17964
17964
17964
17964
17964
17964
17964
17964
17964
17424
17424
17424
17424
17424
17424
17424
17424
17424
14307
14307
14169
12558
12558
12558
12558
12558
12558
12558
12558
12558
12558
12558
12558
10623
10623
10623
10623
10623
10623
10623
10623
10623
10276
10276
10276
10276
10276
10249
10249
10249
10249
10249
10249
10249
10249
10249
10249
10249
10249
10249
10249
10249
10249
10042
10042
10042
10042
10042
10042
10042
10042
10042
10042
10042
10042
10042
10042
10042
10042
10042
