1176
1500000
994750
994750
994750
994750
994750
994750
994750
994750
994750
994750
994750
994750
993352
990296
990296
990296
990296
990296
990296
990296
990296
979303
979303
979303
979303
979303
979303
979303
979303
979303
979303
979303
979303
979303
976405
976405
976405
976405
976405
976405
976405
976405
976405
976405
976405
976405
976405
950178
950178
950178
950178
950178
950178
950178
950178
950178
950178
950178
950178
950178
950178
940362
940362
940362
940362
940362
940362
940362
940362
940362
940362
940362
940362
940362
940362
940362
940362
940362
940362
928001
928001
928001
928001
928001
928001
928001
928001
928001
928001
928001
928001
928001
927303
927303
927303
927303
927303
927303
914895
914895
914895
914895
914895
914895
914895
905350
905350
905350
905350
905350
905350
905350
893880
893880
893880
893880
893880
893880
893880
893880
892030
892030
892030
892030
892030
892030
892030
892030
892030
892030
892030
891457
891457
891457
891457
891457
891457
891457
891457
891457
889149
889149
889149
889149
889149
889149
889149
887796
887796
887796
887796
887796
887796
887796
887796
887796
887796
887796
887796
887796
887796
887796
887796
887796
887796
887796
876366
876366
876366
876366
876366
876366
876366
876366
876366
876366
876366
876366
876366
876366
876366
876366
876366
876366
861336
861336
861336
861336
861336
861336
861336
861336
861336
861336
861336
861336
861336
861336
861336
856392
856392
856392
856392
856392
856392
856392
856392
856392
856392
856392
856392
849429
849429
849429
849429
849429
849429
849429
849429
849429
849377
849377
849377
849377
849377
849377
845522
845522
840964
840964
840964
840964
829254
829254
829254
829254
829254
829254
829254
829254
829254
829254
829254
829254
829254
829254
829254
829254
829254
829254
829254
811124
811124
811124
811124
808940
808940
808940
808940
808940
808940
808940
808940
808940
808940
808940
808940
807592
807592
807592
807592
807592
807592
807592
807592
807592
800227
800227
800227
800227
800227
800227
800227
800227
800227
800227
800227
772976
772976
772976
772976
772976
772976
772976
772976
772976
772976
772976
772976
772976
772976
772976
772976
772976
772976
772976
772976
771855
768661
768661
768661
768661
768661
768661
768661
768661
768661
768661
766279
766279
766279
766279
766279
766279
766279
766279
766279
766279
754458
754458
754458
754458
754458
754458
754458
754458
754458
754458
754458
754458
754458
754458
754458
754458
754458
754458
754458
737357
737357
737357
737357
737357
737357
737357
737357
737357
736876
736876
736876
736876
734378
734378
734378
734378
734378
734378
734378
734378
734378
734378
734378
734378
734378
734378
734378
734378
734378
734378
734378
730612
730612
730612
730612
699998
699998
699998
699998
699998
699998
699998
699998
699998
699998
694402
694402
694402
694402
694402
694402
694402
694402
694402
694402
694402
694402
694402
694402
694402
686810
686810
686810
686810
686810
686810
686810
686810
686810
686810
686810
686810
682036
682036
682036
682036
682036
682036
682036
682036
682036
682036
682036
678728
678728
678728
678728
678728
674121
674121
674121
674121
674121
674121
674121
663499
663499
663499
663499
663499
658388
658388
658388
658388
658388
658388
658388
658388
658388
658388
658388
658388
657610
657610
657610
657610
657610
657610
657610
657610
657610
657610
657610
657610
657610
657610
657610
657610
657610
657355
657355
657355
657355
657355
657355
657355
657355
657355
650048
650048
650048
650048
650048
650048
650048
650048
650048
650048
650048
650048
643703
643703
643703
643703
643703
643703
643703
643703
643703
643703
643703
643703
637546
637546
637546
637546
637546
637546
637546
637546
637546
637546
637546
637546
634740
634740
634740
634740
634740
634740
634740
634740
634740
634740
634740
634740
634740
592916
592916
592916
592916
592916
592916
592916
592916
592916
592916
592916
579072
579072
579072
579072
579072
579072
579072
579072
579072
579072
579072
579072
579072
579072
579072
579072
579072
579072
576965
576965
576965
576965
576965
576965
576965
576965
576965
576965
575425
575425
573164
573164
573164
573164
573164
573164
573164
573164
573164
573164
573164
555023
555023
555023
555023
555023
555023
555023
555023
555023
555023
555023
555023
555023
555023
555023
555023
555023
555023
555023
555023
546153
546153
546153
546153
546153
546153
546153
546153
546153
546153
546153
546153
546153
539264
539264
539264
539264
537687
537687
537687
537687
537687
537687
537687
537687
537687
537687
537687
537687
537687
537687
537687
532943
532943
532943
532943
532943
532943
532943
532943
532943
517252
517252
517252
517252
517252
517252
517252
517252
517252
517252
517252
517252
517252
517252
515299
515299
515299
515299
515299
515299
515299
515299
515299
515299
515299
515299
515299
515299
515299
515299
515299
515299
502169
502169
502169
502169
502169
502169
502169
502169
502169
502169
502169
499846
499846
499846
499846
499846
499846
499846
499846
499846
499846
499846
499846
499846
499846
499846
493090
493090
493090
493090
493090
493090
493090
493090
492220
492220
492220
492220
492220
492220
492220
492220
492220
492220
492220
489972
487632
487632
487632
487632
487632
487632
487632
487632
487632
487632
486994
486994
486994
486994
486994
486994
486994
479095
479095
479095
479095
479095
479095
479095
479095
479095
479095
479095
479095
479095
479095
479095
477352
477352
459863
459863
459863
459863
451909
451909
451909
451909
419412
419412
419412
419412
419412
419412
419412
419412
419412
419412
419412
419412
414595
414595
414595
413678
413678
413678
413678
413678
413678
413678
413678
413678
413678
413678
413678
413678
413678
413678
413678
413678
413678
413678
412603
412603
412603
412603
412603
412603
412603
412603
412603
412603
412603
412603
412603
412603
412603
412603
412603
409804
409804
404405
404405
404405
404405
404405
404405
404405
404405
404405
404405
404405
404405
404405
394909
394909
394909
394909
394909
394909
394909
394909
394909
394909
394909
394909
394909
394909
394909
394909
394909
384054
384054
384054
384054
360981
360981
360981
360981
349636
349636
337163
336925
336925
303533
303533
303533
303533
303533
301588
301588
301588
301588
301588
301588
301588
301588
301588
301588
301588
301588
301588
301588
301588
274602
272982
272982
257394
257394
257394
257394
257394
257394
257394
257394
257394
234803
234803
234803
234803
234803
220051
220051
220051
220051
220051
220051
220051
220051
220051
220051
220051
220051
220051
220051
220051
201940
201940
201940
201940
201940
201940
201940
201940
200590
200590
200590
200590
200590
200590
200590
200590
200590
200590
182473
182473
182473
182473
182473
182473
182394
182394
182394
182394
182394
182394
182394
182394
182394
182394
182394
182394
182394
182394
182394
182394
182394
182394
182394
182246
182246
182246
182246
182246
182246
182246
182246
182246
182246
182246
182246
182246
182246
182246
182246
171388
171388
171388
171388
171388
171388
171388
171388
171388
171388
171388
171388
171388
170320
170320
164125
164125
164125
164125
163271
163271
153405
153405
153405
153405
153405
153405
153405
153405
153405
153405
149837
149837
149837
149837
149837
149837
149837
146708
146708
144185
144185
144185
144185
144185
125781
125781
125781
125781
125781
125781
125781
125781
125781
125781
125781
125781
125781
125781
125781
125781
125781
125781
125781
125781
124627
124627
124627
124627
124627
124627
124627
121494
121494
121494
121494
121494
121494
121494
121494
121494
121494
121494
121494
121494
121494
121494
121494
95383
95383
95383
95383
95383
95383
95383
90582
90582
90582
90582
90582
90582
90582
90582
90582
90582
86142
86142
86142
86142
86142
86142
86142
86142
86142
86142
74807
74807
74807
74638
74638
74638
74561
74561
74561
74561
74561
74561
74561
74561
74561
74561
74561
74561
74561
74561
74561
74561
74561
74561
74561
68706
68706
68706
68706
68706
68706
68706
68706
68706
68706
53384
53384
53384
53384
53384
53384
53384
53384
53384
45772
45772
45772
41377
39728
38303
38303
38303
38303
38303
38303
38303
38303
38303
38303
38303
38303
38303
38303
38303
33737
21049
21049
21049
21049
21049
21049
21049
21049
21049
18612
18612
18612
18612
18612
18612
18612
18612
18612
18612
18612
11333
