1263
1500000
971481
971481
971481
971481
971481
971481
971481
971481
971481
971481
971481
971481
970871
970871
970871
970871
970871
970871
970871
970871
970871
970871
963697
963697
963697
963697
963697
963697
963697
963697
963697
963697
963697
963697
948791
948791
948791
948791
948791
948791
948791
948791
948791
948791
948791
948791
948791
948791
948791
948791
948791
948791
948791
948791
934651
934651
934651
934651
934651
934651
934651
934651
934651
934651
934651
933938
933938
933938
933938
933938
933938
933938
933938
924574
924574
924574
924574
924574
924574
924574
924574
924574
924574
924574
922574
922574
922574
922574
922574
922574
922574
922574
922574
922574
922574
922574
922574
922574
922574
922574
922574
922574
922574
922574
911900
910784
910784
910784
910784
910784
906182
906182
906182
906182
906182
906182
906182
906182
906182
906182
906182
906182
906182
906182
906182
906182
906182
906182
906182
906182
904777
904777
855905
855905
855905
855905
855905
855905
855905
855905
855905
855905
855905
854501
854501
854501
854501
854501
854501
854501
854501
854501
854501
854501
854501
834325
834325
834325
834325
834325
834325
834325
834325
834325
834325
834325
834325
834325
834325
834325
834325
834325
834325
834325
823912
823912
823912
823912
823912
823912
823912
823912
823912
823912
823912
823912
823912
823912
823912
823912
823912
823912
820475
820475
820475
820475
820475
820475
820475
820475
820475
820475
820475
820475
820475
820475
820475
820475
820475
820475
820475
820475
799317
799317
799317
799317
799317
799317
799317
799317
799317
799317
799317
799317
799317
799317
799317
799317
796332
796332
796332
796332
796332
796332
796332
796332
796332
796332
796332
796332
796332
796332
796332
796332
796332
796332
796332
791550
791550
791550
767053
767053
767053
767053
767053
767053
767053
767053
767053
767053
767053
767053
767053
767053
762037
762037
762037
762037
762037
762037
762037
762037
762037
762037
753219
753219
753219
753219
753219
753219
753219
753219
753219
753219
753219
753219
753219
753219
753219
749044
749044
749044
749044
749044
749044
749044
749044
749044
749044
749044
749044
749044
749044
749044
749044
749044
749044
749044
749044
732498
732498
732498
732498
732498
732498
732498
732498
732498
732498
724080
724080
724080
724080
724080
724080
724080
724080
724080
724080
724080
724080
724080
724080
724080
724080
724080
724080
724080
724080
722689
722689
722689
722689
722689
722689
722689
722689
722689
722689
722689
722689
722689
722689
722689
709027
709027
709027
709027
709027
709027
709027
709027
709027
709027
692384
692384
692384
692384
692384
692384
692384
692384
692384
692384
692384
692384
692384
689602
689602
689602
689602
689602
689602
689602
689602
689602
689602
689602
689602
682803
682803
682803
682803
682803
682803
682803
682803
682803
682803
682803
682803
682803
681966
681664
681664
681664
681664
681664
681664
681664
681664
681664
681664
681664
681664
681664
681664
681664
681664
681664
672769
672769
659586
659586
659586
659586
659586
659586
654746
654746
654746
654746
654746
654746
654746
654746
654746
654746
654746
654746
654746
654746
654746
652621
652621
652621
652621
652621
652621
652621
646891
646891
646891
646891
646891
646891
646891
646891
646891
646721
646721
646721
646721
646721
646721
646721
646721
646721
646721
646721
646721
646721
646721
646721
646721
643339
643339
643339
643339
643339
643339
643339
643339
643339
643339
643339
643339
643339
643339
643339
642731
636353
636353
636133
636133
636133
636133
636133
632256
632256
632256
632256
632256
626714
626714
626714
626714
626714
626714
626714
626714
626714
626714
626714
626714
621912
621912
621912
621912
621912
621912
621912
621912
621912
621912
621912
621912
621912
621912
621912
621912
621912
621912
621912
621912
621293
621293
621293
621293
621293
621293
621293
621293
621293
621293
621293
621293
621293
621293
621293
621293
621293
621293
621293
605432
605432
605432
605432
605432
605432
605432
605432
605432
605432
602541
602541
602541
602541
602541
602541
602541
602541
602541
602541
602541
602541
602541
602541
602541
598169
598169
598169
598169
594098
594098
594098
594098
594098
594098
594098
592798
592798
592798
592798
592798
592798
592798
592798
592798
592798
592798
592798
592798
592798
592798
592798
592798
592798
592798
589933
589933
589933
589933
583792
583792
583792
583792
583792
583792
583792
583792
583792
583792
583792
583792
583792
583792
583792
577350
577350
577350
577350
577350
577350
577350
577350
577350
577350
577350
577350
577350
577350
577350
568161
568161
568161
568161
568161
568161
568161
568161
568161
568161
568161
566653
566653
566653
566653
566653
566653
552513
552513
552513
552513
552513
526389
526389
526389
526389
526389
526389
526389
526389
526389
526389
526389
526389
525700
525700
525700
515928
515928
515928
510265
510265
510265
510265
510265
510265
510265
510265
510265
510265
510265
510265
510265
510265
510265
510265
510265
507129
507129
507129
507129
507129
507129
507129
507129
507129
507129
507129
507129
507129
504557
504557
504557
504557
504557
504557
504557
504557
504557
504557
504557
504557
504557
504557
504557
504557
504557
504557
504557
504557
499575
499575
499575
497463
497463
497463
497463
497463
497463
497463
490748
490748
490748
490748
490748
490748
490748
490748
490748
490748
490748
490748
490748
490748
490748
490748
478546
478546
478546
478546
478546
478546
478546
478546
478546
478546
478546
478546
478546
478546
478546
478546
478546
478546
472133
472133
472133
472133
472133
472133
440841
440841
437371
437371
437371
437371
437371
437371
437371
437371
437371
437371
437371
437371
437371
437371
437371
437371
437371
437371
437371
437371
434524
434524
434524
434524
434524
432857
432178
432178
432178
432178
432178
432178
432178
430405
430405
430405
430405
429541
423337
423337
423337
422412
422412
422412
422412
422412
422412
422412
422412
422412
422412
422412
422412
401702
401702
401702
401702
401702
401702
401702
401702
401702
401702
401702
401702
401702
401702
401702
394761
394761
394761
394761
394761
394761
394761
394761
394761
394761
394761
394761
394761
386085
386085
386085
386085
386085
386085
386085
386085
386085
380788
368128
368128
368128
368128
368128
368128
368128
368128
368128
368128
368128
368128
368128
368128
368128
368128
368128
368128
368128
358075
338032
338032
338032
338032
326688
326688
326688
326688
326688
326688
326688
326688
326688
310878
310878
310878
310878
310878
310878
310878
310878
310878
310878
306616
306616
306616
306616
306616
306616
306616
306616
306616
301316
301316
301316
301316
301316
301316
300952
300952
300952
300952
300952
300952
300952
300952
300952
300952
300952
297266
297266
297266
297266
297266
297266
297266
297266
297266
297266
297266
297266
297266
297266
297266
297266
297266
297266
297266
294400
294400
282164
282164
282164
277962
277962
260557
260557
260557
260557
260557
260557
260557
260557
260557
260557
260557
260557
260557
254620
254620
254620
254620
254620
254620
254620
254620
254620
254620
254620
254620
254620
254620
254620
254620
254620
252166
252166
252166
252166
252166
252166
252166
252166
249979
249979
249979
249979
249979
249979
237254
236027
236027
236027
236027
236027
236027
236027
236027
236027
236027
236027
236027
236027
227046
227046
227046
227046
227046
227046
227046
227046
227046
227046
227046
227046
227046
227046
227046
227046
227046
227046
225315
225315
225315
225315
225315
219649
219649
219649
219649
219649
219649
219649
219649
219649
219649
207739
207739
207739
207739
207739
204036
204036
204036
204036
204036
204036
204036
204036
204036
204036
194268
194268
194268
194268
194268
194268
194268
194268
194268
194268
194268
194268
194268
194268
194268
192276
183655
183655
183655
183655
183655
183655
183655
183655
183655
183655
183655
183655
183655
183655
183655
183655
183655
183655
183655
160103
160103
160103
160103
160103
160103
156681
156681
156681
156681
156681
156681
156681
156681
156681
156681
153887
153887
153887
153887
153887
153887
153887
153887
153887
153887
153887
146371
146371
146371
146371
146371
146371
146371
146371
146371
146371
146371
146371
146371
146371
146371
146371
146371
146371
146371
113501
113501
113501
113501
113501
113501
113501
113501
106071
106071
106071
106071
106071
106071
106071
106071
106071
106071
106071
106071
106071
106071
106071
106071
106071
96262
96262
96262
96262
96262
96262
96262
96262
96262
96262
96262
96262
96262
96262
96262
82147
82147
82147
82147
82147
82147
82147
82147
77387
77387
77387
77387
77387
63525
63525
63525
63525
63525
63525
63525
63525
63525
63525
63525
53010
53010
53010
44424
44424
44424
44424
44424
44424
44424
44424
44424
44424
39136
39136
39136
39136
39136
39136
39136
39136
39136
39136
39136
39136
39136
37405
37405
37405
33942
31521
31521
31521
16352
16352
16352
16352
16352
16352
16352
16352
