1364
1500000
999479
999479
999479
999479
999479
999479
999479
999479
999479
999479
999479
999479
999479
996995
988611
988611
988611
988611
988611
988611
988611
988611
988611
988611
988611
988611
988611
988611
988611
988611
984058
984058
984058
984058
984058
977848
977848
977848
977848
977848
977848
977848
977848
977848
977848
977848
977848
977848
977848
977848
977848
975635
975635
975635
972370
972370
972370
972370
972370
972370
972370
972370
972370
972370
972370
972370
972370
972370
972370
972370
972370
972370
971362
971362
971362
971362
959425
959425
959425
959425
959425
959425
959425
959425
959425
959425
959425
959425
959425
959425
959102
959102
959102
959102
959102
956484
956484
956484
956484
956484
956484
934623
934623
934623
934623
934623
934623
932629
932629
932629
932629
932629
932629
932629
932629
932629
932629
932629
932629
932629
931416
931416
931416
931416
931416
931416
931416
931416
931416
931416
931416
931416
931416
922817
922817
922817
922817
922817
918581
918581
918581
918581
918581
918581
918581
918581
918581
918581
918581
918581
918581
918581
918581
918581
913632
913632
913632
913632
913632
913632
913632
898459
898459
898459
898459
898459
898459
898459
898459
898459
898459
898459
898459
886593
886593
886593
886593
886593
886593
886593
886593
886593
886593
886593
886593
886593
886593
886593
886593
886593
886593
878282
878282
878282
878282
878282
878282
878282
878282
878282
878282
878282
878282
878282
878282
877432
877432
877432
877432
877432
877432
877432
877432
877432
877432
877432
877432
877432
877432
861968
861968
861968
861968
861968
861968
861968
861968
861968
861968
861968
861968
861968
861968
861968
851448
851448
851448
851448
851448
851448
851448
851448
851448
851448
851448
851448
851448
851448
851448
851448
851448
851448
851448
851448
842606
834023
834023
834023
834023
834023
834023
834023
832169
832169
832169
832169
832169
832169
832169
832169
832169
832169
832169
832169
832169
832169
803099
803099
803099
803099
780828
780828
780828
780828
780828
780828
780828
780828
780828
780828
780828
780828
780828
780828
780828
780828
780828
780828
780828
780828
771612
771612
771612
771612
771612
771612
771612
771612
771612
771612
771612
767591
767591
767591
767591
767591
767591
767591
767591
767591
767591
763942
763942
763942
763942
763942
763942
763942
763942
763942
763942
763942
763942
763942
763942
763942
749427
749427
749427
749427
749427
749427
749427
749427
749427
749427
749427
749427
749427
749427
749427
749427
749427
725386
725386
725386
725386
725386
725386
725386
725386
725386
725386
725386
725386
725386
723010
723010
723010
723010
723010
723010
723010
723010
723010
723010
723010
723010
723010
723010
723010
723010
723010
723010
723010
720894
720894
720894
720894
720894
720894
720894
720894
720894
720894
720894
720894
720894
720894
720894
720894
719150
719150
719150
719150
719150
719150
719150
719150
719150
713350
713350
713350
713350
713350
713350
713350
713350
713350
713350
713350
713350
713350
713350
713350
713350
702418
702418
702418
702418
702418
702418
702418
702418
702418
702418
702418
702418
702418
702418
702418
702418
698464
698464
698464
698464
698464
698464
698464
698464
698464
698464
698464
698464
698464
698464
677143
677143
677143
677143
677143
677143
677143
677143
677143
677143
677143
674408
674408
674408
674408
674408
674408
674408
674408
674408
674408
674408
674408
674408
674408
672332
672332
672332
672332
672332
672332
672332
672332
672332
672332
670721
670721
670721
663720
663720
663720
663720
663720
663720
663720
654768
654768
654768
654768
654768
654768
627793
627793
627793
627793
627793
627793
627793
627793
627793
627793
627793
620959
620959
620959
620959
620959
620959
620402
620402
620402
620402
620402
620402
620402
620402
620402
620402
620402
611287
611287
611287
611287
611287
611287
611287
611287
611287
611287
611287
611287
611287
611287
611287
611287
611287
611287
608253
608253
607631
607631
607631
607631
607631
607631
607631
607631
607631
607631
607631
607631
607631
607631
607631
601722
601722
601722
601722
601722
601722
601722
601722
601722
601722
601722
601722
601722
601722
601722
601722
601722
601722
601722
601722
589689
589689
589689
589689
589689
589689
589689
589689
589689
589689
574166
574166
574166
574166
574166
574166
574166
574166
574166
574166
574166
574166
574166
574166
574166
574166
572707
572707
572707
572322
572322
572322
572322
572322
572322
572322
572322
572322
572322
572322
567560
567560
567560
567560
567560
561548
561548
561548
561548
561548
561548
561548
561548
561548
561548
561548
561548
561548
561548
553134
553134
553134
553134
553134
553134
550728
550728
550728
550728
550728
550728
550728
550728
550728
550728
550728
550728
543533
543533
543533
543533
543533
543533
543533
543533
543533
543533
543533
543533
543533
543533
543533
543533
543533
539010
539010
539010
539010
539010
539010
539010
539010
539010
539010
539010
539010
539010
539010
539010
539010
539010
539010
539010
539010
533177
533177
533177
533177
533177
533177
533177
533177
533177
533177
533177
533177
533177
533177
533177
533177
533177
533177
518975
518975
518975
518975
518975
518975
518975
518975
518975
518975
494026
493637
491858
491858
491858
478129
478129
478129
478129
478129
478129
478129
478129
478129
478129
478129
478129
478129
472599
472599
472599
472599
472599
472599
472599
472338
472338
472338
472338
472338
472338
472338
472338
472338
472338
472338
472338
472338
472338
472338
470334
470334
470334
470334
470334
470334
470334
470334
470334
470334
470334
470334
470334
470334
470334
470334
470334
470334
467963
467963
467963
467963
467963
467963
467963
467963
467963
467963
467963
467963
467963
467963
467963
467963
467963
463089
463089
463089
463089
463089
463089
463089
463089
463089
463089
458576
458576
458576
458576
452519
452519
452519
452519
452519
452519
452519
452519
452519
452519
452519
452519
452519
452519
452519
452519
452519
449696
449696
449696
449696
449696
449696
449696
449696
449696
449696
449696
449696
449696
449696
449696
433933
433933
433933
408532
408532
408532
408532
408532
408532
408532
394954
394954
394954
384802
384802
384802
384802
384802
384802
384802
384802
384802
384802
384802
384802
384802
384802
382905
382905
382905
382905
382905
382905
382905
382905
382905
382905
382905
382905
382905
379952
379952
379952
379952
379952
379952
379952
379952
379952
379952
379952
379952
379952
379952
379952
369854
356043
356043
356043
356043
356043
356043
356043
356043
295314
295314
295314
295314
295314
295314
295314
295314
295314
295314
295314
295314
295314
295314
295314
295314
295314
295314
295314
280639
280639
280639
280639
280639
280639
280639
279370
279370
279370
279370
279370
279370
279370
279370
279370
248519
248519
248519
248519
248519
248519
248519
248519
248519
248519
248519
248519
248519
248519
248519
248116
248116
248116
248116
248116
248116
248116
248116
240692
240692
240692
240692
240692
240692
240692
240692
240692
240692
240692
235155
235155
235155
235155
235155
235155
235155
235155
235155
235155
235155
235155
235155
235155
235155
235155
235155
235155
235155
234074
234074
234074
234074
234074
234074
234074
234074
234074
234074
233186
233186
233186
233186
233186
233186
233186
233186
233186
233186
233186
233186
233186
233186
233186
233186
233186
233186
233186
233186
220344
220344
220344
220344
220344
220344
220344
220344
220344
220344
220344
220344
220344
220344
220344
220344
220344
220344
220344
220031
220031
220031
220031
220031
220031
220031
220031
220031
220031
218277
218277
218277
218277
218277
218277
218277
218277
218277
218277
218277
218277
218277
215099
215099
205761
205761
205761
205761
205761
199763
199763
199763
199763
199763
199763
199763
199763
199763
199763
199763
199763
199763
199763
197444
196240
196240
196240
196240
196240
196240
196240
188821
188821
188821
188821
188821
188821
188821
188821
188821
188821
188821
151180
151180
151180
151180
151180
151180
151180
151180
151180
151180
151180
151180
151180
151180
151180
151180
151180
151180
151180
146326
145976
145976
145976
145976
145976
139511
139511
139511
139511
139511
139511
139511
139511
139511
139511
139511
139511
139511
139511
139511
139511
139511
139511
139511
124087
124087
124087
124087
124087
124087
124087
124087
124087
124087
124087
124087
124087
124087
124087
124087
122916
122916
122916
122916
122916
122916
122916
122916
122916
122916
122661
122661
122661
122661
122661
122661
122661
122661
122661
122661
122661
122661
122661
122661
116584
116584
116584
116584
116584
116584
116584
116584
116584
116584
116584
116584
104191
104191
104191
103504
103504
103504
103504
103504
103504
103504
103504
103504
103504
103504
103504
103504
103504
103504
103504
103504
103504
90828
90828
90828
90828
90828
90828
90828
90828
90828
90828
90828
90828
90828
90828
90828
90828
90828
90828
78750
78750
78750
78750
78750
76297
76297
76297
76297
71008
71008
71008
67152
67152
67152
67152
67152
67152
67152
67152
67152
67152
55167
42483
42483
42483
42483
42483
42483
42483
42483
42483
42483
42483
42483
42483
42483
42483
38141
38141
38141
38141
38141
38141
38141
38141
38141
38141
38141
38141
38141
38141
33261
33261
33261
33261
33261
33261
33261
33261
33261
33261
33261
33261
30683
30683
26228
26228
26228
26228
26228
26228
26228
26228
26228
26228
26228
26228
26228
26228
26228
26228
26228
25447
25447
25447
25447
25447
25447
25447
25447
25447
25447
25447
25447
20156
20156
20156
20156
20156
20156
20156
20156
20156
20156
20156
20156
20156
20156
20156
20156
20156
