2650
1500000
997664
997664
997664
989078
989078
989078
989017
989017
989017
989017
989017
989017
989017
989017
989017
989017
989017
989017
989017
989017
989017
989017
989017
989017
989017
989017
987260
987260
987260
987260
987260
987260
987260
987260
987260
987260
987260
987260
987260
986010
986010
986010
986010
986010
986010
986010
985983
985983
985983
985983
985983
985983
985983
985983
985983
985983
979990
979990
979990
979990
979990
979990
979990
979990
979990
979990
979990
979990
979990
972690
972690
972690
972690
972690
972690
972690
972690
972690
972690
972690
972690
971327
971327
971327
971327
971327
971327
971327
971327
971327
971327
968568
968568
968568
968568
968568
968568
968568
968568
968568
968568
968568
968568
968568
965065
965065
965065
965065
965065
965065
965065
965065
965065
965065
965065
965065
965065
965065
963732
963732
963732
963732
963732
962746
962746
962746
962746
962746
957498
957498
957498
957498
957498
957498
957498
957498
955271
955271
955271
955271
955271
955271
955271
955271
955271
955271
955271
955271
955271
955271
955271
955271
955271
955271
954622
954622
954622
954622
954622
954622
954622
954622
954622
954622
951288
951288
951288
951288
951288
951288
951288
951288
951288
951288
951288
951288
951288
951262
951262
951262
951262
951262
951262
951262
951262
951262
951262
951262
951262
951262
951262
951262
951262
951262
951262
948995
948995
948995
948995
948995
948995
948995
948995
948995
948995
948995
948995
948995
948463
948463
948463
948463
948463
948463
948463
948463
948463
947755
947755
947755
947755
947755
947755
947755
947755
947755
947755
944898
944898
943018
943018
943018
943018
943018
939057
939057
939057
939057
939057
939057
939057
939057
939057
939057
939057
939057
935932
935932
935932
935932
935932
935932
935932
935932
935932
935932
935932
935932
935932
933189
933189
933189
933189
933189
933189
933189
933189
933189
933189
933189
933189
933189
933189
933189
933189
933189
933189
933189
933189
927133
927133
927133
927133
927133
927133
927133
927133
927133
926137
926137
926137
926137
926137
926137
926137
926137
926137
926137
926137
926137
926137
926137
926137
926137
926137
926137
924163
924163
924163
924163
924163
924163
924163
924163
924163
924163
924163
924163
924163
924163
924163
924163
924163
924163
924163
919314
919314
919314
919314
919314
919314
919314
919314
917469
917469
917469
917469
917469
917469
917469
917469
917469
917469
917469
917469
917469
917469
917469
917469
917469
917469
917469
917469
909400
909400
906005
906005
906005
906005
906005
906005
906005
906005
906005
906005
906005
905752
905752
905752
905752
905752
905752
905752
905752
905752
905752
905752
905752
903050
903050
903050
900740
900740
900740
900740
900740
900740
900740
900740
900740
896059
896059
896059
896059
896059
896059
896059
896059
896059
896059
896059
896059
896059
896059
896059
896059
896059
893128
893128
893128
893128
893128
893128
893128
893128
893128
893128
893128
893128
893128
893128
893128
893128
891584
891584
891584
891584
891584
891584
891584
891584
891584
891584
891584
891584
891584
891584
891584
891584
876971
876971
876971
876971
871575
871575
871575
871575
871575
871575
871575
871575
871575
871575
871575
862344
862344
862344
862344
858091
858091
858091
858091
858091
858091
858091
858091
858091
858091
858091
858091
858091
858091
858091
858091
858091
858091
858091
857980
857980
857980
857980
857980
857751
857751
853567
853567
853242
853242
853242
853242
853242
853242
853242
853242
853242
853242
853242
852864
852864
849225
849225
849225
849225
849225
849225
849225
849225
846314
846314
846314
837263
837263
834359
834359
834359
834359
834359
834359
834359
834359
834359
834359
834359
834359
834359
834359
834359
834359
834359
830937
830937
830937
830937
830937
826730
826730
826730
826730
826730
826730
826063
826063
826063
826063
826063
826063
826063
826063
826063
826063
826063
823885
823885
823885
823885
823885
823885
823885
823885
823885
823885
823885
823717
823717
823717
822952
822952
822952
822952
822952
822952
822952
822952
822952
819925
819925
819925
819925
819925
819925
819925
819925
819925
819925
819925
819925
819925
819925
819925
816059
816059
809870
809870
809870
809870
809870
809870
809870
809870
809870
809870
809870
809870
809870
809870
809870
809870
809870
809870
808997
808997
808997
808997
808997
808997
808997
808997
805476
805476
805476
805476
805476
805476
805476
805476
805476
805476
805476
805476
805476
792608
792608
792608
792608
792608
792608
792608
792608
792608
792608
792608
792608
792608
792608
792608
792608
787952
787952
787952
787952
787952
787952
787952
787952
787952
787952
787952
787952
787952
787952
787952
783809
783809
783809
783809
783809
783809
783809
783809
783809
783809
783809
783809
783809
783809
783809
783809
783809
780478
780478
780478
780478
780478
780478
780478
780478
780478
780478
780478
780478
780478
780478
780478
779639
779639
779639
779639
779639
779639
779639
779639
779639
779639
779639
779639
779639
779639
779639
779639
776480
776480
776480
776480
776480
776480
776480
776480
776480
775950
775950
775950
775950
775950
775950
775950
775950
775950
775841
775841
775841
775841
775841
775841
775841
775841
775841
775841
775841
775841
775841
767687
767687
767687
764198
760128
760128
760128
760128
760128
760128
760128
760128
760128
760128
760128
760128
756624
756624
756624
756624
756624
756624
756624
756624
756624
756624
756624
756624
756624
756624
756624
756624
756624
753409
753409
753409
753409
746704
746704
746704
746704
738793
738793
738793
738793
738793
738793
738793
735817
735817
735817
735569
735569
735569
735569
735569
735569
735569
735569
735569
735569
735569
735569
735569
735569
735569
735569
735569
735569
732152
732152
732152
732152
732152
732152
732152
732152
732152
732152
732152
732152
732152
732152
732152
732152
732152
732152
732152
727077
727077
727077
727077
727077
727077
727077
727077
727077
727077
727077
723168
723168
723168
723168
723168
723168
723168
723168
723168
723168
723168
708729
708729
708729
708729
708729
708729
708729
708729
708729
708729
708729
708729
708729
708729
708729
708729
708729
708729
703642
703642
703642
703642
703642
703461
703461
703461
703461
703461
703461
703461
703461
703461
703461
703461
703461
703461
703461
703461
703461
703461
701122
701122
701122
701122
701122
701122
701122
701122
688601
688601
688601
688601
688601
688601
688601
688601
688601
688601
688601
688601
688601
688601
688601
688601
688601
688601
686847
686847
686847
686847
686847
686847
686847
686847
686847
686847
686847
686847
686847
686847
686847
686847
686847
682881
682881
681544
681544
681544
681544
681544
681544
681544
681544
681544
681544
681544
681544
681544
681544
681544
680992
678341
674599
674599
674599
674599
674599
674599
674599
667033
650163
650163
650163
650163
650163
650163
650163
650163
650163
650163
650163
650163
650163
650163
646798
646798
646798
646798
646798
646798
646798
646798
645644
645644
645644
645644
645644
645644
645644
645644
645644
645644
645644
645644
637970
637970
637970
637970
637970
637970
637970
637970
637970
637970
637970
637970
637970
637970
637970
637970
637970
637970
634691
634691
634691
634691
634691
634691
634691
634691
634691
634691
634691
634691
634691
634691
634691
634691
634691
612306
612306
612306
612306
612306
612306
612306
612306
612306
611811
611811
611811
610162
610162
610162
610162
610162
610162
610162
610162
601646
601646
601646
598082
593675
593675
593675
593159
593159
593159
593159
593159
593159
593159
593159
590832
590832
590832
590832
590832
589814
589814
589814
589814
589814
589814
589814
589814
589814
589814
589814
589814
589814
589814
589814
589814
589814
589814
589814
589182
589182
589182
589182
589182
589182
589182
589182
589182
589182
589182
589182
589182
589182
589182
589182
589182
580890
580890
580890
580890
580890
580890
580890
580890
570500
570500
570500
570500
570500
570500
570500
570500
570500
570500
570500
570500
567771
567771
567771
567771
567771
567771
567771
567771
567771
567771
566013
566013
566013
566013
566013
566013
566013
566013
566013
566013
566013
566013
566013
566013
566013
566013
566013
566013
566013
565656
565656
565656
565656
565656
565656
565656
565656
565656
565656
565656
565656
565656
565656
563765
563765
563765
563765
563765
563765
563765
563765
563765
563765
563765
563765
563765
563765
563765
560344
560344
560344
560344
560344
560344
560344
560344
560344
560344
560344
560344
560344
560344
560344
559160
559160
559160
559160
559160
559160
559160
559160
558499
558499
558499
558499
558499
558499
558499
558499
558499
558499
558499
558499
558499
558499
558499
558499
558499
558499
558499
558499
554802
554802
554802
554802
554802
554802
554802
554802
554802
554802
552916
552916
552916
552916
552916
552916
552916
552916
552916
552916
552916
552916
552916
552916
552916
552916
552916
552916
552916
548800
548800
548800
548800
548800
548800
548800
548800
548800
541862
541862
541862
541862
541862
541862
529232
529232
529232
529232
529232
529232
529232
529232
529232
529232
529232
529232
529232
529232
529232
529232
527828
527828
527828
519611
519611
519611
519611
519611
519611
519611
519611
518925
518925
518925
518925
518925
518925
518925
518925
518925
518925
518925
518925
518925
518925
518925
518925
518925
518925
507299
507299
507299
507299
507299
507299
507299
507299
507299
507299
507299
507299
507299
507299
507299
507299
507299
507299
507299
507299
506530
506530
506530
506530
506530
506530
506530
506530
504781
504781
504781
504781
504781
504781
504781
504234
504234
504234
504234
504234
504234
504234
504234
504234
504234
504234
504234
504234
501583
501583
501583
501583
484513
484513
484513
484513
484513
484513
484513
482319
482319
482319
482319
482319
478877
475866
475866
475866
475866
475866
475866
475866
475866
475866
475866
475866
475866
475866
475866
475866
475866
475866
475866
475866
475866
475833
475833
475833
475833
475833
475833
475833
475833
475833
475833
467191
467191
467191
467191
462813
462813
462813
462813
462813
462813
462813
462813
462813
462813
462813
462813
462813
462813
462790
462790
462790
462790
462790
462790
462790
462790
462790
462790
462790
462790
462790
462790
462790
462790
460436
460436
460436
460436
460436
460436
460436
460436
460436
460436
460436
460436
460436
460436
460436
460436
458087
458087
458087
458087
458087
449087
449087
449087
449087
449087
449087
449087
449087
449087
449087
449087
449087
449087
449087
449087
449087
449087
449087
447027
447027
447027
447027
447027
447027
447027
444717
444717
444717
444717
444717
444717
444717
444717
444717
444717
444717
444717
444717
416137
416137
416137
416137
416137
416137
416137
414142
414142
414142
414142
414142
414142
414142
414142
414142
414142
414142
414142
414142
414142
412661
412661
412661
412661
412661
412661
412661
412661
412661
412661
412661
412661
412661
412661
412661
412661
412661
401791
401791
401791
401791
401791
401791
401791
401791
399009
387001
387001
387001
387001
387001
387001
387001
387001
387001
387001
387001
387001
387001
387001
378653
378653
378653
378653
378653
378653
378653
378653
378653
378653
378653
378653
378653
378653
378653
378653
374517
374517
374517
374517
374517
374517
374517
373662
373662
373662
373662
373662
373662
373662
373662
373662
373662
373662
373662
373662
365809
365809
365809
365809
365809
365809
365809
365809
365809
365809
365809
365809
365809
365809
365790
365790
365790
365790
365790
365790
365790
365790
365790
365790
365790
365790
365790
365790
365790
360322
360322
360322
360322
360322
360322
360322
360322
360322
360322
360322
360322
360322
360322
360322
360322
360322
360322
360322
360322
358102
358102
358102
358102
358102
358102
358102
358102
358102
358102
358102
358102
358102
358102
358102
358102
358102
358102
358102
358102
356438
356438
356438
356438
356438
356438
356438
356438
356438
356438
356438
346793
346793
346793
346793
346793
346793
346793
346793
346793
346793
346793
346793
346793
346793
344273
344273
344273
344273
344273
344273
344273
344273
344273
344273
344273
344273
344273
344273
344273
344273
344273
344273
344273
341371
341371
341371
341371
341371
341371
341371
341371
341371
341371
341371
341371
341371
341371
341371
341371
341371
337441
337441
337441
337441
337441
337441
337441
337441
337441
337441
337441
337441
336146
336146
336146
336146
336146
336146
336146
336146
336146
336146
336146
336146
336146
328991
328991
328991
328991
328991
328991
328991
328991
328991
328991
328991
328991
328991
328991
328991
328991
328991
321563
321563
321563
316624
316624
316624
316624
316624
316624
316624
316624
316624
316624
316624
316624
316624
316624
316624
313679
313679
313679
313679
313679
313679
313679
313679
313679
313679
313679
313679
306762
306762
306643
306643
306643
306643
306643
306643
306643
306081
306081
306081
306081
306081
306081
306081
306081
306081
306081
306081
306081
306081
306081
306081
306081
304308
304308
304308
304308
304308
304308
304308
304308
304308
304308
297806
297806
297806
297806
297806
297806
297806
297806
297806
297806
297806
297806
297806
297806
297806
297806
297806
297806
292883
292883
292883
292883
292883
292883
292883
288401
288401
288401
288401
288401
288401
288401
288401
288401
288401
288401
288401
288401
288401
288401
288401
288401
288401
288401
288401
283154
283154
283154
283154
283154
283154
283154
283154
283154
283154
283154
283154
283154
283154
283154
283154
283154
283154
280865
280865
280865
280865
280865
280750
280750
280750
280750
280750
280750
280750
280750
280750
280750
280750
280750
280750
280750
280750
280750
280750
280750
274789
274789
269112
269112
269112
269112
269112
269112
269112
269112
269112
269112
269112
269112
269112
269112
263515
263515
263515
263515
263515
263515
263515
263515
263515
263515
263515
263515
263515
263515
263515
263515
263515
263515
262096
262096
262096
262096
262096
262096
262096
262096
249875
249875
249875
249875
249875
249875
249875
249875
249875
249875
249875
249875
249875
249875
249875
249875
249875
249875
249875
248401
248401
248401
248401
248401
248401
248401
248401
247296
247296
247296
247296
247296
247296
247296
247296
247296
247296
247272
247272
247272
247272
247272
247272
247272
247272
247272
247272
247272
247272
247272
247272
247272
247272
247272
247272
241395
241395
229381
229381
229381
229381
229017
225057
225057
225057
225057
225057
225057
225057
225057
225057
225057
225057
222860
222860
222860
222860
222860
222860
222860
222860
222860
222860
222860
222860
222860
222860
222860
222860
222860
222860
216802
216802
216802
216802
216802
216802
216802
216802
216802
216802
216802
216802
214692
214692
214692
214692
214692
214692
214692
214692
214692
214692
214692
214692
214692
214692
214692
214692
214692
214692
214692
185749
185749
185749
185749
185749
185749
185749
185749
185749
185749
185749
179634
179634
178590
178590
178590
178590
178590
178590
178590
178590
178590
178590
178590
176649
176649
176649
176649
176649
176649
176649
171911
171911
171911
171911
171911
171911
171911
171911
171911
171911
171911
171911
171911
171911
171911
171911
171911
171911
171818
171818
171818
171818
171818
171818
171818
171818
171818
171818
171818
171818
170340
170340
170340
170340
170340
170340
170340
170340
170340
170340
170340
170340
170340
170340
170340
170340
170340
170340
170340
165960
165960
165960
165960
165960
165960
165960
165960
165960
165757
165757
165757
165757
164581
164581
164581
164581
164581
164581
164581
164581
164581
164581
164581
164581
164581
164581
164581
164581
164485
164485
164485
164485
164485
164485
164485
164485
164485
164485
164485
164485
164485
164485
164485
164485
164485
164485
164485
164168
164168
164168
164168
164168
164168
162246
162246
162246
162246
162246
162246
161819
161819
161819
161819
159537
159537
159537
159537
159537
159537
159537
159537
148699
148699
148699
148699
148699
148699
148699
148699
148699
148699
148699
148699
146308
146308
146308
146308
146308
146308
146308
146308
146308
146308
146308
146308
140894
127467
127467
127467
127467
127467
127467
122136
122136
122136
122136
122136
122136
122136
122136
122136
122136
122136
122136
122136
122136
121875
121875
121875
121875
121875
121875
121875
121875
121875
121875
121875
121875
121875
121875
121875
121875
121875
121875
121875
121875
115160
115160
115160
115160
115160
115160
115160
112486
112486
112486
112486
112486
112486
112486
112486
110034
110034
110034
109586
109586
109586
109586
109586
109586
109586
109586
105423
105423
105423
105423
105423
105423
105423
105423
105423
105423
105423
103582
103582
103582
103582
103582
103582
103582
103582
103582
103582
103582
103582
103582
103582
103582
103582
101404
101404
101404
101404
101404
101404
101404
101404
101404
101404
101404
101404
101404
101404
101404
101404
101404
98440
98440
98440
98440
98440
98440
98440
98440
98440
98440
97916
97916
97916
97916
97916
97916
97916
97916
97916
97916
97916
91634
91634
91634
91634
91634
91634
91634
91634
91634
91634
91634
91634
91634
91634
91634
91476
91476
91476
91476
91476
91476
91476
91476
91476
91476
91476
91476
91476
91476
91476
91476
91476
91476
89521
89521
85305
85305
85305
85305
85305
85305
85305
85305
85305
85305
85305
85305
83873
83873
83873
83873
83873
83873
83873
83873
80888
80888
80888
80888
80888
80888
80888
80888
80888
80888
80888
80888
80661
80661
80661
80661
80661
80661
80661
80661
80661
80661
80661
80661
80661
80661
80661
80661
72463
72463
72463
72463
72463
72463
72463
72463
72463
72463
72463
70352
70352
70352
70352
70352
70352
70352
70352
70352
70352
70352
70275
70275
70275
70275
70275
70275
70275
70275
70275
70275
69158
69158
69158
69158
69158
69158
69158
63209
63209
63209
60865
60865
60865
60865
60865
60865
60865
60865
50181
50181
50181
50181
50181
50181
50181
50181
50181
46072
46072
46072
46072
46072
46072
46072
46072
46072
46072
46072
46072
46072
46072
46072
45765
45765
45765
45765
45765
45765
45765
45765
45325
45325
45325
45058
44624
44624
44624
44624
38113
38113
38113
37669
37669
37669
37669
37669
37669
37669
37669
37669
37669
37669
37669
37669
37669
37669
37669
37510
37510
37510
37510
37510
37510
37510
37510
37510
37510
37510
37510
33467
33467
29710
29710
29710
29710
29710
29710
29710
29710
29710
29710
29710
29710
29710
29710
27616
27616
27616
27616
27616
27616
27616
27616
27616
27616
27616
27616
27616
21784
21784
12619
12619
12619
12619
12619
12619
12619
12619
12619
12619
12619
12619
12619
12619
12619
12619
12619
12619
12619
12619
