5188
1500000
999427
999427
999427
999427
999427
999427
999427
999427
999427
999427
999427
999427
999427
999166
999166
999166
999166
999166
999166
999166
999166
999166
992241
992241
992241
992241
992241
992241
992241
992241
992241
992241
992241
992241
992241
992241
990679
988277
987449
987449
987449
987449
987449
987449
987449
987449
987211
987211
987211
987211
987211
987211
987211
987211
987211
980501
980501
980501
980501
980501
980501
980501
980501
980501
980501
980501
979371
979371
979371
978015
978015
976769
976769
976769
976769
976769
976769
976769
976769
976769
976769
976769
976769
976769
973876
973876
973876
973876
973876
969779
969779
969779
969779
969779
969779
969779
969779
969779
969779
969779
969779
969779
968709
968709
968709
966514
966385
966385
966385
966385
966385
966385
966385
966385
966385
966385
966385
966385
964365
964365
964365
964365
964365
964365
964365
964365
964365
964365
964365
964365
964365
964365
964365
964365
964365
964365
962223
962223
962223
962223
962223
962223
962223
962223
962223
962223
962223
962223
962223
962223
962223
962223
957895
957895
957895
957895
957895
957895
957895
957895
957895
957895
957895
955880
955880
955880
955880
955880
955880
955880
955880
955880
955880
955880
955880
955880
955880
955880
955880
955880
955880
955880
955880
951726
951726
951726
951726
951726
951726
951726
951726
943416
939511
939511
939511
939511
939511
939511
939511
939511
939511
939511
939511
939511
939511
939511
939511
939511
939511
938272
938272
938272
938272
938272
938272
938272
938272
938272
938272
938272
938272
938272
938272
938272
938272
938272
938272
936821
936821
936821
936821
936821
936821
936821
936821
936821
936821
936821
936821
936821
936821
936821
936821
935489
935489
935489
935489
935489
935489
935489
935489
935489
935489
935489
935489
935489
935489
935489
932861
932861
932861
932861
932861
932861
932861
932861
932861
932861
932861
932861
932861
932861
932861
932642
932642
932642
932642
932642
932642
932642
932642
932642
932642
932642
932642
932642
932642
931849
931849
931849
931849
931849
931849
931849
931849
931849
931849
931849
931849
931849
931849
931849
931849
930375
930375
930375
930375
930375
930375
930375
930375
930375
930375
930375
930375
930375
930375
930375
930375
930375
930375
929773
929773
929773
929773
929773
929773
929773
929773
929773
929773
929773
929773
929773
929773
929060
929060
929060
929060
927324
927324
927324
927324
927324
927324
926914
926914
926914
926914
926914
926914
926914
926914
926914
926914
924848
924848
924848
924848
924848
924848
924848
924848
924848
924848
924848
924848
924848
924848
924848
924848
923237
922038
916782
916782
916782
916782
916782
916782
916782
916782
916782
916782
916782
915672
915672
915672
913073
912003
911753
911753
911753
911753
911753
911753
911753
911753
911753
911753
911753
911753
911753
911753
911753
911753
911753
911753
909573
909573
909573
909573
909573
909573
909573
909573
906879
906879
906879
906879
906879
906879
906879
906879
906879
906879
906879
906879
906879
906879
906879
906879
906879
901810
901810
901810
901810
901810
901810
901810
901810
901810
901810
901810
901810
901810
901810
901810
901810
901810
901810
901810
901810
901228
901228
901228
900389
900389
900389
900389
900389
900389
900389
900389
900389
900389
900389
900389
898170
898170
898170
898170
898170
898170
898170
898170
898170
898170
898170
898170
898170
898170
898170
898170
898170
897927
897927
896497
896497
896401
896401
896401
896401
896401
896401
896401
896401
896401
896401
896401
896401
896401
896401
896401
895287
895287
895287
895287
895287
895287
895287
895287
895287
895287
895287
891543
891543
891543
891543
891543
891543
891543
891543
891543
891543
891543
891543
891543
891543
891543
891543
891543
889246
889246
889246
889246
889246
889246
889246
889246
889246
889246
889246
889246
889246
889246
888455
888455
888455
888455
888455
888455
888455
888455
888455
888455
888455
888455
888455
888455
888455
888455
888455
888293
888293
888293
888293
888293
888293
888293
888293
888293
888293
888293
888293
888293
888293
888293
888293
888293
888293
888293
885008
885008
885008
885008
885008
885008
885008
885008
885008
885008
885008
885008
885008
885008
885008
885008
885008
885008
883238
883238
883238
883238
883238
883147
883147
883147
883147
883147
883147
883147
883147
883147
883147
883147
883147
879958
879958
879547
879547
879547
879547
879547
879547
879547
879547
879547
879547
879547
879547
877606
877606
877606
877606
877606
877606
877606
877606
877606
877606
877606
877606
877606
877447
877447
877447
877447
877447
877447
877447
877447
873112
873112
873112
873112
873112
873112
873112
872717
868843
868843
868843
868843
868843
868843
868843
868843
868843
868623
868623
868623
868623
868623
868623
868623
868623
868623
868623
868623
868623
868623
868623
868623
868623
868110
868110
868110
868110
868110
865978
865978
865978
865978
865978
865978
865978
865978
865978
865978
865978
865978
865978
865978
865978
865978
865978
865978
865390
865390
865390
865390
865390
865390
865390
865390
865390
865390
865390
865390
865390
865390
865390
865052
865052
865052
865052
865052
865052
865052
865052
865052
865052
865052
865052
865052
865052
865052
865052
865052
865052
865052
865052
861618
861618
861618
861618
861618
861618
861618
861618
860789
860789
860789
860789
860789
860789
860789
860789
860789
860789
860789
860789
860789
860789
860789
860789
859391
859391
859391
859391
859391
859391
859391
859391
859391
859391
854912
854912
854912
854912
854912
854912
854912
854912
854912
854912
854912
854912
854912
854912
854912
854912
854912
854817
854817
854817
854817
854817
854817
854817
854817
854817
854817
854817
854817
854817
854817
854397
854397
854397
854397
854397
853842
853842
853842
853842
853842
853842
853842
853842
853842
853842
853842
853842
853819
853819
853819
853819
852876
852876
852876
852876
852876
852876
852876
852876
852876
852876
852876
852876
852876
852876
852876
852876
852876
852570
852570
852570
852570
852570
852570
852570
852570
852570
852570
852570
852570
852570
852570
852570
852570
852570
852046
852046
852046
852046
852046
852046
852046
852046
852046
852046
852046
852046
852046
852046
848654
848654
848654
848654
848654
848654
848654
848654
848654
848654
848654
848654
848654
847242
847242
847242
847242
847242
847242
847242
847242
847242
847242
847242
847242
847242
847242
847242
847242
847242
846492
846492
846492
846492
846492
846492
846492
846492
846492
846492
846492
846492
846492
846492
846492
846492
846451
846451
846451
844481
843146
840316
840316
840316
840316
840316
840316
840316
840316
840316
840316
840316
840316
840316
840316
840316
840316
840316
840316
840316
838912
838912
838912
838912
838912
838912
838912
838912
838912
838912
838912
838912
838912
838912
838867
838867
838867
838867
838867
838572
838572
838215
838215
838215
838215
838215
837258
837258
837258
837258
837258
837258
836290
836290
836290
836290
836290
836290
836290
836290
836290
836290
836290
836290
836290
836290
835993
835993
835993
835993
835993
835993
835993
835993
835993
835993
833814
833814
833814
833814
833814
833814
833814
833814
833814
833814
831533
831533
831533
831533
831533
831533
831533
831533
831533
831533
831533
831533
831533
831533
831533
831533
831533
831533
831533
831533
831097
831097
831097
830403
830403
830403
830403
830403
829574
829574
829574
829574
829574
829574
829574
829574
829574
829574
829574
829574
829574
829574
829574
829574
829574
829574
829574
829574
827947
826578
826578
826578
826578
826578
826578
826578
826578
826578
826578
826578
825353
825353
825353
825041
825041
825034
819306
819306
819306
819306
819306
819306
819306
819306
818441
818441
818441
818441
818441
818441
818441
818441
818441
818441
818441
818441
818441
818441
813560
813560
810794
809595
809595
809595
809595
809595
809595
809595
809595
809595
809595
809595
809595
809595
809595
809595
809595
809595
809595
809595
808829
808829
808829
808829
808829
808829
808829
808829
808829
808829
808829
808829
808829
808829
808829
808829
808829
808829
808323
808323
808323
808323
808323
808323
808323
808323
808323
808323
808323
808323
808323
808323
808323
804285
804082
804082
804082
799767
799767
799767
799767
799767
799767
799767
799767
799767
799767
799767
799767
799767
799767
799767
799698
799698
799698
799698
799698
799698
799698
790841
790841
790841
790841
790841
790841
790841
790841
790841
790841
790841
790841
790841
790841
790841
790841
790841
790841
790338
790338
790338
790338
790338
790338
790338
790338
790338
789770
789770
789770
789770
789770
789770
789770
789770
789442
789442
789442
789442
789442
789442
789442
789442
789442
789442
789442
789442
789442
789442
789442
789442
789442
789442
789442
782632
782632
782632
782632
782632
782632
782632
782632
782632
782632
782632
782632
782632
782632
782632
782632
782632
782632
782363
782363
782363
782363
782363
782363
782363
782363
782363
782363
782363
782363
782363
778943
778943
778943
778943
778943
778943
778943
778943
778943
778943
778943
778943
778943
778943
778943
778943
778943
777488
777488
777488
777488
777488
777488
777488
777488
777488
777488
777488
777488
777488
777488
777488
777488
777172
777172
777172
777172
777172
777172
777172
777172
777172
777172
777172
777172
777172
777172
777172
777172
774314
774314
773965
773965
770461
770461
770461
770461
770461
770461
770461
770461
770461
770461
770461
770461
770461
770461
770461
767517
767517
767517
767517
767517
767517
767517
767517
767517
767517
767517
767017
767017
767017
767017
767017
767017
767017
767017
767017
767017
767017
767017
767017
767017
767017
767017
767017
767017
767017
767017
765905
765905
765905
765905
765905
764895
764895
764895
764895
764895
764895
764895
764895
761538
761538
761538
761538
761538
761538
761538
761538
761538
761538
761538
761538
761538
760751
760751
760751
760751
760751
760751
760751
755357
755357
755357
755357
755114
755114
755114
755114
755114
755114
755114
755114
752224
752224
752224
752224
752224
752224
752224
752224
752224
752224
752224
752224
752224
748556
744282
744282
744282
744282
744282
744282
744282
744282
744282
744282
744282
744282
744282
744282
744282
744282
743382
743382
743382
743382
743382
743382
743382
743382
743382
743382
743382
740978
740978
740978
740978
740978
740978
740978
740978
740978
740978
740978
740978
740978
740978
740978
740978
740978
738002
738002
738002
738002
738002
738002
738002
738002
738002
738002
738002
738002
738002
737502
737502
737502
737502
737502
737502
737502
737502
737502
737502
737502
737502
737502
737502
737502
737502
737502
737502
734055
734055
733038
733038
733038
733038
733038
733038
733038
733038
728930
728930
728930
728930
728930
728930
728930
728930
728122
728122
728122
728122
728122
728122
728122
728122
728122
728122
728122
728122
728122
726348
724148
724148
724148
724148
724148
724148
724148
724148
724148
724148
724148
724148
724148
724148
724148
724148
724148
724148
724148
724148
721409
721409
721409
721409
721409
721409
721409
721409
721409
721409
721409
721409
721409
718231
718231
718231
718231
718231
718231
718231
718231
718231
718231
718231
718231
718231
718231
718231
718231
718231
718231
718231
717775
717775
717775
717775
717775
717775
717775
716828
716828
716828
716828
716828
716117
716117
716117
716117
716117
716117
716117
716117
716117
716117
716117
716117
716117
716117
716117
716117
716044
716044
716044
716044
710069
710069
710069
710069
710069
710069
710069
710069
710069
710069
710069
710069
710069
708775
708775
708775
708775
708775
708775
708775
708775
708775
708775
708775
708775
708775
708775
705814
705814
705814
705814
705814
705623
705623
705623
705623
705623
705623
705229
705229
705229
705229
705229
703391
703391
701844
701844
701844
701844
701844
701844
701844
701844
701844
701844
701844
701844
701844
701844
701844
701844
701844
701844
701844
701844
701365
701365
701365
701365
701365
701365
701365
701365
701365
701365
701365
701365
701365
701365
701365
701365
701365
701365
701365
700347
700347
698277
698277
698277
698277
698277
698277
698277
698277
694662
694662
694662
694662
694662
694662
694662
689261
689261
689261
689261
689261
689261
689261
689261
689261
689261
689261
689261
688846
688846
688846
688846
688846
688846
688846
688846
688846
688846
688082
681106
681106
681106
681106
679882
679882
679882
679882
679882
678256
678256
678256
678256
678256
678256
678256
678256
676502
676502
676502
676502
676502
676502
676502
676502
676502
675560
675560
675560
675560
673871
673871
673871
673871
673871
673871
673871
673871
673101
673101
673101
673101
673101
673101
673101
673101
673101
673101
673101
673101
673101
673101
673101
673101
673101
673101
673101
670949
668591
668591
668591
668591
668591
668591
668591
668591
668591
668591
668591
668591
668591
668591
668591
668591
668591
668109
668109
668109
668109
668109
668109
668109
668109
665200
665200
665200
665200
665200
665200
665200
665200
665200
665200
664365
664365
664365
664365
664365
663023
663023
663023
663023
663023
663023
663023
663023
663023
663023
663023
663023
663023
663023
663023
663023
663023
663023
663023
657515
657515
657515
655750
655750
655750
655750
655750
655750
655750
655750
655750
655750
655750
655750
655750
655750
654688
654688
654688
654688
654688
654656
654656
654656
654656
654656
654656
654656
654656
654656
654026
654026
654026
654026
654026
654026
654026
654026
647837
647837
647837
647837
647837
647837
647837
647837
647837
647837
647837
647837
647837
647837
647837
647837
647837
647837
647311
647311
647311
647311
647311
647311
647311
647311
647311
647311
647311
647311
647311
647311
647311
647311
647311
647311
647311
647311
645910
645910
645910
645910
645910
645910
645910
645910
645910
645910
645440
644095
644095
644095
644095
644095
644095
644095
644095
643679
643679
643679
643679
643679
643679
643679
643679
643679
643679
643679
643679
643679
643679
643679
643679
643679
643679
643679
642342
642342
642342
642342
642342
642342
642342
642342
642342
642342
642342
642342
642342
642090
642090
642090
642090
642090
642090
642090
642090
642090
642090
642090
642090
642090
636769
636769
636769
636769
636769
636769
636769
636769
636769
636769
633923
633923
633923
633923
633923
633923
633923
633923
633923
633923
633923
633923
633923
633923
633923
633923
633923
633923
633923
633923
629934
629934
629934
627740
627740
627740
627740
627740
627740
627740
627740
627740
627740
627740
627740
627740
627740
627740
627740
627740
627740
627740
627740
624787
624787
624787
624787
624787
624787
624787
624787
624787
624787
624787
624787
624787
624787
624787
624787
623804
623804
623804
623804
623804
623804
623804
623804
623804
623804
623804
623804
623804
623804
623804
620979
620979
620979
620979
620979
620979
612826
612826
607580
607580
607580
607580
607580
607580
607580
607580
607580
604692
604692
604692
604692
604692
604692
599825
599825
599825
599825
599825
599825
599825
599825
599825
599825
599825
599825
599825
599825
599825
599825
599825
593151
593151
593151
593151
593151
593151
593151
593151
593151
593151
593151
593151
593151
593151
593151
593151
593151
593151
589605
589605
589605
589605
589605
589605
589605
589605
589605
589605
589605
589605
589605
589605
583822
583822
583822
583822
580099
580099
580099
580099
580099
580099
580099
580099
580099
580099
580099
577461
577461
577461
577461
577461
577461
577461
577461
574332
574332
574332
574332
574332
574332
574332
574332
574332
574332
574332
574332
574332
574332
574332
574332
574332
574332
571233
571233
571233
571233
571233
569864
569864
569864
569864
569864
569864
568557
568557
568557
568557
568557
568557
568557
568557
568557
566901
566901
566901
566901
566901
566901
566901
566901
566901
566901
566759
566759
566759
566759
566759
566759
565355
565355
565355
565355
565355
565355
565355
565355
565355
565355
565355
565355
565355
565355
565355
565355
563950
563950
563950
563950
563395
563395
563395
563395
563395
563395
563395
563395
563395
563395
563395
563395
563395
563395
563395
563395
563395
563395
561271
561271
561271
561271
561271
561271
561271
561271
561271
561271
560423
559012
556606
556606
556606
556606
556606
556606
556606
556606
556606
556606
556606
556606
556606
551733
551733
551733
551733
551733
551733
551733
551733
551733
551733
551733
550569
550569
550569
546612
546612
546612
546612
545938
545938
545938
545938
545938
545938
545938
545938
545938
545938
545938
545938
545938
545938
545938
545938
545938
545938
545731
545731
545731
545731
545731
545731
545731
545731
545731
545731
545731
545731
545731
545731
545731
545731
545731
545731
545005
545005
545005
545005
545005
539571
539571
539571
539571
539571
539571
539571
539571
539571
539571
539571
539571
539571
539571
539571
539571
539571
539035
539035
539035
539035
539035
539035
539035
539035
539035
539035
539035
539035
539035
539035
534322
534322
534322
534322
534322
534322
534322
534322
534322
534322
534322
534322
534322
534322
534322
534322
534322
527402
527402
527402
527402
527402
527402
527402
527402
527402
527402
527402
527402
527402
527402
527402
527402
527103
527103
527103
527103
527103
527103
527103
527103
527103
527103
527103
527103
527103
527103
526528
526528
526528
526528
526528
526528
526324
526324
525963
525963
525963
525963
525963
525704
525704
525599
525599
525599
525599
525599
525599
525599
525599
525599
525599
525599
525599
525599
525513
525513
525513
525513
525513
525513
525513
525513
525513
525513
525513
525513
525513
525513
525513
525513
525513
524203
524203
524203
524203
524203
524203
524203
524203
524203
524203
524203
524203
524203
524203
521102
521102
521102
521102
521102
521102
521102
521102
521102
521102
521102
521102
521102
521102
521102
521102
521102
519904
519904
519904
519904
519904
519904
519904
519904
519904
519904
519904
519904
519904
519904
519904
519904
519904
519904
519310
519310
519310
519310
519310
519310
518717
516838
516838
516838
516838
516838
516838
516838
516838
516838
516838
516838
516838
516634
516634
516634
516634
516634
516634
516634
516634
516634
516634
516634
516634
510202
504399
502039
502039
502039
502039
502039
502039
502039
502039
502039
502039
502039
502039
502039
502039
499692
499692
497725
497725
497725
497725
497725
497725
497725
497725
497725
497725
497725
497725
497725
497725
497725
497725
497725
497725
497725
497442
497442
497442
497442
497442
497442
497442
497442
497442
497442
497442
497442
497442
497442
497442
497442
497442
497442
497442
490757
490757
490757
490757
490757
490757
490757
490757
490757
490757
490757
490757
490757
490757
490757
490757
490757
490757
490757
490757
490069
490069
490069
490069
489978
489978
489978
489978
489978
489978
489978
489978
489978
489046
489046
489046
489046
489046
489046
489046
489046
489046
489046
489046
488265
488265
488265
488265
488265
488265
488265
488265
488265
488265
488265
488265
488265
488265
488265
488265
488265
488265
488265
488265
488112
488112
488112
488112
488112
488112
488112
488112
488112
488112
488112
488112
486835
485157
485157
485157
485157
483367
483367
483367
483367
483367
483367
483367
483367
483367
483367
483367
483367
483367
483367
483367
483367
483367
482582
482582
482582
482582
482582
482582
482582
482582
482582
482582
482582
482582
482582
482582
482582
480441
480441
480441
480441
480441
480441
480441
480441
479454
479454
479454
479454
479454
479454
479454
479454
479454
479454
479454
479454
479454
479344
479344
479344
479344
479344
479344
479344
479344
476504
476504
476504
476504
476504
476504
476504
476504
476504
476504
476504
476504
476504
476475
476475
476475
476475
476475
476475
476475
476475
475673
475673
475673
475673
475673
475673
475673
475673
475673
475673
475595
475595
475595
475595
475595
475595
475595
475595
475595
475595
475595
475595
475595
475595
475595
474223
474223
474223
474223
474223
474223
474223
474223
474223
474223
473558
473558
473558
472692
472692
472692
472692
468690
468690
468690
468690
468690
468690
468690
468690
468690
468690
468690
468690
468117
468117
468117
468117
468117
468117
468117
468117
468117
468117
468117
468117
468117
468117
468117
468117
468117
466706
466706
466706
466706
465814
465814
464421
464421
464421
464421
464421
464421
464421
464421
464421
464421
461974
461974
461974
461974
461974
461974
461974
461974
461974
461974
461974
461974
461974
461974
461974
461129
461129
461129
461129
461129
459844
459844
459844
459844
459844
459844
459844
459844
459844
459844
459844
459844
459844
459844
458516
458516
458516
458516
458516
458516
458516
458516
457956
457956
457956
457956
457956
457956
457956
456270
454817
454817
454817
454817
454817
454817
454817
454817
454817
454817
454817
454817
454817
454817
454182
454182
453956
453956
453956
448042
445328
445328
445328
445328
445328
445328
445328
445328
445328
445328
445328
445328
445328
442724
442724
442724
442724
442724
442724
442724
442724
438873
438873
438873
438873
438873
438873
438873
438873
438873
438873
438873
437947
437947
437947
437947
437947
437947
437947
437947
434943
434943
434943
434943
434943
434943
434943
434472
434472
434472
434472
434472
434472
434472
434472
434472
434472
434472
434472
432776
432776
432776
432776
431065
431065
431065
424934
424934
424934
424934
424934
424934
422752
422752
422752
422752
422752
422752
422752
422752
422752
422752
422752
422752
422752
422752
422752
422752
421206
421206
421206
421206
421206
415736
415736
415736
415736
415736
415736
415736
415736
415736
415736
415736
415736
415736
415736
415736
415736
415736
415736
412124
412124
412124
411391
411391
411391
411391
411391
411213
411213
411213
411213
411213
411213
411213
411213
411213
411213
411213
411213
411213
411213
411213
411213
411213
411213
411213
404958
404958
404958
404958
404958
404958
404958
404958
404958
404958
404958
404958
404958
404958
404958
404958
404958
404958
401809
400684
400684
400684
400684
400684
400684
400684
400684
400684
400684
400565
400565
400565
400565
400565
400565
400565
400565
400565
400565
400565
400565
400565
400565
400565
400565
400565
400565
398100
398100
398100
398100
398100
398100
398100
398100
398100
398100
398100
398100
398100
398100
398100
398100
398100
398100
397065
397065
397065
397065
397065
397065
397065
397065
397065
397065
392777
392777
392777
392777
392777
392777
392777
392777
392777
392777
392450
389210
388660
388660
388660
388660
388660
388660
388660
388660
388660
388660
387041
387041
387041
387041
387041
387041
387041
387041
387041
387041
387041
387041
387041
387041
387041
387041
387041
386357
386357
386357
386357
386357
386357
386357
386357
386357
386357
386357
386357
386357
386357
386357
386357
386357
386357
386357
386357
385978
385978
385978
385978
385978
385978
385978
385978
385978
385978
385978
385978
385978
385978
385978
385978
385978
385978
383165
383165
383165
383165
383165
383165
380028
380028
380028
380028
380028
380028
380028
380028
380028
380028
380028
380028
380028
380028
380028
380028
380028
380028
370940
370940
370940
370940
370940
370940
370940
370940
370940
370940
370940
370940
370940
370940
370940
370940
370940
370940
370940
367530
365847
365847
365847
365847
365847
365847
365847
365847
365847
365847
364861
364861
364861
364861
364861
364861
364861
364861
364861
364861
364861
363288
363288
363288
363288
363288
363288
363288
363288
363288
363288
363288
363288
363288
363288
363288
361080
361080
361080
361080
361080
361080
361080
361080
361080
361080
361080
361080
361080
360906
360906
360906
360906
360906
360906
360906
360906
360906
357410
357410
357410
357410
357410
357410
357410
357410
357410
357410
357410
357410
357410
357410
357410
357410
356854
356854
356854
356854
356854
356854
356854
356854
356854
355365
355365
355365
355365
355365
355365
355358
355358
355358
355358
355358
355358
355358
355037
355037
355037
355037
355037
355037
355037
355037
355037
355037
355037
355037
355037
352299
352299
351971
351971
351971
351971
351971
351971
351971
351971
351971
349701
349701
349701
349701
349701
349701
348993
348993
348993
348993
348993
348993
348993
348993
348993
348993
348993
348993
348993
348993
348993
348993
348993
348993
348993
348843
348843
348843
348843
348843
348843
348843
348843
348843
348843
348843
348843
348843
348719
348719
347775
347775
347775
347775
347775
347311
347311
347311
347311
347311
347311
347311
347311
347311
347311
347311
347311
347311
347311
347311
347311
347311
347311
347311
344743
344743
344743
344743
344743
344743
344743
344743
344743
344743
344743
344743
344743
344743
344743
344743
342116
342116
342116
339191
339191
339191
339086
339086
339086
339086
339086
339086
339086
339086
339086
339086
339086
339086
339086
339086
339086
338789
338789
338789
338789
338789
338789
338789
338789
338789
338789
338789
338789
338789
338789
338789
338789
338789
338789
338789
335223
335223
335223
334267
334267
334267
334267
334267
334267
334267
334267
334267
334267
332801
332801
332801
332801
328530
328530
328530
328530
328530
327880
327880
327880
327880
327880
327880
327880
327880
327880
327880
327880
327880
327880
327880
327880
327880
327880
327880
327880
327880
327421
327421
327421
327421
325969
325969
325969
325969
325969
325969
325969
325969
325969
325969
325969
325969
325729
325729
325729
325729
325729
325729
325729
325729
325729
325729
325729
325729
325729
324939
324939
324939
324939
324939
324939
324939
324939
324939
324939
323214
323214
323214
323214
323214
323214
323214
323214
323214
323214
323214
323214
323214
323214
323214
318731
318731
318731
318731
318731
318731
318731
318731
318731
318731
318731
318731
316644
316644
316644
316644
316644
316644
316644
316644
316644
316644
316644
316644
316644
315301
315301
315301
315301
315301
315301
315301
315301
315301
315301
315301
315301
315301
314892
314892
314892
314892
314892
314892
314892
314892
314892
314892
314892
314892
314892
314892
314892
314892
313743
313743
313743
313743
313743
313743
313743
313743
313743
313743
313743
313743
313743
313743
313743
313743
313743
313743
313743
313720
313720
313720
313720
313720
313720
313720
313720
313720
313720
313720
313720
308963
308963
308963
308963
308963
308963
308963
308963
308963
308963
308963
308963
308963
308963
308963
308895
306269
306269
306269
306269
305824
305824
305824
305824
305824
305824
305824
305824
305824
305824
305824
305824
305824
302839
302839
302839
302839
302839
302839
302839
302839
302839
302839
302839
302839
302839
301217
301217
301217
301217
301217
301217
301217
301217
301217
301217
301217
301217
301217
301217
301217
297739
297739
297739
297739
297739
297739
297739
297739
297739
297739
297739
297739
297739
297739
297739
297739
297739
296454
296454
296454
296454
296454
296454
296454
296454
296454
296454
296454
296454
296454
293118
293118
292483
292483
292483
292483
292483
291676
291676
291477
291477
291477
291477
291477
291477
291477
291477
291477
291477
291477
291477
290142
290142
285518
285518
285518
285518
285518
285518
285518
285518
285518
285518
285518
285518
285518
285518
285518
285518
285518
285518
283898
283898
283898
283898
283898
283898
283898
283898
283898
283898
283898
283898
283898
283898
283898
283898
283898
283898
283898
283898
280810
280810
280810
280810
280810
280810
276314
276314
276314
275531
275531
275531
275531
275531
275531
275531
275531
275531
275060
275060
275060
275060
275060
275060
275060
275060
275060
275060
275060
275060
275060
275060
272197
272197
268136
268136
268136
268136
268136
268136
268136
268136
264952
264952
264952
264952
264952
264952
264952
264952
264952
264952
264952
264952
264952
264952
264952
264952
264329
264329
264329
264329
264329
264329
264329
264329
264329
264329
264329
264329
264329
264329
264329
264329
264329
264329
264329
264329
261871
261871
261871
261871
261871
261871
261871
261871
261871
261871
258566
258228
258228
258228
258228
258228
258228
258228
258228
258228
258228
257496
257496
257496
257496
257496
257496
257496
257496
253359
246668
246668
246668
246668
246668
246668
246668
246668
246668
246668
246668
242482
242482
242482
242482
242482
242482
242482
242482
241547
241547
241547
241547
241547
241547
241547
241547
241547
241547
241547
241547
241547
241547
241547
241547
241547
241547
240648
240648
240648
240648
240648
240648
239378
239378
239378
239378
239378
239378
239378
239378
239378
237420
237420
237420
237420
237420
237420
237420
233989
233989
233989
233989
233989
233989
233989
233989
233989
233989
233989
233989
232090
232090
232090
232090
231985
231985
231985
231985
231985
231985
231985
231985
231985
231985
231985
229202
229202
229202
229202
229202
229202
229202
229202
229202
229142
229142
229142
229142
229142
229142
228920
228920
228920
228920
228920
228920
228920
228920
228920
228920
228920
228920
228920
228920
228920
228920
228920
228920
228920
228147
228147
228147
228147
228147
228147
228147
228147
228147
228147
228147
228147
228147
228147
228147
228147
228147
228147
228147
227234
227234
227234
227234
227234
227234
227234
227234
227234
227234
227234
227234
227234
227234
227234
227234
227234
227234
227234
224506
224506
224506
224506
224506
224506
224506
224506
221436
221436
221436
221436
221436
221436
221436
221436
221436
221436
221436
221436
221436
221342
221342
221342
219688
219688
219688
219688
219688
219688
219688
216020
216020
216020
216020
216020
216020
216020
216020
216020
216020
216020
216020
216020
216020
214994
214994
214994
214994
214994
214994
214994
214994
214994
214994
214994
214994
214994
214994
214994
214994
214994
214994
214994
212550
212550
212550
212550
212550
212550
212550
212550
212550
212550
212550
212550
212550
211503
211503
211503
211503
211503
211503
211503
211503
211503
211503
211503
211503
211503
211503
211503
206596
206596
206596
206596
206596
206596
206596
206596
206596
205378
205378
205378
205378
205378
205378
205378
205378
205378
205378
205378
205378
205378
205378
205378
205378
205378
205378
205378
197684
197684
197684
197684
197684
197684
197684
197684
197684
197684
197684
197684
197684
197684
197684
197684
197684
197549
197549
197549
197549
196073
196073
196073
196073
196073
196073
196073
196073
196073
196073
196073
194518
194518
194518
194518
194518
194518
194518
194518
194518
194518
194518
194518
194518
194518
194518
194518
194257
194257
194257
194257
194257
194257
194257
194257
194257
192436
192436
192436
192436
192436
192436
192436
192436
192436
192436
192436
192436
192436
192436
192436
192436
192436
192436
192436
188481
188481
188481
188481
188481
188481
188481
188481
188481
188481
186507
186507
186507
186507
186507
186507
186507
186507
186507
185786
185786
185786
185786
185786
185786
185786
185786
185786
185786
185786
185786
185786
185786
185786
185786
185786
185786
185786
185786
184478
184478
184478
184478
184478
184478
184478
184478
184478
184478
184478
184478
184478
184478
184478
184478
181456
181456
181456
181456
181129
181129
181129
181129
181129
181129
181129
181129
181129
181129
181129
181129
181129
181129
178668
178668
178668
178668
178668
178668
178668
176526
176526
176526
172771
172771
172771
172771
172771
172771
170336
170336
170336
170336
170336
170336
170336
170336
170336
170336
170336
170336
170336
170336
170336
170336
170336
170287
170287
170287
170287
170287
170287
170287
170287
170287
170287
170287
170287
170287
170287
170287
170287
170287
170287
170287
168015
168015
168015
168015
168015
168015
168015
168015
168015
168015
168015
168015
168015
168015
168015
167156
167156
167156
167156
167156
167156
167156
167156
167156
167156
167156
167156
167156
167156
161893
161893
161893
161893
161893
161893
161893
158714
158714
158714
158714
158714
158714
158714
158714
158714
158714
158714
158714
158714
158714
158255
158255
158255
158255
158255
158255
158255
158255
158255
158255
158255
158255
158255
158255
158255
158255
158255
158255
158255
158255
158093
158093
158093
158093
158093
158093
158093
158093
158093
158093
158093
158093
158093
158093
158093
158093
158093
155165
155165
155165
155165
155165
150829
150829
150829
150829
150829
150829
150829
150829
150829
150829
150829
150829
150829
145053
145053
143207
143207
143207
142421
142421
142421
142421
142421
142421
141839
141839
141839
141839
141839
141839
141839
141839
141839
141839
141839
141839
139051
139051
139051
139051
139051
139051
139051
139051
139051
139051
139051
139051
139051
139051
139051
139051
139051
139051
139051
138977
138977
138977
138977
138977
138977
138977
138977
138977
138977
138977
138977
137841
136835
136835
136835
136835
136835
136835
136835
136835
136835
136835
133779
133779
133779
133779
133779
130313
130313
130313
130313
130313
130313
130313
130313
130313
130313
130313
130313
130313
130313
130313
130313
130313
130313
130313
128136
128136
128136
128136
128136
128136
128136
128136
128136
128136
128136
128136
128136
126151
126151
126151
126151
126151
126151
126151
126151
126151
126151
126151
126151
126151
126151
126151
126151
126151
126151
124796
124796
124796
124796
124796
124796
124796
124796
124796
124796
124796
124796
124779
124779
124779
124779
124779
124779
124779
124779
124779
124779
124779
124779
124779
124779
124779
124779
124779
124544
124544
124544
124544
124544
124544
124544
124544
124544
124544
124544
124544
124544
124544
124544
122840
122840
122840
122840
122840
122840
122840
122840
122840
122840
122840
122840
122840
122840
122840
122840
122840
122840
122840
120542
120542
120542
120542
120542
120542
120542
120542
120542
120542
120542
120542
120542
120542
120542
120542
120542
120542
118982
118982
118982
118982
118982
118982
118982
118982
118982
118982
118982
118982
118982
118982
118982
118982
118982
118982
117571
117571
117571
117571
117571
117571
117571
117571
117571
117571
117571
117571
117571
115915
115915
115915
115915
115915
115188
115188
115188
109867
109867
109867
109867
109867
109867
109867
109867
109867
109867
109867
109867
108661
108661
108661
108661
108661
108661
108661
108661
108661
108661
108661
108661
108661
108661
108661
104574
104574
104574
103541
103541
103541
103541
103541
103541
103541
103541
103541
103541
99713
99713
99713
99713
99713
99713
99713
99713
99713
87167
87167
87167
87167
87167
87167
87167
87167
87167
87167
87167
87167
87167
87167
87167
84711
84711
84711
84711
84711
84711
84711
84711
81149
78693
78693
78693
76190
76190
76190
76190
76190
76190
76190
76190
76190
76190
76190
76190
76190
76190
76190
76190
76190
76190
76190
76190
73877
73877
73877
73877
73877
73877
73877
73877
73877
73877
73877
73877
73877
73877
73877
73877
73877
73829
73829
73829
73829
73829
73829
73829
73829
73829
73829
73829
73829
73829
73829
73798
73798
73798
73798
73798
73798
73798
73798
73798
73798
73798
73798
73798
73798
73798
73798
72241
71246
71246
71246
71246
71246
71246
71246
71246
71246
71246
71246
71246
71246
71246
71246
71246
71246
71246
70546
70546
70546
70546
70546
70546
70546
68618
68618
68618
68618
68618
68618
68618
68618
68618
68618
68618
67924
67182
67182
67182
59471
59471
59471
59120
59120
59120
59120
59120
59120
59120
59120
59120
59120
59120
59120
59120
59120
56363
56363
56363
56363
56363
56363
56363
56363
56363
56363
56363
56363
56363
56363
56363
56363
56363
54466
54466
54466
54466
54466
54466
54466
54466
54466
54466
54466
54466
54466
54466
54466
54466
54466
54466
54466
54312
54312
54312
54312
54312
54312
54312
54312
54312
54312
54312
54312
54312
54312
54312
54312
54312
54312
54312
52923
52923
52923
52923
52923
52923
52923
52923
52923
52923
52923
52923
52923
52923
52923
52923
52923
52923
44875
44875
44875
44875
44875
44875
44875
44875
44875
44875
44875
44875
44875
44875
40750
40750
40750
40750
40750
40750
40750
36375
36375
36375
36375
35666
35666
35666
29994
29994
29994
29994
29994
29994
29994
29994
29994
29994
29994
29994
29994
29994
29994
29994
29994
29994
29994
29994
29649
29649
29453
29453
29453
29453
29453
29453
29453
29453
29453
29453
29453
29453
29453
25402
25402
25402
25402
25402
25402
25402
25402
25402
25402
25402
23539
23539
23539
23539
23539
23539
23539
23539
23539
23539
23539
23539
23539
23539
23539
23041
23041
23041
23041
23041
23041
23041
23041
22699
22699
22699
22699
22699
22699
22699
22699
22699
21980
20846
20846
20846
20846
20846
20846
20846
20846
20846
19043
19043
19043
19043
13366
13366
13366
13366
13366
13366
12137
12137
12137
12137
12137
12137
12137
12137
12137
12137
12137
12137
12137
12137
12137
12137
12137
12137
