1453
1500000
992370
992370
992370
992370
992370
992370
992370
992370
992370
992370
992370
992370
991579
991579
991579
991579
991579
991579
991579
991579
991579
991579
991579
991579
991579
991579
991579
991579
991579
991579
991579
983510
983510
983510
971138
971138
971138
971138
971138
971138
971138
971138
964194
964194
964194
964194
964194
964194
964194
964194
964194
964194
964194
964194
964194
964194
964194
964194
964194
964194
964194
953531
953531
953531
953531
953531
953531
953531
953531
953531
953531
953531
953531
953531
953531
953531
953531
945451
930898
930898
930825
930825
930825
930825
930825
930825
930825
930825
930825
930825
930825
925704
925704
925704
925704
925704
925704
925704
925704
925704
925704
925704
925704
925704
925704
925704
920903
920903
920903
920903
920903
920903
920903
920903
920903
920903
920903
919680
919680
919680
919680
919680
919680
919680
919680
919680
919680
919680
902167
902167
902167
902167
902167
902167
902167
902167
902167
902167
902167
902167
902167
902167
902167
902167
902167
902167
902167
901507
901507
901507
901507
901507
901507
901507
901507
901507
901507
901507
901507
896906
896906
888791
888791
888791
888791
888791
888791
888791
888791
888791
888791
888791
888791
888791
880621
880621
880621
880621
872998
872998
872998
872998
872998
872998
872998
872998
872998
872998
872998
872998
872998
872998
872998
872998
872998
872998
869390
869390
869390
869390
869390
869390
869390
869390
869390
869390
869390
869390
865147
865147
865147
865147
865147
865147
865147
865147
865147
865147
865147
865147
865147
865147
865147
864218
864218
864218
864218
864218
864218
864218
864218
864218
864218
864218
864218
864218
864218
864218
864218
864218
861496
861496
861496
861496
861496
861496
861496
861496
861496
861496
861496
861496
861496
861496
861496
861496
861496
861496
861496
861496
849543
849543
849543
848569
848569
848569
848569
848569
848569
848569
848569
848569
848569
848569
848569
848569
848569
848569
848569
848569
848569
848569
835784
835784
835784
835784
835784
822429
821854
821854
821854
821854
821854
821854
821854
821854
821854
821854
821854
821854
821854
821854
821854
821854
821854
817954
817954
817954
817954
817954
817954
817954
817954
817954
817954
817954
817954
817954
817954
817954
817954
817954
817954
798401
798401
798401
798401
798401
798401
798401
798401
798401
798401
798401
798401
798401
798401
796838
796838
796838
796838
796838
796838
796838
796838
796838
796838
794784
794784
794784
794784
794784
794784
794784
794784
794784
794784
794784
794784
794784
794784
794784
794784
794784
794784
794784
766053
766053
766053
766053
766053
766053
766053
766053
757411
757411
757411
757411
757411
757411
757411
757411
757411
757411
757411
757411
757411
753852
753852
753852
753852
753852
751643
751643
751643
751643
751643
751643
751643
751643
751643
751643
751643
751643
751643
751643
751643
751643
751643
734211
734211
734211
734211
734211
734211
734211
734211
734211
734211
734211
734211
734211
734211
734116
734116
734116
734116
734116
734116
734116
734116
734116
734116
727071
727071
727071
727071
727071
727071
727071
727071
727071
727071
727071
727071
712181
712181
712181
712181
712181
712181
712181
712181
712181
711033
711033
711033
711033
711033
711033
711033
711033
690249
690249
690249
690249
690249
690249
690249
690249
690249
690249
690249
690249
690249
690249
690249
690249
690249
690249
690249
690249
688776
688776
688776
688776
688776
688776
688776
688776
688776
688776
688776
688776
688776
688776
688776
688776
688776
688776
688776
682889
682889
682889
682889
682889
682889
682380
682380
682380
682380
682380
682380
682380
682380
682380
682380
662020
662020
662020
662020
662020
662020
662020
662020
662020
662020
651579
651579
651579
651579
651579
651579
651579
651579
651579
651579
651579
651579
651579
651579
651579
651579
651579
651579
651579
651579
647130
647130
647130
647130
647130
647130
647130
647130
647130
647130
647130
647130
647130
647130
647130
647130
647130
647130
647130
644554
644554
644554
644554
644554
644554
644554
644554
644554
644554
644554
644554
633272
633272
633272
633272
633272
633272
633272
631363
631363
631363
631363
631363
631363
631363
631363
631363
631363
631363
631363
631363
631363
631363
631363
631363
628645
628645
628645
628645
628645
628645
624444
624444
624444
624444
624444
624444
624444
624444
624444
624444
624444
624444
624444
617328
617328
617328
617328
617328
617328
617328
617328
617328
617328
617328
617328
617328
617328
617328
617328
615447
615447
615447
615447
615447
615447
615447
615447
615447
615447
612048
612048
612048
612048
612048
612048
612048
612048
612048
612048
612048
612048
612048
612048
612048
612048
610171
610171
610171
610171
610171
610171
610171
610171
610171
610171
610171
610171
610171
610171
599664
599664
599664
599664
599664
599664
599664
599664
588531
588531
588531
588531
588531
588531
588531
588531
588531
588531
588531
588531
588531
588531
588531
588531
588531
588531
588531
586460
586460
586460
586460
574265
574265
574265
574265
574265
574265
574265
574265
574265
574265
574265
574265
574265
574265
555508
555508
550063
550063
550063
550063
550063
550063
550063
550063
550063
550063
550063
550063
550063
550063
550063
550063
550063
550063
550063
550063
548930
548930
548930
548930
548930
548930
548930
546962
546962
546962
546962
546962
546962
546962
546962
546962
546962
546962
544955
544955
544955
540421
540421
540421
540421
540421
540421
540421
540421
540421
540421
540421
540421
540421
540421
540421
515790
515790
515790
515790
515790
515790
515790
515790
515790
515790
515790
515790
515790
515790
515790
515790
515790
515790
515790
515790
504884
504884
504884
504884
504884
504884
504884
504884
504884
504884
504884
504884
504884
500419
500419
500419
500419
500419
500419
500419
500419
500419
499870
499870
499870
499870
498207
498207
498207
498207
498207
498207
498207
498207
498207
498207
498207
498207
498207
498207
498207
498207
498207
498207
498207
497365
497365
497365
497365
497365
497365
486080
486080
486080
486080
486080
486080
486080
486080
486080
486080
485408
485408
485408
485408
485408
485408
485408
485408
485408
485408
485408
485408
485408
485408
485408
485408
485408
485408
485408
485408
483910
483910
483910
483910
483910
483910
483910
482893
482893
482893
482893
482893
482893
482893
482893
482893
482893
482893
482893
482893
482893
482893
482893
481682
481682
481682
481682
481682
481682
481682
481682
481682
481682
471867
471867
471867
471867
471867
471867
471867
471867
471867
471867
463252
463252
463252
463252
463252
463252
463252
463252
463252
463252
463252
463252
463252
458962
458962
458962
458962
458962
458962
458962
458962
458962
458962
458962
458962
458962
458962
451185
451185
451185
451185
451185
451185
451185
451185
451185
451185
451185
451185
451185
451185
451185
451185
451185
451185
451185
420994
420994
420994
420994
420994
420994
420994
420994
420994
420994
420994
420994
420994
420994
420994
420994
414787
414787
414787
414787
414787
414787
414787
414787
414787
414787
414787
414787
414787
414787
414787
414787
414787
414787
412933
412933
412933
412933
412933
412933
412933
412933
412933
412933
412933
412933
404272
404272
404272
404272
387640
387640
387640
387640
387640
387640
387640
387640
387640
387640
387640
380032
380032
380032
380032
380032
380032
380032
380032
380032
380032
380032
380032
380032
380032
366544
366544
366544
366544
366544
360137
360137
360137
360137
360137
360137
360137
360137
360137
360137
360137
360137
360137
355030
355030
355030
355030
355030
355030
355030
355030
355030
355030
355030
355030
355030
355030
351791
351791
351791
351791
351791
351791
351791
351791
350755
350755
350755
350755
350755
350755
350755
350755
350755
350755
350755
350755
350755
350755
350755
350755
350755
350755
350755
349827
349827
349827
349827
349827
349827
349827
349827
345226
345226
345226
345226
345226
345226
336399
336399
336399
336399
336399
336399
336399
336399
321066
321066
321066
321066
321066
321066
321066
321066
321066
321066
303599
303599
303599
303599
301000
301000
301000
301000
301000
301000
301000
301000
301000
301000
301000
301000
301000
301000
301000
301000
301000
301000
296117
296117
295579
295579
295579
295579
295579
295579
295579
288112
288112
288112
288112
288112
288112
288112
288112
288112
288112
288112
288112
288112
288112
288112
251290
251290
251290
251290
251290
251290
251290
251290
251290
251290
251290
251290
251290
251290
251290
251290
251290
251290
251290
251290
234609
234609
234609
234609
234609
234609
234609
231231
231231
231231
231231
231231
231231
231231
231231
231231
231231
212211
212211
212211
212211
212211
212211
212211
212211
212211
212211
212211
212211
206945
206945
206945
206945
206945
206945
206945
206945
206945
206945
206945
206945
206945
206945
206945
206945
206945
206945
206233
206233
206233
206233
206233
206233
206233
206233
206233
206233
206233
206233
206233
206233
182935
182935
182935
182935
182935
169323
169323
169323
169323
169323
169323
169323
169323
169323
169323
169323
141014
141014
141014
141014
139878
139878
139878
139878
139878
139878
139878
139878
139878
139878
139878
139878
139878
137106
137106
137106
137106
137106
137106
137106
137106
137106
137106
137106
137106
137106
137106
137106
128191
128191
128191
128191
128191
128191
128191
128191
128191
128191
122442
122442
122442
116001
116001
116001
116001
116001
116001
116001
116001
116001
112051
112051
110516
110516
110516
110516
110516
110516
110516
110516
110516
110516
110516
110516
110516
110516
110516
110516
110516
110516
103573
103573
103573
103573
103573
103573
103573
103573
103573
103573
103573
103573
103573
103573
103573
92696
92696
92696
92696
92696
92696
92696
92696
92696
92696
92696
92696
92696
86594
86594
86594
86594
86594
86594
86594
86594
86594
86594
86594
86594
86594
86594
86594
86594
86594
86594
42157
42157
42157
42157
42157
42157
42157
42157
42157
41648
32040
32040
32040
32040
32040
32040
32040
32040
32040
32040
32040
32040
32040
18993
18993
18993
18993
18993
18993
18993
18993
18993
18993
18993
18993
18993
18993
18993
18993
18993
18993
15154
15154
15154
15154
15154
15154
15154
15154
15154
15154
15154
15154
15154
