5134
1500000
998275
998275
998275
998275
998275
997038
997038
997038
997038
997038
997038
997038
997038
997038
997038
997038
997038
997038
997038
997038
997038
997038
997038
997038
994897
987044
987044
987044
987044
987044
987044
987044
987044
987044
987044
987044
987044
987044
987044
987044
987044
987044
987044
987044
987044
986650
986650
986650
986650
986650
986650
986650
986650
986650
986650
986650
986650
986650
986650
986650
986650
986650
986502
986502
986502
986502
986502
985970
985970
985970
985970
982415
982415
980292
980292
980292
980292
980292
980292
980292
980292
980292
980292
980292
980292
980292
980292
980292
980292
980292
980292
980292
978409
978409
978409
978409
978409
978409
978409
978409
978409
978409
978409
978409
976225
976225
976225
976225
976225
976225
976225
976225
976225
976225
976225
976225
976225
976225
976225
976225
976225
976225
976225
976225
975825
975825
975825
975825
975322
975322
975322
975322
975322
975322
975322
975322
975322
975322
975322
975322
975322
975322
974546
974546
971915
971915
971915
971915
971915
971915
971915
971915
971915
971915
971915
971915
971915
971915
971254
971254
971254
971254
971254
971254
971254
971254
971254
971254
971254
971254
970270
970270
970270
970270
970270
970270
970270
970270
970270
970270
970270
970270
970270
970270
956465
956465
953306
953306
953306
951798
951798
951798
951798
951798
951798
951798
951798
951798
951798
951798
951798
951798
951798
951798
949057
949057
949057
949057
949057
949057
949057
949057
949057
949057
949057
949057
949057
949057
949057
949057
948220
948220
948220
948220
948220
948220
948220
948220
948220
948220
948220
948220
948220
948220
948220
948220
948220
948220
948220
947230
947230
947230
947230
947230
947230
947230
947230
947230
947230
947230
945903
945903
945903
945903
945903
945903
945903
945903
945903
945903
945903
945903
945903
945903
944457
944457
944457
944457
944457
944457
944457
944457
944457
944457
944457
944457
944457
944457
944457
944457
944457
942507
942507
942507
942507
941033
941033
941033
941033
941033
941033
941033
941033
941033
941033
941033
941033
941033
941033
941033
941033
941033
941033
941033
938304
938304
938304
938304
936596
936596
936596
936596
936495
936495
936495
936495
936495
936495
936495
936495
936495
936495
936495
936495
936495
936495
929217
929217
929217
927348
927348
927348
927348
927348
927348
924926
924926
924926
924926
924926
924926
924926
924926
924926
924926
924926
924926
924926
924926
924926
916706
916706
916706
916706
916706
916706
916696
916696
916696
916696
916696
916696
916696
916696
916696
916696
916696
916696
916696
916696
916696
916696
916696
916696
916696
915624
915624
915624
915624
915624
915624
915409
915409
915409
915409
915409
915409
915409
915409
915409
915409
915409
915409
915409
915409
914197
907909
907909
907909
907909
907909
907909
907909
907909
907909
907909
907073
907073
907073
907073
907073
907073
907073
907073
907073
907073
907073
907073
907073
907073
907073
907073
906310
906310
906310
906310
906310
903496
903496
903496
903496
903496
903496
903496
903496
903496
903496
903496
903496
903496
903496
901423
901423
901423
901423
901423
901232
901232
901232
897530
897530
897530
897530
897530
897530
897530
897530
897530
897530
897530
897530
897530
897530
897530
895365
895365
895365
895365
895365
895365
895365
895365
895365
895365
895365
895365
895365
895365
895365
895365
895365
895365
895365
894799
894799
894799
894799
894799
894799
894799
894799
894799
894799
894799
894799
890184
890184
890184
890184
890184
888748
888748
888748
888748
888748
888748
888748
888748
888748
887310
887310
887310
887310
887310
887310
887310
887310
887310
887310
887310
887310
887310
887310
887310
887310
887310
885664
885664
885664
885664
885664
885664
885664
885664
885664
885664
885664
885664
885664
885664
880869
880869
880869
880869
880869
880869
880869
880869
880869
880869
880869
880869
880869
880869
880869
880869
880869
880869
880869
880869
879532
879532
873279
873279
873279
873279
873279
873279
873279
873279
873279
873279
873279
873279
871348
871348
871348
871348
871348
871348
871348
871348
871348
871348
871348
871348
871348
871348
870560
870560
870560
870560
870560
870560
870560
870560
870560
870560
870560
870560
868870
868870
868870
868870
868870
868870
868870
868870
868870
868870
868870
868870
862521
862521
862521
862521
862521
862521
862521
862521
862521
862521
862521
862521
862521
862521
862521
862521
862521
862521
862521
862521
860445
860445
860445
860445
860445
860445
860445
860445
860445
860115
860115
860115
860115
860115
860115
860115
860115
860115
860115
860115
860115
860115
860115
860115
860115
860115
860115
855534
855534
855534
855408
855408
855408
855408
855408
855408
855408
855408
855408
855408
855408
855408
855408
855408
855408
855408
855408
855408
855408
854970
854970
854970
854970
854970
854970
854970
854970
854970
854970
854970
854970
854970
854418
854418
854418
854418
854418
854418
854418
854418
854418
854418
854418
854418
854418
847386
847386
847386
847386
847386
847386
847386
847386
847386
847386
847386
847386
847386
847386
847386
847386
847386
847386
846856
846856
846856
846526
846526
846526
846526
846526
846526
846526
846526
846526
846526
846526
846526
846526
846526
845435
845435
845435
845435
845435
845435
845435
845435
845435
845435
845435
845435
845435
845435
845435
845435
845435
845435
844493
844493
844493
844493
844493
844493
843642
843642
843642
843642
843642
843642
843642
843642
843642
843642
843642
843642
843642
843642
843642
843225
842369
842369
842369
842369
842369
842369
842369
841575
841575
841571
841571
841571
841571
841571
841571
841571
841071
841071
841071
841071
841071
841071
835900
835900
835900
835900
835900
835900
835900
835900
835900
835900
835900
835900
835900
835900
835900
835900
835900
835438
835438
835438
835438
835438
835438
835438
835438
835438
835438
835438
835438
835438
835438
835438
835438
835438
834427
834427
834427
834427
832768
832768
832768
832768
832768
832768
832768
832768
832768
832768
832768
832768
832768
832768
825941
825941
825941
825941
825941
825941
825941
825941
824887
824887
824887
824887
824841
821071
821071
821071
821071
821071
821071
821071
821071
821071
821071
821071
820238
820238
820238
820238
820238
820091
820091
820091
820091
820091
820091
820091
820091
820091
820091
820091
816067
816067
816067
816067
816067
816067
816067
816067
816067
816067
816067
816067
816067
816067
815656
815656
815656
815656
815656
815656
815656
815656
815656
815656
815656
815656
815656
815656
815656
815656
815656
811604
811604
811604
811604
811604
811604
811604
811604
811604
811604
811604
806110
806110
806110
806110
806110
806110
806110
806110
806110
806110
797647
797647
797647
797647
797647
797647
797647
797647
797555
797555
797555
797555
797555
797555
797555
797555
797555
796826
796826
796826
796826
796826
796826
796826
796826
796826
796826
796826
796826
796826
796826
796826
796491
796491
796491
796491
796491
796491
796491
796491
796491
796491
796491
796491
796491
796491
796491
796491
796491
796491
796491
794224
794224
794224
794224
794224
794224
794224
792493
792493
792493
792493
792493
792493
792493
792493
792493
792493
792299
792299
792299
792299
792299
792299
792299
790066
790066
788507
787302
787302
787302
786232
786232
785619
785619
785619
785619
785619
785619
785619
785619
785619
785619
785619
785619
785619
780337
780337
775010
775010
775010
775010
772450
772450
772450
772450
772096
772096
772096
772096
772096
772096
772096
772096
772096
772096
770526
770526
770526
770526
770526
770526
770526
770526
770526
770526
770526
770526
770526
768886
766723
766723
766723
766723
766723
766723
766723
766723
766723
766723
766723
764586
764586
764586
764586
764586
764586
764586
764586
764586
764586
764586
764586
764586
764586
764586
764586
761332
761332
761332
761332
761332
761332
761332
761332
761332
761332
759002
759002
759002
759002
759002
759002
759002
759002
759002
759002
759002
759002
759002
759002
759002
759002
759002
759002
759002
759002
757561
757561
757561
757561
757561
757561
757561
757561
757561
757561
757561
757561
756891
756891
756891
756891
748985
748985
748817
748817
748817
748817
748817
748817
748817
741538
741538
741538
741538
741538
741538
741538
741538
741538
741538
741538
741538
741442
741442
741442
741442
741442
741442
741442
741442
741442
741442
741442
741442
741442
741442
741442
741442
741442
739482
739482
739482
739482
739482
739482
739482
739482
739482
739482
739482
739482
739482
739482
739482
739482
739482
739482
739482
739482
738840
738840
738840
738840
738840
738840
738840
738232
738232
738232
738232
738232
738232
738232
738232
733938
733938
733938
733938
733938
733938
733938
733938
733938
729649
729649
729649
729649
729649
729649
729649
728578
728578
727195
727195
727195
727195
727195
727195
727195
727195
727195
726950
726950
726950
726950
726950
726950
726950
726950
726836
726505
726505
723670
723670
723670
723670
723670
723670
723670
723670
723670
723670
723670
723670
723670
723670
723670
723670
723670
723270
723270
723270
723270
723270
723270
723270
723270
723270
723270
723270
723270
723270
723270
723270
723270
723270
723270
723270
721301
721301
721301
721301
721301
721301
721301
721301
721301
721301
721301
721301
720899
720899
720899
720899
720899
719820
719820
719820
719355
719355
719355
719355
719355
719355
719355
719355
719355
719355
719355
719355
719355
719355
719355
719355
719355
719355
719355
719355
718300
718300
718300
718300
718300
718300
718300
718300
718300
718300
718300
718300
718300
718300
718300
718300
716467
716467
716467
716467
716467
716467
716340
716340
716340
716340
716340
716340
716340
716340
716340
716340
716340
716340
716340
716340
716340
716340
716340
716340
716340
716340
714923
714923
714923
714923
714123
714123
714123
714123
714123
714123
714123
714123
714123
714123
714123
713983
713983
713983
713983
713983
713983
713983
713983
713983
713314
713314
713314
710918
710918
710918
710918
710918
710918
710918
710918
710918
710918
710918
710918
710918
710918
710918
710918
710918
710445
710445
710445
710445
710445
710445
710445
710445
710445
710445
710445
710445
710445
710445
710445
710445
710445
710445
710445
709470
709470
709470
709470
709470
709470
709470
709470
709470
709470
709470
709470
709470
709470
709470
709470
709470
709470
709470
707998
707998
707998
707998
707998
707998
707998
707998
707998
707998
707624
707624
707624
707624
707624
707624
707624
707624
707624
707624
707624
707624
707624
707624
707624
707624
707624
707624
707624
707624
705307
705307
705307
705307
705307
705307
705307
705307
705307
701301
701301
698059
698059
698059
698059
698059
698059
698059
698059
698059
698059
698059
698059
698059
698059
692602
692602
692602
692602
692602
692602
692602
692602
692602
692145
692145
692145
692145
692145
692145
692145
690477
690477
690477
690477
690477
690477
690477
690477
690477
690477
690477
690477
690477
690477
690477
690477
690477
689749
689565
689565
689565
689565
689565
689565
689565
689565
689565
689565
687571
687571
687571
687571
687093
687093
687093
687093
687093
687093
687093
687093
687093
687093
687093
687093
687087
687087
681916
681916
681916
681916
681916
681916
681916
681916
681916
681916
681916
681916
681252
681252
681252
681252
679239
679239
679239
679239
679239
679239
679239
679239
679239
679239
679239
679239
679239
679165
679165
679165
679165
679165
679165
679165
679165
679165
679165
679165
679165
679165
679165
677581
677581
677581
677581
677581
677581
677581
677581
677581
677581
677581
677581
677581
675919
675919
675919
675919
675919
675919
675919
673362
673362
673362
673362
673362
673362
673362
673362
673362
673362
673362
673362
673362
673362
673362
673362
673362
672953
672953
672953
672953
672953
672953
672953
672953
672953
672953
672953
672953
672953
672953
672953
672953
672953
672953
672953
672953
670216
670216
670216
670216
670216
670216
670216
670216
670216
670216
666629
666629
666629
666629
666629
666629
666629
666629
666629
666629
666629
666629
666035
666035
666035
665408
665408
665408
665408
665408
665408
665408
665408
665408
665408
665408
665408
665408
665408
665408
658516
658516
658516
658516
657765
657765
657765
657765
657765
657765
657765
657765
657765
657765
657765
657765
657765
657765
657765
657406
657406
657406
657406
657406
657406
657406
657406
657406
657406
657406
657406
657406
656185
656185
656185
656185
656185
656185
656185
656185
656185
656185
656185
654057
654057
654057
654057
654057
654057
654057
654057
654057
654057
653768
653768
653768
653768
653768
653768
653768
653768
653768
653768
648583
648583
648583
648583
648348
648348
648348
648348
648348
648348
648348
648348
648348
648348
648348
648348
648348
648348
648348
641127
639097
639097
639097
639097
639097
639097
639097
639084
639084
639084
639084
638538
638538
638093
638093
638093
638093
638093
638093
638093
638093
638093
638093
638093
638093
636797
636797
636797
636797
636797
636797
636797
636797
636797
636797
636797
636797
636797
636797
636797
636401
636401
636401
636401
636401
636401
636401
636401
634501
634501
634501
634501
634501
634501
634501
634501
633966
633966
633966
633966
633966
633966
633966
633966
633966
633966
633966
633966
633966
633966
633966
633966
633966
633966
633966
633966
631530
631530
631530
631530
631530
631530
631530
631530
631530
630202
630202
630202
630202
630202
630202
630202
630202
630202
630202
630202
630202
627500
627500
627500
627500
627500
627500
627500
627500
627500
627500
627500
627500
627500
627500
627500
627229
627229
627229
627229
627229
627229
627229
627229
627229
627229
627229
627229
626951
626951
626322
626322
626322
626322
626322
626322
626322
626322
626322
626322
626322
626322
626322
626322
626322
626322
626322
623699
622786
622786
622786
622786
622786
622615
622615
622615
621619
621619
621619
621619
621619
621619
621619
621619
621619
621619
621619
621619
621619
621619
617954
615550
615550
615550
615550
615550
615550
615550
615550
615550
615550
615550
615550
615550
615550
615550
615550
615550
615550
615550
615550
614975
614975
614975
614975
614975
614975
614975
614975
614975
614975
614975
614975
614975
614975
614975
614975
614975
612294
612294
612294
612294
612294
612294
612294
612294
612294
612294
612294
612294
612294
612294
612294
612294
612294
612294
611007
611007
611007
611007
611007
611007
608662
608662
608662
608662
608662
605241
605241
605241
605241
605241
605241
605241
602664
602664
602664
602664
602664
602664
602664
602664
602664
602664
602664
602664
602664
602664
602664
602664
602664
602664
602536
602536
602536
602536
602536
602536
602536
602536
602536
602536
602536
602536
602536
602536
602536
594036
594036
594036
594036
592917
592917
592917
592917
592917
592917
592917
592917
592917
592917
592917
592917
590408
587788
587788
587788
587788
587788
587788
587788
587788
587788
587788
587788
583107
580508
580508
580508
580508
580508
580508
580508
580508
580508
580508
580508
578567
578567
578567
578567
578567
578567
578567
578567
578567
578567
578567
578567
578567
578567
578567
578567
578567
578567
578567
575533
575533
575533
575533
575533
575533
575533
575533
575533
575533
575533
575533
575533
575533
575533
575533
575533
574448
574448
574448
574448
574448
574448
574448
574448
574448
574448
574448
574448
574448
574448
574448
574448
574448
574422
574422
574422
574422
574422
574422
574422
574422
574422
574422
574422
574422
574422
574422
574422
566065
566065
566065
566065
565892
565892
565892
565892
565892
565892
565892
565892
565892
565892
565892
565892
565892
565892
556038
556038
556038
556038
556038
555749
555749
555749
555749
555749
555749
555749
555749
555749
555749
555749
555749
555749
555749
555749
555749
555749
554609
554609
554609
554609
554609
554609
554609
554609
554609
554609
554609
554609
554609
554609
552154
552154
552154
552154
551952
551952
551952
551952
551952
551952
551952
551952
551952
551952
551952
551952
551952
551952
551952
551952
551952
551952
551952
551952
551742
551742
551742
551742
551742
551742
551742
551742
551742
551742
551742
551742
551742
551742
551742
551742
551742
551742
551629
551629
551629
551629
551629
551629
551629
551629
551629
551629
551629
551629
550487
550487
550487
550487
550487
550487
550487
549421
549421
549421
549421
549421
548682
548682
548682
548682
548682
548682
548682
548682
548682
548682
547695
547695
547695
547695
547695
547695
547695
547695
547695
547695
547695
547695
547284
547284
547284
547284
547284
547284
547284
547284
547284
542287
542287
542287
542287
542287
542287
542287
542287
542287
542287
542287
542287
539748
539748
539450
539450
539450
539450
539450
539450
539450
538640
538640
538640
538640
538640
538640
538640
538640
538640
538640
538640
538640
538640
538640
538640
535735
535735
534890
534890
534890
534890
534890
534890
534890
534890
534890
534890
534890
534890
534890
534890
534890
534890
534890
534890
534890
534890
533271
533271
533271
533271
533271
533271
533271
533271
533271
533271
533271
533271
533271
533271
533271
533271
533271
533271
533271
533271
531574
531574
531574
531574
531574
531574
531574
531574
531574
527204
527204
527204
527204
527204
527204
527198
527198
527198
527198
527198
527198
527198
527198
527198
527198
527198
527198
523453
523453
523453
523453
523453
523453
523453
523453
523453
523453
523453
523453
523453
523453
523453
523453
523453
523453
523453
523453
523080
523080
523080
523080
523080
523080
523080
523080
523080
523080
523080
523080
520768
520768
520768
520768
520768
520768
520768
520768
520768
520768
520476
520173
520173
520173
520173
520173
517470
517470
517470
517470
517470
517470
517470
517224
517224
517224
517224
517224
517224
517224
517224
517224
517224
517224
517224
517224
517224
517224
517224
517224
517224
517224
516687
516687
516687
516687
516687
516687
516687
516687
516687
516687
516687
516687
516687
516391
516391
516391
516391
515902
515902
515902
515902
515902
515902
508925
508925
508925
508925
508925
508925
508925
508925
508925
508442
508442
508442
508442
508442
508442
508442
508442
508442
508442
508442
508442
508442
508442
508442
508442
508442
508442
508180
508180
508180
508180
505098
505098
505098
505098
505098
505098
505098
505098
505098
501047
501047
501047
501047
501047
501047
501047
501047
501047
501047
501047
501047
501047
501047
501047
496005
496005
496005
496005
496005
496005
496005
496005
496005
496005
496005
491412
491412
491386
491386
491386
491386
491386
491386
491386
491386
491386
491386
491386
491386
491386
491386
491386
491386
491386
491386
491386
490389
490389
490389
490389
490389
490389
490389
490389
490389
490389
490389
490389
490389
490389
490389
490389
490389
490389
490389
488977
488977
488977
488977
488977
488977
488977
488977
488977
488977
488977
488977
488977
488977
486958
486958
486958
486958
486958
486958
486958
486958
486513
486513
486513
486513
486513
486513
486513
486513
486513
486513
486513
486513
486513
486513
486513
486513
486513
486513
486513
484657
484657
484657
484657
484657
484657
484657
484657
484657
484657
484657
484657
484657
484657
484657
478332
478332
478332
478332
478332
478332
475586
475586
475586
475586
475586
475586
475586
475586
475586
475586
475586
475586
475586
475586
475586
475586
475586
475384
475384
475384
475384
475384
475384
475384
475384
475384
475384
475384
468152
468152
468152
468152
468152
463357
463357
463357
463357
463357
463357
463357
463357
463357
463357
463357
463357
463357
463357
463357
463357
463357
458403
457999
457999
457999
457999
457999
457999
457999
457999
457999
457999
457999
457999
457999
457999
457999
457999
457999
457999
457423
457423
457423
457423
457423
457423
457423
457423
457423
457423
457423
457423
457423
457423
456303
456303
456303
456303
456303
456303
456303
456303
456303
456303
456303
456303
456303
456303
456303
456303
456303
456303
455813
455813
455813
455813
455813
455813
455813
455813
455813
455813
455813
454158
454158
454158
454158
454158
454158
454158
454158
454158
454158
454158
454158
454158
454158
454158
454158
454158
454158
453167
453167
453167
453167
453167
453167
453167
453167
453167
453167
453167
453167
453167
453167
453167
453167
453167
453167
452817
452817
452817
452817
452817
452817
452817
452817
452817
452817
452817
452817
452817
452817
452817
452817
451044
451044
451044
451044
451044
451044
451044
451044
451044
451044
451044
451044
451044
451044
451044
448279
448279
448279
448279
448279
448279
448279
448279
448279
448279
442148
442148
442148
442148
442148
442148
442148
442148
442148
442148
442148
442148
442148
442148
442148
442148
442148
442148
442148
442148
439032
439032
439032
439032
439032
439032
439032
439032
439032
439032
439032
439032
439032
439032
439032
439032
439032
439032
433832
433832
433832
433832
433832
433832
433832
433832
433832
433832
433832
433832
433832
433832
433832
432966
432966
432966
432966
432966
432966
432966
428644
428644
428506
428506
428506
428107
428107
428107
428107
428107
428107
428107
428107
428107
428107
428107
428107
428107
428107
428107
428107
428107
428107
425199
425199
425199
425199
425199
425199
425199
425199
425199
425199
425199
425199
425199
425199
425199
425199
425199
425199
425199
425199
423117
423117
423117
423117
423117
423117
423117
423117
423117
423117
422909
422909
422909
422909
422909
422909
422909
422909
422909
422909
422909
422909
422909
422909
422909
422909
422909
422909
422762
422762
422762
422762
422762
417431
417431
417431
417431
417431
416470
416470
416470
416470
416470
416470
416470
416470
416470
416470
416470
416470
416470
416470
416470
416470
416470
414840
414060
414060
414060
414060
414060
414060
414060
410316
410316
410316
410316
410316
408454
408454
408454
406537
406537
406537
406537
406537
406537
406537
406537
406537
406537
406537
406537
406537
406537
406537
406537
406537
406537
405024
405024
405024
405024
405024
405024
405024
405024
405024
405024
405024
405024
405024
402411
402411
402411
402411
402411
402411
402411
402411
402411
402411
402411
402411
402411
399912
399215
399215
399215
399215
399215
399215
399215
399215
399215
399215
399215
399215
396468
396468
396468
396468
396468
395878
395878
395605
395605
395605
395605
395605
395605
394821
394821
394821
394821
394821
394821
394821
394745
394745
394745
394745
394745
394745
394745
394615
394615
394615
394615
394615
394615
393006
393006
393006
391069
391069
391069
391069
391069
391069
391069
391069
389372
389372
389372
389372
389372
389372
389372
389372
385937
385937
381946
381946
381946
381946
381946
381946
381946
381946
381946
381946
381946
381946
381946
381946
381946
381946
378260
378260
378260
378260
378260
378260
378260
378260
378260
378260
378260
375946
375946
373571
373571
373571
373571
373571
373571
373571
373571
373571
373571
373571
373571
373571
373571
373571
373571
373571
369408
369408
369408
369408
369408
369408
369408
369408
369408
369408
369408
369408
369408
369408
369408
369408
369408
369408
369408
369408
367803
367803
367803
367803
367803
367803
367803
367803
367803
367803
367803
367803
367803
367803
367803
367803
367803
367803
367803
367803
366587
366587
366587
366587
366587
366587
366587
366587
366587
366587
366587
366587
366587
366587
366587
366587
366587
366587
366542
366542
366542
366542
366542
366542
366542
366542
366542
366542
366542
366542
366542
366542
366542
366542
366542
366542
365884
365884
365884
365884
365884
365884
365884
365884
365884
365884
365884
364617
364617
364617
364617
364617
364617
364617
364617
364617
364617
364617
364617
364617
364617
364617
364617
364617
363162
363162
363162
363162
363162
363162
363162
363136
360479
360479
360479
360479
360479
359701
359701
359701
359701
359701
359701
359701
359701
359701
359701
359644
359644
359644
359644
359644
359644
359644
359644
359644
359644
359644
358563
358563
358563
358563
358563
358563
358563
358563
358563
358563
358563
358563
358563
358563
358563
358563
358563
358563
358563
355945
355945
355945
355945
355945
355945
355945
355945
355945
355945
352494
352494
352494
352494
352494
352494
352494
352494
352494
352494
352494
352494
352494
352494
352494
352494
352494
352311
351532
351532
351532
351532
351532
351532
351532
351532
351532
351532
351532
351532
351532
351532
351532
351532
351532
351455
351455
351455
351455
351455
351455
351455
351455
351455
351455
351455
351455
351455
351455
351455
351455
351455
350739
350739
350739
350739
350739
350739
350739
350739
350739
350739
350739
350739
350739
347266
346304
346304
346304
346304
346304
346304
346304
346304
346304
346304
343234
342498
342498
342498
342498
342498
342357
342357
342357
342357
342357
342357
342357
342357
342357
342357
342313
342313
342313
342313
342313
342313
334675
334675
334675
334675
334675
334655
334655
334655
334655
334655
334655
334655
334655
334655
334655
334655
334655
334655
334655
334655
334655
334655
334655
334039
334039
334039
334039
334039
334039
334039
332098
332098
332098
332098
332098
332098
332098
328912
328912
328912
328912
328912
328912
328912
328912
328912
328912
328912
328912
328912
328912
328912
328912
328912
328912
323798
323798
323798
323798
323798
323798
323798
323798
323798
323798
323798
323798
323798
323798
323798
323798
323798
319020
319020
319020
319020
319020
319020
319020
319020
319020
319020
319020
318499
318499
318499
318499
318499
318499
318499
318499
318499
318499
318499
318499
318499
318499
318499
318499
318499
318499
318499
313393
313393
313393
313393
313393
313393
312824
312824
312824
312824
312824
312824
312824
312824
312824
312824
312824
312824
312824
312824
312824
312824
312824
312824
312279
312279
312279
312279
312279
312279
312279
312279
312279
312279
312279
312279
312279
312279
309569
309569
309569
309569
309569
309569
309569
309569
309569
309569
309569
307468
307468
307468
307468
307468
307468
307468
307468
307468
307468
307468
306906
306906
306906
306906
306906
306906
306906
306906
306575
306575
306575
306575
306575
306575
306575
306575
306575
306575
306575
306575
306575
306575
306575
306575
306575
299494
299494
299494
299494
299494
299494
299494
299494
299494
299494
299494
299494
299494
299494
299494
299480
299480
299480
299480
299480
299480
297279
297279
297279
297279
297279
294396
294396
294396
294396
294396
294396
294396
294396
294396
294396
294396
294396
294396
294396
294396
294396
294396
294396
294396
294396
292672
292672
292672
292672
292672
292672
292672
291734
291734
291734
291734
291734
291734
291734
291734
291734
290232
290232
290232
290232
290232
290232
290232
290232
290232
290232
290232
290232
290232
290232
290232
284051
284051
284051
284051
284051
284051
283143
282723
282723
282723
282723
282723
282723
282723
282723
282723
282723
282723
282723
282723
282723
282723
282723
282723
280746
280746
280746
280746
280746
280746
280746
280746
280746
280746
280746
280746
280746
280746
280746
280382
280382
280382
280382
280382
280382
280382
280382
280382
280382
280120
280120
280120
279753
279753
279753
279753
279753
279753
279753
278217
278217
278217
278217
278217
278217
278217
278217
278217
276883
276883
276883
276883
276883
276883
276883
276883
276883
276263
276263
275428
275428
275428
275428
275428
275428
275428
275428
275428
275428
270200
270200
270200
270200
270200
270200
270200
270200
270200
270200
270200
270200
270200
270200
270200
270200
269267
269267
269267
269267
269267
269267
269267
269267
269267
269267
269267
269267
263173
263173
263173
263173
263173
261440
261440
257663
257663
257663
257663
257663
257663
257663
257663
257663
257663
257663
257663
257663
257663
254688
254688
254688
254688
254688
254688
254688
250734
250734
250734
250734
250734
250734
250734
250734
250734
250734
250734
250734
246747
246747
246747
246747
246747
246747
246747
246747
246747
246747
244506
244506
244506
244506
244506
244506
244506
240971
240971
240971
240565
240565
240565
240565
240565
240565
240565
240565
240565
240565
240565
240565
240565
240565
240565
240565
240565
239537
239537
239537
239537
239537
239537
239537
239537
236360
236360
236360
236360
236360
236360
236360
236360
236360
236360
236360
236360
236360
236360
236360
236360
236238
236238
236238
236238
236238
236238
236238
236238
236238
234473
234473
234473
234473
234473
234473
234473
234473
234473
234473
234473
234473
234473
234473
234473
233906
233906
233906
233906
233906
233906
233906
233906
233906
233906
233906
232199
232199
232199
232199
232199
232199
232199
232199
231810
231810
231810
231810
230517
230517
230517
230517
230517
230517
230517
229672
229672
229672
229672
229672
228554
228554
228554
228554
228554
228554
228554
228554
228554
228554
228554
228554
228554
228554
228554
228554
228554
228554
228554
226891
226891
226891
224042
224042
224042
224042
224042
224042
224042
222440
222440
222440
222440
222440
222440
222440
222440
222440
221831
221831
221831
221831
221831
221831
221831
221831
221831
221831
221831
221831
221831
221831
221831
221831
220277
220277
220277
220277
220277
220277
220277
220277
220277
220277
220277
218609
218609
218343
218343
216156
216156
214756
214756
214756
214756
212518
212518
212518
212518
212518
212518
212518
212518
212518
212518
212518
212518
210548
210548
209484
209484
209484
209484
208886
208886
208886
208886
208886
208886
208886
208886
208886
207622
207622
207622
207622
207622
204388
204388
204388
203208
203208
203208
203208
203208
203208
203208
203208
203003
203003
203003
203003
203003
203003
203003
203003
203003
203003
200960
200960
200960
200960
200960
200960
200960
200960
200960
200960
200960
200960
200960
200960
200960
200960
196918
196918
196918
196918
196918
196918
196918
196918
196918
196918
196918
196918
196918
196918
196918
196918
196918
196918
196918
196918
196483
196483
196483
196483
196483
196483
196483
196483
196483
196483
196483
196483
196483
193907
193907
193907
193907
193907
193907
193907
193907
193907
193907
193907
193907
193907
193490
193490
193490
193490
193490
193490
193490
192159
192159
192159
192159
192159
192159
192159
192159
192159
192159
192159
192159
192159
192159
192159
192159
192159
192159
192159
192159
189990
189990
189990
189990
189990
189990
189990
189990
189990
189990
189990
189990
189990
189990
189990
189990
189990
189990
189990
189990
189162
189162
189162
189162
189162
189162
189162
189162
189162
189162
189162
189162
189162
189162
189162
189162
189162
189162
189162
189162
187835
187835
187835
187835
187835
187835
185852
185852
185852
185852
185852
185852
185852
185852
185852
182159
182159
182159
181595
181595
181595
181595
181595
181595
181595
181595
181595
181595
181595
181595
181595
181595
180992
180992
180992
180992
180992
180992
180992
180992
180992
180992
180992
180992
180992
180992
180992
180992
180992
180992
180992
180562
180562
180562
180562
180562
180562
180562
180562
180562
180562
180562
180562
180562
180562
180562
180562
180562
180562
180562
176923
176923
176923
176923
176923
176923
176923
176923
176753
176753
176753
176753
176753
176753
176753
176753
176753
176753
176753
176753
176753
176478
176478
175608
175608
171511
171511
171511
166331
166331
166331
166331
166331
166331
166072
166072
166072
166072
166072
166072
166072
166072
166072
163612
163612
163612
163612
163612
163612
163612
163612
163612
163612
163612
161426
161426
158178
158178
158178
158178
158178
158178
158178
158178
158178
158178
158178
155929
155929
155929
155929
155929
155929
155929
155929
155929
151553
151553
151553
151553
151553
151553
151553
151553
151553
151553
149419
149419
149419
149419
149419
149419
149419
149419
149419
149419
149419
149419
140418
140418
140418
140418
140418
140418
140418
140418
140418
140418
140418
140418
140418
140418
140418
140418
140218
140218
140218
140218
140218
140218
140218
140218
140218
140218
140218
140218
140218
140218
140218
140218
140218
140218
138844
138844
138844
138412
137642
137642
137642
137642
137642
137642
137642
137642
137642
137642
137642
137642
137642
137642
137642
137642
137642
137642
137408
137408
137408
137408
137408
137408
137408
137408
137408
137408
137408
137408
137408
137408
137408
135293
135293
135293
135293
135293
135293
135293
135293
135293
135293
135293
135293
135293
135293
135293
135293
135293
135293
135221
135221
135221
135221
135221
135221
135221
135221
135221
135221
135221
135221
135221
135221
135221
135221
134724
126863
126863
126863
126863
126863
126863
126525
126525
126255
126255
126255
126255
126255
126255
126255
126255
126255
126255
121779
121779
121779
121779
121779
121779
121045
120170
120170
120170
117715
117715
117715
117715
117715
117715
117715
117715
117715
117715
117715
117715
117715
117715
117715
117715
117715
116154
116154
115970
115970
115970
115970
115970
115970
115970
115970
115063
115063
115063
115063
115063
115063
115063
115063
115063
115063
115063
115063
115063
115063
115063
115020
115020
115020
115020
115020
115020
115020
115020
115020
115020
115020
115020
115020
115020
115020
115020
115020
115020
115020
115020
114268
114268
112948
112948
112948
112948
112948
112948
112948
112948
112948
112948
112948
112948
112948
112948
99776
99776
98461
98461
98461
98461
98461
98461
96985
96985
96985
96985
96985
96985
96985
96985
96985
96985
96985
96985
96985
96985
96985
96985
95310
95310
95310
95294
94266
94266
94266
94266
94266
94266
94266
94266
94266
94266
94266
94266
94266
94266
93557
93557
93557
93557
93557
93557
93557
93557
93557
93557
93557
93557
93557
93557
93557
93557
93557
93557
93557
93557
87951
87951
87951
86399
86399
86399
86399
86399
86399
86399
86399
86399
86399
86399
86399
86399
86399
86399
86399
86399
86399
86399
84281
84281
83160
83160
83160
83160
83160
83160
83160
83160
83160
83160
83160
83160
83160
79830
79830
79830
79830
79830
79830
79830
79830
79830
79830
79830
75538
75538
75538
75538
75538
75538
75538
75538
75538
75538
75538
75538
75538
75538
72915
72915
72915
72915
72915
72915
72915
72915
72915
72915
72915
72915
72915
72915
72915
72915
72915
72363
72363
72363
72363
72363
72363
72363
72363
72363
72363
72363
72363
72363
71466
71466
71466
71466
71466
71466
71466
71466
71466
71466
71466
71466
71466
69393
69393
69393
69393
69393
69393
69393
68499
68499
68499
68499
68499
66278
66278
66278
66278
66278
66278
66278
66278
66278
66278
66278
66278
66278
66278
66278
66278
66278
66278
66278
66278
63250
63250
63250
62458
62458
62458
62458
62458
62458
62458
62458
62458
62458
62458
62458
62458
62458
62458
56029
56029
56029
56029
56029
56029
56029
56029
56029
56029
56029
56029
56029
56029
56029
55699
55699
55699
55699
55699
55699
55699
55699
55699
55699
55699
55699
55699
55699
55699
54261
54261
54261
54261
54261
54261
54261
54261
53975
53975
53975
53975
53975
53975
53975
53975
53975
53975
53975
53975
53975
53975
53975
53975
53975
46991
46991
46991
46991
46991
46991
46991
46991
46991
46991
46991
46991
46991
44267
44267
44267
44267
44267
44267
44267
44267
44267
44267
44267
44267
44267
44267
44267
44267
44267
44267
44267
44162
44162
44162
44162
43234
43234
43234
41111
41111
41111
41111
41111
41111
41111
41111
41111
41111
41111
41111
41111
41111
41111
41111
41111
41111
41111
41111
39614
39614
39614
39614
39614
39614
39614
39614
39614
39614
39614
39614
39614
39614
39614
39614
35213
35213
35213
35213
35213
35213
35213
35213
35213
35213
35213
33515
33515
33515
33515
33515
33515
33515
33515
33515
33515
31220
31220
31220
31220
31220
31105
31105
31105
31105
29145
29145
24277
24277
24277
24277
24277
24277
24277
19274
19274
19274
19274
19274
19274
19274
19274
19274
19274
19274
19274
19274
18535
18535
18535
18535
18535
18535
18535
18535
18535
18535
18535
18535
18535
18535
18535
18535
18535
18105
18105
18105
18105
18105
18105
18105
18105
17366
15880
15880
15880
15880
15880
15880
15880
15880
15880
15880
15880
15880
15880
15880
15880
15880
15880
15880
15880
14589
14589
14589
14589
13425
13425
13425
13425
13425
13425
13425
13425
13425
13425
13425
13425
13425
13425
13425
13425
13425
13425
13425
