2668
1500000
996635
996635
996635
996635
996635
996635
996635
996635
996635
996635
996635
996635
996635
996635
996635
995221
995221
995221
995221
995221
995221
995221
995221
995221
995221
992542
992542
992542
992542
992542
992542
992542
992542
992542
992542
992542
992542
992542
992542
992542
992542
992542
992542
992103
992103
992103
992103
992103
992103
992103
992103
992103
992103
992103
992103
992103
992103
987776
987776
987776
987776
987776
987776
987776
987776
987776
987776
987776
987776
987776
987776
987776
987776
987776
987776
983431
983431
983431
983431
983431
983431
983431
983431
983431
983431
983431
983122
983122
983122
983122
983122
978088
978088
978088
978088
978088
978088
978088
978088
975236
975236
975236
975236
975236
973058
973058
973058
973058
973058
973058
973058
973058
973058
973058
973058
973058
973058
973058
973058
973058
973058
964732
964732
964732
964732
964732
964732
964732
964732
964732
964732
964732
964732
964732
956522
956522
956522
956522
956522
956522
956522
956522
956522
951246
951246
951246
951246
951246
946630
946630
946630
946630
946630
946630
946630
946630
946630
946630
946630
946630
946033
946033
946033
946033
946033
946033
946033
946033
946033
946033
946033
946033
946033
946033
946033
946033
946033
943061
943061
943061
943061
943061
943061
943061
943061
943061
943061
941352
941352
941352
941352
941352
941352
941352
941352
941352
941352
941352
941352
941352
936807
936807
936807
936807
936807
936807
936807
936807
936807
936807
936807
935185
935185
935185
935185
935185
935185
935185
935185
935185
935185
935185
935185
935185
935185
931026
931026
931026
931026
931026
931026
931026
931026
924273
924273
924273
924273
924273
924273
924273
924273
924273
921172
921172
921172
921172
921172
921172
921172
921172
921172
921172
921172
921172
921172
921172
921172
921172
921172
921172
916510
916510
916510
916510
916510
916510
916510
916510
916510
916510
916510
916510
916510
916013
916013
916013
916013
916013
916013
916013
916013
916013
916013
916013
916013
916013
916013
916013
916013
916013
916013
916013
916013
912827
912827
912827
912827
912827
912827
912827
912827
912827
912827
912827
912827
912827
912827
912827
912827
912827
907911
907911
899726
899726
899726
899726
899726
899726
899726
899726
899726
898333
898333
898333
898333
898333
898333
898333
898333
898333
898333
898333
898333
898333
897841
897841
897841
897841
897841
897841
897841
897841
897841
897841
897841
897841
897841
897841
897548
897548
897548
897548
897548
897548
897548
897548
897548
897548
897548
897548
897548
897548
897548
896806
896806
896806
896806
896806
896806
896806
896806
896806
891911
891911
891911
891911
891911
891911
891911
891911
891911
891911
891911
891911
891911
891911
891911
891911
891911
891271
891271
891271
891271
891271
891271
891271
891271
891271
891271
891271
891271
880990
880990
880990
880990
880990
880990
880990
880990
880990
880990
880990
880578
880578
880578
880359
880359
880359
880359
880359
880359
880359
880359
880359
880359
880359
880359
880359
880359
880278
880278
880278
880278
880278
880278
880278
880278
880278
880278
880278
880278
880278
880278
880278
880278
880278
880278
880006
875543
875543
875543
875543
875543
868900
868900
868900
868900
868900
868900
868900
868900
868900
868900
868900
868900
868900
868900
868900
868900
868900
867630
867630
867630
867630
867630
867630
867630
858255
858255
858255
858255
858255
858255
858255
858255
858255
858255
858255
858255
858255
858255
858255
858255
858255
856004
853113
853113
853113
853113
853113
853113
853113
853113
853113
853113
853113
853113
853113
853113
852391
852391
852391
852391
852391
852391
852391
852391
852391
852391
852391
852391
852391
852391
852391
847327
847327
847327
847327
847327
847327
847327
847327
847327
847327
847327
847327
847327
847327
847327
847327
847327
847327
845475
845475
844966
844966
844966
844966
844966
844966
844966
844966
844966
844966
844966
844966
844966
844966
844966
844966
844966
844966
844966
844966
842130
842130
842130
842130
842130
842130
842130
842129
842129
842129
842129
832135
832135
832135
832135
832135
832135
832135
832135
832135
832135
832135
832135
832135
831978
831978
831142
831142
831142
831142
831142
831142
831142
831142
831142
831142
825232
825232
825232
825232
825232
822701
822701
822701
822701
822701
822701
822701
822701
822701
822701
822701
822701
822701
822701
822701
817144
817144
817144
817144
817144
817144
817144
817144
817144
817144
817144
817144
817144
817144
816196
816196
816196
816196
816196
816196
809419
809419
809419
809419
809419
809419
809419
809419
809419
809419
809419
809419
809419
809419
809419
809419
809057
809057
809057
809057
809057
809057
809057
809057
809057
809057
809057
807981
807981
807981
807981
807981
807981
807981
807981
807981
807981
807981
807981
807981
807981
807981
807981
807981
807981
807981
791726
791726
791726
791726
791726
791726
791726
791726
791726
791726
791726
790872
790872
790872
790228
790228
790228
790228
790228
790228
790228
790228
790228
784352
784352
784352
784352
784352
784352
784352
782398
781661
781661
781661
781661
781661
781661
781661
781661
781661
781661
781661
781661
781661
781661
781473
781473
781473
781473
781473
781473
781473
781473
781473
781473
781473
781473
781473
781473
781473
778494
778494
778494
778494
778494
778494
778494
778494
778494
778494
778494
778494
778494
773940
773940
773940
773940
773940
773940
773940
773940
773940
773940
773940
773940
773940
773940
773940
773940
773940
773940
773940
773940
768938
768938
768938
768938
768938
768938
768938
768938
767669
767669
767669
767669
765483
765483
765483
765483
765483
765483
765483
765483
765483
765483
765483
765483
765483
765483
751587
751587
747597
747597
747597
747597
747597
747597
747597
747597
747597
747597
747597
747597
747597
747597
747597
747597
747597
747597
734371
734371
734371
734371
734371
732679
732679
732679
732679
727228
727228
727228
727228
727228
727228
703143
703143
703143
703143
703143
703143
703143
703143
703143
703143
703143
703143
703143
702850
702850
702850
702850
702850
702850
702850
702850
702850
702850
702850
702850
702850
702500
688292
688292
688292
688292
688292
688292
688292
685770
685770
685770
685770
685770
685770
685770
685770
676137
676137
676137
676137
676137
676137
676137
676137
676137
676137
676137
676137
672756
672756
672756
672756
672756
672756
672756
672756
672756
672756
672756
672756
659682
655296
655296
655296
655296
655296
655296
655296
655296
655296
655296
655296
653823
653823
653823
649690
649690
649690
649690
649690
649690
649690
649690
649690
649690
649690
649636
649636
649636
649636
649636
645099
645099
645099
645099
645001
645001
645001
645001
645001
645001
645001
645001
645001
645001
645001
645001
645001
645001
645001
645001
645001
645001
643354
643354
643354
643354
643354
643354
643354
643354
640000
640000
640000
640000
640000
640000
640000
640000
640000
640000
640000
640000
640000
640000
640000
640000
628750
628750
628750
628750
628750
628750
628750
628750
628750
628750
628750
628750
628750
628750
628750
628750
627209
627209
627209
627209
627209
627209
627209
627209
627209
627209
627209
627209
627209
627209
627209
623598
623598
623598
623598
623598
623598
623598
623598
623598
623598
623598
623598
623598
623598
623598
623598
623598
623598
623598
623598
622415
622415
622415
622415
622415
622415
622415
622415
622415
622415
622415
622415
622415
622415
622415
622415
622415
622415
622415
622415
617246
617246
617246
617246
617246
617246
617246
617246
611576
611576
611576
611576
611576
611576
611233
611233
611233
611233
611233
611233
611233
611233
611233
611233
611233
611233
611233
611233
611233
611233
611233
611233
611233
611127
611127
611127
611127
611127
611127
611127
611127
609885
609885
604998
604998
604998
604998
604998
596774
596774
596774
596774
596774
596774
596774
596774
596774
596774
596774
596774
596774
596774
596774
596774
596774
596774
595813
595813
595813
595813
595813
595813
595813
594076
594076
594076
594076
594076
594076
594076
594076
594076
594076
594076
594076
594076
594076
594076
593328
593328
593328
593328
593328
593328
593328
586905
586905
586905
586905
586905
586905
586905
586905
586905
586905
586905
586905
586905
586905
586905
586905
586905
586905
586905
586905
584843
584843
584843
584843
584843
582684
582684
582684
582684
582684
582684
582684
582684
582684
582684
582684
581417
581417
581417
581417
581417
581417
581417
581417
581417
581417
581417
581417
581417
581417
581417
581417
581340
581340
581340
581340
581340
581340
581340
581340
581340
581340
581340
581340
581340
581340
581340
578373
578373
578373
578373
578373
578373
578373
578373
578373
578373
578373
578373
578373
578373
578373
578373
578373
578373
578368
578368
578368
578368
578368
578368
578368
578368
578368
578368
578368
578368
578368
578368
578368
578368
578368
578368
578307
578307
578307
578307
578307
578307
578307
578307
578307
578307
578307
578307
578307
578128
578128
578128
578128
578128
578128
578128
578128
578128
578128
578128
578128
578128
578128
576110
576110
576110
576110
576110
576110
576110
576110
576110
576110
576110
576110
576110
576110
576110
568769
568769
568769
568769
568769
568769
562942
562942
562942
562942
562942
562942
562916
562916
562916
562916
562916
562916
562916
562916
562916
562916
562916
562916
562916
562916
562916
562916
562916
562916
562916
559586
559586
559586
559586
559586
559586
559586
559586
559586
557124
557124
557124
550245
550245
550245
550245
550245
550245
550245
550245
550245
550245
550245
545375
545375
545375
545375
545375
545375
545375
545375
545375
545375
545375
545375
542699
542699
542699
542699
542699
542699
542699
542699
542699
542699
542699
542699
542699
542699
542699
542699
542699
542699
542699
542699
542583
542583
542583
542583
542583
542583
542583
542583
542583
542583
542583
542583
542583
542583
542583
538098
538098
538098
538098
538098
538098
537534
537534
537534
537534
537534
537534
537534
537534
537534
537534
535317
535317
535317
535317
535317
535317
535317
535317
535317
528605
528605
528605
528605
528605
528605
528605
528605
528605
528605
528605
528605
528605
528605
528605
528605
528605
528605
526284
526284
526284
526284
526284
526284
526284
526284
526284
526284
526284
526284
526284
526284
526284
526284
526284
526284
525230
525230
525230
525230
525230
525230
525230
525230
525230
525230
525230
525230
525230
525230
525230
525230
525230
525230
525230
525230
519773
519773
519773
519773
519773
501582
501582
501582
495572
495572
495572
495572
495572
495572
495572
495572
495572
495572
495572
495572
495572
494314
494314
494314
494314
494314
494314
494314
494314
494314
494314
491519
491519
491519
491519
491519
491519
491519
491519
491519
491519
491519
491519
491519
491519
491519
491519
491519
491104
491104
491104
491104
491104
491104
486324
486324
486324
480191
480191
480191
480191
480191
480191
480191
480191
480191
480174
480174
480174
480174
480174
480174
480174
480174
480174
480174
480174
480174
480174
480174
480174
480174
479882
479882
479882
479882
479882
479882
479882
479882
479882
479882
479882
479882
479882
479882
479882
479882
479882
473524
473524
473524
473524
473524
467735
467735
467735
467735
467735
467735
467735
467735
467735
467735
467735
461390
461390
461390
461390
461390
461390
461390
461390
461390
461390
461390
461390
461390
461390
461390
455040
455040
455040
455040
455040
455040
455040
455040
455040
455040
455040
446033
446033
446033
446033
446033
446033
446033
446033
446033
446033
446033
446033
446033
446033
443810
443810
443810
443810
443810
443810
443810
443810
443810
443810
443810
442198
442198
442198
442198
442198
442198
442198
442198
442198
442198
442198
442198
442198
442198
442198
442198
427951
427951
427951
427951
427951
427951
427951
427951
427951
427951
427951
427951
427951
427951
427951
427951
427951
427951
427951
427951
424128
424128
424128
424128
424128
424128
424128
409839
409839
409839
409839
409839
409839
409839
409839
408425
408425
408425
408425
408425
408425
408425
408425
408425
408425
408425
408425
408425
408425
408425
408425
408425
408425
408425
408425
408046
408046
408046
408046
396369
396369
396369
396369
396369
396369
396369
396369
396369
396369
396369
396369
396369
396369
395740
395740
395740
395740
395740
395740
395740
395740
395740
395740
395740
395740
395740
395740
395740
395740
395740
395740
395740
395408
395408
395408
395408
395408
395408
395408
395408
395408
395408
395408
395408
395408
395348
395348
395348
395348
395348
395348
395348
395348
395348
395348
395348
395348
394129
394129
394129
394129
394129
394129
394129
394129
394129
394129
394129
394129
394129
394129
394129
391339
391339
391339
391339
386477
386477
386477
386477
386477
386477
386477
386477
386477
386477
386477
386477
386477
386477
386477
386477
386477
386477
385983
385983
385983
385983
385983
385983
385983
371078
371078
371078
369937
369937
369937
369937
369937
369937
369937
369937
369937
369937
369937
369937
369937
369937
365304
365304
365304
365304
365304
365304
364151
364151
364151
364151
364151
364151
364151
364151
364151
364151
364151
364151
364151
364151
364151
364151
356253
356253
356253
356253
356253
356253
356253
356253
356253
356253
356253
356253
347138
347138
347138
347138
347138
347138
347138
347138
347138
347138
347138
347138
347138
347138
347138
347138
347138
343960
343960
343960
343960
343960
343960
343960
343960
338562
338562
338562
337385
337385
337385
337385
337385
337385
337385
337385
337385
335444
335444
335444
332743
332743
332743
332743
332743
332743
332743
332743
332743
315758
315758
315758
315758
315758
315758
315758
315758
315758
315758
315758
315758
315758
315013
310146
310146
310146
310146
310146
310146
310146
310146
310146
310146
310146
310146
310146
310146
310146
310146
310146
310146
310146
310146
308155
308155
308155
308155
308155
308155
308155
308155
308155
308155
308155
304527
304527
304527
304527
304527
304527
304527
304527
304527
304527
304527
304527
304527
304527
304527
304527
304527
304527
304527
302498
302498
302498
302498
302498
302498
302498
302498
302498
302358
302358
302358
302358
302358
302358
302358
302358
302358
302358
302358
296599
296599
296599
296599
296599
296599
295959
295959
295959
295959
295959
295959
295959
295959
295959
295959
294831
294831
294831
294831
294831
294831
294831
294831
294831
294831
294831
294831
294831
294831
294831
294831
294016
294016
294016
294016
291255
291255
291255
291255
291255
291255
291255
291255
291255
291255
291255
291255
291255
291255
291255
291255
291255
291255
291255
286065
286065
279680
279680
279680
279680
274448
274448
274448
274448
263619
261773
261773
261773
261773
261773
261773
261773
261773
261773
261773
261773
261773
261773
250460
250460
250460
250460
250460
250460
250460
245324
245324
245324
245324
245324
242414
242414
242414
242414
242414
242414
242414
242414
242414
242414
242414
242414
242414
242414
242414
242414
242414
242414
242414
242414
220033
220033
220033
220033
220033
220033
220033
220033
220033
220033
215776
215776
215776
215776
215776
215776
215776
215776
215776
215776
215776
215776
213189
213189
213189
213189
213189
213189
213189
213189
213189
213189
213189
213189
213189
211300
211300
211300
211300
211300
211300
211300
209869
209869
209869
209869
209869
209869
209869
209869
209869
209869
209869
209869
209869
209869
209869
209869
209869
209869
209869
207254
207254
207254
207254
207254
207254
207254
207254
207254
207254
207254
207254
207254
207254
207254
207254
207254
203367
203367
203367
203367
203367
203367
203367
203367
203367
203367
203367
203367
203367
201248
201248
201248
201248
201248
191407
191407
191407
191407
191407
191407
191407
191407
191407
191407
191407
191407
191407
191407
191407
187717
187717
187717
187717
187717
187717
187717
187717
183314
183314
183314
183314
183314
183314
183314
181623
181623
181623
181623
181623
181623
181623
181623
181623
181623
181623
181623
181623
181623
181623
181623
181623
181623
181623
178082
178082
178082
178082
178082
178082
178082
178082
178082
178082
178082
171638
171638
171638
171638
171638
167463
167463
167463
167463
165632
165632
165632
165632
165632
165632
165632
165632
165632
165632
161181
161181
161181
161181
161181
155730
155730
155730
155730
155730
155730
155730
155730
155730
155730
150939
150939
150939
150939
150939
150939
150939
150939
144256
144256
144256
144256
142745
142745
142745
142745
142745
142745
142745
142745
142745
134310
134310
134310
134310
134310
134310
134310
134310
134310
134310
134310
134310
134310
134310
134310
134310
121407
121407
121395
121395
121395
121395
121395
116959
116959
116959
116959
116959
116959
116959
116611
116611
116611
116611
116611
116611
116611
116611
116611
116611
116611
116611
116611
116611
116284
116284
116284
116284
116284
116284
116284
116284
116284
111505
111505
111505
111505
111505
111505
111505
111505
111505
111505
111505
111505
111505
111341
111341
111341
111341
111341
111341
111341
111341
111341
111341
111341
111341
111341
111341
111341
111341
111341
109397
109397
109397
109397
109397
109397
109397
109397
109397
109397
109397
109397
103615
103615
103615
103615
103615
96336
96336
96336
96336
96336
89137
89137
89137
89137
89137
89137
89137
89137
89137
89137
89137
89137
89137
89137
89137
89137
89137
79425
79425
79425
79425
79425
79425
79425
79425
79425
79425
79425
79425
79425
79425
79425
74756
74756
74756
74756
74756
74756
74756
74756
74756
74756
74756
74756
72688
72688
66484
66484
66484
66484
66484
66484
66484
60249
60249
60249
60249
54305
54305
54305
54305
52896
52896
52896
52896
52896
52896
52896
52896
52896
51439
51439
51439
51439
51439
51439
51439
51439
51439
51439
51439
51439
51439
51439
49489
49489
49489
49489
49489
49489
49489
49489
49489
49489
49489
49489
49489
49489
49489
49489
49489
49489
49489
49389
49389
49389
47187
47187
47187
47187
47176
47176
47176
47176
47176
47176
47176
47176
47176
47088
47088
47088
47088
47088
47088
47088
47088
47088
44611
44611
44611
44611
44611
44611
44611
44611
43633
43633
43633
43633
43633
43633
43633
43633
43633
43633
43633
42664
42664
42664
39355
39355
39355
39355
39355
39355
39355
39355
39355
39355
39355
37051
37051
37051
37051
37051
37051
37051
37051
37051
37051
37051
37051
37051
37051
37051
37051
37051
20969
20969
20969
20969
20969
20969
20969
20969
20969
20969
20969
20969
20969
20969
20969
20969
20262
20262
20262
19970
19970
19970
19970
19970
19970
19970
19970
19970
19970
19970
19970
19970
16872
16872
16872
16872
16872
16872
16872
16872
16872
16872
16872
16872
16872
16872
15824
15824
15824
15824
15824
15824
15824
15824
15824
15824
15824
15824
10047
10047
