1251
1500000
992318
992318
992318
992318
992318
992318
992318
992318
992318
992318
992318
991642
991642
991642
991642
991642
991642
991642
991642
991642
991642
991642
991642
991642
991642
991642
991642
969687
969687
969687
969687
969687
969687
969687
969687
969687
969687
969687
969687
969687
969687
969687
969687
969687
963578
963578
963578
963578
963578
963578
963578
962005
962005
962005
962005
962005
962005
961619
961619
961619
961619
961619
961619
961619
961619
961619
961619
961619
961619
961619
944603
944603
944603
944603
944603
944603
944603
944603
944603
944603
944603
944603
944603
944603
942198
942198
942198
942198
942198
942198
942198
942198
942198
942198
942198
936778
936778
936778
936778
936778
936778
936778
936778
936778
936778
936778
936778
936778
936778
936778
936778
936778
936778
936778
936778
936332
936332
936332
936332
936332
936332
936332
936332
936332
936332
923384
923384
923384
923384
923384
923384
923384
923384
923384
923384
923384
923384
923384
923384
923384
923384
923384
919433
919433
919433
919433
919433
919433
919433
919433
919433
919433
919433
919433
919433
919433
919433
919433
919433
919433
919433
912190
912190
912190
912190
912190
912190
912190
912190
907207
907207
907207
907207
907207
907207
907207
907207
907207
907207
907207
907207
907207
907207
907207
907207
897841
897841
897841
897841
897841
897841
897841
897841
897841
897841
897841
897841
897841
889669
889669
889669
889669
889669
889669
882716
882716
882716
882716
882335
882335
882335
882335
882335
882335
882335
882335
882335
872688
872688
872688
872688
872688
872688
872688
872688
872688
870226
870226
870226
870226
870226
870226
870226
870226
870226
870226
870226
870226
870226
870226
870226
870226
870226
870226
870226
870226
868536
868536
868536
868536
868536
828954
828954
828954
828954
828954
821796
821796
821796
821796
821796
821796
821796
821796
821796
821796
821796
821796
821796
821796
821796
800450
800450
800450
800450
800450
800450
800450
800450
800450
800450
800450
800450
800450
800450
800450
800450
800122
800122
800122
800122
798473
798473
798473
798473
798473
798473
798473
798473
796730
796730
796730
796730
759807
759807
759807
759807
759807
759807
759807
759807
759807
758234
758234
758234
758234
752759
752759
752759
752759
752759
752759
752759
752759
752759
752759
752759
752759
752759
752759
752759
752759
752759
751732
751732
751732
751732
751732
751732
751732
751732
751732
751732
751732
751732
751732
751732
740232
740232
740232
740232
740232
740232
740232
732671
732671
732671
732671
732671
732671
732671
732671
732671
732671
723928
723928
723928
723928
723928
723928
723928
723928
723928
723928
721565
721565
721565
721565
721565
721565
721565
721565
721565
721565
721565
721565
721565
721565
721565
721565
721565
718955
718955
718955
718955
718955
718955
718955
718955
718955
718955
718955
718955
718955
718955
716064
716064
716064
716064
716064
716064
716064
716064
716064
716064
716064
716064
716064
716064
712897
709575
709575
709575
709575
709575
709575
709575
709575
709575
709575
709575
703957
703957
703957
703957
703957
703957
703957
703957
703957
703957
703957
703957
698536
698536
698536
698536
698536
698536
698536
697023
697023
697023
697023
685906
685906
685906
685906
685906
685906
685906
685906
685906
685906
685906
685906
685906
685906
685906
685906
684242
684242
684242
684242
684242
684242
684242
684242
684242
684242
684242
684242
684242
684242
684242
684242
684242
684242
684242
684242
675498
675498
675498
675498
675498
675498
675498
675498
675498
675498
675498
675498
675498
675498
675498
671462
671462
658862
658862
658862
658862
658862
658862
658862
658862
658862
658862
658862
658862
658862
658862
658862
658862
656960
656960
656960
656960
656960
656960
656960
656960
656960
656960
656960
656960
656960
656960
654002
654002
654002
654002
654002
654002
638405
638405
638405
638405
638405
638405
638405
638405
638405
638405
638405
638405
638405
631422
631422
631422
631422
631422
631422
631422
631422
631422
631422
631422
631422
631422
631422
631422
631422
631422
624871
624871
624871
624871
624871
624871
624871
624871
624871
624871
619630
619630
619630
619630
619630
619630
619630
619630
619630
619630
619630
610717
610717
610717
610717
610717
610717
610717
610717
610717
610717
610717
610717
609329
609329
609329
609329
609329
609329
609329
609329
608091
608091
608091
608091
608091
608091
608091
608091
608091
608091
608091
608091
608091
608091
608091
608091
608091
606114
606114
606114
606114
599964
599964
599964
599964
599964
599964
599964
599964
599297
599297
599297
599297
595963
595963
595963
595963
595963
595963
595963
576090
576090
576090
576090
576090
576090
576090
576090
576090
558061
558061
558061
558061
558061
558061
558061
558061
558061
558061
558061
558061
558061
558061
558061
558061
558061
557450
557450
557450
557450
557450
557450
557450
557450
557450
557450
557450
543741
543741
543741
543741
543741
541082
541082
520660
520660
520660
520660
520660
520660
520660
520660
520660
520660
520660
508802
508802
508802
508802
508802
506145
506145
506145
503956
503956
503956
503956
503956
503956
503956
503956
503956
503956
503956
503956
503956
503956
503956
503956
503956
499709
499709
499709
499709
499709
499709
499709
499709
499709
499709
499709
499709
499709
499709
499709
499709
499709
499709
472485
472485
472485
472485
472485
472485
471980
471980
471980
471980
471980
471980
471980
471980
471980
471980
469791
469791
469791
469791
469791
469791
469791
469791
469791
469791
469791
469791
469791
469791
462687
462687
462687
462687
462687
462687
462687
462687
462687
462687
462687
446206
446206
446206
446206
446206
446206
446206
446206
446206
446206
446206
446206
446206
446206
446206
431017
431017
431017
431017
431017
431017
431017
431017
431017
431017
431017
431017
431017
423711
423711
423711
423711
423510
423510
423510
423510
423510
423510
423510
423510
423510
423510
423510
423510
411688
411688
411688
411688
411688
411688
411688
411688
371595
371595
371595
371595
371595
371595
371595
371595
371595
360038
360038
360038
360038
360038
360038
360038
360038
360038
360038
357979
357979
357979
357979
357979
357979
357979
357979
357979
357979
357979
357979
357979
357979
356547
356547
356547
356547
356547
344631
326439
326439
326439
326439
326439
326439
326439
326439
326439
326439
326439
326439
326439
325920
325920
325920
304614
304614
304614
304614
304614
304614
301659
301659
301659
301659
301659
301659
301659
301659
301659
301659
301659
301659
301659
301659
301659
301659
300840
297564
297564
297564
297564
297564
297564
297564
297564
297564
297564
297564
293423
293423
293423
293423
293423
293423
293423
293423
293423
291992
291992
291992
291992
291992
291992
254426
254426
254426
254426
254426
254426
254426
254426
242253
232979
232979
232979
232979
232979
229207
229207
229207
229207
229207
229207
227319
227319
227319
227319
227319
227319
226288
226288
226288
226288
226288
226288
226288
226288
226288
226288
226288
226288
226288
226288
226288
226288
222140
222140
222140
222140
222140
222140
222140
222140
222140
222140
221691
221691
221691
221691
221691
221691
221691
221691
215333
209581
209581
209581
209581
209581
204036
199609
199609
199609
199609
199609
199609
199609
199609
199609
199609
199609
199609
197154
197154
197154
197154
197154
197154
197154
197154
197154
197154
197154
197154
197154
197154
197154
197154
165955
165955
165955
157907
157907
157907
157907
157907
157907
157907
157907
157907
157907
157907
157907
157907
157907
155297
155297
134643
134643
134643
134643
134643
134643
134643
134643
134643
134643
134643
134643
134643
134643
131575
131575
131575
114807
114807
114807
114807
114807
114807
114807
114807
114807
114807
114807
114807
114807
107943
107943
107943
107943
107943
107943
107943
107943
107943
107943
107943
107943
107943
102435
102435
102435
102435
102435
102435
102435
102435
101069
101069
101069
101069
101069
101069
101069
101069
101069
101069
101069
101069
101069
101069
92706
90906
90906
90906
90906
90906
90906
90906
90906
90906
90906
90906
90906
90906
90906
80479
80479
80479
80479
80479
80479
80479
80479
80479
73134
73134
73134
73134
73134
73134
73134
73134
73134
73134
73134
73134
73134
73134
64447
64447
64447
64447
64096
64096
64096
64096
64096
64096
64096
64096
63613
63613
63613
63613
63613
63613
63613
63613
63613
63613
63613
63613
63041
63041
63041
63041
63041
63041
63041
63041
63041
63041
63041
63041
63041
63041
63041
63041
63041
63041
63041
56708
56708
56708
56708
56708
56708
56708
56708
56708
56708
56708
56708
56708
56708
56708
56708
56708
21642
21642
21642
21642
21642
12363
12363
12363
12363
12363
12363
12363
12363
12363
12363
12363
12363
12363
12363
12363
12363
12363
12363
12363
12363
