2658
1500000
997381
997381
997381
994299
994299
994299
994299
994299
994299
994299
994299
994299
994299
994299
994299
994299
994299
991362
991362
991362
991362
988698
977461
977461
977461
977461
977461
977461
977461
977461
977461
976167
976167
976167
976167
976167
976167
976167
976167
976167
976167
965228
965228
965228
965228
965228
965228
965228
965228
965228
965228
965228
965228
965228
965228
965228
965228
965228
960247
959734
959734
959734
959734
959734
955183
955183
955183
955183
955183
955183
955183
955183
955183
955183
955183
955183
955183
955183
955183
955183
955183
955183
955183
955183
952260
952260
952260
952260
951316
951316
951316
951316
951316
951316
951316
951316
951316
951316
951316
949039
949039
949039
949039
949039
949039
949039
949039
949039
948706
948706
948706
948706
948706
948706
948706
948706
948706
948706
948706
948706
948706
948706
946718
946718
946718
946718
946718
946718
946718
946718
946718
946718
941920
936980
936980
936980
936980
936980
936980
936980
936980
936980
936980
936980
936980
936980
936980
936980
936980
936980
936980
936980
935998
935998
935998
935998
935998
935998
935998
935998
935998
935733
935733
935733
935733
935733
935733
908307
908307
908307
908307
908307
908307
908194
908194
908194
906455
906455
906455
906455
906455
906455
906455
906455
906455
906455
906455
906105
906105
906105
906105
906105
906105
906105
906105
906105
906105
906105
906105
906105
906105
906105
906105
906105
897949
897949
897949
897949
897949
897949
897949
885704
885704
885704
885704
885704
885704
885704
885704
885704
885704
885704
885704
885704
876840
876840
876840
876840
866220
866220
866220
866220
866220
866220
862094
856716
856716
856716
856716
856716
856716
856716
854679
852963
852963
852963
852963
852963
850823
850823
850823
850823
850823
850823
850823
850823
850823
850823
850823
850823
850823
850823
850823
850823
844551
844551
844551
844551
844551
844551
844551
844551
844551
844551
844551
842195
842195
842195
842195
842195
842195
842195
842195
842195
842195
842195
842195
842195
842195
842195
842195
842195
842195
842195
836956
836956
836956
834017
834017
833461
833461
833461
833461
833461
833461
833461
829066
829066
829066
825586
825586
825586
825586
825586
825586
825586
825586
825586
825586
825586
825586
825586
825586
825586
825586
823873
823873
823873
823873
823873
823873
823873
823873
823873
823873
823873
823873
823873
823873
823873
823873
823873
823873
816059
816059
816059
816059
816059
816059
816059
816059
816059
816059
811382
811382
811382
811382
811382
811382
811382
811382
811382
811382
811382
811382
811382
810710
810710
810710
810710
810710
810710
810710
810710
810710
810710
808536
808536
808536
808536
808536
808536
808536
808536
808536
808536
808536
808536
808536
808536
808536
806410
806410
806410
806410
806410
806410
806410
806410
806410
798930
798930
798930
798930
798930
798930
798930
798930
798930
798930
798930
798930
798930
798930
798930
798206
798206
798206
798206
797200
797200
797200
797200
797200
797200
797200
797200
797200
797200
792432
792432
792432
792432
792432
792432
792432
792432
792432
790796
790796
790796
790796
790796
790796
790796
790796
790796
790796
790796
790796
790796
790796
790796
790796
790796
790037
790037
790037
790037
787085
787085
787085
787085
787085
787085
787085
787085
787085
787085
787085
787085
787085
787085
787085
787085
787085
787085
787085
782305
782305
782305
782305
782305
782305
782305
782305
782305
782305
782305
782305
782305
782305
782305
782305
782305
782305
782305
782259
782259
782259
782259
782259
782259
782259
782259
782259
782259
782259
782259
782259
782259
782259
782259
782259
782259
782259
782259
778234
778234
778234
778234
778234
778234
778234
778234
778234
778234
778234
778234
778234
778234
778234
778234
778234
778234
763775
763775
763775
763775
763775
763775
763775
763775
763775
763775
763775
763775
763775
763775
763775
757620
757620
757620
757620
757620
757562
754625
754625
754625
754625
754625
754625
754625
754625
754625
754625
754625
746851
744942
744942
744942
744942
744942
744942
744942
744942
741970
741970
741970
741970
741970
741970
741970
741867
741867
741867
741867
741867
741867
741867
741867
741867
741867
741867
741867
741867
739942
739942
739942
739942
739942
739942
739942
739942
739942
739942
739942
739942
739942
739942
739942
739942
737811
737811
737811
737811
737811
737811
737811
737811
737811
737811
737811
737811
737811
737811
735426
735426
735426
735426
735426
735426
735426
735426
735426
735426
735426
735426
735426
735426
735426
728525
728525
728525
728525
728525
728525
728525
728525
728525
728525
728525
728525
728525
728525
727596
727596
727596
727596
727596
727596
727596
727596
727596
723363
723363
723363
723363
723363
723363
723363
723363
723363
723363
723363
723363
723363
723363
718504
718504
718504
718504
718504
718504
718504
718504
718504
718504
718504
718504
718504
718504
718504
718504
718504
718504
714035
714035
714035
714035
714035
714035
714035
714035
714035
714035
714035
714035
714035
707237
707237
707237
707237
707237
707237
707237
707237
707237
707237
707237
707237
707237
707237
707237
707237
703025
703025
703025
703025
703025
703025
703025
703025
703025
703025
703025
703025
703025
703025
703025
703025
703025
699123
699123
699123
699123
699123
699123
699123
699123
699123
699123
699123
699123
699123
699123
699123
699123
699123
699123
699123
699123
694493
694493
694493
694493
694493
694493
694493
694493
694493
694493
694493
694493
694493
694493
694493
691691
691691
691691
691691
691691
691691
691691
686555
686555
686555
686555
686555
686555
686555
686555
686555
686555
686555
686555
686555
686555
686555
686555
686555
686555
686535
686535
686535
686535
686535
686535
686535
686535
686535
686535
686535
686535
686535
686535
686535
684306
684306
684306
684306
684306
684306
684306
684306
684306
684306
684306
684306
684306
684306
680827
680827
680827
680827
680827
680827
680827
680827
680827
680827
680827
680827
680827
680827
680827
680827
680827
680437
680437
680437
680437
680437
680437
680437
670307
670307
670307
670307
670307
670307
670307
670307
670307
670307
670307
670307
670307
670307
663655
663655
663655
663655
663655
663655
663655
663655
663655
663655
663655
663655
662598
662598
662598
662598
662598
662598
662598
662598
662598
662598
662598
660829
660829
660829
660829
660829
660829
660829
660829
660829
660829
660829
660829
660829
660829
660829
660829
660829
660829
660829
660829
657071
657071
657071
657071
657071
657071
657071
657071
657071
657071
657071
657071
657071
657071
655756
655756
655756
655756
652426
652426
652426
652426
652426
652426
652426
652426
652426
652426
648901
644783
644783
644783
644783
644783
644783
644783
644783
644783
644783
644783
644783
644783
644783
644783
644783
644783
644783
644783
644783
644380
644380
644380
641855
639517
639517
639517
639517
639517
639517
639517
639517
639517
639517
639517
639517
639517
639517
639517
639517
639517
639517
635943
633550
633550
633550
633550
633550
633550
633550
633550
633550
632834
632834
632834
632834
632834
632834
632834
632834
632834
632834
632834
632834
632834
627407
627407
627407
627407
627407
627407
627407
627407
622613
622613
622613
622613
622613
622613
622613
622613
622613
622613
622613
622613
622613
622613
622613
622613
622613
622613
622613
620549
620549
620549
620549
620549
620549
620549
620549
620549
620549
620549
620549
617905
617905
617905
617905
617905
616364
616364
616364
616364
616364
616364
616364
613602
613602
613602
608890
608890
608890
607922
607922
607922
607922
607922
607922
607922
607922
607922
607922
607922
607922
607922
607922
607922
607922
607922
607922
606602
606602
606602
606602
606602
606602
606602
606602
606602
595138
595138
595138
594679
594679
594679
594679
594679
594679
594679
594679
594679
594679
594679
594679
594679
594679
594679
594679
594679
594679
594679
593318
593318
593318
593318
573958
573958
573958
573958
573958
573958
573958
573958
573958
573958
573958
573958
573958
570904
570904
570904
570904
570904
570904
570904
570904
570904
570904
570904
570904
570904
570904
570904
570904
570904
570904
557090
557090
557090
557090
557090
557090
557090
557090
557090
557090
556687
556687
556687
556687
556687
556687
556687
556687
556687
556687
556656
556656
556656
556656
556656
556656
556656
556656
556656
556656
556656
556656
556656
556656
556656
556656
556656
551643
551643
551643
551643
551643
551643
551643
551643
551643
551643
551643
550903
550903
550903
550903
550903
550903
550903
550903
550903
550903
550903
550903
550903
550903
550903
550903
550903
550903
550903
550903
549222
549222
549222
549222
549222
549222
549222
549222
549222
549222
549222
549222
549222
549222
549222
549222
549222
547565
547565
547565
547565
547565
547565
537229
537229
533581
533581
533581
533581
533581
533581
533581
533581
533581
533581
533581
533581
533581
533581
533581
533581
533581
533581
533581
533581
531467
531467
531467
531467
531467
531467
531467
531467
526971
526971
526971
526971
526971
526971
526971
526971
526971
526971
526971
526971
526971
526971
526971
526971
521052
521052
521052
521052
521052
521052
521052
521052
521052
521052
521052
521052
521052
521052
519531
519531
519531
519531
519531
519531
519531
519531
519531
519531
512704
512704
512704
512704
512704
512704
512704
512704
512704
512704
512704
512704
512704
512704
512704
510197
510197
510197
510197
510197
510197
510197
510197
510197
510197
510197
510197
510197
510197
510197
510197
510197
510197
510197
510197
499211
499211
499211
499211
499211
499211
497151
497151
497151
497151
497151
497151
497151
497151
497151
497151
497151
497036
497036
497036
497036
497036
497036
497036
497036
497036
497036
497036
497036
497036
497036
497036
497036
496997
496997
496997
496997
496997
496997
496997
496997
496997
496997
496997
496997
496997
496997
496997
496633
496633
496633
496633
496633
496633
496633
496633
496633
496633
496633
496633
496633
496633
496633
496633
496633
496633
496633
495511
495511
495511
495511
495511
495511
495511
495511
495511
495511
495511
495511
495511
495511
495511
495511
492761
492761
492761
492761
492761
492761
492761
492761
492761
492761
492761
492761
492761
492761
491192
491192
491192
491192
491192
491192
491192
491192
491192
491192
491192
491192
491192
491192
491192
491192
491192
489639
489639
489639
489639
489639
489639
489639
489639
489639
489639
489639
489639
489639
489639
489639
489639
489639
489639
489639
485698
485698
483820
483820
483820
483820
483820
483820
483820
483820
483820
483820
483820
483820
483820
483820
483820
483820
483820
483820
474419
474419
474419
474419
474419
474419
474419
474419
474419
474419
474419
474419
474419
474419
474419
474419
474419
474419
474419
474419
471343
471343
471343
471343
471343
471343
471343
471343
471343
471343
471343
471343
471343
471343
471343
471343
471343
471343
464774
464774
464774
461649
461649
461649
456913
456913
456913
456913
456913
455582
455582
455582
455582
455582
454837
454837
454837
454837
454837
454837
454837
454837
454837
454837
454837
445481
445481
445481
431764
431764
431764
431764
431764
431764
431764
431764
428002
428002
428002
428002
428002
428002
428002
428002
428002
428002
418286
418286
418286
418286
418286
418286
418286
418286
418286
418286
418286
418286
418286
418286
418286
418286
418286
418286
418286
414731
414731
414731
414731
414731
414731
414731
414731
414731
414731
414731
413440
413440
413440
413440
413440
413440
413440
413440
413440
413440
413440
413440
413440
413440
413440
413440
413440
413440
413440
410738
410738
410738
410738
410738
410738
410738
410738
410366
408526
408526
408526
408526
407763
407763
407763
407763
407763
407763
407763
407763
407763
407763
407763
407763
407763
407763
407763
407763
407763
407763
407763
402118
401725
401725
401725
401725
401725
401725
401725
401725
401725
401725
401725
401725
401725
401725
401725
401725
397251
397251
397251
397251
397251
397251
397251
397251
397251
397251
394121
394121
394121
394121
394121
394121
394121
391607
391607
391607
391607
391607
391607
391607
391607
391607
391607
391607
391607
391607
391607
391607
379563
377608
377608
377608
377608
377608
377608
377608
377608
377608
377608
377608
377608
377608
377608
377608
377608
377608
377608
374193
374193
374193
374193
374193
372890
372890
372890
372890
372890
372890
372890
372890
372890
372890
372890
372890
372865
372865
372865
372865
372865
372865
372865
372865
372865
367228
367228
367228
367228
367228
367228
367228
367228
367228
367228
367228
367228
367228
367228
367228
367228
367228
359189
359189
359189
359189
359189
359189
359189
359189
359189
359189
359189
355624
355624
355624
348530
348530
348530
348530
348530
348530
348530
348530
348530
348530
348530
348530
348530
348530
348530
348530
348530
348530
342124
342124
342124
327753
327753
327753
327753
327753
327753
327753
327753
327753
327753
327753
327753
314309
314309
314309
314309
314309
314309
314309
314309
314309
314309
314309
314309
314309
314309
314309
314309
312645
312645
312645
312645
312645
312645
310393
310393
310393
310393
310393
310393
310393
310393
310393
310393
299824
299824
299824
299824
299824
299824
299824
299824
299824
299824
293654
293654
293654
293654
293654
293654
293654
293654
293654
293654
293654
293654
292306
292306
291550
291550
291550
291550
291550
291550
291550
291550
291550
291550
291550
291550
291220
291220
291220
291220
291220
291220
291220
288259
288259
288259
288259
288259
288259
286370
286370
286370
286370
286370
278936
278936
278936
278936
278936
278117
278117
278117
278117
278117
278117
278117
278117
278117
278117
278117
278117
278117
278117
278117
278117
278117
278117
278117
273820
273820
273820
273820
273820
273820
273820
273820
273820
273820
273820
273820
273820
273820
273820
273820
269497
269497
269497
269497
269497
269497
269497
269497
269497
269497
269497
269497
269497
269497
269497
269497
269497
266482
266482
266482
266482
266482
266482
266482
266482
266482
266482
266482
266482
266482
266482
266482
266482
266482
266359
266359
266359
266359
266359
266359
266359
266359
266359
266359
266359
265362
259683
259683
259683
259683
259683
259683
259683
259683
259683
259683
259683
259683
259683
259683
259683
259683
259683
259683
259683
259683
254782
254782
254782
252278
252278
252278
252278
252278
252278
252278
252278
252278
249655
249655
249655
249655
249655
229714
229714
229714
229714
229714
229714
229714
229714
229714
229714
229714
229714
229714
229714
229714
229714
229714
221572
221572
221572
221572
221572
221572
221572
221572
221572
221572
221572
221572
219870
219870
219870
219870
219870
219870
219399
219399
219399
219399
219399
219399
219399
219399
219399
219399
219399
219399
209857
209857
209857
209857
209857
209857
209857
209857
209857
209857
209857
209857
209857
206013
206013
206013
206013
206013
206013
206013
206013
206013
206013
206013
206013
206013
206013
206013
203153
203153
203153
203153
190429
190429
190429
190429
190429
190429
190429
190429
190429
190429
190429
190429
190429
190429
190429
190429
190429
184983
184983
184983
184983
184217
183808
183808
175292
175292
175292
175292
175292
175292
175292
175292
175292
169253
169253
169253
169253
169253
169253
169253
169253
169253
169253
169253
169253
169253
169253
169253
169253
165470
165470
165470
165470
165470
165470
165470
165470
165470
165470
159092
159092
159092
159092
159092
159092
159092
159092
159092
158776
158776
158776
158776
158776
158776
158776
158776
158695
158695
158695
158695
158695
156596
156596
156596
156596
156596
156596
156596
156596
156596
156596
156596
156596
156596
155759
155759
155759
155759
155759
155759
155759
155759
155759
155314
155314
155314
155314
155314
155314
155314
155314
155314
155314
155314
155314
155314
154647
154647
154647
154647
154647
154647
154647
154139
154139
154139
154139
154139
154139
154139
154139
154139
154139
153474
153474
153474
153474
153474
153474
153474
153474
153474
153474
153474
153474
153474
151954
151954
151954
151954
151954
151954
151954
151954
151954
151954
151954
151954
151954
151954
151954
151954
151954
151954
151488
151488
151488
151488
151488
151488
151488
151488
151488
151488
151488
151488
151488
151488
141654
141654
141654
136386
136386
136386
136386
136386
136386
136386
136386
136386
135172
135172
135172
135172
135172
135172
135172
135172
135172
135172
135172
135172
135172
135172
135172
129903
129903
129903
129903
129903
129903
129903
124183
124183
124183
124183
124183
124183
124183
124183
124183
124183
124183
124183
124183
124183
124183
124183
124183
124183
121341
121341
121341
121341
121341
121341
121341
121341
121341
121341
121341
121341
121341
121341
121341
121341
121341
121341
121341
121325
121325
121325
121325
121325
121149
121149
121149
121149
121149
121149
121149
121149
121149
121149
121149
121149
119516
119516
119516
119516
119516
119516
119516
119516
119516
119516
119516
119516
119516
119516
117926
117926
117926
117926
117926
117472
117472
117472
117472
117472
111671
111671
111671
111671
111671
111671
111671
111671
111671
111671
111671
111671
111671
111671
111671
111671
111671
111671
110786
110786
110786
110786
110786
110786
110786
110786
110786
110786
110786
110786
110786
110786
110786
110786
101868
101868
101868
101868
101868
101868
101868
101868
101868
101868
101868
101868
101868
95143
95143
95143
95143
95143
95143
95143
95143
95143
95143
95143
95143
95143
95143
95143
95143
94407
94407
94407
94407
94407
94407
94407
94407
94407
94407
94407
94407
94407
94407
94407
94407
92037
82934
82934
82934
82934
82934
82934
82934
82934
82934
82934
82934
82934
82934
82934
82934
82934
82934
76469
76469
76469
76469
76469
76469
76469
76469
75445
75445
75445
75445
75445
73143
73143
73143
73143
73143
73143
73143
73143
73143
73143
73143
73143
68145
68145
68145
68145
68145
68145
68145
64100
64100
57993
57993
57993
57993
57650
56518
56518
56518
56518
56518
56518
56518
56518
56518
56518
56518
56518
56518
56518
56518
56518
56518
56518
56518
56518
47057
47057
47057
47057
47057
47057
44716
44716
44716
44716
44716
44716
44716
44716
44716
44716
44716
44716
44716
44716
44109
44109
44109
44109
44109
44109
44109
44109
44109
44109
44109
44109
44109
44109
44109
44109
44109
44109
44109
44109
42418
42418
42418
42418
38045
38045
38045
38045
38045
38045
38045
38045
38045
38045
38045
38045
38045
38045
38045
38045
38045
33501
33501
33501
33501
33501
33501
33501
33501
33501
33501
33501
33501
33501
33501
33501
33501
33501
22981
19797
19797
19797
19797
19797
11804
11804
11804
11804
11804
11804
11804
11804
11804
11804
11804
11804
11804
11804
11804
11804
11804
11804
11804
