5229
1500000
997904
997904
997904
997904
997904
997904
997904
997904
997904
997904
997904
996981
996981
996981
996981
996981
996981
996981
996981
996981
993504
993504
993504
993504
993504
993504
993504
993504
993504
993504
986781
986781
986781
986781
986781
986781
986781
986455
986455
986455
986455
986455
986455
986455
986455
986455
986455
986455
986455
986455
986455
985324
985324
985324
984539
984539
984465
984465
984465
984465
984465
984465
984465
984465
984465
984465
984465
984465
984465
984465
984465
984465
984465
984080
984080
983418
983213
983213
983213
983213
983213
983213
983213
983213
983213
983213
983213
983213
982336
982336
982336
982336
982336
982336
978616
978616
978616
978616
978616
978616
978616
978616
978616
978616
978616
978616
978616
978616
978616
978616
978616
978616
978616
978616
975633
975633
975633
975633
974344
974344
974344
974344
974344
974344
974344
974344
974344
974344
974344
974344
974344
974344
974344
974164
974164
974164
974164
974164
974164
974164
974164
974164
974164
974164
974164
974164
971574
971574
971574
971574
971574
971574
971574
970320
970320
970320
970320
970320
970320
970320
969912
963717
963717
963717
963717
963717
963717
963717
963717
963717
963717
963717
963717
963136
963136
963136
963136
963136
963136
963136
963136
963136
958260
958260
958260
958260
958260
958260
958260
958260
958260
958260
958260
958260
958260
958260
958260
958260
956767
956767
956767
956767
956767
956767
956767
956767
956767
956767
956767
956767
956767
956767
956767
948261
948261
948261
948261
948261
948261
948261
948261
948261
948261
948261
948261
948261
948261
948261
948261
948261
948261
948261
948261
947640
947640
947640
947640
947640
947640
947640
947640
947640
947640
947640
947640
947640
947640
947640
947640
947640
947640
947640
945103
945103
945103
943690
943690
943690
943690
943122
943122
943122
943122
943122
943122
943122
943122
943122
943122
943122
943122
943122
943122
943122
943122
943122
943122
942061
942061
942061
942061
942061
942061
942061
942061
942061
942061
942061
942061
942061
941295
941295
941295
941295
941295
941295
941295
941295
941295
940141
939250
939250
939250
939250
939250
939250
939250
939250
939250
939250
939250
939250
939250
939250
939250
939250
939250
939250
939180
939180
939180
939180
939180
939180
939180
937883
937883
937883
937883
937883
937883
937830
937830
937830
937830
937830
937830
937830
937830
937830
937830
937830
937830
937830
937830
937830
937830
937830
937830
937830
937830
933337
933337
933337
933337
933337
933337
933337
933337
933337
933337
932760
932760
932760
932760
932760
932760
932760
932760
931174
931174
931174
931174
931174
931174
931174
931174
931174
931174
931174
931174
929346
929346
929346
929346
929346
929346
929346
929346
929346
927548
927548
927548
927548
927548
927548
927548
925590
925590
925590
925590
925590
925590
924415
923788
923788
923788
923788
923788
923788
923788
923788
923788
923788
923788
923788
923788
923788
923788
923788
923788
923788
923788
923674
923674
923674
923674
923674
923674
923674
923674
923674
923674
923674
923674
923674
923674
923674
923674
921126
921126
921126
921126
921126
921126
921126
921126
913889
913889
913889
913889
913889
913889
913889
913889
913889
913889
908072
908072
908072
908072
908072
908072
908072
908072
908072
908072
908072
908072
908072
908072
908072
908072
908004
908004
908004
908004
908004
908004
908004
908004
908004
905397
905397
905397
905397
905397
905397
905397
905397
905093
905093
905093
905093
905093
905093
905093
905093
905093
905093
905093
905093
905093
905093
905093
905093
903976
903976
903976
903976
903976
903976
903976
903976
903976
903976
901742
901742
901742
901742
901742
899957
899957
895975
895975
895975
895975
895134
895134
895134
895134
895134
895134
895134
895134
895134
895134
895134
895134
895134
895134
895134
895134
895134
895134
892023
892023
892023
892023
892023
892023
892023
892023
892023
892023
892023
892023
892023
892023
892023
892023
892023
892023
892023
891919
891919
891919
891919
891919
891919
891919
891919
891919
890131
890131
890131
890131
890131
890131
890131
890131
890131
890131
890131
890131
889695
887876
887876
887876
887876
887876
887876
887876
887876
887876
887876
887876
885821
885821
885821
885821
885821
885821
885821
885821
885821
884692
884692
884692
884692
884692
883117
883117
883117
883117
883117
883117
883117
883117
883117
883117
883117
883117
883117
883117
883117
881808
881808
881808
881808
881808
881808
881808
881808
881808
881808
881808
881808
881808
881808
881808
881808
881808
879436
879436
879436
879436
879436
879436
879436
879436
879436
879436
879436
879436
879340
879340
879340
879340
879340
879340
879340
879340
879340
879340
879340
879340
879340
879340
879340
879340
874706
874706
874706
874706
874706
874706
874706
874706
874706
874706
874706
874706
874706
874706
874706
874706
868975
868975
868975
868975
868975
868975
868975
868975
868975
868975
868975
868975
868975
868975
868975
868975
868975
868975
867546
867546
867546
867546
867546
867546
867546
867546
867546
867546
867546
867546
867546
867546
866184
866184
866184
866184
866184
866184
866184
866184
866184
863918
863918
863918
863918
863918
863918
863918
863918
863918
863918
863918
863918
863918
863918
863918
863918
862063
862063
862063
862063
862063
862063
862063
862063
862063
862063
862063
861882
861882
861882
861882
861882
861882
861882
861882
861882
858934
858934
858934
857954
857954
857954
857954
857954
857954
857954
857954
856867
856867
856867
856867
856867
856867
856867
856867
856867
856867
856867
856867
856867
856867
856867
856552
856552
856552
856552
856552
856552
856552
856552
856552
856552
856552
856552
856552
856552
856552
854013
854013
854013
854013
854013
854013
854013
854013
854013
854013
854013
854013
854013
854013
854013
853243
853243
853243
853243
853243
853243
853243
853243
853243
853243
853243
853243
853243
853243
853243
853243
853243
853243
853243
853243
850277
850277
850277
850277
850277
850277
850277
850277
850277
850277
849698
849698
849698
849698
849698
849698
849698
849698
849698
849698
849698
849646
849646
849646
849646
849646
849646
849646
849646
849646
849646
849646
849646
849646
848602
847594
847594
847594
847594
847594
847594
847594
847594
847594
847594
842405
842405
842405
842405
842405
842405
842405
842405
842405
842405
842405
842405
842405
842405
842405
842405
842405
842405
842405
842405
842313
842313
842313
841949
841949
841949
841949
841949
841949
841949
841949
841949
841949
840132
840132
840132
839879
839879
839879
839879
839879
839879
839879
839879
839879
839879
839879
839879
839879
839879
839879
839879
839879
839879
838277
838277
838277
838277
838277
838277
838277
838277
838277
838277
838277
838277
838277
838277
838277
838277
838277
837947
837947
837947
837947
837947
837947
837947
837947
837947
832816
832816
832816
832816
832816
832816
832816
832816
832816
832816
832816
832816
832816
832816
832816
832816
832816
831549
831549
831549
831549
831549
831549
831549
831549
831549
831549
831549
831549
831549
831549
826633
826633
823700
823700
823700
823700
823700
823700
823700
823700
823700
823700
823136
823136
823136
823136
822008
822008
822008
822008
822008
822008
822008
822008
822008
822008
822008
822008
822008
822008
822008
822008
822008
822008
822008
822008
820435
820435
820435
820435
820435
820435
820435
820435
820435
820435
820435
820435
820435
820435
820155
820155
820155
820155
820155
820155
820155
820155
820155
819665
819665
819665
819665
819665
819665
819665
819665
819665
819665
819665
819665
819665
819665
819665
819665
817691
817691
814601
814601
814601
814601
812791
812791
812791
812791
812791
812791
812791
812791
812791
812791
812791
812250
812250
812250
812250
812250
812250
812250
812250
812250
812250
812250
812250
812250
812250
812250
812250
812250
812250
812250
812250
808399
808399
808380
808380
808380
808380
808380
808380
808380
808380
808380
808380
808380
808380
808380
808380
808380
808380
808128
808128
808128
808128
808128
808128
808128
808128
808128
808128
808128
808128
808128
808128
808128
808128
808128
808128
808128
808128
806698
806698
806698
806698
806698
806698
806698
806698
806698
806698
806698
806698
804602
804602
804602
804602
804602
804602
804602
804602
804602
804602
804602
804602
804602
804602
804602
804602
804602
804602
804300
804300
804300
804300
804300
804300
804300
804300
804300
804300
804300
804300
804300
804300
804300
804300
800254
800254
800254
800254
800254
800254
800254
800254
800254
799028
799028
799028
799028
799028
799028
799028
799028
795528
795528
795528
795528
795528
795528
795528
795528
795528
795528
795528
795528
795528
795528
795528
795528
795528
794287
794287
794287
794287
794287
794287
794287
793307
793307
793307
793307
793307
793307
793307
793307
793307
793307
793307
793307
793307
793307
793307
793307
792970
792970
792970
792970
792970
792970
792970
792970
792970
792970
792970
792970
792970
792911
792911
792911
792911
792911
792911
792509
792509
792509
792509
792509
792509
792509
792509
792509
792509
792509
792509
792509
792509
792509
792509
792509
792509
792509
792509
787384
787384
787384
787384
787384
787384
787384
787384
787384
787384
787384
787384
787384
787168
787168
787168
787168
787168
787168
787168
787168
787168
787168
787168
787168
787168
787168
787168
787168
787168
787168
787168
787168
786575
786575
786575
786575
786575
786575
786575
786575
786575
786575
786575
786575
786575
786575
786575
786575
786575
785126
785126
785126
785126
785126
785126
785126
785126
785126
785126
785126
785126
785126
785126
785126
785126
785126
785126
785126
784752
784752
784752
784752
784752
784752
784752
784752
784752
784752
784752
784752
784752
784752
784752
784752
784752
784752
784752
781883
781883
779370
779370
779370
779370
779370
779370
779370
779370
779370
779370
779370
779370
779370
778275
778275
778275
778275
778275
778275
778275
778275
778275
778275
778275
778275
776514
776514
776514
776514
776514
775616
775616
775616
775616
775616
775616
775616
775616
775616
775616
775616
775616
775616
775616
775616
775616
773915
773915
773915
773915
773915
773915
773915
773915
773915
773915
773915
773915
773915
773856
773856
773856
773856
773856
773856
773696
773696
773696
773696
773696
773696
773696
773696
773696
773411
773411
773411
773411
773411
773411
773411
773411
773411
773411
773411
773411
773411
773411
773411
773411
773411
773411
771102
771102
769674
769674
769674
769674
769674
769674
769674
769674
769674
769674
769674
769674
769674
769674
769009
769009
769009
769009
769009
769009
769009
767806
767806
767806
767806
767806
767806
767806
767806
767806
767806
767806
767806
766651
766651
766651
766651
766651
766651
766651
766651
766651
766651
766651
766651
766651
766651
766651
766651
766651
766651
766651
766651
765970
765970
765970
765970
765970
765970
765970
765970
759062
759062
759062
759062
759062
759062
759062
759062
759062
759062
759062
759062
759062
756241
756241
754950
754950
754950
754950
754950
754318
754318
754318
754318
754318
754318
751363
751363
751363
751363
751363
751363
751363
747000
747000
747000
747000
747000
747000
747000
747000
747000
747000
747000
747000
747000
747000
747000
747000
747000
747000
745724
745724
745724
745724
745724
745724
745724
745724
745724
745724
745724
745724
745724
743243
743243
743243
743243
743243
743243
743243
743243
743243
743243
743243
743243
743243
743243
743243
743243
743243
743243
743243
743243
739735
739735
739735
739735
739735
739735
739735
738254
738254
738254
738254
738254
734278
734278
734278
734278
734278
728082
728082
728082
728082
728082
728082
728082
728082
728082
728082
728082
728082
728082
728082
728082
728082
725779
725779
725779
725779
723001
723001
723001
723001
723001
723001
723001
723001
723001
723001
720692
720692
720692
720692
720692
720692
720692
720692
720692
720692
720692
720692
713458
713458
708455
708455
708455
708455
708455
708455
708455
708455
708455
706608
706608
706608
706608
706608
706608
706608
706608
706608
705689
705689
705689
705689
705689
705689
705689
705689
705689
705689
705689
705689
705689
701585
701585
701585
701585
701585
701585
701585
701585
701585
701585
701585
701585
699923
699923
699923
699923
699923
699923
699923
699923
699923
699923
699923
697130
697130
697130
697130
697130
697130
692873
692873
692873
692873
692873
692873
692873
692873
692873
692873
692873
692873
692873
692873
692873
692873
692873
692873
692873
692873
689661
689661
689661
689661
689661
689661
689661
689661
689661
689661
689661
689661
689661
689661
689661
689661
689661
689661
689661
688158
688158
688158
688158
688158
688158
688158
688158
686474
686474
686474
686474
686474
686474
686474
686474
686474
686474
686474
686464
686464
686464
686464
686464
686464
686464
686385
686385
686385
686385
686385
686385
686385
686385
686385
686385
686385
686385
686385
686385
686385
686385
686385
686385
686385
686385
684932
684932
684932
684932
684932
684932
684932
684932
684932
684932
684932
684932
684932
684932
684932
684932
684932
684932
684932
684932
678260
678260
678260
672335
672335
667835
667835
667835
667835
667835
667835
667835
667835
667835
667835
667835
667835
667348
667348
665997
665997
665997
665997
665997
664273
664273
664273
664273
664273
664273
664273
664273
664273
664273
664273
664273
664273
664273
664273
664273
662563
662563
662563
662563
662563
662563
662563
662307
662307
662307
662307
662307
662307
662307
662307
662307
662307
662307
662307
662307
662307
662307
662307
662307
662307
661690
661690
661690
661690
659532
659532
659532
659532
656369
656369
656369
656369
656369
656309
656309
656309
656309
656309
656309
656309
656309
656309
656309
656309
656309
656309
656309
656309
656309
655318
655318
655318
655318
655318
655318
655113
655113
655113
655113
643542
643542
643542
643542
643542
643542
643542
643542
643542
643542
643542
643542
642810
642810
642810
642810
642810
642810
642810
642810
642810
642810
642810
642810
642810
642810
642810
642810
642810
640592
640592
640592
640592
640592
640592
640592
640592
640281
640281
640281
640281
640281
640281
640281
640281
640281
640281
640281
640281
640281
640281
640281
640281
640281
640281
640281
640281
638301
638301
638301
638301
638301
638301
638301
638301
638301
638301
638301
638301
638301
638301
638301
638301
638301
638301
638301
635782
635782
635687
635687
635687
635687
635687
635687
634616
634616
634616
634616
634616
634616
634616
633587
633587
633587
633587
633587
633587
633587
633587
633587
633587
633587
633587
633587
633587
633358
633358
633358
633358
633358
633358
633358
633358
633358
633358
633358
633358
632703
632703
632703
632703
632703
632703
629516
629516
629069
629069
629069
629069
629069
629069
629069
629069
629069
629069
629069
629069
629069
629069
622544
622544
622544
622544
622544
622544
622544
622544
622544
622544
622544
622544
621720
621720
621720
621720
621720
621720
621720
621720
621720
621720
621720
621720
621720
621720
621720
621720
621720
618280
618280
618280
618280
615088
615088
607830
607830
607830
607830
607830
607830
607830
607830
607830
607830
607830
607830
607830
606313
606313
606313
606313
606313
605709
605709
605709
605709
605709
605709
605217
605217
605217
605217
605217
605217
605217
605217
605217
605217
605217
605217
605217
605217
605217
601336
601336
601336
601336
601336
601336
601336
596890
596890
596890
596890
596890
596890
596890
596890
596890
595297
595297
595118
595118
595118
595118
595118
595118
595118
595118
595118
595118
595118
595118
595118
595118
595118
595118
595118
595118
595118
595118
594640
594640
594640
594640
594640
594640
594640
594640
594640
594640
594640
594640
594640
594640
594640
594640
594640
594640
594640
594640
593713
593713
593713
593713
593713
593613
593613
593613
593613
593613
593613
593613
593613
593613
590854
590854
590854
590854
590854
590854
590854
590854
590854
590854
587285
587285
586242
586242
586242
586242
586242
586242
586242
586242
586242
586242
586242
586242
583992
583992
583992
583992
583416
583416
583416
583416
583416
583416
583416
583416
583416
583416
583416
583416
583416
583416
583416
583416
583416
583416
583416
583174
583174
583174
583174
583174
583174
583174
583174
583174
583174
583174
583174
583174
582080
582080
582080
582080
582080
582080
582080
582080
582080
582080
582080
582080
582080
582080
582080
582080
582080
582080
582080
582080
581052
581052
581052
581052
581052
581052
581052
581052
581052
581052
581052
581052
581052
581052
579051
579051
579051
579051
579051
579051
579051
579051
579051
579051
579051
579051
579051
578922
578922
578922
578922
578922
578922
578922
575868
575868
575868
575868
575868
575868
575868
575868
575868
575868
573932
573932
573932
573932
573932
573932
573932
573403
573403
573403
573281
573281
573281
573281
573281
573281
573281
572613
572613
572613
572613
572613
572613
572613
572613
572613
572613
572613
572613
572613
572613
572613
572613
572613
572613
572613
572613
572265
572265
572265
572265
572265
572265
572265
572265
572265
570571
570571
570571
570571
570571
570571
570571
570571
570571
570571
570571
570571
570571
570571
570571
570571
570571
570571
570300
569585
569585
569585
569585
569585
569585
569585
569585
569585
569585
569585
569585
569585
569585
569585
568040
568040
568040
568040
568040
568040
561331
561331
561331
561331
561331
561331
561331
561331
561331
561331
560414
560414
560414
560414
560414
560414
560414
560414
560414
560414
560414
560414
560414
560414
560414
560414
560414
560414
559580
553144
553144
553144
552416
552416
552416
552416
552416
552416
552416
552416
552416
552416
552416
552416
552416
552416
552416
552416
552416
552416
552416
552416
551446
551446
551446
551446
551446
551446
551446
551446
551446
551446
551446
551446
551446
551446
551446
551446
551446
551446
551446
551446
549593
549593
549593
549593
549593
549593
549593
549593
549593
549593
549593
549593
549593
549593
549593
549593
547159
547159
547159
547159
547159
547159
547159
547159
547159
547159
547159
547159
547159
547159
547159
547159
547159
547159
547159
546516
546024
546024
546024
546024
539577
539577
539577
539577
537952
537952
535411
535411
535411
533740
533740
533740
533740
533740
533740
533740
533740
533740
533740
533740
533740
533740
533740
533740
533740
532739
532739
532739
532739
532739
532739
532739
532739
532739
532739
532739
532739
532739
531938
531938
531938
531938
531938
531938
531938
531938
531938
531938
531938
531938
531938
531938
531938
531938
531938
531938
531938
531108
531108
531108
531108
531108
531108
531108
531108
531108
531108
531108
531108
531108
531108
531108
531108
531108
529874
529874
529874
529874
529874
529874
529874
529874
529874
529874
529874
529874
529874
529874
529874
520368
520368
520368
520368
520368
520368
520368
520368
520368
520368
520368
519335
519335
519335
519335
519335
519335
519335
519335
519335
518197
518197
518197
518197
518197
518197
518197
518197
517742
517742
517742
517742
517742
517742
517742
517742
515757
515027
515027
515027
515027
515027
515027
515027
515027
515027
515027
514961
514961
514961
514961
514961
514961
514961
514961
514961
514961
514961
514961
514961
514961
514961
514961
514961
514061
514061
514061
514061
514061
514061
514061
514061
514061
514061
514061
514061
514061
514061
514061
514061
512990
512990
512990
512990
512990
512990
512990
512990
512990
512990
512990
512990
512990
512990
512990
512990
512811
512811
512811
512811
512811
512811
512811
512811
512811
512811
512811
512811
508513
508513
508513
508513
508513
508513
506755
506755
505216
505216
505216
505216
505216
505216
505216
498247
498247
498247
498247
498247
497091
497091
497091
497091
497091
497091
497091
497091
497091
497091
497091
497091
497091
497091
497091
497091
497091
496780
496780
496780
496780
496780
496780
496780
496780
496780
496780
496780
496780
494818
494818
494818
494818
494818
494818
494818
494818
494818
494818
494818
494818
494818
494818
494818
494818
494818
494818
494818
494818
493996
493996
493996
493996
493996
493996
491947
491947
491947
488641
488641
488641
488641
487701
487701
487701
487701
487701
487701
487701
487701
487701
487701
487701
487701
487701
487701
486357
486357
486357
486357
486357
486357
486357
486357
486357
486357
486357
486357
486357
486357
484271
484271
484271
484271
484271
484271
484271
484271
484271
484271
484226
484226
484226
484226
481839
481839
481839
481839
481839
481839
481839
481839
481839
481839
481839
481839
481839
481839
481839
480307
480307
480307
480307
480307
480307
480307
480307
480307
480307
480307
479147
479147
479147
479147
479147
479147
479147
479147
479147
479147
479147
479147
479147
478844
478844
478844
478844
478844
478844
478844
478844
478844
478844
478844
478844
478844
478844
478844
477614
477614
477614
477585
477585
477585
477585
477585
477585
477585
477585
477585
477585
477585
474349
474349
474349
474349
470827
469456
469456
469456
469456
467045
467045
467045
467045
467045
467045
467045
467045
467045
464306
464306
464306
464306
464306
464306
464306
464306
464306
464306
464306
464306
464306
464306
460999
460999
460999
460999
460999
460999
460999
460999
460999
460999
460999
460999
460999
460999
459535
459535
459535
459535
459535
459535
459535
459535
459535
459535
459535
459535
459535
459535
459535
459535
459535
459195
459195
459195
459195
459195
459195
459195
459195
459195
459195
459195
459195
459195
459195
459195
458691
458691
458691
458691
458691
458691
455333
455333
455333
455333
455333
455333
455333
455333
455333
455333
455333
455333
454917
454917
454917
454917
454917
454860
454860
454860
454860
454860
454860
449367
449367
449367
447091
447091
447091
447091
447091
445429
445429
445429
445429
445429
445429
445429
442241
442241
442241
442241
442241
442241
442241
442241
442072
442072
442072
442072
442072
442072
442072
442072
442072
442072
442072
442072
442072
440007
440007
440007
439391
439391
439391
439391
439391
439391
439391
439391
439391
439391
439391
439391
439391
439391
439391
439391
439391
439391
439391
439391
437603
437603
437603
437603
437603
437603
437603
437603
437603
437603
436001
436001
436001
436001
436001
436001
436001
436001
436001
436001
436001
434943
434943
434943
434943
434943
434943
434943
434943
434943
434943
434943
434943
429157
429157
429157
429157
429157
429157
429157
426233
426233
426233
426233
426233
426233
426233
426233
426233
423632
423632
423632
423632
423632
423632
418251
418251
418251
418251
418251
416680
416680
415947
415947
415947
415947
415947
415947
415947
415947
415947
415947
413885
413632
413632
413632
413632
413632
413632
413632
413632
413632
413632
411266
411266
411266
411266
411266
411266
411266
409543
409543
409543
403500
403500
403500
403500
403500
403500
403500
403500
403500
401821
401821
401821
401821
401821
401821
401821
401821
400934
400344
400344
400344
392685
392685
392685
392685
392685
392685
392685
392685
392685
392685
392685
392685
392685
392685
392685
389973
389973
389973
389973
389973
389973
389973
389973
389973
389973
389973
389973
389973
389973
389973
388971
388971
388971
388819
388819
388819
388819
388819
388819
388819
388819
388819
388819
388819
388819
388819
388819
388819
388819
388819
388819
388819
388469
388469
385788
385788
385788
385788
385788
385788
385788
385788
383277
383277
383277
383277
383277
383277
383277
383277
383277
383277
383277
382421
382407
382407
382407
382407
382407
382407
382407
382407
381785
381785
381785
381785
381785
381785
381785
381785
381785
381785
381649
381649
381649
381649
381649
381649
381649
381649
381649
381649
381649
381042
381042
381042
381042
381042
381042
381042
381042
381042
380701
380701
380701
380701
380701
380701
380701
380701
380701
380701
380701
380701
380701
380701
380701
370641
370641
370641
370641
370641
370641
370641
370641
370055
370055
370055
370055
370055
370055
370055
370055
370055
370055
370055
370055
369286
369286
369286
369286
369286
369286
369286
369286
369286
369286
369286
369286
368749
368749
368749
368749
368749
368749
368749
368749
368749
368749
368749
368749
368749
368749
368749
368749
368749
368749
368749
368749
367230
367230
367230
367230
365716
365716
365716
365716
365716
365716
365716
365716
365716
365716
365716
365716
365716
364144
362912
362912
362912
362912
362912
362912
362912
362912
362912
362912
362912
362694
362694
362694
359617
359617
359617
359617
358350
358350
358350
358350
358350
358350
358350
358350
358350
358350
358350
358350
358350
358350
358350
358350
358350
358350
358350
355820
355820
355519
355519
355519
355519
355519
355519
355519
355519
355519
355519
355519
355519
355519
355519
354360
354360
354360
354360
354360
354360
354360
354360
354360
352311
352311
352311
352311
352311
352311
352311
352311
352311
349929
349929
349929
349929
349929
349929
349929
349929
349929
349929
349929
349864
349864
349864
348386
348386
348386
348386
348386
348386
348386
348386
348386
348386
348386
348386
348386
348386
348386
348386
348386
341278
341278
341278
341278
341278
341278
341278
340256
340256
340256
340256
337794
337794
337794
337794
337794
337794
337794
337794
337794
337794
337794
337794
337794
337794
334880
334880
334880
334536
334536
334536
334536
334536
334536
334536
334536
334536
334536
334536
334536
334536
334536
334536
334536
334536
334536
334536
334536
333373
333373
333373
333373
333373
333373
333373
333373
331348
331348
331348
331348
331348
330280
330280
330280
330280
330280
330280
330280
330280
330280
330280
330280
330280
330280
330280
330280
330280
329628
329628
329628
329628
329628
329628
329628
329628
329628
329628
329628
329628
329628
329628
329628
326907
326907
326907
326907
326907
326907
326907
326907
326907
326907
326907
326907
326907
326907
326907
326907
326907
326907
326907
320261
320261
320261
320261
320261
320261
320261
320261
320261
320261
320261
320261
320261
320261
320261
316963
316963
314680
314680
314680
314680
314680
314680
314680
314680
314680
314680
312758
312758
312758
312758
312758
312758
312345
312345
312345
312345
312345
312345
312345
312345
312345
312345
312345
312345
312345
312345
312345
311794
311794
311794
309384
309384
309384
309384
309384
309384
309384
309384
309384
309384
309384
309124
309124
309124
309124
309124
309124
309124
309124
309124
309124
309124
309124
309124
309124
309124
309124
308322
308322
308322
308322
308322
308322
306980
306980
306980
306980
306980
306980
306980
306980
306980
305188
305188
305188
305188
299471
299471
299471
299471
299471
299471
299471
299471
299471
299471
299471
299471
299471
299471
299471
299471
299471
299471
299471
298414
298414
298382
298382
298382
298382
298382
298382
298382
298382
298382
298382
298382
298382
298382
298382
298382
298382
297192
297192
297192
297192
297192
297192
297192
297192
297192
297192
297192
297192
297192
297192
297192
297192
297192
288933
288933
288933
288933
288933
288933
288933
288933
284706
284706
284706
284706
284706
284706
284706
284706
284706
284706
284706
284706
284706
284706
284706
284706
284706
284706
284706
284706
281668
281668
281668
281668
281668
281668
281668
281668
281668
281668
281668
281668
281668
278546
278546
278546
278546
278546
277327
277327
277327
277327
277327
277327
277327
277327
277327
277327
277327
277327
277327
277327
277327
277327
277327
277327
277090
277090
277090
277090
277090
277090
277090
277090
277090
277090
275945
275945
275945
275945
275945
275945
275945
275945
275945
275945
274257
274257
272557
272557
272557
272557
272557
272557
272557
272557
272557
272557
272557
272557
272557
272557
272557
272557
272557
272557
271092
271092
270193
270193
270193
270193
270193
270193
270193
270193
270193
270193
270193
270193
270193
270193
270193
267985
267985
267985
267985
267985
267985
267985
267985
267985
267985
267985
266572
266572
266572
266572
266572
266572
266572
266572
266572
266572
266572
266572
266572
266572
266572
265955
265955
265955
265955
265955
265955
265955
265955
265955
265955
265955
265955
265955
265955
265955
265955
265955
265955
265955
264457
264457
264457
264457
264457
264457
264457
264457
264457
264457
264457
264457
264457
264457
264457
264457
264457
264457
264457
264457
263536
263536
263536
263536
263536
263536
263536
263536
263536
263536
263536
263536
263536
263536
263536
263536
262240
262240
262240
262240
262240
262240
262240
260684
260684
260684
260684
260684
260684
260684
260684
260684
260684
260684
260684
260684
260684
260684
260684
260684
259934
259934
259934
259934
259934
259934
259934
259934
259934
259934
259934
259934
259934
259934
259934
259934
259934
259934
257759
257759
257759
257759
257759
257759
257759
257759
257759
257759
257759
257759
257759
257759
257759
257759
257759
257759
248008
248008
248008
248008
248008
248008
248008
248008
248008
248008
248008
248008
247400
247400
247400
247400
247400
247400
247400
247400
247400
247400
247400
247400
247400
247400
247400
247400
243005
243005
243005
243005
243005
243005
243005
243005
243005
243005
243005
243005
243005
243005
243005
243005
242698
242698
242698
242698
242698
242698
242698
242698
242698
242698
242698
242698
242698
242698
242698
242698
242698
242698
242698
242698
242438
242438
242378
242378
242378
242378
242378
242378
242378
242378
242378
242378
242378
242378
242378
242378
242378
242378
242378
242329
242329
242329
242329
242329
242329
242329
242329
242329
242329
242329
242329
242329
242329
242329
242329
242329
242329
242329
242329
239436
239436
239436
239436
239436
239436
239436
239436
239436
239436
239436
239436
239436
239436
239061
239061
239061
239061
239061
239061
239061
239061
239061
239061
239061
239061
239061
238256
238256
238256
238256
238256
238256
236993
236993
236993
236119
236119
236119
236119
236119
236119
236119
236119
236119
234265
234265
234265
234265
234265
234265
234265
234265
234265
234265
234265
234265
234265
234265
234265
234265
234265
232332
232332
232332
232332
232332
232332
232332
232332
232332
232332
232332
232332
232332
232332
232332
232332
232332
232332
229239
229239
229239
229239
229239
219251
219251
219251
219251
219251
219251
219251
219251
219251
219251
219251
219251
219251
218559
218559
218559
218559
218559
218559
217905
217905
217905
217905
217905
217905
217905
217905
217905
217905
217905
217905
217905
215183
215183
215183
215183
215183
215183
215183
215183
215183
215183
215183
215183
215183
215183
215183
215183
206265
206265
206265
206265
206265
206265
202651
202651
202651
202651
202651
202651
202651
202651
202651
202651
202651
202651
202651
202651
202651
202651
202651
201427
201427
201427
201427
201427
201427
201427
201427
201427
201427
201427
201427
200835
200835
200835
200835
200835
200835
199299
199299
199299
199299
199299
199299
199299
199299
199299
199299
199299
199299
199299
199299
199299
199299
198555
198555
198065
198065
198065
198065
198065
198065
198065
198065
198065
198065
198065
198065
198065
198065
198065
198065
195180
195180
195180
195180
195180
195180
195180
195180
191672
191672
191672
191672
191672
191672
191672
191672
189322
189322
189322
189322
189322
189322
189322
189322
189322
189322
189322
189322
182015
182015
182015
182015
182015
182015
182015
182015
182015
182015
182015
182015
182015
182015
179851
179851
178300
178300
178300
178300
178300
178226
176734
176734
176734
176734
173634
173634
173531
173531
173531
171752
171752
171752
171752
166073
166073
165869
165869
165869
164987
164777
164777
164777
164777
164777
164777
164777
164777
164777
164777
164777
164777
164777
164777
164777
163827
163827
163827
163827
163827
163827
160024
160024
160024
160024
160024
160024
160024
160024
160024
160024
160024
160024
160024
160024
160024
160024
160024
160024
160024
159287
159287
159287
159287
159287
159287
159287
159287
159287
159287
159287
159287
159287
159287
156838
156838
156838
156838
156838
156838
156838
156838
156815
156815
156815
156815
156815
156815
151931
151931
151931
151931
151931
151931
151931
151931
151931
151931
151931
151931
151931
151931
151931
151931
151931
151931
151166
151166
151166
151166
151166
151166
151166
151166
151166
151166
151166
151166
151166
151166
148510
148510
148510
148510
148510
148510
148510
148510
148510
144310
144310
144310
141001
141001
141001
141001
141001
141001
141001
141001
141001
141001
141001
141001
141001
141001
141001
141001
141001
141001
141001
141001
137622
137622
137622
137622
137622
137622
137622
137622
137622
137622
137622
137622
137622
137622
137622
137622
137622
135191
135191
135191
135191
135191
135191
135191
135191
135191
131761
131761
131761
131761
131761
131761
131761
131761
131761
131761
131761
131761
131761
130999
130999
130999
130999
130999
130386
130386
130386
130386
130386
130386
130386
130386
130386
130386
130386
130386
127902
127902
127902
127902
127902
127902
127902
127902
127902
127902
127088
127088
126701
126701
126701
126701
126701
126701
126701
122484
122484
122484
122484
122484
122484
122484
122484
122484
122484
122484
122484
122484
122484
122484
122484
122484
122484
122484
119324
119324
119324
119324
119324
119324
119324
119324
119324
119324
119324
119324
119324
119324
119324
119324
113556
113556
113556
113556
113556
113556
113556
113460
113460
113460
113460
113460
113460
113460
113460
113460
113460
113460
113460
113460
113460
113460
111682
111682
111682
111682
111682
111682
111682
111682
111682
111682
111682
111682
111682
111682
111682
111682
111682
111682
111682
105609
105609
105609
105609
105609
105609
105609
105609
105609
105609
101914
101914
101914
101914
101914
101914
96518
96518
96518
96518
96518
96518
96518
96518
94647
94647
94647
93396
93396
93396
93396
93396
93396
93396
93396
93396
93396
93396
93396
93396
93396
93396
93396
91971
91971
91971
91971
91971
91971
91971
91971
91971
91971
91971
91971
90869
90869
90869
90869
90869
90869
90869
90869
85816
85816
85816
85816
85816
85816
85816
85816
85816
85816
85816
85816
85816
85816
85816
85816
85816
85816
85582
85582
85582
85582
85582
85582
85582
85582
85582
85582
85582
85582
85582
85582
85582
85582
85582
85582
85582
83951
83951
83951
83951
83951
83951
83951
83951
83951
83951
83951
83951
83951
83951
83951
83951
83951
82045
78178
78178
78178
78178
78178
78178
78178
78178
78178
78178
78178
78178
78178
77972
77972
77972
77972
77972
77972
77972
77972
77972
77972
77972
77972
77972
77972
77972
77972
77972
76995
76995
76995
76995
75710
75710
75710
75710
75710
75710
75368
75368
75368
75368
75368
75368
75368
75368
75368
75368
74927
74927
74927
74927
74927
74927
74927
74927
74927
74927
74927
74927
74927
71192
68024
68024
68024
68024
68024
68024
68024
68024
68024
68024
68024
68024
68024
68024
68024
68024
68024
68024
66271
66271
66271
66271
66271
66271
66271
66271
66271
66271
64417
64417
64417
64417
64417
64417
62798
62798
62798
62798
62798
62798
62798
62798
62798
62798
62798
62798
62798
61650
61650
61650
61650
61650
61650
61650
61650
61650
60616
60616
60616
60616
60616
60616
60616
60616
60616
60616
60616
60616
60616
60616
60616
60616
60616
60616
60616
60616
60154
60154
60154
56637
56637
56637
56637
56637
56637
56637
56637
56637
56637
56637
56637
56637
56637
56637
56637
56637
56637
56343
56343
56343
56343
56343
56343
56343
56343
56343
56343
56343
56343
56343
56343
56343
55747
55747
55747
55747
55747
55747
55747
55747
55747
55154
55154
55154
55154
55154
55154
55154
55154
55154
51700
51700
51700
51700
51700
51700
51700
51700
51700
51700
51700
51700
51700
51700
51700
51700
49933
49933
46876
46876
46876
46876
46876
46876
46876
46876
46876
46876
46876
46876
46876
46876
46876
46784
46784
46784
46784
46784
46784
46784
46784
46784
46784
46489
46489
46489
46489
46489
46489
46489
46489
46489
46489
46489
46489
46489
46489
41551
41551
41551
41551
41551
41551
41551
41551
41406
41406
41406
41406
41406
41406
41406
41406
41406
41406
41406
41406
41406
41406
41406
41406
41406
37511
37511
37511
37511
37511
37511
37511
37511
37511
37511
37511
35191
35191
35191
35191
35191
35191
35191
35191
35191
35191
35191
35191
35191
35191
35191
35191
35191
34670
34670
34670
34670
34670
34670
34670
34670
34670
27850
27850
27850
27850
27850
27850
27850
27850
27850
27850
27850
27850
27850
27850
27850
27850
27850
27716
27716
27716
27716
27716
27716
27716
26980
26980
26980
26980
26980
26980
26980
26980
26980
26980
26980
23990
23990
23990
23990
23990
23990
23990
23990
23990
23990
23990
23990
23990
23990
14834
14834
14834
14834
14834
14834
14834
14834
14834
14834
14834
14834
14834
14834
14834
14834
14834
14834
14834
13857
13857
13857
13857
13857
13857
13857
13857
12580
12580
12580
12165
12165
12165
12165
12165
12165
12165
12165
12165
12165
