2670
1500000
984625
984625
984625
984625
984625
984625
984625
984625
984625
984625
984625
984625
982062
982062
982062
982062
982062
982062
982062
982062
982062
982062
982062
982062
982062
982062
982062
982062
982062
982062
982062
982062
980218
980218
980218
980218
980218
980218
980218
980218
980218
980218
980218
976685
976685
976685
976685
976685
976685
976685
976685
976685
976685
976685
976685
976685
976685
976685
976535
976535
976535
976535
976535
973750
973750
973750
973750
973750
973750
973750
973750
973750
973750
973750
973359
973359
973359
973359
973359
973359
973359
973359
973359
973359
973359
973359
973359
972956
972956
972956
972956
972956
972956
972956
972956
970873
970873
970873
970873
970873
970873
970873
970873
970873
970873
968401
968401
968401
968401
968401
968401
968401
968401
968401
968401
968401
961897
961897
961897
961897
961897
961897
961897
961897
961897
961897
961897
961897
961897
961897
961897
961897
961897
961897
961897
961897
954333
954333
954333
954333
954333
954333
954333
954333
954333
954333
954333
954333
954333
954333
954333
952318
952318
952318
952318
952318
952318
952318
952318
952318
952318
952318
952318
952318
952318
949571
949571
949571
949571
949571
949571
949571
949571
949571
949571
949571
949571
949571
949571
949571
949571
949571
949571
949571
948280
948280
948280
948280
946473
946473
946473
946473
946473
946473
946473
946473
946473
946473
946473
946473
946473
946473
946473
946473
946473
946473
946473
939964
939964
939964
939964
939964
939964
937645
937645
937645
935768
935768
935768
935768
935768
935768
935768
935768
935768
935768
935768
935768
935768
935768
935768
935768
935768
935768
933398
933398
933398
933398
933398
933398
933398
933398
931418
931418
931418
931418
931418
931418
931418
931418
931418
931418
931418
931418
931418
931418
931418
931418
931418
923008
923008
923008
918440
918440
913028
913028
913028
913028
913028
913028
907133
907133
907133
907133
907133
905320
905320
905320
905320
905320
905320
905320
905320
896099
896099
896099
896099
896099
896099
896099
896099
896099
896099
896099
895813
895813
895813
895813
889469
889469
889469
889469
889469
889469
889469
889469
889469
889469
889469
889146
889146
889146
889146
889146
889146
889146
889146
889146
889146
889146
889146
889146
889146
889146
887658
887658
887658
887658
887658
887658
887658
887658
887658
887658
887658
887658
887658
887658
887658
887658
887658
887658
886146
886146
886146
886146
886146
886146
886146
886146
886146
886146
886146
886056
886056
886056
886056
886056
886056
886056
886056
886056
886056
886056
886056
886056
883752
883752
883752
883752
883752
883752
883752
883752
883752
883752
883752
883752
883752
883752
883752
883752
882460
882460
882460
882460
882460
882460
882460
882460
882460
882460
882460
882460
882460
882460
882460
882460
882460
882460
882460
882460
880340
880340
880340
880340
880340
880340
875008
875008
875008
875008
875008
875008
875008
875008
875008
875008
875008
875008
875008
870295
870295
870295
868958
868958
868958
868958
868958
868958
868958
868958
868958
868958
868958
868958
868958
868958
868958
868958
858844
858844
858844
858844
858844
858844
858844
858844
858844
856225
856225
856225
856225
856225
856225
856225
856225
856225
856225
856225
856225
856225
855949
852026
852026
852026
852026
852026
852026
852026
852026
852026
852026
852026
852026
852026
852026
852026
852026
852026
852026
852026
852026
841432
841432
841432
841432
841432
841432
841432
841432
841432
841432
841432
841432
841432
841432
841432
841432
841432
841432
841432
841432
839279
839279
839279
839279
839279
839279
839279
839279
839279
839279
838087
838087
838087
838087
838087
838087
838087
838087
838087
838087
838087
818083
818083
818083
818083
818083
818083
818083
818083
818083
818083
818083
818083
818083
818083
818083
818083
818083
816508
816508
816508
816508
816508
816508
816508
816508
816508
816508
816508
816508
816508
816377
816377
816377
810781
810781
810781
810781
810781
810781
810781
810781
810781
810781
808051
808051
808051
808051
808051
808051
808051
808051
808051
808051
808051
808051
807346
807346
807346
807346
807346
807346
807346
807346
807346
807346
807346
803591
803591
803591
803591
803591
803591
803591
803591
803591
803591
803591
803591
803591
803591
790455
790455
790455
790455
790455
790455
790455
790455
790455
790455
790455
790455
790455
790455
790455
790455
790455
790455
790455
781189
781189
781189
781189
781189
781189
781189
781189
781189
781189
781189
781189
781189
781189
779927
779927
779927
779927
779927
779927
779927
779927
779927
779927
779927
779927
779927
779927
778660
778660
778660
778660
778660
778660
778660
778660
778660
778660
778660
778660
761341
761341
761341
761341
761341
761080
761080
761080
761080
761080
761080
761080
761080
761080
761080
761080
761080
761080
757666
757666
757666
757666
757666
757666
756319
756319
756319
756319
756319
756319
756319
756319
756319
756319
756319
756319
756319
756319
756319
756319
756319
756084
756084
756084
756084
756084
756084
756084
756084
756084
756084
756084
756084
756084
756084
756084
756084
756084
756084
755532
755532
755532
755532
755532
755532
755532
755532
746025
746025
746025
746025
746025
746025
746025
746025
746025
746025
746025
746025
746025
746025
746025
746025
746025
746025
739489
739489
739489
739489
739489
739489
739489
739489
739489
739489
739489
739489
739489
739489
739489
739489
739489
739489
739489
739010
739010
739010
739010
739010
739010
739010
739010
729358
729358
729358
729358
729358
728839
728839
728839
725494
725494
725494
725494
725494
725494
725494
725494
725494
725494
725494
725494
725494
725494
725494
725494
725494
725280
725280
725280
725280
725280
725280
725280
725280
725280
725280
725280
725280
725280
725280
725280
725280
725280
725280
725280
725280
719954
719954
719954
719954
719954
719954
719954
719954
719954
719954
719954
719954
719954
719954
719954
719179
719179
719179
719179
719179
719179
718099
718099
718099
718099
718099
718099
718099
718099
718099
718099
718099
718099
718099
718099
718099
718099
718099
718099
718099
718099
706890
695297
695297
695297
695297
695297
695297
695297
695297
695297
695297
695297
695297
695297
688639
688639
688639
688639
688639
688639
681196
681196
681196
681196
681196
681196
681196
681196
681196
681196
681196
680810
680810
680810
680810
680810
680810
669284
669284
669284
669284
669284
669284
669284
669284
669284
669284
669284
666891
666891
666891
666891
666891
666891
666891
666891
666891
666891
666891
666891
666891
666891
664064
664064
664064
664064
664064
664064
664064
664064
664064
664064
664064
664064
664064
664064
664064
664064
664064
664064
664064
664064
656966
656966
656966
656966
656966
656966
656966
656846
656846
656846
656846
656846
656846
656846
656846
656846
656846
656846
656846
656846
656846
656846
656846
656846
656846
656846
647441
647441
647441
647441
647441
647441
647441
647441
647441
647441
647441
647441
647441
647441
647441
647441
647441
647441
647441
646754
646754
646754
646754
646754
646754
646754
646754
646754
646754
646754
646754
646754
646754
646754
646637
646637
646637
646637
646637
646637
646637
646637
646637
646637
646637
646435
646435
646435
646435
646435
646435
646435
646435
646435
646435
639859
639859
639859
639859
639859
639859
639859
639859
639859
639859
639859
639859
639859
639859
639859
639859
639859
639859
639859
639859
638917
638917
638917
638917
638917
638189
636890
633497
633497
633497
633497
633497
633497
633497
633497
633497
633497
633497
633497
633497
633497
628359
628359
628359
628359
628359
628359
628359
628359
627535
627535
627535
627535
627535
627535
627535
627535
627535
627535
627535
627535
620009
620009
620009
620009
618288
618288
618288
618288
618288
618288
618288
618288
618288
618288
618288
618288
618288
612497
612497
611647
611647
611647
611647
611647
611647
611647
611647
611647
611647
611647
611647
611647
611647
611647
607729
607729
607729
607729
607729
607729
607729
607729
607729
607729
607729
607729
607729
607729
607729
606800
606800
606800
606800
606800
606800
606800
606800
606800
606800
606800
606800
604523
604523
604523
604523
604523
603085
603085
603085
603085
603085
603085
603085
603085
603085
603085
603085
603085
603085
603085
603085
601952
601952
601952
601952
601952
601952
601952
601952
601952
601952
601952
601952
601952
601952
601952
601952
600643
600643
600643
600643
600643
599181
599181
599181
599181
599181
599181
599181
599181
599181
599181
599181
599181
599181
599181
599181
599181
599181
599181
594199
594199
594199
594199
594199
594199
594199
594199
594199
594199
594199
594199
594199
594199
594199
594199
594199
594199
594102
594102
594102
594102
594102
594102
594102
594102
590445
590445
590445
590445
590445
590445
590445
590445
590445
590445
590445
590445
590445
590445
590445
590445
590445
590445
590445
590445
587614
587614
587614
587614
587614
587614
587614
587614
587614
587614
587614
587614
587614
587614
587614
587614
587614
587614
579504
579504
579504
579504
579504
579504
579504
579504
579504
579504
579504
579504
579504
579504
579504
579504
576139
576139
576139
575671
575671
575671
575671
575671
575671
575671
575671
575671
575671
575671
575671
575671
575671
575671
570983
570983
570983
570983
570983
570983
570983
559208
559208
559208
559208
559208
559208
559208
559208
559208
559208
559208
559208
559208
559208
559208
559208
559208
559208
559208
559208
555857
555857
555857
555857
555857
555857
555857
555857
553112
553112
553112
552190
552190
552190
552190
552190
552190
552190
552190
552190
552190
552190
552190
552190
552190
552190
552190
548546
548546
548546
548546
548546
548546
548546
548546
548546
548546
548546
548546
548546
542846
542846
542758
542758
542758
542758
542758
542758
542758
542758
542758
542758
542758
542758
542758
542758
542758
542006
542006
542006
542006
542006
542006
542006
542006
542006
542006
542006
542006
542006
542006
542006
542006
542006
542006
542006
536467
536467
536467
536467
536467
536467
536467
534111
534111
534111
529196
529196
529196
529196
529196
529196
508262
508262
508262
508262
508262
508262
508262
508262
503014
503014
503014
503014
503014
503014
503014
503014
503014
503014
503014
493913
493913
493913
493913
493913
493913
493913
493913
493913
493913
490379
490379
490379
490379
490379
490379
490379
488030
488030
488030
488030
488030
487276
487276
487276
487276
487276
487276
487276
487276
487276
487276
487276
487276
487276
487276
487276
487276
487276
484354
484354
484354
484354
484354
484354
484354
484354
484354
484354
484354
484354
482692
482692
482692
482692
467903
467903
467903
467903
467903
467903
467903
467903
467903
467903
467903
467903
467903
467903
467903
467903
467903
467903
467903
467903
460158
460158
460158
460158
460158
460158
460158
460158
460158
460158
460158
460158
460158
460158
460158
460158
459729
459729
459729
459729
459729
459729
459729
459729
459729
459729
459729
459729
459729
459729
452543
452543
452543
452543
452543
452543
452543
452543
452543
452543
452543
452543
452543
448184
448184
448184
448184
448184
448184
447149
447149
447149
447149
447149
447149
447149
447149
446683
446683
446683
438928
438928
427941
427941
427941
427941
427274
427274
427274
427274
427274
427274
427274
427274
426604
426604
426604
412589
412589
412589
412589
412589
412589
412589
412589
412589
412589
412589
412589
412589
412589
412589
412589
412589
409921
409921
409921
409921
409921
409921
409921
409921
409921
409921
409921
409921
409921
409921
409921
409921
407581
407581
407581
407581
407581
407581
396970
396970
396970
396970
396970
396970
396970
396970
396970
396970
396970
396970
396970
396753
396753
396753
396753
396753
396753
395825
395825
395825
395825
395825
395825
395825
395825
395825
395825
395825
395825
395825
395825
395825
395825
395825
395825
394555
394555
394555
394555
394555
394555
394555
394555
394555
394555
394555
394555
394555
394555
394555
394555
393981
393981
393981
393981
393981
393981
393981
393981
393981
393981
393981
393981
393981
393981
393981
393981
393981
393753
393753
393753
393753
393753
393753
393753
393753
393753
393753
393753
393753
393753
393753
393753
393753
393753
385732
385732
385732
385732
385732
385732
385732
385732
385732
385732
378855
378855
378855
378855
378855
378855
378855
378855
378855
378855
378855
378855
378855
374990
373500
373500
373500
373500
373500
373500
373500
373500
356433
356433
356433
356433
356433
356433
356433
356433
356433
356433
356433
356433
356433
356433
356433
356433
356433
356433
355295
355295
355295
355295
355295
355295
355295
355295
355295
355295
355295
355295
355295
355295
355295
355136
355136
355136
355136
355136
355136
355136
355136
355136
355136
355136
355136
355136
355136
355136
355136
355136
355136
355136
355136
353604
353604
353604
353604
353604
353604
353604
353604
353604
353604
353604
353604
353604
353604
353604
353604
346418
346418
346418
346418
346418
346418
346418
346418
346418
346418
346418
346418
346418
339233
334385
334385
334385
334385
334385
334385
334385
334385
334385
334385
325700
325700
325700
325700
325700
325700
325700
325700
325700
325700
325700
325700
325700
325700
325700
325700
325700
321436
321436
321436
321436
321436
321436
321436
321436
321436
321436
321436
321436
321436
321436
321436
321436
321436
321436
321436
316154
314166
314166
314166
314166
314166
314166
314166
314166
314166
314166
314166
314166
314166
314166
314166
314166
311227
311227
311227
311227
311227
308189
308189
308189
308189
303063
303063
303063
303063
303063
303063
303063
303063
302673
301144
301144
301144
301144
301144
301144
301144
301144
301144
297837
297837
297837
297837
297837
297837
290973
290973
290973
290973
289955
289955
289955
289955
289955
289955
289955
289955
285756
285756
285756
285756
285756
285756
285756
285756
285756
284848
284848
284848
284848
284848
284848
284848
284848
284848
284848
284848
284848
284848
284848
284848
284848
284848
284848
284848
284848
278853
278853
278853
278853
278853
278853
278853
278853
278853
276702
276702
276702
276702
276702
276702
276702
276702
276702
276702
276702
276702
276702
276019
276019
276019
276019
276019
276019
276019
276019
276019
276019
276019
273451
273451
273451
273451
273451
258893
258893
258893
258893
258893
258893
258893
258893
258893
258691
258691
258691
258691
258691
258691
258691
258691
258691
258691
254839
254839
254839
254839
254217
254217
254217
254217
254217
254217
254217
254217
254217
254217
254217
254217
254217
254217
254217
254217
254217
254217
254217
249001
249001
249001
249001
249001
248106
248106
248106
247612
247612
247612
247612
247612
247612
247612
247612
247612
246523
246523
245901
245901
245901
245901
245901
245901
245901
245901
245901
245901
245901
245901
245901
245901
245901
245901
245901
245901
245901
245901
239300
239300
239300
239300
239300
239300
239300
239300
239300
239300
237882
237882
237882
237882
237882
237882
237882
237882
237882
237882
235471
235471
235471
235471
235471
235471
235471
235471
235471
235471
235471
228405
228405
228405
228405
220987
220987
220987
220987
220987
220987
220987
219814
219814
219814
219814
219814
219814
219814
219814
219814
219814
219814
219814
219814
219814
219814
214361
214361
214361
214361
214361
214361
214361
214361
214361
214361
214361
214361
214361
214361
214361
212953
212953
212953
212953
212953
212953
212953
212953
212953
212953
209944
209944
209944
209944
209944
209944
209944
209944
209944
209944
209944
209944
209944
209944
209944
209944
209944
209944
208484
208484
208484
208484
208484
208484
208484
208484
208484
208484
208484
208484
208484
208484
208484
208484
190079
190079
190079
187503
187503
187503
187503
186255
186255
186255
186255
185072
181932
181932
181932
181932
181932
181932
181932
181932
181932
181932
181932
181932
181932
181905
181905
181905
181905
181905
181905
181905
181905
181905
181905
181905
170936
170936
170936
170936
170936
168537
168537
167955
167955
167955
167955
167955
167955
167955
167955
167955
167955
167955
162924
161938
161938
161938
161938
161938
161938
161938
161938
161938
161938
161938
161938
161938
161938
161938
161938
161938
161938
161938
161748
161748
161748
161748
161748
161748
161748
161748
161748
161748
161748
161748
161748
161748
157190
157190
157190
157190
157190
157190
157190
157190
148681
148681
148681
148282
148282
148282
148282
148282
148282
148282
148282
148282
148282
148282
148282
148282
148282
148282
148282
148282
137034
136600
136600
136600
136600
136600
136600
136600
136600
136600
136600
136600
136600
136600
136600
136600
136600
136600
136600
136600
136600
135650
135650
135650
135650
135650
135650
135650
135650
135650
132589
132589
132589
132589
132589
132589
132589
132589
132589
132589
132589
132589
132002
132002
132002
132002
132002
132002
132002
132002
131991
131991
131991
131991
131991
131991
131991
131991
131991
129620
129620
129620
129620
129620
129620
129620
129620
129620
129620
129620
129620
129620
129620
129620
129620
129620
129620
129276
129276
129276
129276
129276
129276
129276
129276
129276
129276
129276
129276
129276
121247
121247
121247
121247
121247
121247
121247
121247
121247
121247
121247
121247
121247
121247
121247
121247
119750
119750
119750
119750
119750
119750
119750
119750
117943
117943
117943
117943
117943
117943
117943
117943
117943
117943
117943
117943
117943
117943
117943
116054
116054
110592
110592
110592
110592
110592
100625
100625
100625
100625
91691
91691
91691
91691
91691
91691
91691
91691
91691
91691
91691
91691
89668
89668
89668
89668
89668
78680
78680
78680
78680
77740
77740
77740
77740
77740
77740
75533
75533
75533
75533
75533
75533
68394
68394
68394
68394
68394
68394
68394
68394
68394
68394
68394
68394
68394
68394
68394
68394
68394
68394
68394
68394
68376
68376
59064
57145
56366
56366
56366
56366
56366
56366
56366
56366
56366
56366
56366
56366
56366
56366
56366
56208
56208
56208
56208
56208
56208
56208
56208
56208
56208
56208
56208
56208
54774
54774
54774
54774
54774
54774
54774
54774
54774
54774
54774
54774
54774
54774
54774
54774
38386
38386
30428
30428
30428
30428
30428
30428
30428
30428
30428
30428
30428
30428
30428
30428
30428
30428
30428
30428
28456
28456
28456
28456
28456
28456
28456
28456
28456
28456
28456
28456
28456
28456
23313
23313
23313
23313
23313
23313
23313
23313
23313
21827
21827
21827
21827
21827
21827
21827
21827
21827
21827
21827
20023
20023
20023
20023
20023
20023
20023
20023
20023
20023
20023
20023
20023
20023
20023
20023
17132
17132
17132
17132
17132
17132
17132
17132
17132
17132
13370
13370
13370
13370
13370
13370
13370
13370
13370
13370
12559
12559
12559
12559
12559
12559
12559
12559
12559
12559
12559
12559
12559
12559
12559
12559
12559
