2685
1500000
999862
999862
999862
999862
999862
999862
999862
999862
999862
999862
999862
999859
999859
999859
999859
999859
999859
999859
999859
999859
999859
994451
994451
994451
994451
994451
994451
994451
994451
994451
994451
994451
994451
994451
994451
989947
989947
989947
989947
989947
989947
989947
989947
989947
989947
989947
989947
986878
986878
986878
986878
986878
986878
986878
986878
986878
986878
986878
986878
986878
986695
986695
986695
986695
986695
986695
986695
986695
984256
984256
984256
984256
984256
984256
984256
982849
982849
982849
982849
982849
982849
982849
982849
982849
982849
982849
982849
982849
982849
981947
981947
981947
981947
981947
981947
981947
977790
977790
977790
977790
977790
977790
977790
977790
977790
977790
977790
977790
977790
968859
968859
968859
964571
964571
964571
964571
964571
963507
963507
963507
963507
963507
963507
963507
963507
963507
963507
963507
963507
961385
961385
961385
961385
961385
961385
961385
961385
961385
961385
961385
961385
961385
961385
961385
961385
961385
961385
961385
961385
961287
961287
961287
961287
961287
961287
961287
961287
960836
960836
960836
960836
960836
960836
960836
960836
960836
956486
956486
956486
956486
956486
956486
956486
956122
956122
956122
956122
956122
956122
956122
956122
956122
956122
956122
956122
956122
956122
956122
956122
956122
952152
952152
952152
952152
952152
952152
952152
952152
952152
952006
952006
952006
952006
952006
952006
952006
952006
952006
952006
949690
949690
949690
949690
949690
949690
949690
949690
949690
949690
949690
949690
949690
949690
949690
949690
949690
946848
946848
946848
946848
946848
946848
946848
946848
946848
946848
946848
939942
939942
939942
939942
939942
939942
939942
939942
939942
939942
939942
939942
939942
939942
939942
939942
939942
939942
939942
939942
939501
939501
939501
939501
939501
939501
939501
939501
939501
939501
939501
939501
939501
939501
939501
939501
939501
939501
934837
934837
934837
934837
934837
934837
934837
934837
934837
930739
927450
927450
927450
927450
927450
927450
927450
927450
927450
927450
927450
927450
927450
927450
927450
916839
916839
916839
916839
916839
916839
916839
916839
916839
916839
916839
911214
911214
911214
911214
911214
911214
911214
911214
911214
911214
909470
909470
909470
909470
909470
909470
909470
909470
909470
909470
901977
901977
901977
901977
901977
901977
901977
901977
901977
901977
901977
901977
901977
901977
901977
901977
885242
885242
885242
885242
885242
885242
885242
885242
885242
885242
885242
885242
885242
885242
885242
881962
881962
879432
872560
872560
872560
872560
872560
872560
870608
870608
870608
870608
870608
870608
870608
870608
870608
870608
870608
870608
870608
870608
870608
870608
870608
870608
862163
862163
862163
862163
862163
862163
862163
862163
862163
859759
859759
859759
859759
859759
859759
859759
859759
850270
850270
850270
850270
850270
850270
850270
850270
850270
850270
850014
850014
850014
850014
847758
836951
836951
836951
836951
836951
830650
830650
830650
830650
830650
830650
830650
830650
830650
823671
823671
823671
823671
823671
823671
823671
823671
822943
822943
822943
822943
822943
822943
822943
822943
822943
822943
822943
822943
822943
822943
822446
822446
822446
822446
822446
822446
822446
822446
822446
822446
822446
822446
822420
822420
822420
822420
822420
822420
822420
822420
822420
822420
822420
822420
822420
822420
822420
822420
822420
822420
822420
816879
816879
816879
816879
816879
816879
816879
816879
811601
811601
811601
811601
811601
811601
811601
811601
811601
811601
811601
801637
801637
801637
801637
801637
801637
800646
800646
798037
798037
798037
794247
794247
794247
794247
794247
792805
792805
792805
792805
792805
792805
792805
792805
792805
792805
792805
792805
792805
792805
792805
791163
791163
780817
780817
780817
780817
780817
780817
780817
780817
780817
773191
773191
773191
773191
773191
773191
773191
773146
773146
773146
773146
773146
773146
773146
773146
773146
773146
773146
773146
773146
773146
773146
773146
773146
773146
773146
773146
772069
772069
772069
772069
772069
772069
771726
771726
771726
764780
764780
764780
764780
764780
764780
764780
764780
762320
762320
762320
762320
762320
762320
762320
762320
762320
762320
762320
759321
759321
759321
759321
759321
759321
759321
759321
759321
759321
759321
759321
759321
759321
757909
757909
757909
757909
757909
757909
757909
757909
757909
753691
753691
753691
753691
753691
750989
750989
750989
750989
750989
750989
750989
750989
750989
750989
750989
748620
748620
748620
748620
748620
748620
748620
748620
748620
748296
748296
748296
748296
748296
748296
748296
748296
748296
748296
748296
748296
748296
748296
748296
748296
738406
738406
738406
738406
738406
738406
738406
738406
738406
738406
738406
738406
738406
734253
734253
734253
734253
734253
734253
734253
734253
734253
734253
734253
734253
734253
734253
734253
734253
734253
734253
724222
724222
724222
724222
724222
724222
724222
724222
724222
724222
724222
724222
722471
722471
722471
722471
722471
722471
722471
722471
722471
722471
722471
722471
722471
722471
716007
716007
716007
716007
716007
714136
714136
714136
711660
711660
711660
711660
711660
711660
711660
711660
711660
711660
711660
711660
711660
711660
711660
711660
701478
701478
701478
701478
701478
701478
701478
701478
701478
701478
701478
698927
698927
698927
698927
698927
698927
698927
698927
698927
698927
698927
698927
698927
698927
698927
698927
698927
698927
698927
698927
698007
698007
698007
698007
698007
698007
698007
698007
698007
698007
698007
698007
698007
698007
688082
688082
688082
688082
688082
688082
688082
688082
688082
688082
688082
688082
688082
688082
688082
688082
688082
680519
680519
680519
680519
680519
680519
680519
680519
680519
680519
680519
680519
680519
680519
680519
680519
680519
680519
680519
678957
678957
678957
678957
678957
678957
678957
678957
678957
678957
678957
678957
677967
677654
677654
677654
675657
675657
675657
675657
667838
667838
667838
667838
667838
667838
667838
667838
667838
667838
667838
667838
667838
667838
667838
667838
667838
667838
667838
665870
665870
665870
665870
665870
665870
665870
665870
665870
665870
665870
665870
665870
661387
661387
661387
661387
661387
661387
661387
661387
661387
661387
651510
651510
651510
651510
651510
651510
651510
651510
648580
648580
648580
648580
648580
648580
648580
648580
648580
648580
648580
648580
647407
647407
647407
647407
647407
647407
647407
647407
647407
647407
645889
645889
645889
645889
645889
645889
645889
645889
645889
645889
645889
644782
644782
644782
644782
644782
644782
644782
644782
644782
632711
632711
632711
632711
632711
632711
632711
632711
631285
631285
631285
631285
631285
631285
631285
631285
631285
631285
631285
631285
631285
631285
630520
630520
630520
630520
630520
630520
627786
627786
627786
627786
627786
627786
627786
627786
627786
623279
623279
619532
619532
619532
619532
619532
619532
619532
619532
619532
619532
619532
619532
619532
619532
619532
619532
619532
619532
618001
618001
618001
618001
618001
618001
618001
618001
618001
618001
618001
618001
618001
618001
618001
618001
616434
616434
616434
616434
616434
616434
616434
616434
616434
616434
616434
614981
614981
614981
614981
614981
614981
614981
614981
614981
614981
614981
614981
614981
614981
614981
610709
610709
610709
610709
610709
610709
610709
610709
610709
610709
610709
610709
610709
610709
610709
610709
610709
610709
601200
601200
601200
601200
601200
601200
601200
601200
601200
601200
601200
601200
601200
601200
601200
600172
600172
600172
600172
600172
600172
600172
600172
600172
600172
598837
598837
598837
598837
598837
598837
598837
598837
598837
598837
598837
598837
598837
598837
598837
598837
598837
598837
590149
590149
590149
590149
590149
590149
590149
585295
585295
585295
585295
585295
585295
585295
585295
585295
585295
585295
585295
584603
584603
584603
584603
574152
574152
574152
574152
574152
574152
574152
574152
574152
574152
574152
574152
574152
572862
572862
572862
572862
572862
572862
572862
572862
572862
572862
572862
566152
566152
566152
566152
566152
566152
566152
566152
566152
566152
566152
566152
566152
566152
565495
565495
565495
565495
565495
565495
565495
565495
565495
565495
565495
565495
564650
564650
564650
564650
564650
564650
564650
564650
564650
564650
564650
564650
564650
564650
564650
564650
564650
564584
564584
564584
564584
564584
564584
564584
564584
564584
564584
564584
564584
556089
556089
556089
556089
556089
556089
556089
556089
556089
556089
556089
556089
546410
546410
546410
546410
546410
544763
544763
544763
544763
544763
544763
544763
544763
544763
544763
544763
544763
544763
544763
541558
541558
541558
541558
541558
541558
541558
537321
537321
537321
537321
537321
537321
537321
537321
537321
537321
537321
537321
537321
537321
537321
536575
536575
536575
536575
536575
536575
536575
536575
536575
536575
536575
536575
536575
536575
536575
536575
532796
532796
532796
532796
532796
532796
532796
532796
532796
532796
532796
532796
532796
532796
532796
532796
532796
532796
532796
524828
524828
521587
521587
521587
521587
521587
521587
511701
511701
511701
511701
511701
511701
511701
511701
511701
511701
511701
511701
511701
511701
505305
504080
504080
502441
502441
502441
502441
502441
502441
502441
502441
502441
502441
502441
502441
502441
502441
502441
501207
501207
501207
501207
501207
501207
501207
501207
501207
501207
501207
501207
501207
501207
501207
501207
501207
501207
498107
498107
498107
498107
498107
498107
498107
498107
498107
498107
498107
498107
498107
498107
498107
485506
485506
485506
485506
485506
485506
485506
485506
485506
485506
485506
485506
485506
485506
481816
481816
481816
481816
481816
481816
481816
481816
481816
481816
481816
481816
481816
481816
481816
478419
478419
478419
478419
478419
478419
478419
478419
478419
478419
478419
478419
478419
478419
478419
478419
478419
478419
478419
478419
473799
473799
473799
473799
473799
473799
473799
473799
473799
473799
473799
473799
473799
473799
473799
473799
473799
473799
473799
473799
470377
470377
470377
470377
470377
466283
466283
466283
466283
466283
466283
466283
466283
466283
466283
463418
463418
463418
463418
463418
463418
463418
463418
463418
463418
463418
463418
463418
463418
463418
463418
463418
463418
459885
459885
459885
459885
459885
459885
459885
459885
459885
459885
459885
459885
459885
459885
458964
458964
458964
458964
458964
458964
458964
458964
458964
458964
458964
458964
458964
458964
458964
458964
458964
457145
457145
457145
457145
456803
456803
456803
456803
456803
456803
456803
456803
456803
456803
455440
455440
455440
455440
455440
455440
455440
455440
455440
455440
455440
455440
455440
455440
455440
455440
454190
454190
449110
449110
449110
449110
449110
449110
445428
445428
445428
444561
444561
444561
444561
444561
444561
444561
444561
444561
444561
444561
444561
444561
444561
444561
443906
443906
443906
436048
436048
436048
436048
436048
436048
436048
436048
436048
436048
436048
436048
436048
436048
432771
432771
432771
432771
432771
432771
432771
432771
432771
428510
428510
428510
428510
428510
428510
428510
426055
426055
426055
425864
425864
425864
425864
425864
418227
418227
418227
418227
418227
418227
418208
418208
418208
418208
418208
418208
418208
418208
413065
413065
413065
413065
413065
413065
413065
413065
413065
413065
413065
412190
412190
412190
412190
412190
410334
410334
410334
410334
410334
410334
410334
410334
410334
410334
399186
389757
389757
389757
389757
389757
389757
389757
389757
389757
389757
389757
389757
389757
389757
389757
389757
389757
389757
384003
384003
384003
384003
384003
384003
384003
384003
384003
384003
384003
384003
384003
384003
378796
378796
378796
378796
378796
378796
378796
378796
374923
374923
374923
374923
374923
374923
374923
374923
374923
372232
372232
372232
372232
372232
372232
372232
372232
372232
372232
372232
372232
372232
372232
371125
371125
371125
366861
366861
366861
366861
366861
366861
366861
366861
366861
366861
366861
366861
366861
366861
366861
365810
365810
365810
365810
365810
365810
365810
365810
365810
365810
365810
365810
365810
365810
365810
359210
359210
359210
359210
359210
359210
359210
359210
359210
359210
359210
359210
359210
359210
359210
359210
359210
359210
359210
356570
356570
356570
356570
356570
356570
356570
356570
356570
356570
356570
356570
356570
356570
356570
356570
356570
356570
356570
355362
355362
355362
355362
355362
355362
346073
346073
346073
346073
346073
346073
346073
346073
346073
346073
346073
346073
346073
346073
346073
345976
345976
345976
345976
345976
345976
345976
342932
342932
342932
342932
342932
342932
342932
342932
342932
342932
342932
342932
342932
342932
338738
338738
338738
338738
338738
338738
338638
338638
338638
338638
338638
338638
338638
338638
338638
338638
338638
338638
338638
338638
338638
338638
338638
338638
338638
337231
337231
337231
337231
337231
337231
337231
337231
337231
337231
332368
332368
332368
332368
332368
332368
332368
332368
332368
332368
332368
332368
332368
332368
332368
332368
332368
332368
332368
332368
330994
330994
330994
330994
330994
330994
330994
330994
330994
328170
328170
328170
328170
328170
328170
325146
325146
325146
325146
325146
325146
325146
325146
325146
325146
325146
325146
325146
325146
325146
325146
325146
325146
325146
325146
313952
313952
310022
310022
310022
310022
310022
310022
310022
310022
310022
310022
310022
310022
310022
310022
310022
310022
310022
310022
310022
308246
308246
308246
308246
308246
308246
308246
308246
308246
308246
301581
301581
296641
296641
296641
296641
296641
296641
296641
296641
296641
295909
295909
295909
295909
294227
294227
294227
294227
294227
292079
292079
292079
292079
292079
292079
292079
292079
292079
292079
292079
292079
292079
292079
292079
292079
292079
288404
288404
288404
288404
288404
288404
288404
276680
276680
276680
276680
276680
276680
276680
276680
276680
276680
276680
276680
276680
276680
276680
273181
273181
273181
273181
273181
273181
273181
273181
273181
273181
273181
273181
268788
268788
268788
268788
268788
268788
268788
268788
268788
268788
268788
268788
268788
268788
268788
268788
260418
260418
260418
260418
260418
260418
260418
260418
257004
257004
257004
257004
257004
257004
257004
257004
257004
257004
257004
257004
257004
257004
255858
255858
255858
255858
255858
255858
255858
255858
255858
255858
255858
255858
255858
255858
255858
255858
246775
246775
246775
246775
246775
246775
245382
245382
245382
245382
245382
245382
245382
245382
245382
245382
241299
241299
241299
241299
241299
241299
241299
241299
241299
241299
241299
241299
241299
241299
235636
235636
235636
235636
235636
235636
235636
235636
235636
235636
235636
235636
235636
235636
235636
235636
235636
235636
232236
232236
232236
232236
232236
232236
232236
232236
232236
232236
232236
232236
232236
232236
232236
232236
232236
232236
232236
230167
230167
230167
230167
230167
230167
230167
230167
230167
224970
224970
224970
224970
224970
224970
224970
224970
224970
224970
224970
224970
224970
224970
224970
224970
224970
224970
224970
204046
204046
204046
204046
204046
204046
204046
204046
204046
204046
204046
204046
204046
204046
204046
204046
204046
200154
200154
200154
200154
200154
200154
200154
200154
200154
200154
200154
200154
200154
200154
200154
200154
197972
197972
197972
197972
197972
197972
197972
197972
197972
197972
197972
197972
197972
197972
197972
197972
197972
197972
197972
195097
195097
195097
195097
195097
192343
191193
191193
191193
191193
191193
191193
191193
191193
191193
191193
191193
191193
191193
191193
191193
191193
191193
189018
186661
186661
186661
186661
186661
186661
186661
186661
186661
186661
186661
185143
185143
185143
185143
185143
185143
185143
185143
185143
185143
185143
185143
185143
185143
185143
175385
175385
175385
175385
175385
175385
175385
175385
175385
175007
175007
175007
175007
175007
175007
175007
175007
175007
175007
175007
175007
175007
175007
175007
175007
175007
175007
175007
161994
161994
161994
148426
148426
148426
148426
148426
148426
148426
148426
147627
147627
147627
147627
147627
144245
144245
144245
144245
136737
136737
136737
132643
132643
132643
132643
132643
132643
132643
132643
132643
132643
130662
130662
130662
130662
130662
130662
130662
130662
130662
130662
130662
130662
130662
130662
130662
130662
130662
130662
129162
129162
129162
129162
129162
129162
129162
129162
129162
129162
129162
129162
127094
127094
127094
127094
127094
127094
127094
127094
127094
127094
127094
127094
127094
127094
127094
127094
127094
126553
126553
126553
126553
126553
126553
126553
126553
126553
126553
126553
126553
126553
126553
126553
114057
114057
114057
114057
114057
114057
111312
111312
111312
107866
107866
107866
107866
107866
107866
107866
107866
107866
107866
107866
103491
103491
103491
103491
103491
103491
103491
97850
97850
97850
97850
97850
97850
97850
97850
97850
97850
97850
97850
97850
97850
97850
94798
86899
86899
86899
86899
86899
86899
86899
86509
86509
86509
86509
86509
86509
86509
86509
86509
86509
86509
86509
86509
82992
82992
82992
82992
82992
82992
82992
82992
82992
82992
82992
82992
82992
82992
82992
82992
81736
81736
81736
81736
81736
81736
81736
81736
75922
74636
74636
74636
74636
74636
72937
72937
72937
72937
72937
72937
72937
72937
72937
72937
72937
72937
72937
72937
72937
72937
59505
59505
59505
59505
59505
59505
59505
59505
59505
59505
59505
59505
59505
59505
59505
59505
59505
59505
59505
55380
55380
55380
55380
55380
55380
55380
55380
55380
55380
55380
55380
55380
55380
55380
55380
55380
55380
55380
47170
47170
47170
47170
47170
47170
47170
47170
47170
47170
44574
44574
44574
44574
44574
44574
44574
44574
44574
44574
39246
39246
39246
39246
39246
39246
39246
39246
39246
39246
39246
39246
39246
39246
35590
35590
35590
35590
35590
35590
35590
35590
35590
35590
35590
35590
35590
35590
35590
35590
35590
35590
31283
31283
31283
31283
31283
31283
31283
31283
31283
31283
31283
31283
31283
31283
31283
30617
30617
30617
30617
30617
30617
30617
30617
30617
30617
30617
30617
29781
29781
29781
29781
29781
29781
29781
29781
29781
24085
24085
24085
24085
24085
24085
24085
24085
23385
18801
18801
18801
18801
18801
18801
18801
13221
13221
13221
13221
13221
13221
12605
12605
12605
12605
12605
12605
12605
12605
12605
12605
12605
12605
12605
12605
12605
12605
12557
12557
12557
12557
12557
12557
12557
12557
12557
12557
12557
12557
12557
12557
12557
12557
12557
12557
12557
11106
11106
11106
11106
11106
11106
11106
11106
11106
11106
11106
11106
11106
11106
11106
