1261
1500000
997356
997356
982148
982148
982148
982148
982148
982148
982148
982148
982148
982148
982148
982148
982148
982148
982148
970987
966114
966114
966114
966114
966114
966114
966114
966114
966114
966114
966114
966114
966114
966114
966114
966114
966114
966114
960170
960170
960170
960170
960170
960170
960170
960170
960170
960170
960170
960170
960170
960170
960170
960170
959711
959711
959711
959711
959711
959711
959711
959711
959711
959711
959711
959711
959711
959711
959711
959711
959711
945384
945384
945384
945384
945384
945384
945384
945384
945384
945384
911908
911908
911908
911908
911908
911908
911908
911908
911908
911908
911908
911908
911908
911908
911908
911908
911908
907233
907233
907233
907233
907233
907233
907233
907233
907233
907233
907233
907233
907233
907233
907233
907233
907233
907233
907233
907233
894612
894612
894612
894612
891906
891906
891906
891906
891906
891791
891791
891791
891791
891791
891791
891791
891791
891791
891791
891791
891791
891791
891791
891791
891791
891791
886858
886858
886858
886858
886858
886858
886858
886858
883180
883180
883180
873447
873447
873447
873447
873447
873447
873447
873447
873447
872183
872183
872183
872183
872183
872183
872183
872183
872183
872183
872183
872183
872183
872183
872183
872183
866721
866721
866721
866721
861707
861707
847554
847554
847554
847554
837952
837952
837952
837952
837952
837952
837952
837952
837952
837952
837952
837952
830181
830181
830181
829015
829015
829015
829015
829015
829015
829015
829015
829015
829015
829015
829015
829015
829015
829015
829015
829015
829015
829015
819943
819943
819943
819943
819943
819943
819943
819943
819943
819943
819943
819943
819943
819943
819943
819943
819943
819943
819943
819943
814825
814825
814825
813126
810664
810664
802174
802174
802174
802174
802174
802174
802174
802174
802174
800068
800068
800068
800068
800068
800068
800068
800068
793945
793945
793945
784904
784904
784904
784904
784904
784904
784904
784904
784904
784904
784904
784904
768485
768485
768485
768485
768485
768485
768485
768485
768485
768485
768485
768485
768485
768485
768485
768485
768485
766849
766849
766849
766849
766849
766849
766849
766849
766849
766849
766849
766849
766849
763224
763224
763224
763224
763224
763224
763224
763224
763224
763224
763224
763224
763224
763224
763224
763224
763224
763224
763224
763224
754889
754889
754889
754889
754889
754889
754889
754889
754889
754889
754889
754889
754889
754889
754889
754889
754889
754889
753475
753475
753475
753475
753475
753475
753475
753475
753475
753475
753475
753475
753475
753475
753475
753475
753475
753475
753475
753475
731502
731502
731502
731502
731502
702078
702078
702078
702078
702078
696050
696050
696050
696050
696050
696050
696050
696050
696050
696050
696050
689309
689309
689309
689309
689309
689309
689309
682970
682970
682970
682970
682456
682456
682456
682456
682456
682456
682456
682456
682456
682456
682456
682456
682456
682456
682456
682456
682456
682456
682456
674981
674981
674981
674981
674981
674981
667647
667647
667647
665035
665035
665035
665035
665035
665035
665035
665035
665035
659800
659800
659800
659800
659800
659800
659800
659800
659800
659800
659800
659800
659800
659800
659800
659800
659800
641459
641459
641459
641459
641459
641459
641459
641459
641459
640051
640051
640051
640051
640051
635050
635050
635050
635050
635050
635050
635050
635050
635050
635050
635050
635050
634305
634305
632384
632384
632384
632384
632384
632384
632384
632384
632384
632384
632384
632384
632384
632384
632384
632384
632384
618831
618831
618831
618831
618605
618605
618605
618605
618605
618605
618605
618605
618605
618605
618605
618605
618605
618605
618605
618605
618605
618605
618605
618605
559422
559422
559422
559422
559422
559422
559422
559422
559422
559422
538556
538556
538556
538556
538556
538556
538556
538556
538556
538556
528626
528626
528626
528626
528626
528626
528626
528626
528626
528626
528626
528626
528626
528626
528626
517815
517815
517815
517815
517815
517815
517815
517815
517815
517815
517815
517815
517815
517815
517815
516236
516236
516236
516236
516236
516236
516236
516236
516236
494584
494584
494584
494584
494584
494584
494584
494584
494584
494584
494584
494584
494584
494584
488886
488886
488886
488886
488886
488886
485655
485655
485655
485655
474776
474776
474776
474776
474776
474776
474776
468239
468239
468239
468239
468239
468239
468239
468239
468239
468239
468239
468239
468239
468239
468239
468239
464145
464145
464145
462935
462935
462935
462935
462935
462935
462935
462935
462935
462935
462935
462935
462935
462935
462236
462236
462236
462236
462236
462236
462236
462236
462236
462236
462236
462236
462236
462236
462236
462236
462236
462236
462236
448373
448373
448373
448373
448373
448373
448373
448373
448373
448373
448373
446342
435879
435879
435879
435879
435879
435879
435879
435879
435879
435879
435879
435879
435879
435879
431075
431075
431075
431075
431075
431075
431075
431075
431075
431075
431075
431075
431075
431075
431075
431075
431075
431075
431075
427843
427843
427843
427843
427843
427843
422511
422511
422511
422511
422511
422511
422511
422511
422511
422511
422511
422511
422511
401034
401034
401034
401034
401034
401034
401034
401034
401028
401028
401028
401028
401028
401028
401028
401028
401028
401028
401028
401028
401028
389316
389316
389316
389316
389316
389316
389316
389316
389316
389316
383845
383845
383845
383845
383845
383845
383845
383845
383845
383845
383845
383845
383845
383845
383845
383845
383845
383845
383845
383845
383496
383496
383496
383496
383496
383496
383496
383496
383496
383496
383496
383496
383496
383496
383496
383496
383496
375818
375818
375818
372376
372376
369217
369217
369217
369217
369217
369217
359341
359341
359341
359341
359341
359341
359341
359341
359341
359341
359341
359341
359341
359341
359341
359341
349837
349837
349837
349837
349837
349837
349837
349837
349837
338747
338747
338747
338747
338747
328390
328390
328390
328390
328390
328390
328390
328390
328390
328390
328390
328390
328390
328390
328390
328390
328390
315363
315363
315363
315363
313150
313150
313150
313150
311359
311359
308386
308386
300902
300902
300902
300902
300902
300902
300902
300902
300902
300902
300902
300902
300334
300334
300334
300334
300334
300334
300334
300334
300334
300334
300334
300334
300334
300334
300334
300334
300334
300334
300334
300334
299054
299054
299054
299054
299054
299054
299054
299054
285233
285233
285233
285233
285233
285233
285233
284055
278181
278181
278181
274907
274907
274907
274907
274907
274907
274907
274907
274907
274907
274907
274249
274249
274249
274249
274249
274249
274249
274249
274249
260595
260595
260595
260595
260595
242447
242447
242447
242447
242447
242447
242447
242447
242447
242447
242447
242447
242447
242447
242447
238543
238543
238543
238543
238543
238543
238543
238543
238543
238543
238543
238543
238543
238543
238543
238543
238543
238543
238543
238543
237030
237030
237030
237030
237030
237030
237030
237030
237030
237030
237030
237030
237030
237030
237030
237030
202070
202070
202070
202070
202070
202070
202070
202070
202070
202070
202070
202070
202070
202070
202070
202070
198271
198271
198271
198271
198271
198271
198271
198271
198271
198271
198271
198271
198271
174701
174701
174701
172177
172177
172177
172177
154558
154558
154558
154558
154558
154558
151453
151453
151453
151453
151453
151453
151453
151453
151453
151453
151453
151453
151453
151453
151453
151453
151453
151453
151453
151453
146876
146876
146876
146876
146876
146876
146876
146876
146876
146876
146243
146243
146243
146243
146243
146243
146243
146243
146243
146243
146243
146243
146243
146243
146243
140408
140408
140408
140408
140408
140408
140408
140408
140408
140408
140408
140408
140408
140408
140408
140408
140408
140408
140408
140408
130754
130754
130754
130754
130754
130754
130754
130754
127240
127240
127240
127240
125854
125854
125854
125854
125854
125854
125854
125854
125854
125854
125854
125854
125854
125854
125854
125854
125854
125854
125854
122736
122736
122736
122736
122736
122736
122736
122736
122736
122736
122736
122736
122736
122736
122736
122736
122736
122736
117134
117134
117134
117134
117134
117134
117134
117134
117134
117134
117134
117134
93601
93601
93601
93601
93601
93601
93601
93601
93601
93601
93601
93601
93601
93330
93330
93330
93330
93330
93330
93330
90897
90897
90897
90897
90897
90897
90897
90897
90897
90216
90216
90216
90216
90216
90216
90216
90216
90216
90216
90216
90216
90216
90216
82652
82652
82652
82652
82652
82652
82652
82652
82652
82652
82652
82419
82419
82419
76783
76783
76783
76783
76783
76783
76783
76783
76783
76783
76783
76783
76783
76783
76783
76783
76783
76783
76783
44144
44144
33857
33857
33857
32836
32836
32836
32836
25059
25059
25059
25059
25059
25059
25059
25059
25059
25059
11429
11429
11429
11429
