4928
1500000
999182
999182
999182
997276
997276
997276
997276
997276
997276
997276
997276
997276
997276
997276
997276
997276
997276
997276
997276
997276
997276
997276
997276
996811
996811
996811
996811
996811
996811
996811
996811
996811
996811
996811
996811
996811
996811
996811
995260
995260
995260
995260
995260
995260
995260
995260
995260
995260
993091
993091
993091
993091
991202
991202
991202
991202
991202
991202
991202
991202
991202
991202
991202
991202
991202
990903
990903
990903
990903
990903
990903
990903
990903
990903
990903
990903
987286
987286
987286
987286
987286
987286
987286
987286
987286
987286
987286
987286
987286
987286
987286
987286
987286
987286
986306
986306
986306
986306
986306
986306
986306
986306
986306
986306
986306
986306
986306
985244
985244
985244
985244
985244
985244
985244
985045
985045
985045
985045
985045
985045
985045
985045
985045
985045
985045
985045
985045
985045
985045
985045
985045
982833
982833
981642
981642
981642
981642
981642
981642
981642
981642
981642
980587
980587
980587
980587
980587
980587
980587
980587
980587
980587
980587
980587
980587
980587
980587
980587
979926
979926
979517
979517
979517
979517
979517
975291
975291
975291
975291
975291
975291
975291
975291
975291
975291
975291
975291
975291
975291
975291
975291
975291
975291
975291
975291
974530
974530
974530
974530
974530
974530
973565
973565
973565
973565
973565
973565
973565
973565
973565
973565
973565
973565
973565
973429
973429
973015
973015
973015
973015
973015
973015
973015
973015
973015
966599
966599
966599
966599
966599
966599
961546
961546
961546
961546
961546
961546
961546
961546
961546
961546
961546
961546
961546
961546
961546
958617
958617
958617
958617
958098
958098
958098
958098
958098
958098
958098
958098
958098
958098
958098
958098
958098
958098
958098
958098
956860
956549
956549
956549
956549
956549
956549
956549
956549
956549
955355
955355
955355
955355
955355
955355
955355
955355
955355
955355
950016
950016
950016
950016
950016
950016
950016
950016
950016
950016
950016
949604
949604
949604
949604
949604
948651
948651
948651
948651
948651
948651
948651
948651
948651
948651
948651
948578
948578
948578
948578
948578
948578
948578
948578
948578
948578
948578
948578
948578
945013
945013
945013
945013
945013
945013
945013
945013
945013
945013
945013
945013
945013
945013
944416
944416
944416
944416
944416
944416
944416
944416
944416
944416
944416
943114
943114
943114
943114
943114
943114
943114
943114
943114
943114
943114
943114
940978
940978
940978
940978
940978
940978
940978
940328
940328
940328
940328
940328
940328
940328
940328
940328
940328
940328
938209
938209
938209
938209
938209
938209
938209
938209
938209
938209
938209
938209
938173
938173
938173
938173
938173
938173
938173
938173
938173
938173
938173
938173
938173
938002
938002
938002
938002
938002
938002
938002
938002
938002
938002
938002
938002
938002
937201
937201
937201
937201
937201
937201
937201
937201
937201
937201
937201
934453
934453
934453
934453
934453
934453
934453
934453
934453
934453
934453
934453
934453
934453
934453
934453
934453
934453
934453
932504
932504
932504
932504
932504
932504
932504
932504
932504
932504
932504
932504
932504
932504
932504
932504
932504
932504
932504
932504
931611
931611
931611
931611
931611
931611
931611
931611
930849
930849
930849
930849
930849
930849
930849
930849
930849
930849
927621
927621
927621
927621
927621
927621
927621
927621
927621
927621
927621
924877
924877
924877
924877
924877
923573
923573
923573
923573
923573
923573
923573
923573
923573
923573
923573
923573
923573
923573
923573
923573
923573
923573
923573
923573
923348
923348
923348
923348
923348
923348
923348
923348
923348
914995
914995
914995
914995
914995
914995
914995
914995
911081
907586
907586
907586
907586
903713
903713
903713
903713
903077
903077
903077
903077
903077
903077
903077
903077
903077
903077
903077
903077
903077
903077
903077
903077
902561
902561
902561
902561
902561
902561
902561
902561
899880
899880
899880
899880
899880
899880
899880
899880
899880
899880
899880
899880
899880
898349
898349
898349
898349
898349
898349
898349
898349
898349
898349
898349
898349
898349
898349
898349
898349
898349
898349
897864
897864
897864
897864
897864
897864
897864
897864
897864
897864
896549
896549
896549
896549
896549
896549
896549
896549
896549
896549
896549
896549
896549
896549
896549
896549
896549
896076
896076
896076
896076
896076
896076
896076
896076
896076
896076
896076
896076
896076
896076
896076
896076
895204
895204
895204
895204
895204
895204
895204
895204
895204
895204
895204
895204
895204
895204
895204
895204
895204
895204
895204
894938
894938
894938
894938
894938
894938
894938
894454
894454
894454
894454
894454
894454
894454
894454
894454
894454
891914
891914
891914
891914
891914
891914
891914
891914
891914
891914
891914
891914
891914
891914
891914
891914
891914
891181
891181
891181
891181
891181
891181
891181
891181
890285
890285
890285
890128
890128
890128
890128
888665
888665
888665
888665
888665
888665
888665
888665
888665
888665
888665
888665
888665
888665
888665
886184
886184
886184
886184
886184
886184
886184
886184
886184
886184
886184
886184
886184
886184
886184
886184
886184
886184
884724
884724
884724
884724
884724
884724
884724
884724
884724
882000
882000
882000
882000
882000
880880
880880
880880
880880
880880
880880
880880
880880
880880
880880
880880
880880
880880
880422
880422
880422
880422
880422
880422
880422
880422
880422
880422
880422
871274
866258
866258
866258
866258
866258
866258
866258
866258
866258
866258
866258
866258
866258
866258
866258
866258
866258
866193
866193
866054
866054
866054
866054
866054
866054
866054
866054
866054
866054
866054
866054
866054
866054
866054
866054
866054
866054
866054
862654
862654
856031
856031
856031
856031
856031
856031
856031
856031
856031
856031
856031
856031
856031
856031
855622
855622
855622
855622
854550
854550
854550
854550
854550
854550
854550
854550
854550
854550
854550
854550
854550
854550
854550
854550
854550
853125
853125
852518
852518
852518
851117
851117
851117
851117
851117
851117
851117
851117
851117
851117
848542
848542
848542
848542
848542
848542
848542
848542
848542
848542
848542
847903
847903
847903
847903
847903
847903
847903
847903
847903
847903
847903
847903
847903
847903
847903
847903
847903
847903
847219
847219
847219
847219
847219
847219
847219
847219
847219
847219
847219
847219
839549
839549
839549
839549
839549
839549
839549
839549
839549
839549
839549
839549
839549
839549
839549
839549
839549
839549
839549
839549
836687
836687
836687
836225
836225
836225
836225
836225
836225
836225
836225
836225
835252
835252
835252
835252
835252
835252
835252
835252
835252
835252
835252
835252
835252
835252
835252
835252
830637
830637
830637
829664
829142
829142
829142
829142
829142
826702
826702
825196
825196
825196
823910
823910
823910
823910
823910
822802
822802
822802
821519
821519
821519
821519
821519
821519
821519
821519
821519
821519
821519
821519
821519
821519
821405
821405
821405
821405
821405
821405
821405
821405
821405
821405
821405
821405
821405
821405
821036
821036
821036
821036
821036
821036
821036
821036
818440
818440
818440
818440
818440
818440
818440
818440
818440
818440
818440
818440
818440
818440
818440
813927
813927
813927
813927
813927
813927
813927
813927
813927
813927
813927
813927
813927
813927
813927
813927
813927
813927
811485
811485
811485
811485
811485
811485
811485
811485
811485
811485
811485
811485
811485
811485
811485
811485
811485
810591
810591
810591
810591
810591
810591
810591
810591
810591
810591
810591
810591
810591
804628
804628
804628
804628
804628
804249
804249
804249
804249
804249
804249
804249
804249
804249
804249
804249
804249
804249
804249
804249
804249
804249
804249
801661
801661
801661
801661
801661
801661
801661
799268
799268
795392
795392
793701
793701
793701
793701
793701
793701
793701
793701
793701
793701
793701
793701
793701
793701
793701
793701
793701
793701
793701
793701
793589
793589
793589
793589
793589
793589
793589
793589
793589
793589
793589
793589
793589
793342
793342
793342
793342
793342
793342
793280
793280
793280
793280
793280
793280
793280
793280
793280
793280
793280
793280
793280
793280
793280
793280
793280
791182
791182
791182
791182
791182
791182
791182
791182
791182
791182
791182
791182
791182
791182
787106
787106
787106
787106
787106
787106
787106
787106
787106
787106
787106
787106
787106
787106
787106
787106
786637
786637
786637
786637
786637
786637
786637
786637
786637
786637
786637
786637
786637
786637
786637
786637
786637
782222
782222
782222
782222
782222
782222
782222
782222
782222
780048
780048
780048
780048
780048
780048
780048
780048
779216
778658
778658
778658
778658
778658
778658
778658
778658
778658
778658
778658
778658
778640
778640
778640
778640
778640
778640
778640
778640
778640
778640
778640
778640
778640
778640
778640
778640
778640
778640
777179
777179
777179
777179
777179
777179
777179
777179
776751
776751
776751
776751
776751
776751
774593
774593
774593
774593
770535
770535
766658
766658
766658
762954
762954
762954
762954
762954
762954
762954
762954
762954
758515
758515
758515
758515
758515
758515
758515
757748
757748
757748
757748
757748
757748
757748
757748
755978
755978
755978
755978
755978
755978
755978
755978
755978
755978
755978
755978
755356
755356
755356
755356
755356
755356
755356
755356
755356
755356
755356
755356
755356
755356
755092
755092
755092
755092
755092
755092
755092
755092
752874
752874
752874
752874
752874
752874
752874
752874
752874
752874
752874
750068
750068
750068
750068
750068
750068
750068
750068
750068
750068
750068
750068
750068
750068
750068
750068
750068
750068
744100
744100
744100
744100
744100
744100
744100
744100
736156
736156
736156
736156
736156
736156
736156
736156
736156
736156
736156
736156
736156
736156
736156
735132
735132
735132
735132
735132
735132
731131
731131
731131
731131
731131
731131
731131
731131
730024
730024
730024
730024
730024
730024
730024
730024
730024
730024
730024
730024
730024
730024
726251
721247
721247
721247
721247
721247
721247
721247
721247
717602
717602
717602
717602
717602
717602
717602
717602
717602
717602
717602
717602
717602
715988
715988
715988
715988
715988
712036
712036
712036
712036
712036
712036
712036
712036
712036
712036
712036
712036
712036
712036
712036
710363
710363
710363
710363
710363
710363
710363
710363
710363
710363
710363
710363
707677
707677
707677
707677
707677
707677
707677
707677
707677
707677
707677
707677
707677
707677
707677
707677
707677
707403
707403
704079
704079
704079
704079
704079
704079
704079
704079
704079
704079
704079
704079
704079
704079
704079
704079
704079
704079
703779
703779
701865
701865
701865
701865
701865
701865
701865
701865
701865
701865
701621
701621
701621
701621
701621
701621
697153
697153
697153
697153
693921
693921
693921
693921
693331
693331
688684
688684
688684
688229
688229
688229
688229
688229
688229
688229
688229
688229
688229
688229
688229
688229
688229
688229
686308
686308
686308
686308
686308
686308
686308
686308
686308
686308
686308
686308
686308
686308
686308
686308
686308
686308
686308
686308
685581
685581
685581
685581
685581
685581
685581
685581
685581
685581
685581
685581
684791
684791
684791
684791
684791
684791
684596
684596
684596
684596
684596
684596
684596
684596
684596
684596
684596
684596
684596
684596
684596
684596
684596
684596
684596
684094
684094
684094
684067
684067
684067
684067
684067
684067
684067
684067
684067
681530
681530
681530
681530
681530
681530
681530
681530
681530
681530
681530
681530
681530
681530
681530
681530
681530
681530
681530
681530
680388
680388
680388
680388
680388
680388
680388
680388
680388
680388
680388
680388
680388
680388
680388
679845
679845
679620
679620
679620
679620
679620
679620
679620
679620
679620
679620
679620
679620
678508
678508
678508
678508
677582
677582
677582
677582
677582
677582
677582
677582
677582
677582
677582
677582
677582
677582
677582
677582
677582
677582
677582
675609
675609
675609
675609
675609
675609
672062
672062
672062
672062
672062
672062
672062
671318
671318
671318
671318
671318
671318
671318
671318
671318
671318
671318
667839
667839
667839
667839
667839
667839
667839
667839
667839
667839
667839
667839
667839
667642
667642
667642
665695
665695
665695
665695
665695
665695
665695
665695
665695
665695
665695
665695
665485
665485
665485
665485
665485
665485
663560
663560
662426
659589
659589
659589
659589
659589
659589
659589
659589
659589
659589
658987
658987
658987
658987
658987
658987
658987
658987
658987
658987
658987
658987
658987
658987
658987
658987
658987
658063
658063
658063
658063
658063
658063
658063
658063
658063
658063
658063
658063
658063
657618
657618
657618
657618
657618
657618
657618
657618
657618
657618
657618
657618
657618
657618
657618
657618
657618
657618
656297
656297
656297
656297
656297
656297
656297
656297
656297
656297
656297
656297
654495
654495
654495
654495
654495
654495
654495
654495
654495
650940
650940
650940
650940
650940
650940
650940
650940
650940
650940
650940
650940
650940
650940
650940
650940
650940
650940
649788
649788
648763
648763
648763
648763
648763
648763
648763
648763
648763
647810
647810
647810
647810
647810
647810
647810
647810
647810
647810
647810
647467
647467
647467
647467
647467
647467
643395
642891
642891
642891
642891
642891
642891
642891
642891
642891
642891
642891
642688
642688
642688
642688
642688
642688
642688
642688
642688
642688
642688
642688
642688
642688
642688
642688
642688
642688
639267
639267
639267
639267
639267
639267
639267
639267
639267
639267
639267
639267
639267
639267
639267
639267
638011
638011
638011
638011
638011
638011
638011
638011
638011
638011
638011
638011
638011
638011
635440
635440
635440
635440
635440
635440
635440
635440
635440
635440
635440
635440
635440
635440
635440
635440
633314
633314
632930
632930
632930
632930
632930
632930
632930
632930
632930
632930
632930
632295
632295
629748
629748
629748
629748
629748
629748
629748
629748
629748
629748
629748
629748
628696
628696
628696
628696
628696
628696
628696
628696
628696
628696
628696
625679
625329
625329
625329
625329
625329
625329
625329
625329
625329
625329
625329
625329
625329
625329
625329
612118
610449
609285
609285
609285
609285
609285
609285
609285
607482
607482
607482
607482
607482
607482
607482
607482
607482
607482
607482
607482
607043
607043
607043
607043
607043
607043
607043
607043
606537
606537
606537
606537
606537
606537
606537
606537
606537
606537
606537
606537
606537
606537
606374
606374
602515
602515
602515
602515
602515
602515
602515
602515
602515
602515
602515
602515
602515
602515
602515
602515
602515
602515
602260
602260
602260
602260
602260
602260
602260
602260
602260
602260
602260
602260
602260
602260
602260
602260
599775
599775
599775
599775
599775
599775
599506
599506
599506
599115
599115
599115
599115
599001
599001
599001
599001
599001
599001
599001
599001
599001
599001
599001
595168
595168
595168
595168
595108
595108
595108
595108
595108
595108
595108
595108
594493
594493
594493
594493
594493
594000
594000
594000
594000
594000
594000
594000
594000
594000
594000
594000
594000
592789
592789
592789
592789
592789
592789
592789
590646
590646
590646
590646
590646
590646
590646
590646
590646
590646
590646
590646
590646
590646
590646
590646
588506
588506
588506
588506
588506
588506
588506
588506
588506
588506
588506
588506
588506
588506
588506
588506
588506
585580
585580
585580
585580
585580
585580
585580
585580
585580
585580
585580
585580
585580
585580
584611
584611
584611
584611
584611
584611
584611
584611
584611
584611
584611
584611
584611
582171
582171
582171
582171
582171
582171
582171
582171
582171
582171
582171
582142
582142
582142
582142
582142
582142
582142
580655
580655
580655
580655
580655
580655
580655
580655
578643
578643
578643
578643
578643
578643
578643
578643
578643
578643
578643
578643
578643
578643
578643
578643
575472
575472
575472
575472
575472
575472
575472
575472
575472
575472
575472
575472
575472
575472
575472
575472
575472
575472
574869
574869
574869
574869
574869
574869
574869
574869
574869
574869
574869
574869
574869
574869
574869
574869
574869
574869
574869
573700
573700
573700
573700
573700
573700
573700
573700
573700
573700
573700
573700
571491
571491
570405
570405
570405
570405
570405
570405
570405
570405
570405
570405
570405
566474
566474
566474
566308
566188
566188
566188
566188
566188
566188
566188
566188
566188
566188
566188
566188
566188
566188
566188
566188
566188
564112
564112
564112
564112
564112
564112
564112
564112
564112
564112
564112
564112
562172
562172
562172
560953
560953
560953
560953
560953
560953
560953
560953
560953
560953
560953
560953
560953
560953
560953
560953
560953
560953
560953
555752
555752
555752
551781
551781
551781
551781
551781
551781
551781
551781
551781
550844
550844
550844
546946
546946
546946
546946
546946
546946
546946
546946
546946
546946
546946
546946
546946
546946
546946
546946
546946
546946
546517
546517
543872
543872
543872
543872
543872
543872
543872
543872
543872
543872
543872
543872
543872
543872
543872
543869
543869
543869
543869
543356
543356
543356
543356
543356
543356
543356
543356
543356
543356
543356
543356
543356
543356
543356
543356
543356
543356
543356
543052
543052
543052
543052
543052
543052
543052
543052
543052
543052
543052
543052
543052
542853
542853
542853
542853
542853
542853
542853
542853
542853
542853
542853
542853
542853
542853
542853
542853
542853
542853
542853
542204
542204
542204
542204
542204
542204
542204
542204
542204
542204
542204
542204
542204
541167
541167
541167
541167
541167
541167
538492
538492
538492
538492
538492
538492
538492
538492
538492
538492
538492
537126
537126
537126
537126
537126
537126
537126
537126
537126
536871
536871
536871
536871
536871
536871
536871
536871
536871
536871
536871
536871
536871
536871
536871
536871
536871
536871
536871
533445
533445
533445
531521
531521
531521
531521
531521
531521
531521
531521
531521
529723
529723
529723
529723
529723
529723
529723
529723
529723
529723
529088
529088
529088
529088
529088
529088
529088
529088
529088
529088
529088
529088
528952
528952
528952
528952
528952
528952
528952
528952
528952
528952
528952
528952
528952
528952
528952
528952
528952
528952
528691
528691
528691
528691
527802
527802
527802
527802
527802
527802
527802
527802
527802
527802
527802
527802
527802
527802
527802
527802
527802
527802
526776
526776
526776
526776
526776
526776
526776
526776
526776
526776
526776
526776
526776
526776
526776
526776
526776
522622
522622
522622
522622
522622
522622
522622
522622
522622
522622
522255
522255
522255
522255
522255
522255
522255
522255
522255
522255
522255
522255
522255
522255
516710
516710
516710
515515
515515
515515
511092
511092
511092
511092
511092
511092
511092
511092
511092
511092
505074
505074
505074
505074
505074
505074
505074
505074
505074
505074
505074
505074
505074
505074
494427
494427
494427
494427
494427
494427
494427
494427
494427
494427
494427
494427
494359
494359
494359
494359
494359
494359
494359
494359
494359
494359
494359
494359
494359
494359
494037
494037
494037
494037
494037
494037
494037
494037
494037
494037
494037
494037
494037
494013
494013
494013
494013
494013
494013
494013
494013
494013
494013
494013
494013
494013
493481
493481
493481
493481
493481
493481
493481
493481
493481
489218
489218
489218
489218
489218
489218
489218
488271
488271
488271
488271
488271
488271
488271
488271
488271
488271
488271
488271
488271
488271
488271
488271
488271
488271
488271
488143
488143
488143
488143
488143
488143
488143
488143
488143
488143
488143
488143
483448
483448
483448
483448
483448
483448
483448
483448
483448
483448
483448
483448
483448
483448
483448
482467
482467
482467
482467
482467
482467
482467
482467
482467
482467
482467
482467
482467
482467
478400
478400
478400
478400
478400
478400
478400
478400
478400
478400
478400
478400
478400
477843
477843
477843
477843
477843
477843
477843
477843
477843
477843
477843
477843
477843
477843
477327
477327
477327
477327
477327
477327
477327
477327
477327
477327
477327
477327
477327
477327
477327
477327
477327
477327
476417
476417
476417
476417
476417
476417
476417
476417
476417
463496
463496
463496
462474
462474
462474
462113
462113
462113
458864
458864
458864
458864
458864
458864
458864
458864
458107
458107
458107
456857
456857
456857
456857
455236
455236
455236
455236
455236
455236
455236
454015
454015
454015
454015
453708
450994
450926
450926
450926
450926
450926
450926
450926
450926
450926
450926
450926
450926
450926
450926
450926
450564
450564
450564
450564
450564
450564
449855
449855
449855
449855
449855
449855
449855
449855
449855
449855
449855
449855
449855
449089
449089
449089
449089
449089
449089
449089
449089
449089
449089
449089
449089
449089
444248
444248
444248
444248
444248
444248
444248
444248
444248
444248
444248
444248
444248
444248
444248
444248
444248
444160
444160
443416
443416
443416
443416
443416
443236
443236
443236
443236
443236
443236
436543
436543
436543
436543
436543
436543
436543
436543
436543
434834
434834
434834
434834
434834
434834
433961
433961
433961
433961
433961
433961
431636
431636
431636
431636
429521
429521
429521
429521
429521
429521
429521
429521
429521
427115
427115
427115
427115
427115
427115
427115
427115
427115
427115
427115
427115
427115
427115
427115
427115
427115
427115
427115
427115
421541
421541
421541
421541
421541
421541
421541
421541
421541
421541
421541
421359
421359
421359
421359
421359
419832
419832
419832
419832
419832
419832
419832
419832
419832
419832
419832
419832
419832
419832
419832
419832
419832
419832
419832
417758
417758
417758
417758
417758
417758
417758
417758
417758
417758
409063
409063
409063
409063
409063
409063
409063
409063
409063
409063
409063
409063
409063
409063
409063
409063
409063
409063
407078
407078
407078
407078
407078
407078
407078
407078
405207
405207
405207
405207
405207
405207
405207
405207
405207
405207
405207
405207
405207
405207
405207
405207
405207
405207
404465
404465
404465
404465
404465
404465
404465
404465
404465
404465
404465
404465
404465
404465
404465
404465
404465
404465
404465
403355
403355
403355
400831
400831
400831
400831
400831
400831
400529
400529
400529
400529
400529
400529
400529
400529
400529
400529
400496
400496
400496
400496
396314
396314
396314
396314
396314
396314
396314
396314
396314
396314
396314
396314
396314
396314
396314
396314
396314
396314
396314
392855
392855
392855
392855
392855
392855
392855
392855
392855
392855
392855
392855
392855
392855
392855
390070
390070
390070
390070
390070
390070
390070
390070
390070
390070
390070
390070
390070
389752
389752
389752
389752
386088
386088
386088
386088
386088
386088
386088
386088
386088
386088
386088
386088
386088
386088
384698
384698
384698
384698
384698
384698
384698
384698
384698
384698
384698
384698
384698
384698
384698
384698
384698
384222
384222
381734
381734
381734
381734
379729
379729
379729
379729
379729
379729
379729
378764
378764
378764
378764
378764
378764
378764
378764
378764
378764
378764
378764
378764
378764
378764
378764
378764
378764
378764
372431
372431
372431
372431
372431
367845
367845
367845
367845
367845
367845
367845
367845
367845
367845
367845
367845
367845
365958
365958
365958
365958
365958
365958
365958
365958
365958
365958
365958
365958
365958
365958
365958
365958
365958
365958
365958
365958
360067
360067
360067
360067
360067
360067
360067
360067
360067
360067
360067
360067
360067
360067
359714
359714
359714
359714
359714
359714
359714
359714
359714
359714
359714
359677
359677
359677
359677
359677
359677
359677
359677
359677
359677
359677
359677
359677
359677
359677
359677
359677
359677
359677
357502
357502
357502
357502
357502
357502
357502
357502
357502
357502
357502
357502
357502
357502
357502
357502
357502
357502
357502
355593
355593
355593
355593
355593
355593
355593
355593
355593
355593
355593
355593
355593
355593
355593
355593
355593
351550
351550
351550
351550
351550
351550
351550
347424
347424
347424
347424
347424
347424
347424
347424
347424
347424
347424
347424
347424
347424
347424
347424
345372
345372
345372
345372
345372
342410
342410
342410
342410
342410
342410
342410
342410
342410
339820
339820
339820
339820
339820
339820
339820
339820
336627
336627
336627
336627
336627
336048
336048
336048
336048
336048
332823
332823
332823
332823
332823
332823
332823
332823
332823
332823
332823
332823
332823
332233
332233
332233
332233
332233
332233
332233
332233
332233
332233
332233
332233
332233
332233
332233
328142
328142
328142
328142
328142
327915
327915
327915
327915
327915
327915
327915
327915
327915
327915
327915
327915
327915
323680
323680
323680
323680
323680
323680
323237
323237
323237
323237
323237
323237
323237
323237
323237
323237
323237
323237
323237
323237
323237
323237
323172
323172
323172
323172
323172
323172
323172
323172
323172
323172
323172
323172
323172
323172
323172
323172
323172
323172
323172
323172
317225
317225
317225
317225
317225
317225
317225
317225
317225
317225
317225
316844
316844
316844
316844
316844
316844
316844
316844
316844
316844
316844
316844
316844
316844
316844
313163
313163
313163
313163
313163
313163
311019
311019
311019
311019
310393
310393
310393
310393
308714
308714
308714
308714
308714
308714
308714
308714
308714
308714
308714
308714
308714
308714
308714
308714
306114
306114
306114
306114
306114
306114
306114
306114
305799
305799
305799
305799
305799
305799
305799
305799
304475
304475
304475
304475
301609
301609
301609
301609
301609
301609
301609
301609
301609
301609
301609
301609
301609
301609
301609
301609
301609
301609
301609
298701
297590
297590
293858
293858
293858
293858
293858
293858
293858
293858
293415
293415
293415
293415
292041
292041
292041
292041
292041
292041
292041
292041
292041
292041
292041
292041
292041
292041
287035
287035
287035
287035
287035
287035
287035
287035
287035
287035
287035
287035
286414
286414
286414
286414
286414
286414
286414
286414
286414
286414
286414
285618
285618
285618
285618
285618
285618
285618
285618
285618
285618
285618
285618
284075
284075
284075
284075
284075
283708
283708
283708
283708
283708
283708
283224
283224
283224
283224
283224
283224
280429
280429
280429
280429
280429
280429
280429
277769
277769
277769
277769
277769
277769
277769
277769
277769
277769
277769
277769
277769
277769
277769
277642
277642
277642
276205
276205
276205
276205
276205
276205
276205
276205
276205
276205
276183
276183
276183
275750
275750
275750
275750
275750
275750
275750
275750
275750
275750
275750
275750
275379
275379
275379
275379
275379
275379
275379
275379
275379
275379
275379
275379
275379
275379
275379
275379
275379
275379
275379
275379
274930
273912
273912
273912
273912
271917
271917
271917
271917
271917
271917
271917
271917
271917
271917
271917
271917
268860
268860
268860
265001
265001
265001
265001
263806
263806
263806
263806
263806
263806
263806
263806
263806
263806
263806
263806
263806
263806
263221
263221
263221
263221
263221
263221
263221
263221
263221
263221
263221
263221
263221
263221
263221
263221
263221
263221
263221
248492
248492
248492
248492
248492
248492
248492
248492
248492
240397
240397
240397
240397
240397
240397
240397
240397
240397
240397
240397
237691
234871
234871
234871
233097
227735
227735
227735
227735
227735
227735
226960
226960
226960
226960
226960
226960
226960
226767
226767
226767
226767
226767
226767
226767
226767
226767
226767
224891
224891
224891
224891
224891
224891
224891
224891
224891
224891
224891
224891
224891
224891
224891
224891
224891
224891
224891
222093
222093
222093
221357
221357
221357
221357
221357
221357
221357
221357
221357
221357
221357
221357
221357
221357
220256
220256
220256
220256
220256
220256
220256
220256
220256
220256
215006
206733
206733
205441
205441
205441
205441
205441
202190
202190
202190
202190
202190
202190
201181
201181
201181
201181
201181
201181
201181
201181
201181
201181
201181
201181
201181
201181
201181
201181
201181
201181
191566
191566
191566
191566
191566
191566
191566
191566
191566
191566
191566
191566
191566
191566
191566
191566
191566
191566
191566
191491
191491
191491
191491
191491
191491
191491
191491
191491
191491
189828
189828
189828
189828
189828
189828
189828
189828
189828
189828
189828
187138
187138
187138
187138
180294
180294
180294
180294
180294
180294
180294
180294
180294
180294
180294
180294
180294
180294
179855
179855
179855
179855
179855
179855
179855
179855
179855
179855
179770
179770
179770
179770
179770
179770
179621
178126
178126
178126
178126
178126
178126
178126
176072
176072
176072
176072
176072
176072
176072
176072
176072
176072
176072
176072
176072
176072
176072
176072
176072
173410
173410
173410
173410
173410
173410
173410
173410
172646
172646
172646
172646
172646
172646
169558
169558
169558
169558
169558
169558
169558
167740
167740
167740
167740
167740
167740
167740
167740
167740
167740
167740
167740
167740
167740
167740
167740
167740
167740
166358
166358
166358
166358
165663
165663
165663
165663
165663
165663
165567
165567
165567
165567
165567
165567
165567
165567
165567
164898
164898
164898
163695
163695
163695
163695
163695
163695
163695
163695
163695
163695
163695
163695
163695
163695
163695
163695
163695
163695
163695
163695
159986
159986
159986
159986
159986
159986
159986
159986
159986
159986
159986
159986
157522
157522
157522
157522
157522
157522
157522
157522
157522
157522
157522
157522
157522
157522
157522
157322
157322
157322
157322
157322
157322
157322
157322
157322
153100
153100
153100
153100
153100
153100
153100
153100
150785
150785
150785
150785
150785
150785
150785
150785
150785
150785
150785
150785
150785
150785
150785
150269
150269
150269
150269
150269
150269
150269
150269
150269
150269
150269
150269
150269
150269
150269
150269
150269
150269
148460
148460
148460
148460
148460
147313
147313
147313
147313
147313
145602
142474
142474
142474
142474
142474
142474
142474
142474
142474
142474
142474
142474
142474
142474
142474
142474
142474
142474
142474
142474
140459
140459
140459
140459
140459
140459
140459
140459
140459
140459
140459
140459
140459
140459
140459
140459
140459
140459
140459
139926
139926
139926
139926
139926
139926
139926
135705
135705
135705
135705
135705
135705
135705
135705
135705
135705
135705
135705
135609
135609
135609
135609
135609
135609
135609
135609
135609
135609
135609
135609
135609
135586
135586
135586
135586
135586
135586
135586
135586
135586
135586
135586
129186
129186
129186
129186
129186
129186
129186
129186
129186
129186
129186
129186
129186
129186
128540
128540
128002
128002
128002
128002
128002
128002
128002
122274
122274
118975
118975
118975
118975
118975
118975
118975
118975
118975
118975
118975
118975
118975
118593
118593
118593
118593
114652
114652
114652
114652
114652
114652
114652
114652
114652
114652
111440
111440
111440
111440
111440
111440
111440
111440
111440
106120
106120
106120
106120
106120
102854
102854
102854
102854
100919
100919
100919
100919
100919
100678
100678
100678
100678
100678
100678
100678
100678
100678
100678
100678
100678
100678
100678
97924
97924
97924
97650
97650
97650
97650
97650
97650
97650
97650
97650
97650
97650
97650
96774
96774
96774
96774
96774
96774
96774
96774
96774
96774
96774
96774
95052
95052
95052
95052
95052
95052
95052
95052
95052
95052
95052
95052
95052
95052
95052
95052
94863
94863
94863
94863
94863
94863
94863
94863
94863
94863
94863
94863
92931
92931
92931
91361
91361
91361
91361
91361
91361
91361
91361
91361
91361
91361
91361
91361
91361
91361
91361
91361
91361
91361
91361
89446
89446
89446
89446
89446
89446
89446
86776
86776
86776
86776
86776
86776
86776
86378
86378
86378
86378
86378
86378
78069
78069
78069
78069
78069
78069
78069
78069
78069
78069
74046
74046
74046
74046
74046
73781
73781
73781
73781
73781
72775
71762
71762
71762
71762
71762
71762
71762
71762
71762
71762
67968
67968
67968
67968
67968
67968
67968
67968
67968
67968
67968
67968
64981
64981
64981
64981
64981
64981
64981
64981
64981
64981
64981
64981
64981
64981
64981
64981
64981
64981
64981
64509
64090
64090
64090
64090
64090
64090
64090
64090
64090
64090
64090
64090
64090
64090
64090
64090
64090
64090
64090
63007
61729
61729
61729
61729
61729
61729
61729
61729
59932
58848
58848
57487
57487
57487
57487
57487
57487
57487
57487
56364
56364
56364
56364
56364
56364
56364
56097
56097
56097
56097
56097
56097
56097
56097
56097
56097
56097
56097
56097
54449
54449
54449
54449
54449
54449
54449
54449
54449
54449
54449
54449
54449
54449
54449
54449
54449
54449
54449
54260
54260
54260
54260
54260
54260
54260
54260
54260
54260
54260
54260
54260
54260
54260
54260
54260
52548
52548
52548
52548
52548
51124
51124
51124
51124
51124
51124
49552
49552
49552
49552
49552
49552
49552
49552
49552
49552
49552
48509
48509
48509
48509
48509
48509
48509
48509
48509
48509
48509
48509
48509
48509
48509
48509
48509
48509
48509
48509
45714
45714
45714
45714
45714
45714
45714
42044
42044
42044
42044
42044
42044
42044
41962
41962
41962
41962
41962
41962
41962
41962
41962
41962
41962
41962
41962
41318
41318
41318
41318
41318
41318
41318
41318
41318
41318
41318
41318
41318
40570
40570
40570
40570
40570
40570
40570
40570
40570
40570
40570
40570
40570
40570
40570
40570
40570
40570
40570
40570
40157
40157
40157
40157
40157
40157
40157
40157
40157
40157
40157
40157
40157
40157
40157
40157
40157
40157
39438
39438
39246
39246
39246
39246
39246
39246
38139
38139
38139
38139
38139
38139
38139
38139
38139
35162
35162
35162
35162
35162
35162
34747
29056
29056
29056
29056
29056
29056
29056
29056
29056
29056
29056
29056
26817
26817
26817
26817
26817
26817
26817
26817
26817
26817
26817
26817
26817
26817
26578
26578
26578
26578
26578
26578
26578
26578
26578
26578
26578
26578
23503
23503
23503
23503
23503
23503
23503
23503
23503
23503
23503
23503
23503
23503
23503
23503
23503
23503
23503
22442
22442
22442
22442
22442
22442
22442
22442
22442
22182
22182
22182
22182
22182
22182
22182
22182
22182
22182
22182
22182
22182
22182
22182
22182
17856
17856
17856
17856
17856
17856
17856
17856
17856
17856
17856
14415
14415
14415
14415
14415
14415
14415
14415
14415
14415
12780
12780
12780
12780
12780
12780
12780
12780
12780
12780
12780
12780
12780
12780
12780
12780
12780
12780
