5100
1500000
999642
999642
999642
999642
999642
999642
999642
999642
999642
999642
999264
999264
999264
999264
999264
999264
999264
999264
999264
999264
999264
997917
997917
997917
997917
997917
997917
997917
996305
996305
996305
996305
996305
996305
996305
996305
996305
996305
996305
996305
996305
996305
996305
996305
996305
992829
992829
992829
992829
992829
992829
992829
992829
992829
990793
990793
990714
990714
990714
990714
990714
990714
990714
990714
990714
990714
982916
982916
982916
979381
979381
979381
979381
979381
979381
979381
979381
978891
978891
978891
978891
978891
978891
978891
978891
975585
975585
975585
975585
975585
975585
975585
975585
975585
975585
975585
970559
970559
969115
969115
969115
969115
969115
969115
969115
969115
969115
969115
969115
969115
969115
969115
969115
969115
969115
969115
967898
967898
967898
967898
967898
967898
967898
967898
967898
966804
966804
966804
966804
966804
966804
966804
966804
966804
966804
966804
966804
966804
966804
966804
966804
966804
966804
966804
961565
961565
961565
961565
961565
961565
961565
961565
961565
961565
961565
958528
958528
958528
958528
958528
958528
958528
958528
958528
958528
958528
958528
953170
953170
953170
953170
953170
953170
953170
953170
953170
953170
953170
953170
950472
950472
950472
950472
950472
950472
949886
949886
949886
949886
949886
949886
949886
949886
949886
949886
949886
949886
946976
946976
946976
946976
946976
946976
946976
946976
946976
946976
946976
946976
946976
946909
946909
946909
946909
946909
946909
946909
946909
946909
946909
946909
946909
946909
946909
946909
946909
946909
946909
946909
946909
944813
944813
944813
944813
944813
944813
944813
944813
944813
944813
944813
944813
944813
944813
944813
944813
944813
944044
944044
944044
944044
944044
944044
944044
944044
944044
944044
944044
944044
944044
944044
944044
944044
943431
943431
943431
943431
943431
943431
943431
943431
943431
943431
943431
943431
943431
943143
943143
943143
943143
943143
943143
943143
943143
943143
943143
943143
943143
943143
943143
943143
943143
943143
943143
942685
942685
942685
941218
941218
941218
941218
941218
941218
941218
941218
941218
941218
941218
941218
935022
933370
933370
933370
932256
932256
932256
932256
932256
932256
932256
932256
931288
931288
931288
931288
931288
931288
931288
930267
930267
930267
930267
930267
930267
930267
930267
930267
930267
930267
930267
925071
925071
925071
925071
925071
925071
925071
925071
925071
925071
925071
924203
924203
924203
924203
924203
924203
924203
924203
921317
921317
921317
921317
921317
921317
921317
921317
921317
921317
921317
921317
921317
921317
921317
920664
920664
920664
920664
920664
920664
920664
920664
920664
920664
920664
920664
920664
920664
920664
920664
920664
920664
919300
918902
918902
918902
918902
918902
918902
918902
918902
918902
918902
918902
918902
918902
918902
918902
918902
916339
916339
916339
916339
916178
916178
916178
916178
916178
916178
916178
916178
916178
916178
916178
916178
916178
916178
916178
916178
916178
916178
916178
915733
915733
914799
914799
914799
914799
914799
913653
913653
913653
913653
913653
912408
912408
912408
912408
912408
912408
912408
912408
912408
912408
912408
912408
912408
912408
912408
910602
910602
910602
910602
910602
910602
910602
910602
910602
910602
910602
910213
910213
910213
910213
910213
910213
910213
910213
910213
910213
910213
909597
909597
909262
909262
909262
909262
909262
909262
909262
909262
909262
909262
909262
909262
909262
909262
909262
909262
909262
909262
909262
909262
906117
906117
906117
906117
906117
906117
903740
901658
901658
901658
900050
900050
898468
898468
898468
898468
898468
898468
898468
898468
898468
898468
898468
898468
898468
898468
898468
898468
898468
898468
898468
897353
897353
897353
897353
897353
897353
897353
897353
893640
893640
893640
893640
893640
893640
893640
893578
893578
893578
893578
893578
893578
893578
893578
893578
893578
893578
890852
890852
890852
890852
890852
890852
890852
890852
890852
890852
890852
890852
889284
889284
889284
889284
889284
889284
889284
889284
889284
889284
889284
889284
888220
888220
888220
888220
888220
888220
887707
887707
887707
887707
887707
887707
887707
887707
887707
887707
887707
887707
885944
885944
885944
885944
885944
885944
885944
885944
885944
885944
885944
885944
885944
885944
885944
885944
884344
884344
878822
878822
878822
878822
878822
878822
878822
878822
878822
878822
878822
878822
878822
878822
877187
877187
877187
877187
877187
877187
877187
877187
877187
877187
874376
874376
874376
874376
874376
874376
874039
874039
874039
874039
874039
874039
874039
874039
874039
874039
873836
873836
873836
873836
873836
873836
873836
873836
873836
873836
873836
873836
873836
873836
873836
873836
873836
873836
873836
873836
871018
871018
871018
871018
871018
871018
871018
871018
871018
871018
871018
871018
871018
871018
871018
871018
871018
871018
870733
870733
870733
870733
870733
870733
870733
870733
870733
870733
870733
870733
870733
870733
870733
870733
870733
870733
870733
870610
870267
867598
867598
867598
867598
867598
867598
867598
867598
867598
865120
865120
865120
865120
865120
862916
862916
862916
862916
862916
862916
862590
862590
862590
858999
858999
858999
858085
858085
858085
858085
858085
858085
858085
855741
855741
851006
851006
851006
851006
851006
851006
851006
851006
849591
849591
849591
849591
849591
849591
849591
847382
847382
847382
847382
847382
847382
846964
846964
846876
846876
846876
846876
846876
846876
846876
846876
846876
846876
846876
846876
846876
840766
840766
840766
840766
840766
840766
839862
839862
839862
839862
839862
838884
838884
838884
838884
838884
838884
838884
838884
838884
838884
838884
838884
838884
838884
838884
838884
838884
835444
835444
835444
835444
835444
834234
834234
832587
832587
832587
832587
832587
832587
832587
832587
832587
832587
832587
832587
832587
832587
832587
832587
832587
832587
831344
831344
831344
831344
831344
831344
831344
829472
829472
829472
829472
829472
829472
827120
827120
827120
827120
827120
827120
827120
827120
827120
827120
827120
827120
827120
827120
825211
825211
825211
825211
825211
825211
825211
825211
825211
821235
821235
821235
821235
821235
821235
821235
821235
821235
821235
821235
821235
821235
819731
819731
819731
819731
819731
819731
819731
819731
819731
819731
819731
819731
819731
818209
818209
818209
818209
818209
818209
818170
818170
818170
818170
818170
816076
816076
816076
816076
816076
816076
816076
816076
816076
815102
815102
815102
815102
815102
815102
815102
815102
815102
815102
815102
815102
815102
815102
815102
815102
815102
815102
815102
811711
811711
811711
811711
811711
811711
811711
811711
808016
808016
808016
808016
808016
806891
806891
806891
806891
806891
806891
806891
806891
805327
805327
805327
805327
805327
805327
805327
805327
805327
805327
803429
803429
803429
803429
803429
803429
803429
800947
800947
800947
800947
800947
800947
800947
800947
800947
800947
800947
800947
800947
800947
800947
796872
796872
796872
796872
796872
796872
796872
796872
796872
796872
796872
796872
796872
796872
796872
796872
796872
796710
796710
796710
796710
796710
796710
796375
796375
796375
796375
796375
796375
796375
796375
796375
796375
796375
796375
796375
796341
796341
796341
796341
796341
795584
795584
795584
795584
795584
795584
795584
795584
795584
795584
794910
794910
794910
794910
794910
794910
794910
794910
794910
794910
794910
794910
794910
794910
794910
794910
794910
794910
790140
790140
790140
790140
790134
790134
790134
790134
790134
790134
790134
790134
790134
790134
790134
790134
790134
790134
790134
790134
790134
790134
788887
788887
788887
788887
788887
788887
788887
788887
788887
788887
788887
788887
788887
788887
788700
788700
788700
788700
788700
788700
788700
788700
788700
788700
788700
788700
788700
788700
788700
788700
788700
788700
788700
788449
788449
788449
788449
786700
786700
785911
785911
785911
785911
785911
785911
785911
785911
785911
785911
785911
785911
785911
785911
785251
785251
785251
785251
785251
785251
785251
785251
785251
785251
785251
781621
781621
781621
781621
781621
781621
781621
781621
781621
781621
776548
776548
776548
776548
776548
776548
776548
776548
776548
776548
776548
776548
776548
776548
776548
776548
776548
776548
774151
774151
774151
774151
774151
774151
774151
774151
774151
774151
774151
774151
774151
774151
774151
773501
773501
773501
770471
770471
770471
770471
770471
770471
770471
770471
770471
770471
770471
770471
770471
770471
770471
770471
770471
770471
770471
770471
768122
768122
768122
768122
768122
768122
768122
768122
768122
768122
768122
768122
768122
768122
768122
768122
768122
765985
765985
765985
765985
765985
763758
763758
763758
763758
763758
763758
763758
763758
763758
763758
759788
759788
759788
759788
759788
757065
757065
757065
757065
757065
757065
757065
757065
757065
757065
757065
757065
757065
757065
757065
757065
757065
754100
754100
754100
754100
754100
754100
754100
754100
754100
754100
754100
754100
754100
754100
754100
754100
754100
754100
753677
753677
753677
753677
753677
753677
753677
753677
753677
753677
753677
753677
753677
753677
753677
753154
753154
753154
753154
753154
753154
753154
753154
753154
753154
753154
753154
753154
753154
753154
753154
753154
752865
752865
752865
752865
752865
752865
752865
752865
752865
752865
752865
752865
752865
752865
752865
752865
752865
752865
752865
752233
752233
752233
752233
752233
752233
752233
752233
752233
752233
752233
752233
752233
752233
752233
752233
752233
752233
752233
748783
748544
747824
747824
747824
747824
747824
747824
747824
747824
747824
747824
747824
747824
747824
747824
747824
747824
747824
747824
747824
745977
745977
745977
745977
745977
745977
745977
740811
740811
740811
740811
740811
740811
740811
740811
740811
739355
739355
739355
739355
739355
739355
739355
739355
739355
739355
739355
739355
739355
737747
737747
737747
737747
737747
737747
737747
737747
737747
737747
737747
737747
734766
734766
734766
734766
734766
734766
734766
734766
734766
734766
734766
734766
734766
732145
732145
732145
732145
732145
732145
732145
732145
732145
732145
732145
732145
732145
731432
731432
731432
731432
731432
731432
731432
731432
731432
731432
731432
731432
731432
731432
731432
731432
731432
731432
731432
731432
729858
729858
729858
729858
729858
729858
729858
725163
725163
725163
724585
723599
723599
723599
723599
723599
723599
723599
723599
723599
723599
721077
721077
721077
721077
721077
721077
721077
721077
721077
721077
721077
721077
721077
721077
721077
720592
720592
720592
720592
720592
720592
720592
720592
720592
720592
720592
720592
720592
720592
718388
718388
718388
718388
718388
718388
718388
718388
718388
717824
717824
717824
717824
717824
717824
717824
717824
717824
717824
717824
717824
713539
713539
713539
713539
713539
713539
713539
713539
713539
713539
713539
713539
713539
713539
713539
713539
713539
713539
709700
709700
709700
709700
709700
707556
707556
707556
707556
707556
707556
707556
707556
707556
707556
707556
707556
707556
707556
707556
707556
707556
706467
706467
706467
706467
706467
706467
706467
706467
701923
701923
701923
701923
700467
700467
700467
695165
695165
695165
695165
695165
695165
695165
695165
695165
695165
695165
695165
695165
693742
693742
693742
693742
693742
693742
693742
693742
693742
693742
693742
693742
693742
692672
692672
692672
692672
692672
692672
692672
692672
692672
692672
692672
692672
692672
692672
692672
692672
692672
687461
687461
687461
687461
687461
687461
687461
687461
687461
687461
687461
687461
685919
685919
685919
685919
684137
684137
684137
684137
684137
684137
684137
684137
684137
684137
684137
683957
683957
683957
683957
683957
683957
683957
683957
683957
683957
683957
683957
683957
683957
683957
681586
681586
681586
681586
681586
681586
681586
681586
681586
681586
680119
680119
680119
680119
680119
680119
680119
680119
676553
676553
676553
676553
676553
676553
676553
676553
676553
676553
676553
676553
676553
676553
676553
676553
676553
676410
676410
676410
676410
676410
676410
676410
676410
676410
676410
675986
675986
675986
675986
674675
674675
674675
674675
674675
674675
674675
674675
674675
674675
674675
674675
674591
674591
674591
674591
674591
674591
674591
674428
673070
673070
673070
673070
673070
673070
673070
673070
672200
672200
672200
672200
672200
672200
672200
672200
672200
672200
672200
672200
672200
672200
672200
672200
672200
671605
671605
671605
671605
671605
671605
671605
671605
671605
671605
671605
671244
671244
671244
671244
671244
671244
671244
671244
671244
671244
671244
666776
666776
666776
666776
666776
664353
664353
664353
664353
664353
659519
659519
659519
659519
659519
659519
657658
657658
657658
657658
657658
657658
657658
657658
657658
657658
656537
656537
656537
656537
656537
656537
656537
656537
656537
653027
653027
653027
653027
653027
653027
653027
653027
653027
653027
653027
652608
652608
652608
652608
652608
652608
652608
652608
652608
652608
652608
652608
652608
652608
652608
651231
651231
651231
651231
651231
651231
650267
650267
650267
644217
644217
644217
644217
644217
644217
644217
644217
644217
644217
644217
644217
644217
644217
644196
644196
644196
644196
644196
644196
644196
644196
644196
644196
644196
644196
644196
644196
644196
644196
644196
644196
644196
642928
642928
642928
642928
642928
642928
642928
642928
642928
642928
642928
642928
642928
642928
642928
642928
642928
642928
642928
642928
642730
642730
642730
642730
642730
642730
642730
642730
642730
642730
642730
642730
642730
640325
640325
640325
640325
640325
640325
640325
640325
640325
640325
640325
640325
640325
640325
640325
640325
640325
640325
640325
640325
640175
640175
638935
638935
638935
638935
638935
638935
638935
638935
638935
638935
638935
638935
638935
638935
636180
636180
636180
636180
636180
636180
636180
636180
636180
636180
636180
636180
636180
636180
636180
636180
636031
636010
636010
634292
634292
634292
634292
634292
634292
634292
634292
634292
634292
634292
634292
634292
634292
634292
633447
633447
633447
633447
633447
633447
633447
633447
630761
630761
630761
630761
630761
630761
630761
630761
630761
630761
630063
630063
630063
630063
630063
628727
628727
628727
628727
628727
628727
628727
628727
628727
627936
627936
627936
627936
627936
627936
627936
627669
627669
627669
627669
627669
627669
627669
627669
627669
627669
627669
627669
627669
627669
627669
627669
627669
627669
625970
625970
625970
625970
625970
625970
625970
625970
622431
622431
622431
622431
618995
618995
618995
618995
618995
618995
618995
618995
618995
618995
618995
618995
618995
618995
618995
615365
615365
615365
615365
615365
615365
615365
615365
615365
615365
615365
615365
615365
615365
615365
615365
615365
615365
615365
614862
614862
614862
614862
614862
613273
613273
613273
613273
613273
613273
611772
611772
611772
611772
611772
611164
611164
611164
611164
611164
611164
611164
611164
611164
611164
611164
611164
611164
611164
611164
611164
611164
609842
609842
609842
609842
609842
609842
609842
609842
609842
609842
609842
609842
609842
609842
609842
609842
609842
609842
609842
608098
608098
608098
608098
608098
608098
608098
608098
608098
608098
608098
608098
606597
606597
606597
606597
606597
606597
606597
606597
606597
606597
606597
606597
606597
606597
606597
606597
606149
606149
606149
606149
606149
606149
606149
606149
606149
606149
606149
605862
605862
605014
605014
605014
605014
605014
605014
605014
605014
605014
600937
600937
600937
600937
600937
600937
600937
600937
600937
600937
600937
600937
600937
600937
600937
600937
600937
600035
600035
600035
600035
600035
600035
600035
599969
599969
599969
599969
599969
599969
599969
599969
599969
599969
599969
599969
599969
589362
589362
589362
589362
589362
589362
589362
589362
589362
589362
589362
589362
589362
589362
589362
589362
589362
589362
589362
589336
589336
589336
589336
589336
589336
589336
589336
589336
589336
589336
589336
589336
588558
588558
588558
588558
588558
588558
588558
588558
588558
588558
588558
588558
588558
588558
588558
588500
588500
588500
588500
588500
588500
588500
588348
588348
588348
588348
588348
588348
588348
588348
588348
588348
588348
588348
588348
588348
588348
588348
588348
588348
588096
588096
588096
588096
588096
588096
588096
588096
588096
588096
588096
588096
588096
588096
588096
588096
588096
588096
588096
588096
585087
585087
585087
585087
585087
585087
585087
585087
585087
585087
585087
585087
585087
585087
585087
585087
585087
585087
582198
582198
582198
582198
582198
582198
582198
582198
582198
582198
582198
582198
582198
582198
579854
579854
579854
579854
579854
579854
579854
579854
579854
579854
579854
579854
576333
576333
576333
576333
576333
576333
576333
573687
573687
573687
573687
573687
573687
573687
573687
573687
573687
573687
571478
571478
571478
571478
570073
570073
570073
568124
568124
568124
568108
568108
568108
568108
568108
568108
568108
568108
568108
568108
568108
568108
568108
568108
568108
567630
567630
567630
562067
562067
562067
562067
562067
562067
562067
562067
562067
555897
555043
555043
555043
555043
555043
555043
555043
555043
555043
555043
555043
555043
555043
555043
555043
555043
555043
555043
554159
554159
554159
554159
554159
554159
554159
554159
554159
554159
554159
554159
554159
554159
554159
552788
552788
552788
552788
552788
552788
552788
552788
551449
551449
546380
546380
546380
546380
546380
546380
546380
546380
546380
546380
546380
546380
546380
546380
545148
545148
545148
545148
545148
542940
542940
542940
542940
542940
542940
542940
542940
542940
542940
542940
542864
542864
542864
542567
542567
542567
542567
542567
542567
542567
542567
542567
539139
539139
539139
539139
539139
539139
539139
539139
539139
539139
539139
539139
539139
539139
539139
539139
539139
539139
539139
536570
536570
536570
536570
536570
536570
536570
536570
536570
536570
536570
536570
536570
536256
536256
536256
536256
536256
536256
536256
534705
534705
534705
534705
534705
534705
533937
533937
533937
533937
533937
533937
533937
533937
533937
533937
533937
533937
533937
533937
532209
532209
532209
532209
532209
532209
532209
529102
529102
529102
529102
529102
529102
529102
529102
529102
529102
529102
529102
529102
529102
529102
529102
529102
529102
529102
529102
526503
526503
526503
526503
525556
525556
525556
525556
525556
525556
525556
525556
525556
525556
525556
525556
525556
525556
525556
525556
525556
525556
525556
520521
520521
520521
520521
520521
520521
520521
520521
520521
520521
520521
520521
520521
520521
520521
520521
520521
520521
520521
520521
517480
517480
517480
517480
517480
517480
517480
517480
517480
517480
517480
517480
517480
517480
517480
517269
517269
517269
517269
517269
517269
517269
517269
517269
517269
511225
511225
511225
506611
506611
506151
506151
506151
506151
506151
502368
502368
502368
502368
502368
502368
502368
502368
502368
502368
502368
502368
502368
502368
502368
499934
499934
499934
499934
499934
499934
499934
499934
499934
499934
499934
499934
499934
499934
499934
499934
499934
499934
499934
497002
497002
497002
497002
497002
497002
497002
497002
497002
496602
496602
496602
496602
496602
496602
496602
496602
496602
496602
496602
496602
496602
496602
496074
496074
496074
496074
492676
492676
492676
492676
492676
492676
492676
492676
492676
492676
492676
492676
492676
492676
492676
490448
490448
483080
483080
483080
473142
473142
473142
473142
473142
473142
473142
473142
473142
473142
473142
466034
466034
466034
466034
466034
466034
466034
466034
466034
463147
463147
463147
463147
463147
463147
463147
463147
463147
463147
463147
463147
463147
463147
457198
457131
457131
457131
457131
457131
457131
457131
457131
457131
452771
452771
452771
452048
452048
452048
452048
452048
452048
452048
452048
452048
449338
449338
449338
449338
449338
449338
449338
449338
449338
449338
449338
449310
449310
449310
449310
449310
449310
449204
449204
449204
449204
449204
449204
449204
449204
449204
449204
449204
449204
449204
449204
446944
446944
446944
446944
446944
446944
442820
442820
442820
442820
442820
442820
442820
442756
442253
442253
442253
442253
442253
442253
442253
442253
442253
442253
442253
442253
442253
442253
442253
442253
442253
442253
442253
439208
439208
439208
439208
439208
439208
439208
439208
439208
439208
439208
439208
439208
439208
439208
439208
439208
439208
439208
439208
438140
438140
438140
437830
437830
437830
437830
434802
434802
434802
434802
434802
434802
434802
434802
434802
434802
434802
434802
434802
434802
434802
433915
433915
433915
433915
433915
433915
433915
433662
433662
433662
425951
425951
425951
425951
425951
425951
425951
425951
425951
425951
425951
425951
425951
425951
425951
425951
425951
425951
425951
425951
425738
425738
425738
425738
425738
425738
425738
425738
425738
424252
424252
424252
424252
424252
423905
423905
423905
423905
423905
423905
423905
423905
423905
423905
423905
423905
423905
423905
423905
423905
423905
423905
423905
422717
422717
422717
422717
422717
422717
422717
422717
422717
422717
422717
422717
422717
422717
422717
422717
422717
422717
422717
422717
421992
421992
421992
421992
421992
421992
421992
421992
421992
421992
421992
419462
419462
419462
419360
419360
419360
419360
419360
419360
419360
419360
419360
419360
419360
419360
419360
417198
417198
417198
417198
417198
417198
414848
414848
414848
414848
414848
414848
414848
414848
414848
414848
414848
414848
414848
414848
414848
414848
414848
414848
414848
414848
410321
410321
410321
410321
410321
410321
410321
410321
410321
410321
410321
410321
410321
410321
410321
410321
410321
410321
407724
407724
407724
407724
407724
407724
407724
407724
407724
407724
407724
407724
405111
405111
405111
405111
405111
404021
404021
404021
404021
404021
404021
404021
404021
402929
402929
402929
402929
402929
402929
402567
402567
402567
402567
402567
402567
402567
402567
402567
402567
402567
402567
402567
402567
402248
398106
398106
398106
398106
398106
398106
398106
398106
398106
398106
398106
398106
398106
398106
398106
398106
398106
398106
398106
396982
396747
396747
396747
396747
396747
396747
396747
396747
396747
396747
396747
396747
396747
396747
396747
396747
396747
393799
393799
393799
393799
393799
393799
393799
393799
393799
393799
393799
393799
393799
393799
393799
390635
390635
390635
390635
390635
390635
390635
390635
390635
390527
390527
390527
390527
390527
390527
390527
390527
390527
390527
390527
390527
390527
390508
390508
389071
389071
389071
387087
387087
387087
387087
387087
387087
387087
387087
387087
387087
387087
387087
387087
387087
383983
383983
383983
383052
383052
383052
383052
383052
383052
383052
383052
383052
380469
380469
380469
380469
380469
380469
380469
380469
380469
380469
380469
380469
380469
380469
380469
380469
380421
380421
380421
380421
380421
380421
380421
380421
380421
380421
380421
380421
380421
380421
380421
380421
380421
380421
376759
376759
376759
376759
376759
376759
376759
376759
376759
376759
376759
376759
376759
376759
376619
376619
376619
376619
376619
376619
376619
376619
376619
376619
376619
376619
376619
375393
375393
375393
375393
375393
375393
375393
375393
375393
375393
375393
375393
375393
375393
375393
375393
375315
375315
375315
375315
375315
375315
375315
375284
375284
375284
375126
375126
375126
375126
375126
375126
375126
375126
375126
375126
375126
375126
375126
375126
375126
375126
375126
375126
375126
371045
371045
371045
371045
371045
371045
371045
371045
371045
371045
371045
371045
371045
371045
371045
369096
369096
369096
369096
369096
369096
369096
369096
369096
369096
369096
369096
367444
367444
367444
367070
362499
362499
362499
362499
362499
362499
362499
362499
362499
362499
362499
362499
359920
359920
359920
359920
359920
359920
359920
359920
359920
359920
359920
359920
359920
359920
359920
359920
359920
359747
359747
359747
359747
359747
359747
359747
358931
358931
358931
358931
355572
355572
355572
355572
355572
355572
355572
355572
355572
355572
355569
355569
355569
355569
355569
355569
355569
355569
351822
351822
351822
351822
351822
351822
351822
351822
351822
351822
351822
351822
351822
351822
351822
351822
351822
351822
351822
351822
351757
351757
351757
351757
351757
351757
351757
351757
351757
351757
351757
351757
351757
351757
351757
351757
351757
350150
350150
350150
347682
347682
347682
347682
347682
347682
347682
347682
347682
347682
347682
347682
347682
347682
344520
344520
344520
344520
344520
344520
344520
344520
344520
344520
344520
344520
344520
344520
337558
337558
337558
337558
337558
335167
335167
335167
335167
335161
335161
335161
335161
335161
335161
335161
335161
335161
335161
335161
335161
335161
335161
335161
335161
335161
335161
335161
335161
331190
331190
331190
331190
331190
331190
331190
331190
329556
329556
329556
329556
329556
329556
329556
329556
329556
329556
329556
329556
329556
329556
329556
329556
329556
329556
329556
329404
329404
329404
329404
328220
328220
328220
328220
328220
328220
328220
328220
328220
328220
328220
328220
328220
328220
328220
327894
327894
327894
327894
327894
327894
327894
327894
327894
324951
324951
324951
324951
324951
324951
324951
322229
322229
322229
322229
322229
322229
321503
321503
321222
321222
321222
321222
321222
321222
321222
321222
319394
319394
319394
319394
319394
319394
319394
318043
318043
318043
318043
318043
318043
318043
318043
318043
318043
318043
318043
318043
314589
314589
314589
314589
314589
314589
314589
314589
314589
314589
309323
309323
309323
309323
309323
309323
309323
309323
309323
309323
309323
309323
309323
309323
309323
309323
309323
309323
309323
308890
308890
308890
308890
308890
308890
308890
308890
308890
308292
308292
308292
308292
308292
308292
308292
308292
308292
308292
308292
308292
308292
308292
308292
308292
308292
308292
308292
308292
304158
304158
304158
304158
304158
304158
304158
304158
304158
304158
304158
304158
304158
304158
304158
304158
304006
304006
304006
304006
304006
304006
304006
304006
304006
304006
304006
304006
304006
304006
304006
304006
304006
304006
292192
292192
292192
292192
292192
292192
292192
292192
292192
292192
292192
292192
291410
291410
291410
291410
291410
291410
291410
291410
291410
291410
291410
291410
291410
291410
291410
291410
291410
291410
291410
291410
291224
291224
291224
291224
291224
291224
291224
291224
291224
291224
291224
291224
291224
291224
287468
287468
287468
287468
287468
287468
287468
287468
287468
287468
287468
287468
287468
287396
287396
287396
287396
287396
287396
287111
287111
287111
287111
287111
287111
287111
287111
287111
287111
287111
287111
286020
286020
286020
282222
282222
282222
282222
273167
273167
273167
273167
273167
273167
273167
272884
272884
270511
270511
270511
270511
270511
270511
270511
270511
270511
270511
270511
270511
270511
270511
270511
270511
267687
267687
266562
266562
266562
266562
266562
266562
261520
261520
261520
261520
261520
261520
261520
257035
257035
257035
257035
257035
257035
257035
257035
257035
257035
256774
256774
256774
256774
256774
256774
256774
256774
256774
256774
256774
256774
256774
256414
256414
256414
256414
256414
256414
256414
256414
256414
256414
256414
253233
253233
251757
251757
251757
251757
251757
251757
251757
251757
251757
251757
251757
251757
251757
251757
251757
251757
251757
251757
251757
251453
251453
251453
251453
251453
251453
249731
249731
249731
249731
249731
247690
247690
247690
247690
247690
247690
247690
244257
244257
244257
244257
244257
243979
243979
243979
243979
243979
243979
243979
243979
243979
242894
242894
242894
242894
242894
242894
242894
242894
242894
242894
242894
242894
242894
242894
242894
240884
240884
240884
240884
240884
238832
238832
238832
238832
238832
238832
238832
235766
235766
235766
235766
235766
235766
235766
235766
235766
234327
234327
234327
234327
233072
233072
233072
233072
233072
233072
233072
233072
233072
233072
233072
233072
233072
233072
233072
224720
224720
224720
224720
224720
224720
224720
224720
224720
224720
224720
224720
224720
224720
224437
224437
224437
224437
224437
224437
224437
224437
224437
224437
224437
224437
224437
224437
222729
222729
222729
222729
220814
220814
220814
218815
218815
218815
218815
218815
218815
218815
218815
218815
216949
216949
216949
216949
216949
216949
216949
216949
212623
212623
212623
212623
212623
212623
212623
212623
212623
212623
212137
212137
212137
212137
212137
212137
212137
212137
212137
212137
212137
212137
212137
211903
211903
211903
211903
211903
211903
211903
211903
211903
211903
211903
211903
207712
207712
207712
207712
207712
205861
205861
205861
205861
205861
205861
205861
205861
205861
205861
203832
203832
203316
203316
200295
200295
200295
200018
200018
194028
194028
194028
194028
194028
194028
194028
194028
194028
194028
194028
194028
194028
194028
191951
191951
191951
191951
191951
191951
191951
191951
191951
191951
191951
191951
191951
191951
191951
191951
191951
191951
191951
191256
191256
191256
191256
191256
191256
191256
191256
191256
191256
191256
191256
191256
191256
191256
191256
191256
191256
191256
190419
190419
190419
190419
188465
188465
188465
188465
188465
188465
188465
188465
188465
188465
185844
185844
185844
185844
185844
185844
185844
185844
185844
185844
185844
185844
185844
185844
185844
185844
185844
185844
185844
182443
182443
182443
182443
182443
182443
182443
182443
182443
182443
182443
182443
182443
182443
182409
182267
182267
182267
182267
182267
182267
182267
173490
173490
173490
173490
173490
172999
172999
172999
172999
172999
172999
172999
172999
172999
172999
172999
172195
172195
172195
172195
172195
172195
172195
172195
172195
172195
172195
172195
172195
172195
172195
172195
172195
172195
171293
171293
171293
171293
171293
171293
171293
171293
171293
171293
171293
171293
171293
168054
168054
168054
168054
168054
168054
168054
168054
168054
168054
167701
167701
167701
167701
167701
167701
167701
167701
167701
167701
167701
167701
167701
167701
167701
167701
167701
167063
167063
167063
167063
167063
166947
166947
166947
166947
166947
166947
166947
166947
166947
166947
161370
161370
161370
161370
161370
161370
161370
161370
158840
158840
158840
158840
158840
158840
158840
158735
158735
158735
158735
158735
158735
158735
158735
158735
158735
158735
158735
158735
158735
158735
158735
158735
158735
158735
158735
156556
156556
156556
156556
156556
155999
155999
155999
155999
155999
155999
155999
155999
155999
155999
155999
155999
153414
153414
153414
153414
153414
153414
153414
153414
153414
153414
148584
148584
148583
148583
148583
148583
148583
148583
148583
148583
148224
148224
148224
148224
148224
148224
148224
148224
148224
148224
148224
148224
148224
148224
148224
148224
148224
146644
146644
146644
146644
146644
146644
146644
146644
146644
146644
146644
146644
146644
146644
146644
146644
146644
146644
146644
146644
141925
141925
141925
141925
141925
141925
139439
139439
139439
139439
139439
139439
139439
139439
139439
139439
139439
139439
139439
139439
139439
139439
139439
139439
139439
139439
138364
138364
138364
138364
138364
138364
138364
138364
138364
138364
138144
138144
138144
138144
138144
138144
138144
138144
138144
138144
138144
138144
138144
138144
138144
138144
138144
138144
136726
136726
136726
136726
136726
136726
136726
136726
136726
136726
136726
136726
136726
136726
136726
136726
136726
126648
126648
126648
126648
126648
126648
126648
126648
126648
126648
126648
126648
126648
123224
123224
123224
123224
123224
123224
123224
123224
123224
123224
122661
122661
122661
122661
122661
122661
115710
115710
115710
115710
115710
115710
115710
115710
115710
115710
115710
115710
114421
114421
114421
114421
114421
114421
114421
114421
114421
113569
113569
113569
110023
110023
110023
110023
110023
110023
110023
110023
110023
110023
105995
105995
105995
105995
105995
105995
105995
105995
105995
105995
105995
105995
105314
105314
105314
105314
105314
105314
105314
105314
105314
105314
105314
105314
105314
104482
104482
104482
104482
104482
104482
104482
104482
104482
104482
104482
104482
104482
104482
104482
104482
104482
104482
102630
102630
102630
102630
102630
102630
102630
102630
102630
102006
102006
102006
102006
102006
98951
98951
98951
98951
98951
98951
98951
92058
92058
92058
92058
92058
92058
92058
92058
92058
92058
89592
89592
89592
89592
89592
89592
89592
89592
89592
89592
89592
88623
88623
88623
88623
88623
88623
88623
88623
88623
88623
88623
88623
88623
88623
88623
88623
82801
82801
82801
82801
82801
82801
82801
82801
82801
82801
82801
82801
82801
82801
82801
82801
81837
81837
81837
81837
81837
81837
81837
81837
81837
81837
81837
81837
81837
81837
81837
81837
81509
81509
81509
81509
81509
77516
77516
77516
77516
77516
77516
77516
77516
77516
77516
77516
77516
77516
77516
76405
76405
76405
76405
76405
76405
76405
76405
76405
76405
76405
76405
76405
76405
75340
75340
75340
75340
75340
75340
75340
75340
75340
75340
75340
75340
71010
71010
71010
71010
71010
71010
71010
71010
71010
71010
71010
71010
71010
70301
70301
70301
70301
70301
68840
68840
68840
68840
68840
68840
68840
68840
68477
68477
68477
68477
68477
68477
68477
68477
68477
68477
67796
67796
67253
67253
67075
67075
67075
67075
67075
67075
67075
67075
67075
67075
66758
66758
66758
66758
66758
66758
66758
64668
64668
63858
63858
63858
63858
63858
63858
63858
63858
63858
63858
63858
63858
63858
63858
63858
63858
63858
63858
61743
61743
61743
61743
61743
61743
61743
61743
61743
61743
61743
61743
61743
61743
61743
61743
61743
61743
61380
61380
61380
61380
61380
61380
61380
61380
61380
61380
61380
61380
61380
59407
59407
59407
59407
59407
59407
59407
59407
55534
55534
55534
55534
55534
55534
55534
55534
55534
55534
55534
53874
50174
50174
50174
50174
50174
48627
48627
48627
48627
48627
48627
48627
48627
48627
48627
48627
48627
48627
47497
47412
47412
47412
47412
47412
47412
46205
46205
46205
46205
46205
46205
46205
42976
42976
42976
42976
42976
42976
42976
42976
42976
42976
40726
40726
40726
40726
40726
40726
40726
40726
40726
40726
40726
40726
40726
40726
40726
40726
40063
40063
40063
40063
40063
40063
40063
40063
40063
40063
40063
40063
40063
37250
37250
37250
37250
37250
35252
35252
35252
35252
35252
35252
35252
35252
35252
35252
35252
35252
35252
35252
31641
31641
31641
31641
31641
31641
31641
31641
31641
31641
31641
31641
31641
31641
29860
29860
29860
29860
29860
29860
29860
29860
29860
29860
29321
29321
29321
29321
29321
29321
29321
29321
29321
29321
29321
29321
29321
29321
29321
29321
29321
27982
27982
27982
27982
27982
27982
27982
27982
27982
27982
27982
27982
27982
27982
27982
27982
27982
27776
27776
27776
27776
27776
27386
27386
27386
27386
27386
27386
27386
27386
27386
27386
27386
27386
27386
27386
27386
27386
27386
27386
27386
27386
26647
26647
26647
26647
26647
26647
26647
26647
26647
26647
26647
26647
25642
25642
25642
25642
25642
25642
25642
25642
25642
25642
25642
25642
25642
25642
25642
25642
25642
23917
23917
23917
23917
23917
23917
23917
23917
23917
23917
23917
23917
23917
23917
23917
23917
21148
21148
21148
18825
18825
16960
16960
16960
16960
16960
16960
16960
16960
16960
16960
16960
16960
16960
16960
16960
13435
13435
13435
13435
13435
13435
13435
13435
13435
13435
13435
13244
13244
13244
13244
13244
13244
13244
13244
13244
13244
13244
13244
13244
13244
13244
