2624
1500000
997656
997656
997656
997656
997656
997656
997611
997611
997611
997611
997611
997611
997611
997611
997611
997611
997611
997611
997107
997107
997107
997107
997107
997107
997107
997107
997107
997107
997107
997107
997107
997107
997107
997107
992085
992085
992085
992085
992085
992085
992085
992085
992085
992085
992085
992085
992085
988373
988373
988373
988373
988373
988373
988373
988373
988373
988373
988373
988373
988373
988373
988373
988373
988373
988373
988373
987849
987849
987849
987849
987849
987849
987849
987849
987849
987849
987849
987849
987849
987849
987849
987849
983015
983015
983015
983015
983015
983015
983015
983015
983015
983015
983015
983015
983015
981227
981227
978700
978700
978700
978700
978700
978700
978700
978700
978700
978700
978700
978700
978700
978700
978700
978700
976130
976130
976130
976130
976130
976130
976130
976130
976130
976130
976130
976130
976130
976130
976130
976130
976130
976130
970751
970751
970751
970751
970751
970751
970751
970751
970751
970751
970751
970751
970751
970751
970751
970751
967340
967340
967204
967204
967204
962699
962699
962699
962699
962699
962699
962699
962699
962699
962699
962699
962699
962699
962699
953858
953858
953858
953858
953858
953858
953858
953858
952555
952555
952555
952555
952555
952555
952555
952555
952555
952555
951684
951684
951684
951684
951684
951684
951684
951684
951684
951684
951684
951684
951684
951684
951684
946605
946605
946605
946605
946605
944870
944870
944870
944870
944870
944870
944870
944870
941588
941588
941588
941588
941588
941588
941588
941588
941588
941588
941588
941588
941588
941588
941588
941588
941588
933759
933759
933759
933759
933759
933759
933759
933759
933759
933759
933759
933759
933759
933759
933759
933759
933759
928959
928959
928959
928959
928959
927636
927636
927636
927636
927636
927636
927636
927636
927636
927636
927636
921397
917793
917793
917793
917793
917793
917793
917793
917793
917793
917793
917793
917793
916882
916882
916882
907726
907726
907726
907726
907726
907726
907726
907726
907726
907726
907726
907726
907726
907726
900844
900844
900844
900844
900844
899697
899697
899697
899697
899697
899697
899697
899697
899697
899697
899697
899697
899697
899697
899697
899697
899697
899697
898361
898361
898361
898361
898361
898361
898361
898361
898361
898361
898361
898361
898361
898361
898361
898361
898361
898361
898361
898361
895446
895446
895446
895446
895446
895446
895446
895446
895446
895446
895446
895446
895446
895446
895446
895446
895446
895446
895446
886095
886095
886095
886095
886095
886095
886095
886095
886095
886095
886095
886095
886095
886095
886095
886095
886095
886095
883811
878701
878701
878701
878701
878701
878701
878701
875252
874444
874444
874444
874444
874444
874444
874444
874444
874444
874444
874444
874444
874444
874444
874444
874444
874444
874444
860457
860457
860457
860457
860457
860457
860457
860457
860457
860457
860457
860457
860457
860457
860457
858208
858208
858208
856580
856580
856580
856580
856580
856580
856580
856580
856580
856580
842922
842922
842922
842068
842068
842068
842068
842068
842068
842068
842068
842068
842068
842068
840754
840754
840754
840754
840754
840754
840754
840754
840754
840754
840754
840754
840754
840754
840754
840754
840754
840754
825731
825731
825731
825731
825731
825731
825731
825731
825731
825731
825731
825731
822792
822792
822792
822792
822792
822792
822792
822792
822792
822792
822792
822792
822792
822792
822792
822792
822792
822792
822792
820932
820932
820932
820932
818785
818785
818785
818785
818785
818785
818785
817315
813864
813864
813864
813864
813864
813864
813864
813864
809395
809395
809395
809395
809395
809395
809395
809395
809395
809395
808917
808698
808698
808698
808698
808698
808698
808698
808698
808698
808698
808698
808698
808698
808698
808698
808698
808698
808698
808698
806586
800719
800719
800719
800719
800719
800719
800719
800719
800719
800719
800719
796978
796978
796978
796978
796978
796978
796978
796978
789346
789346
789346
789346
789346
787899
787899
787899
787899
787899
787899
787899
787899
787899
787899
787899
787899
787899
787899
786688
786688
786688
786688
786688
786688
786688
786688
786688
786688
786688
786688
786314
786314
786314
786314
786314
786314
786314
786314
786314
786314
774178
774178
774178
774178
774178
774178
774178
774178
774178
774178
774178
773367
773367
773367
773367
773367
773367
773367
773367
773367
773367
773367
773367
773367
773367
773367
764215
764215
764215
764215
764215
764215
764215
764215
764215
764215
764215
764215
764215
764215
764215
764215
764215
764215
764215
764215
762473
762473
762473
762473
762473
762473
762473
762473
762473
762473
751332
751332
751332
751332
746043
746043
746043
746043
746043
746043
746043
734358
727478
727478
727478
727478
727478
727478
727478
727478
727478
727478
727478
727478
727478
727478
727478
727478
726284
726284
726284
726284
722298
722298
722298
722298
722298
722298
722298
722298
722298
722298
722298
722298
722298
710941
710941
710941
710941
710941
710941
710941
710941
710941
710941
710941
710941
710941
710941
710941
708493
708493
708493
708493
708493
708493
708493
708493
708493
708493
708493
708493
708493
708493
708493
708493
706986
706986
706986
706986
706986
706986
706986
706986
706986
706986
706986
706986
706986
706986
706986
706986
706986
703208
703208
703208
703208
703208
703208
703208
703208
703208
703208
703208
703208
703208
686113
686113
686113
686113
686113
686113
686113
686113
686113
686113
686113
686113
686113
686113
681113
681113
681113
681113
681113
681113
681113
681113
681113
681113
681113
681113
681113
681113
681113
681113
681113
681113
681113
681113
679202
679202
679202
679202
679202
679202
679202
679202
679202
679202
679202
679202
679202
675329
675329
675329
675329
675329
675329
675329
675329
675329
675329
675329
675329
675329
675329
675329
675329
675023
675023
675023
675023
675023
675023
675023
674913
674913
674913
674913
674913
674913
674913
674913
674910
674910
674910
674910
674910
674910
674910
674910
674910
674910
674910
674910
674910
674910
674910
674910
674910
670377
670377
670377
670377
670377
670377
670377
670377
670377
670377
670377
670377
670377
669093
669093
669093
669093
669093
669093
669093
666506
666506
666506
666506
666506
666506
666506
666506
666506
666506
666506
666506
666506
661493
661493
661493
661493
661493
661493
661493
661493
661493
661493
661493
661493
661493
661493
661493
661493
659278
659278
659278
659278
659278
659278
659104
659104
659104
659104
659104
659104
659104
659104
659104
659104
659104
659104
659104
659104
659104
659104
659104
659104
650346
650346
650346
650346
650346
650346
650346
650346
650346
650346
650346
650346
650346
650346
650346
642944
642944
642944
642944
642944
642944
642944
642944
642944
642944
633284
633284
633284
633284
633284
633284
633284
633284
633284
633284
633284
633284
633284
633284
633284
631161
631161
631161
631161
631161
631161
631161
631161
631161
631161
630271
630271
629676
629676
629676
629676
629676
629676
629676
629676
629676
629676
629676
629676
629676
629676
629676
629676
629676
629676
629179
629179
629179
628341
628341
625855
625855
625855
625855
625855
625855
623955
623955
623955
623955
623955
623955
623955
623955
619260
619260
619260
619260
619260
619260
619260
619260
619260
619260
619260
619260
619260
619260
619260
619260
619260
619260
619260
619260
619212
619212
619212
619212
619212
619212
619212
619212
619212
619212
619212
619212
619212
607682
607682
602257
602257
598624
598624
598624
598624
598624
598624
598624
598624
598624
598624
598624
597512
594101
594101
594101
594101
594101
594101
594101
594101
594101
594101
594101
594101
594101
594101
594101
593365
593365
591507
591507
589344
589344
589344
589344
589344
589344
589344
589344
589344
589344
589344
589344
589344
589344
589344
588202
588202
588202
588202
588202
588202
588202
588202
588202
588202
588202
588202
588202
588202
588202
587981
587981
587981
587981
587981
587981
587981
587981
587981
587981
587981
587981
587981
580014
580014
580014
580014
580014
580014
580014
580014
580014
580014
580014
580014
580014
580014
580014
580014
579392
579392
579392
579392
579392
579392
579392
579392
579392
579392
579392
579392
579392
579392
579392
579392
572487
572487
572487
572487
572487
571089
571089
571089
571089
571089
571089
571089
571089
571089
571089
571089
571089
571089
571089
571089
571089
571089
571089
571089
571089
567228
567228
567228
567228
567228
567228
567228
567228
567228
567228
567228
567228
567228
567228
567228
567228
562340
562340
562340
562340
562340
562340
562340
562340
562340
562340
562340
562340
559819
559819
559819
559819
559819
559819
559819
559819
559819
559819
559819
559819
559819
559819
559819
559819
559819
559819
559819
559819
558430
558430
558430
558430
558430
558430
558430
558430
558430
558430
558430
558430
558430
558430
558430
558430
558430
558430
556441
556441
556441
556441
556441
556441
556441
556441
556441
553529
553529
553529
553529
553529
553529
553529
553529
553529
553529
553529
553529
553529
553529
553529
553529
553529
553529
553529
553529
546206
546206
546206
546206
546206
546206
546206
546206
546206
546206
546206
543145
543145
543145
543145
543145
533067
533067
533067
533067
533067
533067
533067
533067
533067
533067
533067
533067
533067
525882
525882
525882
525882
525882
525882
525882
525882
525882
525882
525882
525882
525882
525882
524025
524025
524025
524025
524025
524025
524025
524025
524025
524025
524025
524025
524025
524025
523465
523465
523465
523465
523465
523465
523465
523465
523465
523465
523465
522991
522991
522991
522991
521806
521806
521806
521806
521806
521806
521806
521806
521806
521806
521806
521806
520784
520784
520784
520784
520784
520784
520784
520784
520192
520192
520192
520192
520192
520192
520192
520192
520192
520192
520192
520192
520192
520192
520192
520192
520192
520192
520192
518416
518416
518416
518416
518416
518416
518416
518416
518416
518416
518416
518416
518416
518416
518416
518416
518416
518416
518416
517246
517246
517246
517246
517246
517246
517246
517246
517246
517246
517246
517246
517246
513661
512494
512494
512494
512494
512494
512494
512494
511812
511812
511812
506822
506822
506822
506822
506822
506822
506822
506822
506822
505681
505681
505681
505681
505681
505681
505681
505681
505681
505681
505681
505681
505681
505681
505681
503566
503566
494317
494317
494317
494317
484049
484049
484049
484049
484049
484049
484049
484049
484049
484049
484049
484049
484049
484049
484049
484049
484049
480403
480403
480403
480403
480040
480040
480040
480040
480040
480040
480040
480040
480040
480040
480040
480040
480040
479767
479767
479767
479767
479767
479767
479767
479767
479767
479767
479767
479767
479767
479767
479767
479767
479767
479767
479767
479767
471231
471231
471231
471231
471231
471231
471231
471231
471231
471231
471231
471231
471231
471231
471231
471231
471231
471231
470373
470057
470057
463130
463130
463130
463130
463130
463130
463130
463130
463130
463130
463130
463130
463130
463130
463130
463130
463130
463130
463130
450831
450831
450831
450831
450831
450831
450831
450831
450831
450831
450831
450831
450831
450831
450831
450465
450465
446780
446780
446780
446780
446780
446290
445793
445793
440788
440788
440788
440788
440788
440788
440788
440788
440788
440788
440788
440788
440788
440788
440788
440788
440788
440788
440788
440788
432313
432313
432313
432313
432313
432313
431957
431957
431957
431957
431957
431957
431957
428129
428129
428129
428129
428129
428129
428129
428129
427976
427976
427976
427976
427976
427976
417766
412128
412128
412128
412128
412128
412128
412128
412128
412128
412128
412128
412128
409862
409862
409862
409862
409862
409862
409862
409862
409862
409862
409862
409862
409210
409210
409210
405796
405796
405796
405796
405796
405796
405796
405796
405796
405796
405796
405796
405796
405796
405796
405796
405796
405796
405796
405796
398473
398473
398473
398473
398473
398473
398473
398473
398473
398473
398473
398473
398473
398473
398473
398473
386792
386792
386792
386792
386792
386792
386792
386792
386792
386792
386792
386792
386792
386792
386792
386792
386792
386792
386792
386792
383954
383954
383954
369871
369871
369871
369871
369871
369871
369871
369871
369871
369871
369871
369871
369871
369871
369871
369871
369871
369871
369871
369871
365844
365844
365844
365844
365844
365844
365844
365844
365844
365844
365844
365844
365844
365844
365844
365844
365844
364698
364698
364698
364698
364698
364698
364698
364698
364698
364698
364698
364698
364698
364698
364698
364698
364698
364698
364698
364698
357664
357664
357664
357664
357664
357664
357664
357664
346889
346889
346889
346889
346889
346889
346889
346889
346889
346889
346889
344390
344390
344390
344390
344390
344390
344390
344390
344390
344390
344390
344390
344390
343487
343487
343487
343487
343487
343487
343487
343487
343487
343487
343487
343487
343487
343487
343487
342183
342183
342183
342183
342183
342183
342183
342183
340042
340042
340042
339676
338591
338591
338591
338591
338591
338591
338591
338591
338591
338591
338591
338591
338591
338591
338591
338591
338591
338591
338591
337535
337535
337535
337535
337535
337288
337288
326987
326083
326083
326083
326083
326083
323616
323616
323616
323616
323616
323616
323616
323616
323616
323616
323616
323616
323616
315643
315643
315643
315643
315285
315285
315285
315285
315285
315285
309688
309688
309688
309688
309688
309688
309688
309688
309688
309688
309688
309688
308364
306029
306029
306029
306029
306029
306029
306029
306029
306029
306029
306029
306029
306029
306029
306029
306029
306029
306029
304724
304724
304724
304724
304724
304724
304724
304724
304724
304724
304724
304724
304724
304724
304724
304724
304724
304724
304724
300726
300726
300726
300726
300726
299575
299575
299575
299575
299575
299575
299575
299575
299575
299575
299575
299575
299575
299575
292699
292699
292699
292699
292699
292699
292699
292699
292699
292699
292699
292699
278521
278521
278521
278521
278521
278521
278521
278521
278521
278521
278521
278521
278521
278521
278521
277834
277834
277834
277834
277834
277834
277834
277834
277834
277834
277834
277607
277607
277607
277607
277607
277607
277607
277607
277607
277607
277607
277607
269644
261753
261753
261753
261753
261753
261753
261753
261753
261753
261136
251703
251703
251703
251703
251703
251703
251703
251703
251703
251703
251703
251703
251703
251703
251703
251703
251703
251703
251703
251703
251474
251474
251474
251474
251474
251474
251474
251474
251474
251474
251474
251474
251474
251474
251474
251474
250077
243509
243509
243509
243509
243509
243509
243509
243509
243509
243509
243509
243509
243509
243509
243509
243509
243509
243509
241013
241013
241013
241013
241013
241013
241013
241013
241013
241013
241013
241013
241013
241013
241013
241013
240554
240554
240554
240554
240554
239030
239030
227331
227331
227331
227331
227331
227331
224297
224297
224297
224297
224297
224297
224297
224297
224297
224297
224297
218946
218946
218946
218946
218946
218946
218946
218946
218946
213438
213438
213438
213438
213438
213438
213438
209837
209837
209837
209837
209837
209837
209837
209837
209837
209837
209837
205811
205811
205811
205811
205811
205811
205811
205811
202630
202630
202630
202630
202630
202630
199730
193430
193430
193430
193430
193430
193430
193430
193430
193430
193430
193430
193430
193430
190293
188531
188531
188531
188531
188531
188531
188531
185910
185910
185910
185910
185910
185910
185910
185910
185910
185910
185910
185910
185910
185910
183554
183554
183554
183554
183554
183554
183554
183554
183554
167576
167576
167576
167576
167576
167576
167576
167576
167576
167576
167576
167576
167576
167576
167576
167576
167576
167576
167576
166528
166528
166528
166528
166528
166528
166528
166528
166528
166528
166528
166528
166528
166528
166528
166528
163082
163082
163082
163082
163082
163082
163082
163082
163082
163082
163082
163082
163082
163082
163082
163082
163082
163082
162360
162360
162360
162360
162360
162360
162360
162360
162360
162360
162360
162360
162360
162360
162360
162360
162185
162185
162185
162185
157415
157415
157415
157415
157415
157415
157415
157285
157285
157285
157285
157285
157285
157285
157285
157285
157285
153695
153695
153695
153695
153695
153695
153695
153695
153695
153695
153695
153695
153695
153695
153695
153695
152621
152621
152621
152621
152621
152621
152621
152621
152621
152621
147137
147137
147137
147137
147137
147137
147137
147137
147137
147137
147137
147137
145853
145853
145853
145853
145853
145853
145853
145853
145853
145853
145853
145853
145853
141040
141040
141040
141040
141040
141040
141040
136460
136460
136460
136460
136460
136460
136460
136460
136460
136460
136460
136460
136460
136460
135619
135619
135619
135619
135619
135619
135619
135619
131940
131940
131940
131940
131940
131940
131570
131570
131570
131570
128643
128643
128643
128643
128643
128643
128643
128643
128555
128555
128555
128555
128555
128555
128555
128555
128555
128555
128555
128555
128555
128555
128555
128555
128555
128555
128555
128555
122866
122866
122866
122866
122866
122866
122866
122866
122866
122866
122866
122866
122866
98945
98945
98945
98945
98945
98945
98945
98945
98945
98945
98945
98945
98945
98945
98945
98945
95813
95813
95813
95813
95813
95813
95813
95813
95813
95813
95813
95813
95813
95813
95813
95813
69207
69207
69207
69207
69207
69207
69207
69207
69207
69207
69207
69207
69207
69207
69207
69207
69207
69207
69207
66298
66298
66298
66298
66298
66298
66298
66298
64659
64659
64659
64659
64659
64659
64659
64659
64659
64659
64659
64659
60159
60159
60159
60159
60159
60159
60159
60159
60159
60159
55158
55158
55158
55158
55158
55158
55158
55158
55158
55158
55158
55158
55158
55158
55158
55158
53495
53495
53495
53495
53495
53245
53245
53245
53245
53245
53245
53245
51952
51952
51952
51952
51952
51952
51952
51952
51952
51952
51952
51952
51952
51952
51952
51604
51604
51604
51604
51604
51604
51604
51604
51604
51604
51604
51604
51604
51604
51604
51604
51604
51604
51604
50403
50403
49840
49840
49840
49840
49840
49840
49840
49840
49840
49840
49840
49840
49840
49840
49840
47790
27278
27278
27278
27278
27278
27278
27278
27278
27278
27278
27278
27278
27278
27278
25902
25902
25902
13438
13438
13438
13438
13438
13438
13438
13438
13438
10393
10393
10393
10393
10393
10393
10393
10393
10393
10393
10393
10393
10393
10393
