1003
64704
58180
58162
58130
58107
58098
58024
58016
58010
58000
57994
57964
57954
57951
57912
57904
57880
57867
57834
57757
57746
57725
57720
57716
57714
57712
57696
57650
57618
57554
57548
57521
57504
57493
57437
57418
57416
57402
57341
57312
57285
57276
57266
57246
57232
57187
57128
57068
57053
56988
56952
56944
56928
56901
56874
56842
56841
56809
56744
56714
56672
56663
56624
56610
56605
56600
56560
56528
56488
56460
56425
56396
56394
56370
56360
56306
56288
56210
56184
56177
56170
56144
56122
56121
56082
56056
56018
56012
55973
55914
55817
55760
55712
55696
55675
55612
55592
55562
55538
55528
55527
55520
55460
55413
55382
55344
55272
55200
55141
55064
54993
54992
54894
54892
54888
54830
54816
54726
54648
54637
54609
54576
54570
54560
54496
54489
54412
54379
54360
54192
54176
54160
54134
54130
54020
53997
53880
53776
53656
53624
53606
53548
53464
53441
53433
53418
53409
53328
53289
53261
53240
53200
53160
53088
52992
52980
52939
52915
52786
52768
52762
52656
52578
52557
52514
52432
52384
52372
52360
52338
52186
52104
52080
52000
51904
51848
51784
51713
51705
51681
51640
51616
51561
51533
51492
51306
51248
50992
50976
50890
50792
50738
50672
50656
50616
50516
50511
50483
50288
50272
50206
49904
49888
49409
49364
49340
49304
49240
49223
49146
49104
49064
48864
48642
48544
48160
48144
47790
47780
47776
47748
47736
47728
47711
47647
47623
47512
47503
47475
47448
47350
47018
46512
46048
45936
45901
45868
45836
45804
45664
45640
45615
45576
45502
45408
45232
45106
44176
43936
43704
43552
43540
43508
43383
43355
43336
43331
43286
43056
42973
42774
42638
42464
42062
41942
41910
41776
41376
41080
40756
40724
40668
40648
40442
40240
40213
40209
40205
40181
40033
39648
38974
38880
38384
37728
37416
37412
37128
37060
37030
36966
36964
36744
36685
36613
36609
36605
36581
36580
36516
36488
36461
36433
36424
36410
36176
35408
35328
34848
34464
33520
33184
32908
32848
32800
32432
32416
32380
32378
32376
32370
32368
32365
32364
32362
32361
32360
32357
32356
32354
32353
31872
30832
29792
29392
28716
28272
28096
28076
27472
27468
26968
26962
26961
26957
26956
26954
26953
26952
26951
26946
26942
26912
26720
26500
26000
25248
24928
24872
24512
24378
24256
24009
23792
23582
23561
23537
23528
23492
23437
23417
23413
23351
23304
23124
23118
23044
22984
22748
22744
22496
22144
21936
21536
21442
20896
20798
20561
20437
20417
20413
20411
20400
20222
20056
20036
19988
19964
19688
19678
19488
19478
19120
18870
18592
18278
18111
18064
17850
17816
17811
17791
17769
17668
17644
17632
17512
17312
17136
16534
16334
16240
16096
16002
15944
15909
15904
15896
15756
15724
15700
15671
15664
15584
15188
15184
14742
14655
14392
14359
14335
14328
14235
14161
14160
14152
14132
14112
14108
14098
13808
13792
13472
13386
13216
13048
13008
12966
12901
12888
12840
12804
12747
12384
12336
12082
12064
12016
11851
11829
11828
11752
11744
11696
11642
11608
11560
11514
11488
11440
11440
11216
11166
11153
11012
10977
10912
10888
10853
10833
10827
10728
10625
10592
10580
10504
10434
10410
10306
10296
10272
10256
10224
10162
10123
10064
9954
9952
9934
9859
9805
9792
9772
9696
9624
9616
9560
9537
9513
9488
9448
9413
9406
9393
9387
9368
9300
9250
9240
9208
9152
9136
9032
8923
8908
8864
8840
8816
8814
8810
8709
8605
8580
8544
8528
8526
8513
8480
8464
8446
8392
8391
8288
8230
8184
8180
8178
8112
8093
8071
8068
8040
7984
7971
7968
7872
7779
7770
7736
7728
7712
7656
7642
7622
7608
7586
7580
7536
7525
7520
7496
7417
7277
7244
7242
7186
7154
7152
7114
7112
7107
7082
7072
7055
7002
6968
6946
6934
6926
6924
6901
6876
6832
6760
6752
6751
6746
6736
6701
6662
6648
6581
6554
6553
6526
6503
6496
6480
6472
6436
6364
6344
6328
6265
6256
6248
6225
6218
6202
6196
6176
6137
6086
6074
6057
6048
6011
5987
5978
5964
5962
5946
5914
5906
5856
5840
5832
5828
5817
5802
5791
5744
5699
5688
5629
5626
5620
5616
5600
5594
5576
5506
5504
5499
5482
5454
5444
5390
5390
5390
5388
5388
5388
5388
5384
5384
5376
5376
5376
5296
5184
4992
4928
4864
4800
4736
4712
4710
4706
4696
4688
4686
4682
4682
4668
4656
4620
4616
4600
4592
4544
4544
4480
4384
4288
4288
4272
4160
4110
4086
4082
4082
4082
4080
4064
4040
4000
4000
3992
3984
3936
3840
3808
3776
3772
3652
3648
3620
3608
3584
3584
3568
3562
3558
3552
3552
3528
3520
3520
3488
3456
3408
3392
3296
3264
3232
3200
3200
3184
3180
3168
3144
3144
3136
3136
3132
3104
3084
3072
3072
3008
2944
2880
2870
2866
2864
2864
2846
2832
2824
2816
2816
2816
2816
2816
2816
2752
2752
2688
2676
2624
2592
2592
2592
2588
2580
2576
2560
2560
2548
2464
2432
2416
2402
2400
2370
2368
2364
2360
2336
2336
2324
2304
2304
2300
2272
2240
2240
2232
2200
2194
2176
2176
2170
2166
2164
2128
2112
2112
2096
2084
2060
2048
2048
2028
2024
2016
1996
1990
1988
1984
1984
1984
1960
1952
1920
1920
1920
1906
1904
1902
1888
1888
1882
1880
1878
1876
1872
1856
1848
1840
1840
1824
1792
1792
1784
1776
1760
1760
1752
1728
1720
1716
1712
1702
1688
1676
1664
1664
1664
1664
1664
1644
1632
1632
1632
1618
1600
1600
1600
1592
1552
1536
1524
1520
1520
1512
1504
1504
1504
1472
1472
1472
1470
1454
1452
1448
1444
1436
1428
1420
1420
1412
1408
1408
1396
1388
1384
1384
1378
1376
1376
1368
1360
1348
1348
1344
1344
1344
1344
1340
1328
1314
1312
1310
1308
1304
1300
1280
1280
1280
1280
1280
1272
1252
1248
1240
1236
1232
1226
1216
1216
1216
1212
1210
1204
1200
1196
1194
1192
1188
1184
1180
1176
1164
1162
1160
1156
1156
1152
1152
1152
1152
1152
1138
1136
1124
1124
1120
1116
1106
1104
1100
1098
1092
1088
1088
1088
1088
1080
1076
1056
1040
924
896
820
804
768
768
716
656
640
596
592
582
480
448
416
416
384
288
236
152
120
