1003
63680
57264
57242
57212
57200
57178
57176
57114
57066
57062
57060
57020
56992
56988
56986
56970
56944
56890
56826
56824
56770
56756
56736
56732
56696
56668
56664
56632
56608
56604
56592
56566
56518
56508
56486
56440
56406
56404
56360
56326
56294
56284
56240
56198
56180
56171
56136
56134
56083
56059
56051
56034
56032
56011
56002
55907
55892
55891
55886
55856
55819
55808
55800
55787
55776
55690
55668
55648
55636
55619
55580
55530
55504
55491
55468
55448
55427
55379
55370
55328
55284
55274
55234
55219
55203
55202
55194
55191
55186
55154
55139
55120
55043
55032
55027
54979
54962
54936
54883
54872
54836
54772
54730
54723
54712
54683
54680
54672
54636
54619
54618
54570
54552
54496
54483
54471
54384
54375
54368
54365
54348
54328
54324
54314
54242
54234
54178
54101
54078
54033
53972
53920
53887
53812
53726
53688
53678
53649
53616
53578
53560
53528
53500
53479
53406
53364
53319
53264
53216
52923
52918
52872
52869
52854
52716
52694
52688
52666
52556
52447
52394
52384
52383
52176
52062
51944
51902
51872
51852
51848
51816
51799
51788
51784
51756
51735
51694
51692
51656
51649
51646
51624
51616
51592
51536
51464
51444
51240
51128
51023
50919
50912
50816
50806
50742
50630
50620
50608
50582
50516
50336
50043
50003
49992
49939
49848
49834
49760
49648
49532
49530
49404
49056
48928
48867
48803
48747
48707
48643
48634
48544
48528
48488
48330
48312
48196
48078
48068
47377
47313
47264
47194
47024
46890
46752
46696
46572
46472
46468
46151
46023
45766
45717
45462
45360
45088
44548
44516
44388
44384
44264
44136
44104
44016
43976
43944
43936
43801
43750
43737
43705
43673
43654
43593
43577
43574
43545
43542
43494
43288
43190
42140
42052
41760
41744
41425
41394
41393
41313
41297
41265
41239
41090
41026
40736
40440
40344
40312
40280
40152
40120
40088
40064
39960
39736
39456
39356
39252
39024
38689
38657
38566
38502
37920
36704
36672
36520
36184
36012
35884
35760
35591
35559
35538
35474
35424
33120
32544
31928
31920
31904
31896
31864
31860
31856
31848
31846
31845
31844
31842
31841
31672
31408
31360
28160
26544
26534
26533
26532
26531
26530
26528
26524
26520
26488
26472
26400
25952
25504
23506
23488
23454
23435
23409
23280
23164
23060
22920
22648
22592
22496
22006
21515
21472
20982
20930
20853
20827
20560
20364
20276
20192
19960
19776
19768
19672
19640
19627
19608
19512
19480
19448
19368
19168
18882
18850
18701
18681
18641
18574
18573
18547
18288
18272
18028
17956
17568
17078
17000
16944
16822
16782
16781
16758
16753
16741
16701
16673
16621
16610
16567
16456
16424
16328
16296
16184
16160
16084
15972
15948
15520
15280
15182
14971
14930
14609
14348
14344
14260
14168
14112
13994
13904
13742
13728
13689
13641
13587
13024
13012
13002
12908
12808
12794
12664
12656
12542
12531
12479
12399
12345
12320
12192
12032
11900
11796
11794
11696
11680
11616
11542
11528
11451
11416
11399
11365
11168
10972
10948
10918
10896
10884
10878
10782
10730
10656
10635
10549
10472
10376
10366
10362
10204
10184
10128
10088
10056
10030
10027
10024
9996
9984
9955
9928
9916
9901
9896
9888
9864
9860
9784
9682
9616
9440
9415
9406
9361
9276
9182
9168
9158
9140
9022
9016
9011
8970
8965
8776
8736
8698
8688
8654
8640
8635
8604
8503
8501
8484
8472
8440
8422
8400
8328
8298
8228
8173
8161
8160
8092
8002
7989
7983
7936
7922
7874
7866
7806
7804
7800
7785
7780
7776
7763
7760
7755
7755
7712
7675
7665
7608
7594
7554
7551
7540
7536
7499
7480
7465
7462
7428
7381
7372
7352
7331
7307
7288
7266
7251
7242
7208
7199
7163
7152
7119
7106
7075
7074
7066
7065
7060
7042
7008
7006
7005
7004
6926
6919
6879
6872
6832
6825
6794
6756
6752
6708
6684
6662
6624
6592
6568
6544
6498
6496
6492
6479
6472
6432
6402
6391
6374
6359
6331
6304
6296
6294
6259
6252
6238
6224
6164
6158
6130
6104
6068
6062
6040
6020
5998
5980
5970
5964
5936
5930
5906
5900
5880
5848
5844
5832
5792
5772
5762
5714
5662
5616
5594
5582
5580
5556
5514
5474
5432
5424
5422
5396
5366
5360
5306
5304
5304
5304
5304
5296
5296
5296
5280
5280
5248
5184
5056
4736
4700
4688
4686
4680
4640
4632
4608
4576
4512
4480
4416
4416
4288
4196
4184
4170
4164
4096
4064
4048
4032
3984
3952
3920
3920
3920
3888
3888
3888
3872
3840
3776
3772
3740
3734
3726
3714
3712
3708
3648
3648
3600
3584
3584
3412
3392
3364
3356
3354
3350
3348
3346
3334
3322
3320
3312
3280
3280
3248
3248
3232
3208
3192
3184
3136
3072
3040
3036
3008
2992
2984
2920
2864
2864
2848
2816
2816
2796
2752
2744
2726
2720
2716
2688
2600
2600
2576
2560
2556
2528
2506
2504
2496
2494
2478
2468
2432
2432
2376
2356
2352
2336
2304
2304
2304
2290
2278
2272
2272
2192
2180
2176
2176
2176
2176
2172
2156
2144
2126
2112
2112
2108
2080
2064
2032
2032
2016
2004
2004
2000
2000
2000
1992
1990
1980
1976
1968
1968
1968
1968
1952
1936
1920
1888
1882
1880
1872
1856
1856
1848
1832
1828
1824
1824
1804
1800
1792
1792
1792
1728
1728
1726
1712
1700
1696
1680
1680
1680
1664
1664
1656
1640
1632
1620
1616
1600
1600
1596
1580
1576
1572
1572
1560
1552
1552
1552
1552
1550
1536
1536
1534
1532
1528
1520
1516
1510
1508
1504
1498
1492
1488
1488
1480
1474
1472
1472
1472
1466
1456
1456
1452
1450
1440
1438
1422
1420
1416
1414
1412
1412
1412
1408
1404
1400
1392
1384
1382
1374
1364
1360
1356
1348
1344
1344
1344
1336
1328
1328
1312
1296
1296
1294
1280
1280
1280
1280
1278
1276
1272
1270
1266
1252
1252
1250
1248
1248
1244
1244
1232
1228
1224
1216
1216
1216
1212
1208
1200
1196
1192
1192
1184
1176
1176
1168
1168
1168
1152
1152
1152
1152
1152
1148
1140
1128
1120
1116
1112
1112
1104
1100
1092
1080
1072
1072
1072
1056
1056
976
960
956
928
898
868
832
712
704
656
626
616
586
584
576
480
472
384
384
384
384
352
348
276
224
160
