1003
78080
70240
70212
70134
70072
70065
70039
70022
69991
69985
69968
69958
69937
69895
69878
69816
69780
69750
69735
69734
69712
69700
69656
69621
69568
69537
69536
69478
69462
69444
69435
69408
69336
69307
69268
69241
69227
69226
69200
69104
69099
69075
69054
69043
69024
69016
68960
68867
68855
68808
68798
68774
68748
68672
68631
68571
68562
68532
68491
68464
68376
68347
68306
68272
68185
68153
68144
68120
68064
68020
67994
67979
67970
67921
67902
67888
67868
67864
67776
67701
67658
67552
67505
67424
67380
67280
67264
67256
67252
67218
67202
67173
67033
67024
67010
67000
66953
66905
66825
66788
66784
66520
66442
66417
66384
66330
66264
66260
66144
66125
66112
66033
66032
66000
65984
65960
65934
65911
65888
65679
65632
65540
65530
65376
65355
65272
65171
64944
64928
64839
64764
64752
64666
64642
64576
64551
64514
64498
64452
64440
64432
64124
64105
64064
64046
63953
63937
63920
63904
63784
63648
63520
63463
63112
63098
63068
63024
63008
62882
62860
62840
62812
62768
62764
62626
62619
62603
62556
62466
62443
62411
62336
62224
62189
62144
62058
61978
61838
61600
61528
61400
61397
61357
61344
61272
61248
61216
61180
61100
61008
60880
60868
60704
60560
60402
60250
60169
60153
60129
59954
59897
59705
59640
59512
59488
59466
59400
59248
59156
59076
58980
58944
58784
58542
58417
58416
58401
58377
58337
58145
57904
57888
57884
57844
57528
57400
57392
57386
57376
57280
57039
57008
56688
56545
56128
56030
55920
55580
55532
55276
55216
55190
55110
55000
54872
54816
54760
54625
54473
54432
54393
54384
54304
53952
53787
53552
53472
52800
52444
52364
52268
52242
52188
52162
52060
51960
51920
51832
51315
51299
51275
51235
51168
51043
50576
50528
50080
49680
48976
48702
48622
48588
48576
48540
48460
48424
48332
48312
48023
47943
47680
47504
47325
47323
46560
46352
46048
46016
45840
45280
44374
44368
44262
44244
44232
44182
44178
44116
44104
43561
43559
43200
42400
41888
41456
41152
39328
39200
39120
39104
39072
39068
39064
39056
39052
39048
39046
39045
39044
39042
39041
38656
36496
34924
34912
34304
32576
32544
32536
32534
32533
32531
32530
32524
32520
32516
32496
32416
32160
31024
30784
30736
29792
29760
29120
29056
28769
28767
28766
28597
28328
28308
28254
28216
28204
28182
28112
28090
27360
26720
26448
26272
26256
25631
25488
25408
25115
25049
24808
24796
24728
24684
24640
24620
24580
24550
24482
24272
23392
23328
23008
22928
22531
22371
22339
22324
22319
22305
21880
21836
21808
21768
21602
21580
21534
21516
21454
21436
21364
21184
20928
20512
20464
20245
20160
19872
19760
19744
19741
19673
19547
19448
19424
19352
19326
19240
19056
18796
18756
18656
18480
18378
17947
17868
17840
17744
17585
17584
17344
17312
17264
17246
17240
17128
16986
16836
16816
16613
16483
16453
16421
16401
16387
16162
16096
16064
15924
15844
15772
15696
15576
15520
15514
15480
15368
15153
15106
14961
14941
14927
14886
14734
14720
14714
14696
14608
14496
14352
14348
14318
14256
14156
14144
14142
14112
14084
14036
14008
13984
13937
13912
13903
13800
13792
13724
13465
13376
13354
13243
13232
13059
13031
12940
12899
12885
12784
12764
12712
12684
12666
12576
12560
12516
12486
12320
12181
12160
12108
12064
11928
11872
11824
11808
11773
11712
11698
11647
11440
11376
11368
11328
11322
11306
11275
11202
11182
11120
11104
11100
11035
10976
10960
10759
10685
10680
10605
10592
10496
10462
10452
10208
10176
10141
10122
10104
10096
10064
10048
10041
9963
9852
9848
9794
9721
9702
9640
9600
9508
9440
9412
9381
9313
9273
9240
9232
9226
9207
9091
9072
9066
9054
9032
9028
9024
9008
8950
8928
8924
8922
8813
8800
8712
8651
8640
8520
8496
8467
8426
8419
8406
8388
8352
8312
8304
8273
8247
8146
8111
8088
8016
7991
7968
7964
7952
7934
7925
7875
7872
7780
7758
7738
7689
7679
7584
7560
7531
7522
7505
7489
7485
7408
7382
7379
7367
7348
7326
7288
7264
7261
7205
7204
7188
7182
7182
7170
7136
7104
7080
7051
7024
6992
6958
6955
6924
6888
6838
6821
6787
6770
6747
6741
6718
6701
6681
6680
6564
6560
6506
6504
6504
6504
6504
6496
6496
6496
6464
6464
6464
6400
6272
6144
5888
5888
5760
5752
5752
5656
5648
5648
5636
5632
5632
5616
5600
5440
5312
5280
5248
5132
5124
5088
5022
5008
4992
4960
4952
4936
4928
4920
4912
4908
4896
4864
4864
4832
4608
4576
4544
4506
4480
4474
4466
4462
4460
4368
4352
4352
4316
4312
4304
4296
4280
4272
4184
4112
4096
4096
4064
4048
4032
3968
3946
3936
3934
3908
3904
3904
3872
3856
3840
3840
3840
3808
3752
3744
3712
3680
3672
3644
3588
3584
3552
3488
3456
3456
3448
3440
3424
3424
3392
3360
3360
3322
3290
3282
3278
3276
3200
3176
3160
3152
3136
3104
3100
3088
3072
3072
3072
3030
3020
2990
2986
2984
2944
2912
2880
2864
2848
2824
2816
2816
2800
2786
2780
2768
2752
2752
2752
2688
2688
2668
2648
2624
2610
2606
2584
2578
2576
2560
2552
2552
2536
2532
2528
2528
2528
2496
2496
2496
2496
2436
2368
2368
2368
2354
2336
2336
2328
2304
2304
2304
2272
2272
2260
2260
2254
2240
2236
2232
2216
2208
2206
2176
2176
2176
2160
2150
2144
2128
2120
2112
2088
2088
2028
2024
2016
2006
1992
1984
1984
1984
1968
1968
1956
1942
1936
1920
1920
1920
1920
1892
1880
1874
1862
1856
1854
1844
1840
1840
1824
1816
1812
1808
1800
1792
1792
1792
1776
1762
1728
1728
1728
1716
1696
1696
1692
1684
1682
1680
1672
1668
1664
1664
1654
1648
1648
1632
1628
1622
1616
1600
1598
1584
1584
1584
1574
1552
1548
1544
1536
1536
1536
1534
1528
1520
1506
1504
1504
1500
1496
1474
1472
1472
1472
1472
1472
1464
1456
1440
1436
1436
1432
1432
1408
1408
1408
1408
1390
1388
1376
1376
1376
1364
1364
1356
1352
1348
1348
1344
1340
1340
1334
1328
1312
1304
1296
1284
1282
1280
1256
1232
1216
1216
1192
1152
1152
1148
1088
1024
1024
1024
896
832
736
704
678
640
620
560
512
480
272
256
232
