1003
64512
58012
58008
57996
57972
57962
57938
57880
57876
57818
57816
57808
57764
57752
57744
57734
57680
57676
57642
57590
57582
57580
57568
57526
57512
57490
57462
57452
57406
57360
57334
57324
57312
57306
57304
57292
57198
57188
57144
57136
57080
57006
56996
56990
56888
56868
56862
56854
56846
56836
56818
56800
56776
56751
56676
56648
56632
56623
56618
56615
56603
56555
56534
56516
56442
56435
56432
56396
56376
56342
56303
56263
56230
56176
56132
56125
56112
56087
56032
56030
56024
56019
56004
55988
55978
55976
55876
55865
55858
55848
55792
55746
55679
55660
55615
55602
55556
55528
55483
55482
55443
55442
55419
55408
55320
55198
55172
55140
55136
55121
55100
55057
55034
55000
54998
54969
54961
54929
54802
54800
54737
54680
54647
54586
54543
54516
54468
54404
54366
54360
54283
54275
54267
54266
54240
54224
54124
54041
53982
53912
53825
53776
53681
53656
53577
53569
53497
53462
53452
53438
53420
53414
53404
53320
53292
53249
53238
53223
53206
53152
53110
53074
52848
52760
52704
52651
52645
52564
52452
52450
52400
52322
52280
52265
52233
52220
52206
51888
51808
51791
51704
51520
51472
51444
51390
51350
51238
51164
51115
51107
51099
51035
51003
50824
50720
50295
50290
50263
50160
49986
49960
49900
49888
49868
49852
49740
49730
49648
49440
49429
49412
49407
49384
49152
48814
48656
48480
48438
48405
48379
48188
48184
48076
47896
47796
47618
47472
47256
47177
47145
47072
47000
46886
46744
46488
46288
46176
45912
45860
45828
45826
45812
45807
45784
45762
45700
45665
45384
45022
44848
44832
44646
44448
44059
44027
43674
43488
43452
43340
43296
43144
43080
42896
42824
42334
41923
41915
41907
41843
41811
41424
41170
41072
41056
40508
40444
40412
40348
40252
40100
40072
40008
39968
39936
39752
39520
39486
39263
39175
39103
39071
38432
38166
37792
37584
37536
37168
37016
36630
36628
36612
36582
36500
36392
36274
35989
35975
34400
32928
32496
32432
32368
32360
32328
32308
32304
32296
32292
32290
32288
32282
32277
32276
32274
32272
32266
32264
32261
32260
32258
32257
31872
29104
28365
28288
26962
26912
26888
26884
26882
26877
26874
26868
26866
26864
26863
26856
26854
26852
26844
26824
26808
26800
26736
26704
26336
26198
25120
23872
23781
23771
23534
23448
23348
23278
23252
23244
22920
22800
22496
22448
22304
22167
21958
21836
21792
21648
21175
21115
21041
20858
20832
20648
20544
20512
20424
20376
20220
20204
20140
20060
20004
19872
19552
19536
19454
18919
18891
18839
18831
18825
18720
18482
18346
18088
18032
17864
17816
17690
17644
17568
17556
17464
17366
17320
17187
17176
17045
16736
16400
16242
15800
15736
15707
15684
15608
15589
15588
15574
15572
15548
15412
15328
15216
15032
14690
14560
14496
14473
14447
14392
14230
14224
13932
13608
13604
13445
13423
13408
13398
13232
13082
12800
12616
12589
12588
12571
12400
12352
12322
12316
12220
12204
12192
12180
12136
12106
11984
11936
11875
11854
11849
11696
11552
11416
11302
11259
11231
11179
11171
11165
11124
11062
10992
10938
10892
10680
10601
10592
10258
10244
10233
10207
10200
10162
10096
10054
10052
9964
9891
9885
9800
9744
9728
9638
9534
9504
9502
9422
9409
9398
9387
9356
9336
9260
9244
9230
9220
9210
9181
9121
9113
9048
9027
9021
8976
8907
8884
8840
8832
8778
8727
8660
8608
8592
8542
8539
8531
8525
8472
8458
8393
8381
8372
8362
8332
8309
8274
8221
8200
8147
8113
8112
8110
8094
8000
7987
7961
7930
7928
7902
7855
7844
7840
7812
7788
7788
7762
7672
7600
7579
7526
7525
7496
7468
7426
7380
7361
7280
7224
7214
7212
7207
7204
7192
7128
7114
7108
7080
7079
7072
7070
7024
7021
6991
6988
6960
6902
6880
6875
6841
6810
6736
6731
6726
6668
6650
6631
6591
6582
6581
6575
6568
6568
6532
6469
6456
6432
6414
6404
6390
6382
6378
6372
6360
6290
6270
6268
6258
6200
6160
6152
6108
6020
6008
6006
5996
5982
5968
5922
5884
5878
5854
5848
5822
5792
5780
5778
5770
5726
5712
5700
5650
5648
5640
5628
5616
5592
5582
5532
5528
5482
5462
5452
5436
5432
5420
5374
5372
5372
5372
5372
5368
5368
5368
5368
5360
5360
5360
5360
5344
5344
5344
5344
5312
5312
5268
5248
5056
4992
4756
4752
4704
4672
4664
4652
4648
4640
4576
4544
4480
4480
4416
4388
4288
4234
4222
4208
4168
4160
4112
4080
4064
4040
4032
4032
4032
4024
4008
4000
3904
3904
3896
3890
3888
3782
3778
3766
3766
3764
3696
3648
3600
3584
3568
3552
3528
3504
3472
3456
3408
3328
3298
3274
3264
3248
3140
3136
3128
3120
3116
3112
3112
3112
3104
3072
3008
3008
2992
2936
2894
2888
2880
2864
2816
2784
2720
2720
2688
2684
2676
2664
2624
2624
2616
2576
2560
2516
2512
2512
2512
2464
2460
2456
2440
2440
2432
2432
2420
2416
2374
2368
2368
2368
2272
2250
2246
2234
2234
2232
2224
2212
2184
2176
2128
2120
2112
2048
2048
2048
2046
2040
2032
2028
2016
2008
2008
1984
1976
1976
1952
1920
1904
1900
1884
1880
1876
1876
1864
1860
1856
1856
1856
1848
1848
1844
1840
1840
1834
1822
1822
1808
1804
1780
1760
1760
1752
1744
1728
1712
1706
1706
1704
1704
1696
1688
1684
1680
1672
1664
1664
1664
1660
1652
1644
1632
1628
1616
1600
1596
1590
1584
1584
1576
1568
1560
1552
1552
1536
1536
1520
1520
1514
1504
1504
1504
1488
1488
1484
1472
1472
1460
1440
1440
1440
1440
1440
1432
1424
1420
1416
1414
1412
1408
1408
1408
1404
1396
1392
1380
1376
1376
1374
1368
1360
1346
1344
1344
1344
1342
1328
1328
1326
1318
1316
1314
1312
1312
1304
1296
1296
1292
1280
1280
1280
1276
1276
1272
1272
1272
1264
1252
1248
1248
1232
1224
1216
1216
1216
1200
1200
1200
1196
1192
1184
1184
1176
1172
1168
1164
1152
1152
1152
1152
1152
1150
1144
1136
1128
1120
1120
1120
1120
1112
1104
1104
1104
1092
1088
1088
1088
1088
1080
1080
1072
1060
1024
1024
960
944
928
896
880
832
708
656
576
516
448
448
328
320
256
48
