1003
64832
58337
58336
58266
58263
58241
58170
58168
58145
58122
58076
58058
58028
58011
58000
57964
57952
57932
57922
57852
57842
57800
57796
57794
57769
57753
57746
57744
57696
57682
57666
57657
57602
57593
57557
57458
57456
57448
57424
57420
57369
57362
57356
57320
57312
57298
57287
57240
57204
57130
57120
57111
57072
57045
57040
57015
56986
56979
56928
56922
56920
56901
56828
56754
56743
56690
56680
56644
56616
56592
56575
56552
56535
56517
56514
56480
56472
56430
56414
56400
56384
56377
56352
56318
56302
56172
56137
56108
56104
56088
55968
55957
55909
55892
55856
55792
55709
55702
55686
55640
55585
55558
55542
55521
55520
55508
55486
55478
55473
55449
55446
55398
55384
55382
55377
55353
55350
55334
55333
55324
55302
55286
55238
55237
55190
55162
55144
55080
55073
55056
54944
54888
54864
54769
54757
54752
54704
54632
54560
54558
54532
54500
54405
54388
54321
54304
54212
54206
54198
54190
54184
54151
54125
54116
54072
53968
53816
53800
53792
53776
53767
53631
53578
53483
53368
53343
53112
53050
53034
53022
53020
52848
52832
52799
52780
52731
52712
52656
52572
52448
52396
52394
52382
52363
52344
52301
52188
52024
51916
51840
51832
51744
51626
51614
51612
51549
51437
51397
51373
51312
51277
51260
51244
51148
51132
51120
51105
51096
50975
50960
50720
50706
50690
50520
50508
50400
49976
49967
49760
49598
49582
49579
49456
49356
49296
49292
49243
49176
49100
49083
49075
49067
49036
48908
48800
48787
48691
48668
48536
48266
48254
47840
47508
47472
47456
47320
47301
47280
47252
47225
47217
47215
47148
46992
46688
46674
46658
46312
46304
45984
45457
45455
45324
45096
45004
44916
44848
44758
44746
44528
44304
44080
43640
43360
43343
43335
42976
42644
42596
42592
42468
42462
42450
42361
41896
41376
41296
41152
41096
41040
40912
40799
40720
40160
39836
39710
39708
39694
39688
39629
39496
39240
38752
37984
37755
37104
37024
36976
36920
36912
36404
36402
36396
36386
36359
36351
36168
35360
33312
32488
32480
32464
32456
32436
32432
32424
32422
32421
32420
32418
32417
31936
28288
27024
27016
27014
27013
27012
27011
27010
27004
26992
26984
26976
26968
26272
25609
24608
24064
23896
23735
23706
23700
23694
23692
23472
23368
23280
23272
23216
23200
23120
22565
22432
22144
22040
21896
21792
21128
21003
20950
20940
20938
20836
20576
20112
20048
20029
19840
19632
19552
19408
19128
18727
18654
18644
18642
18592
18532
18492
18272
17952
17915
17909
17672
17136
16944
16742
16730
16656
16636
16604
16524
16456
16260
16149
16147
15712
15456
15448
15146
15136
15134
14896
14740
14681
14681
14673
14663
14640
14611
14600
14500
14496
14480
14444
14228
14176
13818
13806
13592
13451
13408
13371
13276
13164
13139
13131
13116
13048
12991
12976
12956
12900
12823
12816
12788
12711
12710
12698
12576
12504
12476
12389
12064
11928
11808
11786
11774
11568
11549
11533
11448
11441
11440
11420
11324
11297
11280
11197
11128
11071
11020
11018
11006
10912
10824
10764
10680
10647
10540
10443
10391
10378
10366
10364
10336
10328
10315
10220
10160
10104
10044
10029
10016
10012
10000
9844
9842
9834
9822
9768
9575
9569
9432
9382
9335
9248
9232
9221
9208
9208
9072
9024
8980
8968
8932
8915
8901
8888
8870
8862
8858
8800
8761
8708
8691
8608
8588
8562
8546
8504
8464
8416
8397
8387
8336
8288
8176
8140
8136
8133
8088
8062
8038
7998
7997
7958
7936
7924
7918
7917
7902
7901
7881
7880
7878
7862
7840
7822
7821
7801
7798
7790
7776
7761
7742
7742
7730
7672
7622
7610
7603
7596
7536
7504
7452
7437
7397
7288
7288
7247
7220
7114
7110
7098
7072
7056
7047
7041
7040
7018
7008
7002
6968
6952
6931
6915
6904
6896
6881
6856
6828
6808
6786
6741
6734
6676
6624
6611
6600
6594
6545
6515
6512
6491
6480
6435
6432
6422
6364
6362
6328
6304
6289
6282
6236
6226
6221
6192
6180
6180
6168
6160
6146
6063
6033
6026
5984
5982
5981
5974
5962
5936
5906
5901
5868
5864
5826
5820
5792
5774
5724
5712
5685
5676
5646
5636
5594
5573
5560
5559
5554
5493
5472
5413
5402
5400
5400
5400
5400
5392
5392
5392
5376
5376
5376
5376
5248
4864
4768
4746
4740
4736
4736
4736
4640
4640
4640
4608
4608
4608
4512
4416
4288
4208
4200
4188
4184
4184
4160
4096
4004
4000
3904
3904
3904
3840
3808
3744
3744
3728
3728
3720
3712
3704
3696
3696
3648
3584
3582
3580
3520
3520
3392
3360
3344
3344
3328
3312
3304
3280
3248
3228
3228
3136
3104
3072
3072
3072
3028
3024
3008
2944
2944
2936
2934
2934
2920
2912
2912
2880
2880
2880
2864
2816
2760
2760
2704
2690
2674
2648
2632
2626
2626
2624
2616
2608
2598
2584
2576
2560
2560
2542
2540
2536
2496
2476
2384
2368
2356
2352
2352
2308
2304
2304
2288
2286
2280
2272
2264
2258
2240
2238
2212
2200
2200
2200
2176
2152
2128
2104
2088
2078
2072
2072
2072
2048
2040
2016
2016
2008
2004
1984
1984
1968
1968
1964
1960
1952
1914
1872
1872
1866
1862
1844
1824
1824
1808
1792
1792
1792
1786
1784
1780
1772
1772
1768
1760
1750
1736
1736
1728
1712
1712
1696
1678
1676
1664
1664
1664
1664
1664
1632
1626
1616
1608
1604
1600
1600
1600
1598
1596
1588
1584
1582
1580
1580
1578
1574
1572
1572
1568
1564
1562
1558
1556
1556
1550
1548
1544
1536
1524
1520
1520
1520
1504
1488
1486
1478
1472
1456
1448
1440
1440
1420
1416
1408
1408
1408
1400
1400
1392
1384
1382
1376
1376
1376
1360
1360
1356
1352
1348
1344
1344
1344
1344
1344
1328
1320
1316
1312
1308
1302
1296
1286
1280
1280
1280
1280
1280
1264
1264
1256
1252
1244
1242
1240
1232
1228
1216
1216
1216
1216
1216
1212
1206
1204
1194
1192
1188
1184
1180
1178
1168
1168
1164
1160
1152
1152
1144
1138
1136
1136
1136
1128
1128
1128
1120
1120
1116
1114
1108
1104
1098
1096
1088
1086
1082
1024
1024
1010
984
960
944
896
768
732
720
702
676
640
636
608
584
576
560
512
448
384
368
332
96
22
