1003
59136
53218
53186
53136
53122
53112
53041
52964
52962
52945
52930
52898
52882
52816
52813
52809
52802
52761
52744
52738
52733
52713
52704
52676
52665
52644
52642
52637
52624
52617
52609
52589
52585
52569
52548
52546
52544
52528
52513
52493
52489
52450
52418
52397
52322
52320
52301
52296
52247
52226
52180
52164
52155
52132
52130
52104
52080
52068
52036
52010
52001
51979
51972
51940
51926
51888
51856
51844
51768
51761
51744
51697
51552
51543
51526
51402
51357
51332
51320
51306
51280
51236
51210
51206
51204
51188
51168
51128
51114
51108
51088
51021
51012
51001
50992
50981
50961
50865
50861
50840
50720
50600
50584
50578
50562
50476
50375
50338
50322
50315
50224
50144
50050
50034
50032
50018
49938
49922
49872
49864
49848
49771
49692
49691
49676
49644
49643
49595
49580
49570
49567
49563
49554
49548
49547
49538
49506
49499
49490
49484
49452
49410
49389
49356
49314
49072
48952
48928
48880
48856
48854
48822
48736
48726
48719
48688
48680
48659
48352
48348
48236
48204
48134
48108
48054
48012
47958
47946
47783
47739
47712
47675
47643
47568
47560
47547
47472
47464
47424
47328
47214
47144
46968
46952
46854
46816
46758
46732
46650
46509
46492
46449
46396
46365
46339
46316
46300
46220
46204
46124
46000
45864
45808
45774
45668
45656
45648
45490
45133
45101
44960
44768
44590
44512
44312
44248
44230
44134
44056
44036
44016
44004
43908
43824
43812
43647
43615
43332
42876
42784
42622
42392
42390
42328
42206
42136
41831
41808
41743
41696
41653
41616
41606
41542
41526
41430
41376
40684
40652
40556
40460
40088
40084
39992
39720
39490
39477
39472
39461
39413
39407
39378
39362
38992
38816
38368
38176
37788
37778
37698
37682
37332
37312
37192
37128
37016
36990
36872
36783
36751
36593
36080
35504
35424
35120
34882
34672
34592
34274
34036
34004
33938
33908
33812
33768
33738
33704
33640
33595
33448
33405
33298
33282
33120
31840
31760
30816
29984
29812
29780
29776
29712
29684
29672
29648
29640
29608
29604
29602
29600
29588
29586
29584
29581
29578
29577
29576
29573
29572
29570
29569
29248
28934
28668
28512
26448
26048
25578
25048
24672
24656
24648
24644
24641
24637
24633
24631
24628
24626
24616
24614
24592
24584
24568
24548
24528
24502
24468
24444
23648
23138
23014
22832
22752
22016
21728
21698
21688
21443
21416
21285
21256
21144
21108
21028
21002
20948
20924
20512
20400
20214
20016
19808
19696
19216
18787
18655
18629
18534
18458
18440
18344
18296
18240
18172
17882
17866
17796
17504
17312
16992
16816
16629
16482
16466
16437
16400
16397
16383
16374
16184
15960
15910
15884
15880
15564
15484
15404
15380
14816
14758
14678
14662
14608
14571
14560
14495
14448
14444
14421
14240
14168
14110
14008
13960
13958
13762
13664
13556
12935
12909
12784
12772
12751
12692
12624
12612
12588
12568
12502
12468
12422
12408
12360
12122
12000
11896
11872
11697
11671
11374
11248
11240
11228
11138
11128
11120
11100
11072
11064
11040
10960
10874
10780
10764
10700
10665
10620
10573
10540
10523
10406
10340
10318
10272
10227
10152
9952
9938
9888
9744
9736
9659
9656
9648
9551
9499
9461
9326
9318
9276
9238
9216
9196
9170
9116
9084
9008
8996
8731
8728
8681
8678
8672
8598
8570
8568
8560
8544
8488
8400
8231
8186
8156
8128
8123
8106
8076
8044
8042
8031
8026
8002
7996
7991
7986
7979
7975
7974
7964
7960
7951
7916
7911
7884
7876
7805
7752
7736
7728
7718
7682
7666
7602
7600
7586
7574
7520
7496
7440
7351
7346
7334
7301
7220
7146
7134
7128
7104
7072
7054
7046
7020
6897
6893
6813
6800
6797
6781
6772
6763
6738
6736
6692
6688
6688
6680
6628
6616
6612
6576
6520
6508
6483
6482
6446
6384
6368
6343
6342
6329
6201
6179
6152
6084
6064
6010
6004
5972
5965
5947
5924
5904
5892
5851
5844
5842
5819
5812
5804
5762
5741
5728
5704
5697
5682
5617
5602
5574
5568
5541
5537
5521
5520
5513
5494
5492
5473
5461
5457
5456
5441
5433
5414
5412
5410
5408
5388
5353
5337
5336
5334
5296
5282
5273
5271
5202
5174
5161
5148
5146
5081
5032
5014
5008
4962
4934
4926
4926
4926
4924
4924
4920
4920
4920
4912
4912
4912
4904
4896
4896
4896
4896
4888
4880
4864
4864
4672
4544
4544
4288
4288
4272
4256
4240
4224
4216
4200
4196
4184
4176
4140
4064
4040
4032
4000
3988
3936
3904
3840
3756
3730
3724
3712
3688
3680
3664
3648
3632
3584
3572
3572
3552
3456
3456
3328
3328
3328
3292
3292
3286
3278
3276
3272
3264
3232
3184
3168
3168
3112
3100
3096
3080
3072
2948
2944
2932
2932
2912
2912
2912
2898
2884
2880
2880
2832
2824
2820
2800
2788
2784
2752
2752
2716
2704
2688
2586
2580
2552
2536
2528
2520
2512
2512
2500
2496
2484
2480
2464
2424
2368
2338
2332
2304
2272
2240
2240
2240
2224
2208
2208
2176
2152
2152
2136
2132
2120
2114
2104
2104
2080
2064
2060
2048
2016
1984
1936
1930
1920
1920
1920
1920
1910
1898
1892
1864
1860
1848
1848
1844
1832
1832
1816
1816
1792
1746
1736
1732
1728
1728
1720
1716
1712
1712
1696
1696
1664
1664
1636
1624
1624
1620
1620
1608
1608
1606
1604
1604
1598
1596
1596
1594
1594
1592
1592
1592
1590
1582
1576
1576
1568
1560
1536
1536
1536
1532
1532
1516
1516
1512
1504
1472
1472
1470
1468
1464
1460
1440
1440
1428
1424
1408
1408
1378
1378
1362
1360
1358
1354
1352
1352
1344
1344
1336
1328
1320
1320
1312
1296
1296
1296
1288
1280
1280
1268
1266
1264
1238
1216
1214
1208
1200
1196
1192
1192
1192
1188
1184
1176
1176
1164
1162
1160
1160
1152
1152
1148
1148
1138
1136
1132
1122
1116
1112
1106
1106
1102
1096
1096
1094
1092
1090
1090
1088
1088
1088
1086
1086
1080
1080
1072
1070
1066
1064
1056
1056
1056
1056
1054
1052
1052
1036
1032
1030
1028
1024
1024
1024
1024
1024
1014
1000
992
992
988
984
968
958
896
896
896
880
880
864
844
832
832
644
640
624
576
544
524
416
384
384
384
384
336
212
192
156
96
20
