1003
62272
56044
55982
55969
55942
55928
55888
55868
55857
55777
55728
55704
55678
55632
55584
55576
55569
55561
55553
55516
55484
55465
55450
55437
55393
55358
55340
55308
55306
55264
55263
55248
55210
55208
55200
55132
55098
55061
55050
55016
54992
54988
54928
54924
54912
54861
54832
54826
54817
54816
54792
54772
54729
54711
54674
54624
54560
54546
54514
54488
54480
54460
54369
54352
54347
54306
54288
54276
54226
54104
54076
54048
54014
53974
53937
53876
53838
53825
53761
53712
53688
53664
53652
53612
53583
53528
53526
53520
53510
53494
53456
53358
53216
53200
53192
53149
53136
53124
53092
53076
53060
53023
52950
52918
52792
52774
52706
52568
52528
52440
52436
52404
52384
52351
52336
52315
52312
52308
52228
52212
52210
52203
52196
52192
52090
51954
51922
51832
51826
51676
51672
51544
51522
51416
51376
51367
51266
51243
51234
51232
51219
51202
51196
51184
51180
51106
51084
51056
50928
50920
50876
50848
50820
50802
50744
50640
50457
50402
50345
50241
50185
50158
50152
49944
49888
49856
49748
49732
49632
49630
49596
49584
49328
49326
49184
49137
49136
49081
49025
49008
48984
48944
48928
48856
48784
48728
48630
48598
48566
48470
48436
48352
48324
48292
48276
48260
48166
47914
47745
47689
47647
47640
47512
47392
47384
47328
47280
47238
47216
46934
46684
46668
46496
46176
46141
46091
45912
45784
45758
45726
45672
45630
45326
45264
45232
44764
44748
44652
44636
44556
44540
44444
44285
44284
44268
44192
44033
43992
43864
43830
43798
43757
43750
43744
43605
43601
43574
43401
43366
43232
43173
43165
42896
42857
42841
42832
42737
42656
42608
42393
41884
41868
41716
41708
41688
41560
41504
41478
41446
41432
41430
41350
41256
40455
40343
40224
40032
39952
39802
39696
39632
39440
38820
38812
38776
38568
38514
38482
38466
38386
38290
38208
38082
37883
37819
37707
37280
36512
36144
35888
35824
35552
35348
35336
35332
35316
35208
35138
35080
35058
34833
34754
34750
34721
34592
33296
31968
31376
31312
31248
31200
31184
31160
31152
31148
31146
31144
31140
31139
31138
31137
30912
28144
27264
25952
25948
25947
25946
25945
25944
25942
25940
25936
25936
25928
25872
25808
25312
24176
23232
23146
23072
22961
22938
22867
22682
22664
22614
22568
22468
22456
22452
22444
22304
22064
22000
21776
21472
20894
20832
20471
20379
20325
20162
20160
19986
19906
19842
19826
19768
19679
19592
19556
19548
19412
19216
18896
18832
18726
18608
18592
18543
18400
18275
18181
17998
17528
17438
17368
17358
17330
17312
17289
17272
17259
17160
17132
17004
16996
16884
16400
16352
16281
16208
16193
16176
16138
15929
15917
15904
15758
15582
15561
15557
15456
15438
15398
15370
15352
15328
15240
15201
15004
14991
14860
14780
14764
14700
14684
14604
14596
14224
14192
13870
13848
13790
13762
13752
13640
13600
13485
13472
13443
13152
13004
12996
12782
12656
12624
12530
12512
12496
12408
12312
12296
12189
12153
12132
12107
11966
11860
11824
11776
11760
11758
11684
11668
11616
11532
11502
11422
11398
11371
11370
11288
11192
11168
11080
11056
11041
10993
10947
10912
10809
10800
10790
10724
10592
10592
10576
10564
10538
10452
10444
10280
10104
10098
10073
9894
9847
9712
9648
9608
9608
9588
9568
9562
9548
9528
9512
9506
9472
9464
9456
9324
9306
9264
9248
9244
9226
9211
9202
9191
9174
9104
9089
9048
8962
8952
8836
8712
8706
8626
8512
8486
8416
8404
8404
8391
8388
8386
8372
8312
8308
8304
8299
8288
8269
8228
8204
8186
8144
8056
7974
7918
7912
7808
7798
7770
7709
7684
7668
7652
7632
7628
7603
7584
7576
7568
7467
7430
7376
7318
7312
7302
7290
7241
7200
7188
7160
7152
7093
7030
7013
7004
6947
6882
6880
6864
6836
6808
6706
6672
6668
6642
6608
6605
6587
6586
6516
6512
6510
6488
6466
6442
6432
6432
6432
6368
6359
6334
6301
6252
6248
6224
6213
6208
6206
6177
6124
6096
6076
6056
6011
5956
5896
5886
5872
5856
5841
5806
5804
5780
5762
5704
5701
5697
5686
5673
5660
5636
5601
5600
5592
5587
5552
5498
5456
5413
5394
5347
5340
5329
5328
5288
5278
5196
5188
5188
5188
5184
5184
5184
5184
5184
5184
5152
5152
5152
5120
4992
4992
4800
4608
4590
4584
4572
4532
4528
4520
4496
4488
4488
4480
4480
4416
4384
4384
4372
4352
4288
4160
4094
4074
4064
4028
3996
3980
3964
3964
3936
3904
3904
3904
3904
3840
3744
3744
3744
3712
3654
3648
3648
3636
3616
3488
3484
3472
3468
3464
3456
3440
3424
3424
3400
3392
3328
3264
3264
3254
3238
3232
3200
3182
3148
3136
3116
3110
3110
3084
3076
3072
3072
3056
3040
3038
3000
2996
2968
2952
2952
2942
2936
2936
2920
2912
2880
2864
2844
2816
2816
2772
2756
2752
2752
2752
2752
2736
2720
2696
2688
2624
2624
2600
2592
2556
2504
2496
2480
2448
2436
2432
2430
2420
2400
2392
2348
2336
2328
2328
2304
2304
2300
2284
2276
2272
2256
2224
2208
2208
2206
2198
2188
2176
2176
2156
2144
2126
2120
2112
2112
2104
2088
2080
2048
2048
2016
2016
2014
1976
1968
1920
1920
1908
1904
1888
1888
1864
1860
1856
1848
1844
1842
1838
1836
1832
1824
1816
1816
1808
1792
1792
1792
1788
1776
1760
1740
1728
1728
1724
1696
1678
1676
1672
1672
1672
1664
1658
1656
1652
1648
1640
1632
1632
1600
1600
1592
1580
1568
1568
1556
1552
1540
1528
1528
1528
1520
1520
1504
1504
1504
1488
1484
1472
1460
1460
1456
1448
1440
1440
1432
1424
1418
1408
1408
1404
1392
1388
1376
1360
1360
1344
1340
1328
1324
1320
1316
1312
1312
1312
1296
1296
1292
1284
1280
1280
1280
1264
1260
1256
1248
1242
1240
1234
1232
1224
1216
1216
1208
1200
1200
1184
1184
1176
1168
1168
1160
1160
1152
1152
1152
1152
1152
1152
1138
1136
1134
1128
1120
1118
1118
1116
1104
1104
1096
1088
1088
1088
1088
1082
1068
1064
1056
1056
1052
1032
1024
1010
980
974
960
896
896
864
812
808
704
704
704
688
672
664
660
636
564
530
520
480
384
256
224
200
176
112
