1003
66688
60000
59980
59962
59960
59956
59938
59920
59872
59842
59788
59786
59696
59688
59664
59658
59602
59596
59592
59572
59546
59480
59388
59370
59362
59346
59314
59306
59304
59298
59172
59140
59112
59088
59057
59054
58992
58929
58928
58912
58897
58892
58872
58858
58784
58778
58777
58672
58641
58625
58609
58596
58577
58545
58544
58536
58512
58510
58417
58352
58344
58336
58310
58300
58280
58257
58196
58144
58126
58120
58096
58070
58065
58044
58025
58009
58001
57985
57984
57961
57872
57870
57840
57833
57794
57727
57705
57598
57520
57509
57508
57504
57428
57413
57384
57381
57352
57266
57264
57224
57160
57096
57068
56968
56892
56874
56864
56841
56825
56818
56762
56655
56636
56615
56562
56528
56481
56464
56456
56416
56352
56328
56252
56247
56103
56096
56087
56026
55906
55888
55856
55839
55826
55796
55688
55650
55637
55628
55624
55615
55598
55560
55432
55392
55373
55372
55349
55260
55146
55120
55088
55082
55072
54744
54732
54729
54713
54673
54622
54616
54604
54521
54481
54224
54160
54060
53985
53945
53921
53920
53910
53881
53798
53790
53768
53742
53696
53640
53468
53412
53265
53257
53249
53138
53136
53027
53004
52944
52880
52832
52456
52448
52328
52276
52239
52199
52130
52114
52106
52020
52000
51874
51856
51672
51666
51600
51490
51472
51247
51200
51167
51163
51123
51067
51040
50888
50836
50827
50787
50592
50564
50544
50468
50154
50104
50084
50032
49954
49892
49888
49726
49584
49551
49511
49500
49483
49295
49160
49103
48688
48556
48284
48216
48098
48088
48080
48066
47826
47648
47605
47584
47565
47531
47520
47460
47056
46910
46496
46176
46124
46096
46088
45800
45685
45645
45520
45306
45132
45050
44832
44658
44538
44496
44180
43927
43924
43734
43686
43632
43608
43381
43168
42912
42904
42768
41744
41532
41480
41472
41124
40992
40850
40846
40665
40625
40601
40561
40496
39472
39416
38688
37864
37776
37764
37736
37716
37700
37636
37444
37442
37438
37283
37281
37280
36832
36752
35808
34080
33488
33424
33400
33376
33368
33360
33356
33354
33352
33348
33347
33346
33345
32960
32376
28992
27808
27792
27788
27787
27786
27785
27782
27780
27768
27752
27728
27696
27232
26760
25760
25088
24976
24928
24544
24507
24505
24378
24374
24372
24212
24164
24148
24112
24108
24024
23392
22728
22704
21840
21773
21741
21721
21687
21538
21534
21472
21428
21308
21142
21070
21056
21016
20964
20816
19952
19920
19872
19832
19616
19434
19423
19240
19216
19130
18969
18764
18512
18362
18272
17964
17822
17537
17503
17416
17369
17176
17168
17140
17120
16864
16536
16482
16368
16194
16032
16028
15968
15965
15904
15903
15732
15722
15536
15494
15400
15340
15024
14655
14616
14495
14339
14324
14315
14281
14256
14138
14048
14004
13946
13904
13844
13832
13782
13574
13524
13472
13456
13444
13251
13219
13212
13176
13088
13019
12992
12971
12939
12935
12869
12796
12688
12666
12608
12592
12520
12368
12346
12256
12228
12154
12146
12134
12075
12041
12012
11976
11872
11864
11764
11632
11552
11536
11472
11385
11355
11294
11201
11193
11187
11068
10888
10804
10790
10776
10750
10742
10740
10673
10656
10650
10641
10621
10587
10569
10550
10524
10448
10416
10176
10141
10076
10072
10058
10013
9981
9967
9964
9960
9769
9696
9680
9674
9648
9645
9622
9504
9472
9440
9436
9431
9384
9288
9242
9229
9224
9211
9202
9176
9147
9084
9040
9032
9016
9008
8986
8886
8835
8821
8701
8700
8672
8648
8608
8536
8528
8507
8496
8442
8380
8361
8274
8226
8224
8221
8207
8195
8182
8164
8128
8104
8020
8008
7944
7856
7854
7784
7757
7724
7712
7664
7652
7651
7635
7578
7517
7469
7414
7381
7376
7376
7350
7299
7296
7273
7253
7241
7221
7216
7204
7187
7184
7182
7144
7138
7136
7084
7027
7016
7008
6996
6982
6968
6960
6893
6832
6818
6808
6800
6761
6748
6733
6721
6707
6704
6624
6594
6593
6526
6520
6500
6496
6493
6480
6416
6362
6361
6328
6292
6268
6236
6216
6162
6154
6152
6146
6122
6106
6102
6084
5954
5932
5928
5916
5906
5872
5862
5848
5840
5754
5728
5706
5696
5648
5626
5612
5608
5606
5600
5596
5556
5556
5556
5552
5552
5552
5552
5536
5536
5536
5504
5504
5376
5120
4960
4928
4900
4900
4872
4872
4872
4864
4840
4824
4824
4816
4800
4800
4608
4544
4512
4354
4352
4346
4342
4336
4304
4304
4256
4224
4192
4192
4160
4128
3968
3968
3952
3904
3904
3884
3840
3840
3824
3792
3744
3680
3668
3592
3584
3584
3560
3506
3500
3472
3424
3424
3424
3392
3328
3296
3264
3200
3192
3180
3140
3136
3136
3136
3096
3072
3072
3064
2976
2930
2912
2898
2880
2866
2864
2862
2856
2848
2824
2792
2788
2760
2752
2752
2752
2752
2716
2696
2688
2680
2650
2642
2640
2624
2624
2602
2594
2586
2586
2572
2560
2532
2528
2496
2496
2496
2468
2464
2440
2432
2428
2428
2428
2424
2414
2408
2400
2400
2384
2368
2368
2304
2276
2272
2272
2256
2238
2238
2236
2208
2192
2160
2156
2148
2148
2144
2134
2128
2126
2122
2116
2112
2104
2080
2064
2048
2026
2008
2008
2002
2000
1994
1992
1992
1984
1932
1920
1920
1920
1920
1920
1920
1884
1880
1872
1860
1856
1848
1844
1840
1840
1840
1836
1824
1808
1796
1792
1792
1776
1766
1764
1754
1740
1736
1712
1700
1696
1696
1694
1684
1672
1672
1664
1664
1664
1652
1644
1642
1640
1632
1632
1616
1600
1600
1584
1584
1568
1568
1552
1550
1536
1528
1528
1512
1504
1492
1480
1474
1472
1472
1468
1454
1450
1448
1446
1442
1440
1440
1436
1436
1424
1424
1408
1408
1408
1408
1404
1396
1392
1392
1378
1376
1376
1360
1350
1346
1344
1344
1344
1344
1344
1342
1340
1336
1318
1316
1312
1304
1298
1296
1296
1280
1280
1280
1280
1272
1270
1256
1248
1248
1248
1228
1228
1228
1220
1220
1216
1216
1188
1184
1180
1176
1168
1168
1168
1162
1152
1152
1152
1148
1140
1124
1120
1120
1120
1120
1112
1088
1088
1088
1088
1056
1024
960
852
844
788
688
664
568
448
448
424
384
312
304
280
272
256
256
128
124
