1003
65408
58852
58808
58786
58744
58672
58632
58628
58626
58592
58564
58562
58530
58500
58488
58466
58430
58415
58378
58372
58370
58366
58340
58331
58308
58300
58296
58291
58272
58224
58180
58178
58168
58160
58159
58138
58088
58083
58052
58050
58018
57999
57988
57986
57978
57920
57916
57912
57890
57888
57859
57796
57794
57741
57725
57674
57668
57664
57661
57634
57616
57602
57571
57549
57530
57525
57512
57504
57448
57444
57430
57412
57289
57284
57272
57257
57238
57232
57167
57158
57156
57120
56982
56967
56963
56956
56955
56944
56928
56902
56838
56809
56796
56754
56696
56690
56668
56638
56575
56554
56544
56476
56449
56440
56432
56412
56409
56306
56304
56286
56152
56140
56096
56030
56024
56012
55969
55905
55896
55841
55799
55756
55724
55664
55640
55558
55543
55526
55500
55494
55476
55430
55365
55362
55328
55309
55192
55088
55064
55059
55038
55012
54957
54944
54936
54922
54820
54782
54680
54544
54533
54532
54500
54425
54394
54376
54372
54329
54277
54234
54199
54176
54170
54167
54042
54040
53844
53812
53717
53716
53694
53584
53530
53388
53272
53204
53144
53045
53024
53016
53008
53001
52937
52914
52909
52905
52882
52880
52807
52760
52754
52752
52640
52596
52480
52468
52110
52028
52009
51982
51978
51953
51744
51736
51608
51512
51480
51408
51280
51224
51180
51152
51104
51054
51052
51050
51020
50929
50925
50924
50873
50841
50745
50152
50004
49942
49938
49896
49888
49852
49820
49633
49601
49584
49505
49456
48864
48844
48748
48606
48602
48440
48439
48296
48145
48096
47920
47792
47316
47312
47244
47200
47006
47002
46552
46513
46481
46385
46376
45524
45436
45424
45148
45086
45082
44880
44768
44401
44280
44221
44072
43831
43424
43380
42924
42828
42782
42778
42608
42272
41689
41593
41560
41504
41337
41328
41304
41200
41072
41008
40944
40912
40677
40645
40549
40140
40125
40108
40014
40012
40010
39997
39328
38368
38248
37992
37232
37200
36839
36764
36735
36732
36694
36690
36639
36636
36256
34264
34008
33696
32752
32736
32728
32724
32720
32712
32710
32709
32708
32706
32705
32384
30152
28736
27808
27256
27254
27253
27252
27251
27250
27248
27244
27216
26464
26168
25960
25427
24352
24320
23980
23952
23934
23930
23900
23895
23876
23809
23536
23504
23343
22856
22648
22560
22493
22004
21840
21792
21232
21177
21166
21164
21162
21084
21060
21024
20717
20657
20637
20400
20400
20336
20088
20061
19880
19767
19296
19236
19024
18862
18858
18740
18364
18336
17981
17784
17657
17608
17507
17248
17136
16942
16938
16656
16644
16572
15864
15853
15773
15747
15720
15342
15338
15200
15140
15088
15084
14992
14704
14432
14387
14264
14260
14152
14141
14115
14036
14006
14002
13884
13792
13511
13320
13296
13253
13200
13173
13147
12964
12960
12936
12894
12890
12844
12728
12496
12390
12352
12221
12141
12076
12067
11996
11966
11964
11962
11936
11860
11856
11832
11792
11696
11608
11512
11424
11400
11213
11190
11167
11156
11144
11082
10788
10684
10656
10576
10552
10546
10501
10448
10442
10421
10417
10414
10393
10341
10336
10328
10303
10193
10172
10120
10100
10048
10020
10006
9902
9872
9762
9748
9743
9668
9644
9642
9480
9386
9376
9341
9277
9253
9233
9208
9204
9182
9153
9092
9072
9068
9063
9024
8952
8940
8906
8742
8736
8728
8711
8668
8642
8632
8625
8624
8520
8416
8374
8371
8318
8284
8262
8260
8238
8221
8210
8152
8144
8096
8044
8009
7973
7928
7921
7872
7867
7836
7832
7818
7776
7724
7720
7646
7602
7600
7522
7507
7504
7501
7500
7480
7467
7454
7444
7392
7382
7361
7360
7284
7272
7266
7257
7214
7180
7167
7142
7109
7090
7070
7056
7044
7039
7035
7022
6944
6884
6869
6832
6810
6793
6792
6789
6772
6767
6750
6668
6650
6648
6644
6624
6584
6566
6551
6512
6506
6484
6482
6457
6452
6446
6421
6406
6391
6378
6348
6346
6336
6304
6291
6266
6248
6244
6194
6188
6175
6162
6132
6104
6064
6062
6054
6041
6040
6028
6000
5984
5931
5928
5928
5924
5924
5899
5892
5866
5862
5829
5786
5764
5734
5728
5708
5706
5656
5654
5652
5616
5560
5522
5512
5468
5450
5448
5448
5448
5448
5440
5440
5440
5440
5376
5248
5232
5184
4864
4800
4792
4784
4784
4778
4776
4768
4760
4672
4672
4560
4512
4480
4288
4234
4232
4232
4232
4216
4208
4142
4126
4096
4064
4064
4016
4010
3968
3952
3936
3840
3776
3768
3768
3744
3664
3648
3596
3584
3552
3530
3520
3500
3392
3392
3384
3384
3342
3328
3328
3312
3264
3170
3168
3158
3154
3148
3136
3072
3064
3064
3024
3008
3008
3008
2912
2880
2880
2876
2848
2828
2816
2800
2800
2776
2752
2656
2650
2634
2628
2624
2592
2576
2576
2576
2560
2560
2528
2528
2496
2442
2426
2412
2408
2392
2392
2392
2392
2368
2368
2352
2336
2320
2304
2304
2288
2272
2242
2240
2240
2238
2236
2232
2224
2216
2152
2128
2112
2108
2100
2096
2084
2082
2082
2080
2080
2080
2078
2066
2064
2060
2048
2032
2016
2000
1976
1952
1952
1948
1944
1940
1928
1920
1888
1868
1856
1854
1846
1832
1832
1830
1824
1816
1812
1808
1792
1788
1776
1760
1744
1744
1740
1728
1728
1728
1724
1724
1720
1712
1696
1696
1672
1672
1664
1660
1652
1648
1648
1644
1644
1640
1616
1608
1600
1600
1594
1584
1582
1572
1560
1560
1552
1552
1544
1536
1536
1520
1504
1498
1496
1492
1488
1488
1472
1472
1472
1472
1456
1456
1452
1440
1440
1432
1432
1428
1416
1408
1408
1406
1406
1404
1372
1368
1360
1358
1352
1352
1344
1344
1344
1344
1328
1328
1320
1312
1312
1312
1308
1300
1292
1290
1288
1288
1280
1280
1276
1268
1264
1258
1252
1248
1248
1248
1236
1234
1232
1232
1228
1224
1216
1216
1216
1208
1208
1200
1200
1186
1184
1184
1184
1184
1178
1176
1176
1172
1168
1164
1156
1152
1152
1144
1144
1140
1136
1128
1128
1120
1120
1120
1104
1100
1088
1088
1088
1048
1048
1040
1024
1024
992
972
924
904
852
846
796
744
636
626
608
576
576
552
544
488
420
384
384
384
352
256
256
176
