1003
66816
60122
60120
60106
60080
60016
60004
59986
59936
59900
59880
59860
59834
59832
59826
59792
59768
59762
59684
59674
59664
59662
59636
59621
59616
59608
59556
59544
59531
59526
59516
59504
59476
59450
59428
59379
59362
59352
59324
59272
59234
59232
59220
59161
59144
59113
59106
59100
59088
59056
59000
58994
58946
58934
58916
58841
58813
58784
58776
58722
58672
58651
58650
58648
58626
58623
58616
58612
58596
58580
58544
58528
58522
58468
58457
58436
58400
58397
58358
58320
58308
58280
58268
58263
58214
58152
58086
58024
57992
57981
57972
57904
57886
57883
57846
57798
57780
57776
57732
57674
57604
57568
57528
57523
57504
57469
57424
57400
57272
57242
57220
57218
57170
57166
57128
57084
57012
56975
56884
56852
56816
56811
56795
56776
56653
56630
56620
56582
56560
56544
56510
56416
56412
56376
56282
56206
56156
56076
56024
56007
55952
55951
55900
55896
55884
55844
55840
55768
55630
55542
55536
55520
55446
55292
55289
55288
55252
55160
55136
55089
55053
55002
55000
54812
54800
54772
54744
54656
54566
54432
54392
54196
54191
54160
54088
54068
54011
53972
53938
53795
53794
53666
53660
53555
53472
53392
53312
53288
53267
53236
52860
52704
52680
52625
52586
52576
52562
52488
52464
52434
52078
51900
51887
51884
51872
51800
51788
51692
51344
51214
51128
51117
51106
51086
50964
50632
50528
50492
50231
50000
49514
49504
49496
49486
49193
49184
49052
48972
48824
48812
48800
48780
48684
48588
48400
48015
47904
47602
47566
47392
47336
46868
46772
46688
46619
46480
46232
45792
45600
45306
45262
44824
44771
44743
44715
44699
44596
44512
44484
44432
44388
44320
44216
44196
44100
44024
44004
43693
43496
42554
42498
42346
41712
41696
41628
41607
41591
41532
41208
41024
40736
40480
40408
39712
39608
39070
39054
38998
38846
38768
38644
38448
38384
38300
38288
38184
38006
37974
37893
37877
37714
37472
37344
36128
35896
34836
34208
34196
33616
33552
33528
33524
33496
33488
33464
33444
33442
33440
33434
33432
33428
33426
33424
33421
33418
33417
33416
33413
33412
33410
33409
33375
33230
32960
31772
31000
30488
29828
29632
27872
27856
27844
27842
27841
27834
27833
27832
27831
27828
27826
27814
27800
27792
27768
27728
27696
27440
27232
27188
26682
26652
25768
25632
24608
24576
24480
24254
24117
24103
24038
23920
23864
23792
23764
23694
23664
23520
23484
23310
23182
23122
22680
22624
22015
22008
21792
21568
21352
21292
21183
21112
21009
20996
20960
20944
20394
20266
20222
20052
19812
19448
19271
19012
19000
18896
18852
18840
18784
18692
18592
18524
18431
18419
18395
17962
17926
17696
17568
17376
17160
16976
16831
16800
16708
16700
16248
16042
16014
15776
15669
15376
15196
15116
15072
15036
15004
15000
14930
14876
14804
14752
14687
14442
14440
14432
14422
14032
13821
13604
13600
13578
13496
13212
13094
13083
13080
12912
12608
12604
12524
12520
12512
12444
12441
12436
12282
12242
11986
11984
11944
11882
11872
11862
11827
11808
11784
11636
11324
11292
11291
11288
11216
11168
11117
11051
10964
10962
10851
10734
10708
10671
10616
10576
10524
10521
10432
10360
10336
10210
10176
10072
10044
10032
10004
9848
9846
9773
9760
9720
9644
9608
9607
9604
9478
9440
9424
9398
9322
9252
9208
9184
9170
9148
9116
9112
9106
9100
9072
9055
9024
9009
9000
8956
8884
8782
8712
8676
8672
8608
8590
8560
8490
8471
8376
8351
8339
8336
8320
8308
8284
8201
8172
8116
8108
8088
8080
8042
8042
8004
8002
7982
7960
7937
7899
7856
7848
7841
7791
7776
7752
7712
7684
7683
7632
7622
7572
7532
7518
7478
7456
7445
7442
7440
7372
7368
7363
7336
7278
7224
7170
7129
7128
7124
7122
7092
7088
7050
6968
6967
6964
6944
6914
6896
6868
6852
6844
6840
6826
6808
6806
6805
6752
6746
6647
6632
6588
6570
6562
6535
6480
6448
6436
6426
6421
6408
6381
6368
6350
6332
6322
6296
6244
6232
6199
6164
6160
6142
6124
6096
6084
6078
6072
6052
6048
6008
5997
5988
5962
5954
5948
5882
5880
5872
5832
5826
5822
5804
5792
5784
5764
5694
5684
5680
5616
5594
5592
5582
5566
5566
5564
5564
5564
5564
5560
5560
5560
5552
5552
5552
5536
5536
5536
5504
5504
5432
5376
5328
5152
5056
4928
4864
4864
4848
4822
4820
4804
4768
4752
4736
4704
4688
4660
4636
4624
4608
4528
4512
4480
4400
4288
4256
4224
4200
4192
4160
4160
4076
4068
4052
4040
3992
3872
3852
3800
3792
3776
3768
3760
3736
3712
3712
3696
3686
3682
3678
3592
3584
3520
3488
3464
3456
3424
3366
3360
3336
3328
3248
3232
3210
3208
3200
3200
3136
3132
3040
3032
3016
3000
3000
2992
2968
2960
2944
2936
2912
2888
2880
2880
2880
2880
2816
2784
2764
2720
2688
2688
2664
2640
2616
2616
2608
2560
2520
2520
2504
2496
2488
2488
2480
2456
2432
2396
2384
2372
2368
2368
2368
2364
2352
2320
2304
2288
2258
2256
2240
2210
2208
2192
2188
2176
2170
2144
2136
2134
2128
2112
2104
2096
2080
2064
2048
2048
2040
2024
2000
2000
2000
1984
1984
1968
1968
1954
1936
1920
1920
1920
1920
1920
1892
1876
1864
1856
1856
1840
1824
1816
1816
1810
1808
1800
1792
1792
1792
1784
1776
1752
1728
1728
1728
1716
1696
1696
1692
1670
1666
1664
1664
1664
1656
1648
1640
1632
1616
1608
1604
1600
1600
1596
1592
1592
1584
1568
1556
1536
1536
1536
1536
1528
1520
1512
1504
1500
1492
1488
1488
1472
1472
1472
1456
1456
1456
1452
1452
1440
1440
1432
1424
1424
1416
1408
1408
1408
1392
1384
1380
1376
1368
1368
1364
1360
1360
1360
1360
1360
1348
1344
1328
1312
1312
1308
1284
1282
1280
1280
1280
1280
1274
1264
1264
1260
1248
1248
1238
1232
1224
1224
1216
1216
1216
1216
1212
1208
1200
1200
1198
1192
1192
1188
1184
1184
1172
1168
1164
1160
1152
1152
1152
1152
1152
1152
1136
1128
1128
1120
1120
1116
1112
1104
1104
1088
1072
1024
992
960
960
944
896
880
862
800
780
768
750
700
646
608
512
482
384
320
294
272
152
28
