1003
57408
51652
51650
51634
51608
51588
51570
51552
51536
51506
51480
51466
51416
51396
51394
51378
51352
51344
51322
51314
51296
51288
51266
51260
51184
51160
51154
51136
51096
51084
51042
51010
50994
50976
50940
50924
50850
50818
50808
50802
50796
50778
50716
50712
50704
50669
50665
50658
50607
50592
50586
50570
50539
50520
50512
50506
50458
50451
50373
50364
50348
50286
50281
50243
50236
50186
50142
50115
50051
50040
50016
50004
49995
49982
49923
49916
49865
49850
49812
49794
49760
49738
49688
49680
49624
49597
49560
49545
49532
49489
49488
49470
49432
49388
49368
49334
49322
49240
49200
49180
49178
49169
49105
49056
49037
48988
48986
48941
48854
48839
48836
48728
48664
48600
48495
48472
48467
48464
48422
48416
48406
48364
48300
48280
48261
48112
48078
48062
48028
48022
48014
47975
47974
47960
47958
47870
47856
47836
47832
47822
47678
47640
47628
47565
47520
47372
47362
47323
47248
47202
47200
47192
47128
47064
47056
46936
46900
46889
46800
46744
46634
46618
46545
46432
46428
46406
46272
46205
46184
46141
46120
45928
45916
45886
45808
45758
45736
45724
45719
45566
45552
45496
45472
45185
45058
44976
44908
44904
44882
44784
44780
44704
44673
44588
44128
44058
43938
43912
43848
43813
43809
43794
43785
43784
43778
43656
43602
43583
43548
43464
43420
43408
43280
43228
43056
42522
42402
42287
42272
42258
42242
42199
42196
42195
42184
42154
42151
42147
42056
42050
42016
42007
41962
41952
41916
41864
41818
41682
41488
41200
41166
40990
40856
40676
40477
40397
40393
40340
40264
39834
39712
39390
39312
38992
38832
38752
38461
38452
38344
38324
38309
38280
38216
38132
38121
38088
38069
38002
37929
37896
37792
37470
36704
36176
36144
35980
35840
35796
35718
35590
35583
35574
35503
35499
35496
35398
35368
35176
35168
34096
33760
33212
33136
32996
32944
32752
32720
32678
32672
32614
32587
32563
32547
32459
32411
32273
32248
32232
32106
31584
30304
29636
29508
29316
28848
28784
28768
28740
28730
28728
28724
28722
28720
28717
28714
28713
28712
28709
28708
28706
28705
28416
26828
24896
24240
23928
23924
23922
23921
23917
23914
23913
23912
23911
23908
23906
23904
23902
23856
23824
23412
23252
23148
22624
21632
21616
21567
21536
21488
21086
20984
20968
20947
20831
20791
20719
20685
20662
20640
20610
20592
20432
20400
20348
20164
20000
19648
18592
18538
18536
18376
18342
18264
18259
18255
18198
18189
18182
18012
17984
17860
17744
17712
17533
17312
16756
16618
16352
16264
16174
16117
16104
16073
16068
16008
15944
15917
15896
15804
15791
15584
15504
15376
15088
15018
14854
14752
14646
14296
14228
14181
14177
14111
13948
13896
13538
13520
13338
13296
13209
13106
12994
12968
12916
12896
12874
12835
12832
12824
12808
12719
12715
12714
12696
12684
12679
12675
12642
12640
12626
12601
12506
12406
11984
11820
11792
11696
11660
11556
11521
11506
11464
11368
11362
11353
11346
11333
11304
11256
11226
11212
11152
11126
11104
11015
10684
10613
10592
10544
10524
10442
10424
10420
10360
10294
10187
9952
9928
9904
9870
9741
9736
9712
9710
9680
9602
9580
9416
9368
9337
9184
9170
9168
9156
9053
8994
8982
8888
8848
8767
8764
8728
8644
8632
8568
8544
8520
8506
8496
8405
8374
8364
8310
8288
8203
8156
8152
8128
8110
8072
7992
7990
7980
7880
7878
7862
7861
7830
7822
7820
7790
7778
7760
7623
7608
7540
7520
7502
7490
7472
7451
7448
7429
7420
7352
7316
7240
7148
7141
7130
7057
7022
7008
6977
6976
6963
6921
6867
6864
6862
6860
6808
6742
6730
6712
6648
6618
6608
6601
6564
6560
6556
6553
6552
6511
6488
6454
6448
6440
6435
6394
6346
6332
6302
6287
6244
6239
6209
6195
6190
6176
6152
6131
6082
6058
6022
5980
5941
5938
5884
5876
5863
5844
5799
5776
5754
5752
5728
5725
5696
5686
5669
5626
5617
5616
5592
5580
5526
5516
5512
5506
5494
5466
5408
5396
5346
5334
5314
5306
5276
5272
5272
5214
5208
5200
5152
5124
5122
5112
5082
5072
5048
5026
5014
5012
5000
4954
4952
4928
4922
4912
4896
4866
4852
4814
4804
4802
4782
4782
4782
4780
4780
4780
4780
4776
4776
4776
4768
4768
4768
4736
4736
4680
4648
4624
4480
4448
4288
4216
4192
4192
4188
4166
4158
4142
4136
4132
4120
4096
4096
4064
4064
4032
3696
3668
3664
3650
3650
3648
3648
3648
3636
3636
3636
3600
3584
3568
3520
3520
3392
3328
3320
3278
3264
3248
3232
3222
3216
3214
3208
3184
3184
3182
3168
3156
3152
3152
3072
3072
3072
3040
3040
3008
3000
2944
2928
2880
2848
2840
2834
2834
2820
2784
2784
2704
2688
2656
2624
2620
2596
2576
2576
2572
2566
2560
2560
2560
2544
2542
2542
2540
2534
2534
2528
2528
2524
2524
2520
2500
2496
2480
2368
2360
2336
2328
2328
2304
2304
2304
2300
2288
2270
2268
2268
2266
2256
2256
2244
2240
2224
2176
2136
2122
2112
2104
2084
2080
2080
2080
2056
2036
2020
1984
1984
1972
1952
1948
1946
1940
1936
1920
1920
1912
1872
1866
1856
1840
1832
1824
1810
1796
1792
1792
1776
1760
1752
1744
1744
1712
1712
1700
1696
1680
1672
1672
1664
1664
1640
1624
1620
1616
1600
1596
1592
1584
1572
1572
1572
1568
1564
1564
1564
1560
1556
1552
1536
1524
1520
1504
1500
1496
1490
1488
1484
1472
1472
1456
1440
1428
1424
1424
1410
1400
1394
1382
1372
1368
1368
1360
1344
1344
1344
1344
1328
1328
1320
1318
1312
1312
1310
1300
1296
1296
1280
1280
1280
1276
1268
1264
1256
1256
1248
1246
1236
1228
1226
1216
1216
1208
1200
1192
1186
1184
1176
1172
1168
1158
1148
1144
1136
1136
1132
1124
1122
1120
1120
1120
1112
1104
1104
1100
1096
1096
1092
1088
1088
1088
1088
1072
1068
1064
1060
1048
1040
1040
1040
1024
1024
1024
1020
1012
1008
1008
1004
1000
1000
1000
992
992
988
980
976
972
968
960
960
960
960
960
956
956
952
868
858
848
772
704
672
640
640
576
576
548
528
472
464
450
386
384
384
320
320
252
192
