1003
67008
60240
60178
60136
60058
60052
60000
59982
59958
59956
59952
59920
59864
59838
59812
59800
59758
59736
59732
59692
59638
59624
59616
59574
59568
59544
59536
59494
59480
59430
59398
59364
59360
59352
59292
59184
59160
59158
59120
59096
59036
59016
58976
58968
58966
58892
58832
58825
58822
58809
58804
58737
58712
58688
58640
58556
58549
58546
58497
58488
58464
58425
58424
58392
58340
58330
58296
58244
58232
58186
58173
58161
58160
58156
58123
58096
58088
58040
58014
57952
57824
57780
57736
57709
57676
57657
57616
57594
57585
57576
57474
57448
57184
57165
57105
57100
57081
57042
57019
56988
56968
56940
56904
56872
56864
56848
56844
56820
56732
56720
56656
56622
56560
56399
56383
56376
56359
56339
56310
56239
56222
56212
56100
55992
55968
55928
55904
55856
55736
55696
55574
55550
55544
55530
55525
55505
55465
55445
55348
55332
55319
55264
55224
55220
55004
55000
54936
54808
54744
54704
54574
54560
54550
54512
54448
54447
54443
54319
54292
54278
54203
54131
54028
53896
53739
53632
53487
53451
53435
53384
53374
53363
53342
53294
53246
53198
53192
53152
53144
53102
53040
52976
52860
52848
52812
52792
52732
52716
52512
52464
52408
52392
52252
52236
52208
52172
52156
52144
52099
52083
52044
52039
52008
51987
51966
51950
51915
51902
51854
51824
51806
51710
51632
51440
51432
51412
51224
51216
50720
50476
50365
50361
50294
50278
50262
50166
50118
50056
50022
49933
49897
49823
49800
49596
49580
49568
49468
49328
49144
49136
49072
48464
48270
48160
48150
48070
48022
47992
47974
47878
47864
47851
47835
47763
47388
47372
47260
46834
46576
46568
46048
46005
45928
45840
45694
45664
45568
45379
45304
44820
44732
44624
44442
44346
44000
43688
43624
43600
43269
43197
42696
42431
42352
42160
41982
41952
41812
41700
41464
41458
40040
39901
39520
38981
38416
38328
38288
38224
38192
38068
38052
37994
37978
37949
37940
37930
37882
37877
37834
37738
37336
36576
36152
34968
33568
33556
33552
33544
33540
33530
33524
33522
33520
33517
33514
33513
33512
33509
33508
33506
33505
33280
31368
29376
28320
27924
27922
27921
27920
27917
27914
27913
27911
27908
27906
27902
27896
27892
27888
27884
27240
26712
26529
25720
25376
24832
24394
24314
24277
24274
24234
24228
24194
24182
24132
24124
24016
24016
23952
23912
23856
23357
22944
22896
22784
22591
22488
21960
21294
21288
21092
21004
20896
20858
20560
20533
20481
20272
20264
20256
19946
19904
19783
19536
19448
19232
18806
18564
18492
18088
18025
17762
17648
17576
17504
17503
17048
17040
16814
16460
16364
16356
16246
16039
15979
15965
15960
15862
15856
15848
15822
15782
15718
15712
15618
15551
15472
15348
14896
14888
14736
14620
14560
14524
14344
14321
14261
14158
14136
14078
14038
13958
13942
13930
13873
13871
13780
13688
13600
13444
13220
13168
13160
13040
13032
13004
12984
12976
12750
12670
12656
12630
12590
12579
12550
12538
12519
12514
12476
12475
12439
12425
12400
12380
12376
12364
12336
12316
12184
12144
12137
12128
11900
11848
11836
11824
11796
11760
11664
11657
11590
11552
11528
11526
11510
11470
11469
11430
11371
11368
11362
11311
11299
11014
10936
10820
10731
10604
10575
10480
10471
10469
10416
10400
10399
10382
10362
10256
10232
10208
10168
10072
10008
10004
9912
9832
9828
9741
9732
9724
9637
9630
9621
9572
9571
9566
9552
9550
9540
9456
9400
9312
9248
9240
9192
9152
9092
9004
8975
8918
8891
8875
8872
8855
8841
8720
8658
8656
8592
8496
8492
8480
8476
8456
8424
8396
8384
8376
8325
8306
8273
8260
8253
8224
8203
8024
7976
7946
7916
7856
7853
7846
7793
7780
7768
7751
7736
7712
7692
7592
7584
7536
7498
7480
7448
7405
7400
7400
7380
7376
7373
7363
7354
7348
7320
7234
7228
7160
7153
7136
7112
7093
7072
7054
7051
7044
7040
7000
6992
6893
6844
6840
6833
6832
6822
6821
6764
6752
6702
6664
6644
6600
6598
6576
6552
6544
6542
6436
6392
6342
6286
6280
6262
6256
6224
6198
6176
6168
6142
6100
6072
6068
6008
6004
5978
5936
5904
5884
5878
5858
5856
5804
5794
5736
5694
5648
5582
5582
5582
5580
5580
5580
5580
5576
5576
5576
5576
5568
5568
5568
5568
5328
5136
5120
5056
4876
4860
4854
4852
4844
4840
4836
4832
4824
4816
4800
4768
4768
4768
4736
4670
4544
4516
4480
4416
4256
4256
4216
4192
4168
4160
4096
4096
4096
4048
3956
3872
3872
3776
3760
3712
3696
3616
3604
3584
3552
3520
3504
3500
3456
3392
3392
3360
3288
3278
3272
3264
3264
3206
3194
3192
3184
3172
3168
3164
3156
3140
3136
3120
3072
2976
2976
2944
2920
2904
2884
2880
2864
2864
2850
2828
2816
2812
2804
2788
2788
2784
2774
2772
2752
2716
2688
2624
2624
2592
2592
2592
2548
2532
2530
2528
2524
2516
2514
2508
2504
2502
2494
2488
2486
2484
2472
2472
2464
2464
2456
2432
2432
2400
2376
2368
2368
2360
2352
2336
2336
2316
2304
2304
2300
2292
2288
2284
2274
2272
2272
2262
2258
2256
2176
2160
2146
2140
2128
2114
2112
2112
2094
2092
2080
2080
2080
2076
2072
2064
2048
2048
2032
2032
2000
2000
2000
1960
1952
1952
1948
1944
1936
1926
1922
1912
1912
1908
1872
1856
1840
1824
1816
1794
1792
1792
1792
1780
1778
1774
1770
1768
1760
1728
1728
1696
1696
1696
1688
1680
1680
1672
1664
1664
1664
1664
1660
1654
1650
1648
1640
1612
1600
1600
1588
1584
1570
1568
1568
1558
1552
1552
1548
1536
1536
1536
1536
1536
1536
1524
1496
1488
1488
1480
1474
1472
1472
1472
1472
1472
1472
1468
1456
1444
1440
1430
1424
1424
1418
1408
1408
1408
1408
1408
1408
1384
1378
1376
1376
1366
1364
1362
1360
1352
1344
1340
1336
1328
1328
1312
1312
1312
1308
1296
1280
1280
1280
1280
1268
1264
1252
1248
1236
1228
1216
1216
1216
1216
1216
1216
1208
1200
1200
1192
1192
1172
1168
1168
1156
1156
1152
1152
1152
1152
1136
1136
1120
1104
1088
1024
1024
980
964
944
896
848
848
832
768
704
640
624
576
480
420
384
296
216
144
