1003
61632
55438
55396
55322
55288
55256
55246
55230
55172
55142
55096
55068
55048
55032
55008
55004
54960
54956
54950
54944
54929
54862
54858
54856
54768
54764
54758
54661
54646
54608
54552
54543
54520
54514
54502
54500
54493
54492
54432
54416
54328
54314
54300
54259
54248
54240
54226
54224
54212
54204
54199
54136
54114
54092
54048
54040
53974
53936
53896
53890
53847
53820
53804
53802
53795
53752
53744
53730
53719
53708
53606
53580
53544
53536
53520
53516
53500
53484
53437
53414
53404
53388
53361
53292
53274
53222
53200
53176
53160
53152
53020
53014
53008
52970
52968
52933
52908
52881
52844
52828
52805
52768
52744
52720
52716
52704
52702
52654
52650
52616
52528
52524
52456
52304
52270
52266
52265
52264
52257
52205
52188
52140
52129
52104
52072
51980
51952
51912
51882
51850
51848
51744
51692
51680
51656
51596
51567
51486
51484
51472
51468
51453
51414
51382
51354
51336
51280
51276
51144
51124
50952
50822
50808
50790
50779
50776
50740
50692
50643
50624
50464
50416
50340
50250
50224
50110
50080
50056
50012
49796
49704
49671
49639
49504
49466
49333
49294
49272
49216
49200
49140
49008
49005
48980
48848
48800
48788
48760
48408
48318
48311
48310
48294
48284
48280
48220
48214
48198
48126
48099
48096
48056
47932
47930
47896
47728
47712
47704
47536
47288
47256
47011
46995
46984
46908
46827
46807
46803
46787
46682
46674
46658
46615
46588
46562
46510
46396
46160
46024
45984
45968
45916
45820
45664
45231
45204
45127
45123
45107
45000
44974
44968
44942
44935
44914
44320
44272
44200
44080
44028
44008
43856
43624
43592
43232
43215
43212
43111
43107
43094
43091
43062
43059
42919
42757
42572
42424
42336
42232
41672
41552
41460
41360
41200
40838
40806
40795
40774
40601
40312
40132
40120
39712
39656
39200
38884
38544
38464
38352
38247
38094
38030
38013
37962
37784
37380
37224
36576
35580
35424
35120
34928
34909
34825
34798
34785
34753
34718
34613
34541
34520
34328
34312
33696
33420
31904
31522
30880
30864
30844
30840
30832
30829
30828
30826
30825
30824
30821
30820
30818
30817
30464
29676
29324
27618
27328
26976
26795
26031
25688
25681
25680
25677
25676
25674
25673
25672
25671
25648
25632
25094
24800
23608
23516
22776
22720
22600
22577
22430
22401
22362
22341
22271
22256
22096
21856
21716
20896
20344
20212
19880
19726
19683
19670
19618
19489
19448
19408
19392
19248
18964
18720
18328
18272
17924
17861
17768
17527
17382
17365
17358
17330
17176
17040
17016
16912
16904
16812
16752
16111
16096
16008
15884
15731
15656
15595
15478
15451
15450
15439
15392
15356
15349
14832
14696
14676
14640
14536
14480
14432
13965
13934
13915
13910
13896
13882
13864
13771
13759
13755
13692
13669
13344
13315
13180
13100
13088
13072
13016
12955
12912
12700
12602
12575
12562
12540
12515
12482
12466
12462
12371
12355
12276
12216
12185
11992
11960
11896
11760
11616
11608
11600
11584
11448
11422
11420
11420
11320
11296
11279
11262
11198
11182
11128
11124
11118
11102
11101
11098
10728
10720
10708
10672
10548
10544
10412
10384
10312
10282
10251
10144
10142
10052
9995
9969
9944
9868
9684
9664
9656
9632
9602
9520
9486
9412
9360
9312
9216
9159
9124
9084
9048
9045
9038
9032
9010
8974
8904
8764
8744
8734
8656
8628
8598
8584
8542
8496
8483
8476
8460
8458
8389
8364
8352
8328
8320
8288
8168
8160
8154
8126
8104
8080
8044
7976
7944
7921
7916
7876
7857
7816
7813
7807
7806
7802
7792
7656
7616
7600
7596
7528
7486
7456
7442
7440
7440
7436
7416
7388
7357
7356
7324
7293
7276
7265
7251
7224
7222
7204
7194
7182
7152
7090
7072
7064
7056
7048
7010
6966
6956
6900
6893
6876
6860
6850
6831
6796
6780
6764
6752
6744
6712
6690
6618
6604
6595
6576
6568
6516
6489
6484
6456
6454
6432
6416
6382
6368
6328
6284
6266
6248
6196
6195
6192
6188
6176
6168
6145
6116
6102
6088
6048
6032
5956
5951
5948
5942
5934
5912
5909
5872
5822
5811
5744
5736
5730
5724
5656
5646
5642
5600
5587
5584
5570
5566
5524
5512
5496
5482
5476
5388
5322
5320
5288
5262
5204
5162
5134
5134
5134
5132
5132
5128
5120
5120
5120
5120
5120
5016
4928
4696
4672
4544
4514
4512
4484
4478
4472
4466
4452
4448
4416
4352
4336
4160
4160
4064
4040
3968
3944
3936
3932
3920
3896
3872
3840
3784
3776
3712
3696
3648
3648
3576
3552
3520
3504
3476
3472
3468
3464
3392
3360
3360
3328
3200
3200
3196
3176
3144
3118
3092
3090
3088
3086
3068
3064
3008
2944
2944
2928
2928
2912
2896
2880
2880
2880
2784
2782
2780
2776
2768
2768
2754
2750
2750
2736
2732
2632
2624
2616
2592
2592
2560
2560
2536
2520
2508
2504
2502
2492
2492
2488
2474
2470
2448
2436
2432
2410
2384
2384
2384
2336
2320
2304
2304
2288
2280
2280
2256
2254
2244
2240
2236
2236
2224
2224
2224
2220
2220
2220
2216
2144
2136
2112
2112
2104
2080
2080
2064
2056
2048
2048
2048
2024
1998
1992
1992
1984
1984
1968
1936
1920
1920
1920
1896
1888
1880
1856
1856
1830
1816
1808
1808
1808
1804
1800
1792
1792
1776
1744
1744
1712
1708
1696
1696
1688
1688
1688
1682
1676
1672
1664
1648
1628
1624
1616
1616
1608
1600
1600
1600
1584
1584
1582
1576
1570
1568
1562
1560
1560
1560
1552
1544
1536
1520
1512
1504
1496
1490
1488
1488
1488
1480
1472
1472
1472
1470
1464
1458
1448
1448
1440
1440
1436
1416
1408
1408
1408
1408
1400
1392
1384
1378
1376
1368
1368
1368
1364
1352
1352
1352
1344
1344
1336
1328
1320
1318
1312
1312
1312
1296
1296
1288
1280
1280
1276
1264
1256
1252
1248
1244
1238
1232
1232
1228
1216
1216
1216
1216
1216
1216
1216
1212
1188
1188
1184
1184
1184
1184
1184
1180
1168
1164
1160
1152
1152
1144
1144
1128
1128
1120
1120
1116
1112
1112
1104
1104
1088
1088
1088
1088
1088
1072
1064
1056
1056
1048
1032
1032
1008
960
960
928
896
864
836
816
812
800
768
712
704
704
696
572
400
384
380
304
224
212
192
192
52
