1003
62720
56428
56426
56408
56400
56336
56332
56328
56310
56272
56268
56242
56224
56206
56184
56108
56104
56084
56052
56008
56002
55952
55926
55922
55888
55884
55848
55830
55792
55780
55732
55730
55728
55720
55712
55710
55662
55656
55648
55612
55550
55542
55500
55448
55436
55402
55376
55368
55304
55284
55264
55248
55214
55136
55126
55120
55092
55082
55076
55044
55024
55016
54986
54941
54884
54880
54856
54854
54808
54784
54772
54742
54694
54650
54630
54629
54612
54600
54580
54540
54480
54470
54432
54424
54416
54332
54301
54288
54256
54246
54200
54184
54166
54164
54134
54076
54054
54048
53970
53948
53926
53907
53904
53872
53865
53856
53800
53690
53668
53643
53608
53544
53492
53456
53434
53410
53352
53339
53284
53266
53252
53220
53216
53160
53156
53044
52978
52973
52944
52896
52888
52880
52868
52772
52754
52716
52680
52535
52532
52522
52496
52409
52362
52360
52315
52201
52194
52181
52140
52122
52064
52042
51880
51816
51792
51773
51772
51728
51680
51670
51664
51624
51600
51596
51540
51489
51334
51296
51240
51222
51216
51151
51146
51048
51004
50940
50872
50720
50706
50672
50613
50610
50441
50392
50354
50336
50332
50256
50188
50176
50162
50156
50101
50060
50053
49970
49937
49874
49824
49816
49752
49742
49688
49592
49496
49368
49332
49276
49112
49104
49081
49049
49040
49022
48992
48656
48651
48608
48506
48456
48404
48340
48280
48158
47953
47840
47496
47475
47288
47220
47184
47172
47120
47118
46736
46684
46624
46561
46490
46432
46344
46240
46088
45935
45926
45240
45232
45228
45164
45108
45062
44984
44960
44854
44848
44833
44801
43951
43658
43624
43404
43340
43320
43168
42960
42784
42721
42608
42338
41519
41336
41240
41212
41112
41068
41004
40940
40884
40864
40856
40754
40480
40077
39920
39856
39792
39520
39408
38854
38632
38376
38365
38345
38332
38268
37600
37152
36768
36606
36574
36080
36016
35952
35888
35578
35504
35400
35272
35191
35171
35140
35132
35072
35032
35016
33250
33218
33120
32288
31456
31440
31392
31384
31380
31376
31368
31366
31365
31364
31362
31361
30912
27942
27392
26808
26144
26136
26133
26132
26131
26130
26128
26124
26120
26096
26080
25598
25582
25376
24672
24586
23584
23441
23424
23080
23040
22996
22988
22959
22941
22888
22776
22704
22622
22384
22320
22256
22224
21790
21664
21076
20960
20384
20380
20324
20313
20296
20088
19890
19440
19360
19120
19056
19024
18871
18306
18272
18232
18204
18156
18044
18008
17924
17912
17832
17669
16986
16784
16672
16667
16650
16496
16352
16168
16156
16100
15928
15893
15886
15641
15064
14907
14896
14816
14800
14718
14684
14636
14580
14568
14458
13989
13864
13792
13656
13600
13526
13472
13467
13364
13328
13008
13002
12976
12964
12924
12872
12705
12696
12448
12307
12296
12138
12040
11988
11932
11904
11896
11846
11837
11808
11728
11725
11488
11418
11408
11393
11376
11367
11352
11296
11204
11192
11164
11128
11032
10906
10872
10818
10808
10760
10706
10653
10626
10558
10557
10556
10517
10476
10466
10444
10416
10336
10324
10306
10295
10280
10223
10091
10064
10053
10016
10014
9851
9820
9764
9736
9666
9646
9641
9616
9600
9576
9568
9490
9482
9361
9324
9296
9276
9256
9248
9232
9210
9168
9136
9124
9123
9096
9048
8928
8837
8834
8820
8704
8648
8634
8528
8502
8492
8489
8425
8376
8340
8306
8292
8224
8212
8208
8200
8190
8176
8123
8122
8068
7984
7976
7972
7968
7924
7892
7882
7868
7819
7816
7762
7742
7728
7692
7656
7616
7612
7608
7548
7536
7526
7448
7392
7376
7345
7330
7316
7294
7264
7222
7204
7158
7132
7128
7112
7070
7062
7056
7056
7017
6996
6962
6944
6920
6896
6878
6820
6788
6776
6764
6743
6726
6720
6690
6600
6594
6568
6560
6560
6558
6532
6483
6446
6424
6416
6404
6372
6368
6366
6364
6352
6330
6318
6264
6258
6256
6236
6204
6184
6136
6128
6102
6076
6072
6066
5982
5978
5924
5920
5896
5882
5864
5856
5840
5828
5808
5788
5776
5718
5712
5700
5666
5608
5602
5564
5532
5528
5516
5472
5448
5430
5402
5392
5384
5380
5342
5336
5328
5324
5296
5276
5248
5246
5226
5224
5224
5224
5216
5216
5216
5216
5184
5184
5184
5056
4928
4916
4608
4608
4592
4592
4590
4588
4560
4544
4520
4512
4448
4448
4448
4416
4356
4288
4160
4072
4064
4062
4048
4000
3976
3888
3872
3840
3808
3808
3776
3772
3712
3712
3660
3632
3632
3624
3608
3600
3584
3584
3568
3552
3532
3416
3396
3332
3328
3264
3264
3232
3224
3216
3200
3176
3168
3128
2980
2976
2944
2940
2928
2920
2912
2912
2816
2796
2768
2720
2704
2692
2688
2688
2688
2672
2672
2656
2624
2600
2592
2584
2576
2560
2560
2540
2528
2460
2432
2424
2400
2392
2384
2368
2368
2344
2336
2336
2304
2280
2278
2272
2272
2256
2240
2240
2240
2224
2224
2192
2160
2160
2160
2144
2140
2130
2124
2110
2104
2102
2092
2088
2088
2064
2060
2048
2048
2048
2026
2016
2000
1984
1984
1984
1960
1952
1936
1928
1928
1904
1896
1888
1870
1856
1856
1856
1848
1840
1840
1824
1824
1824
1824
1824
1808
1792
1792
1792
1764
1760
1728
1724
1712
1696
1696
1696
1696
1664
1664
1660
1656
1640
1632
1632
1624
1620
1608
1600
1600
1600
1592
1584
1576
1576
1572
1568
1562
1552
1548
1544
1536
1536
1536
1520
1504
1504
1504
1472
1472
1472
1468
1464
1456
1456
1444
1440
1428
1424
1412
1408
1408
1408
1408
1402
1392
1376
1376
1372
1360
1352
1348
1344
1344
1344
1344
1344
1336
1312
1308
1304
1296
1296
1288
1280
1280
1280
1272
1272
1272
1264
1264
1248
1248
1232
1232
1216
1216
1216
1216
1216
1216
1216
1208
1204
1200
1196
1196
1192
1184
1176
1168
1160
1152
1152
1152
1152
1152
1136
1136
1132
1120
1116
1104
1104
1104
1096
1088
1088
1084
1076
1076
1072
1068
1064
1056
1056
1056
1048
1024
1024
1020
1016
1016
984
960
960
940
928
924
914
896
896
860
832
832
832
768
768
668
656
640
608
572
516
486
442
430
416
384
364
336
240
110
88
