1003
57408
51664
51656
51606
51578
51540
51514
51506
51452
51436
51420
51408
51322
51304
51260
51256
51216
51180
51150
51134
51124
51094
50992
50976
50936
50924
50910
50902
50894
50886
50838
50784
50776
50768
50740
50728
50724
50694
50670
50668
50660
50654
50624
50606
50596
50536
50512
50424
50416
50404
50390
50374
50310
50276
50264
50262
50219
50216
50197
50188
50160
50133
50056
50054
50038
50022
50020
49966
49965
49949
49904
49888
49867
49864
49851
49812
49800
49788
49749
49736
49680
49633
49622
49544
49542
49533
49532
49488
49487
49440
49436
49426
49424
49415
49304
49286
49271
49240
49200
49180
49158
49107
49100
49048
49046
49044
48959
48947
48912
48867
48856
48823
48790
48746
48708
48560
48544
48488
48475
48466
48452
48424
48411
48386
48363
48338
48304
48290
48212
48210
48146
48067
48027
47995
47987
47960
47875
47868
47776
47768
47746
47704
47696
47548
47537
47512
47504
47481
47448
47304
47266
47250
47203
47202
47188
47186
47106
47090
47058
47010
46946
46944
46910
46852
46675
46643
46640
46635
46571
46568
46544
46536
46523
46504
46344
46306
46228
46208
46084
46002
45984
45972
45954
45908
45890
45859
45827
45741
45488
45456
45416
45384
45352
45320
45160
45092
45088
45062
45038
45028
44921
44881
44841
44832
44783
44426
44176
44152
44036
43992
43972
43892
43808
43780
43771
43716
43707
43659
43282
43250
43218
43216
43202
43170
43122
43058
43056
43006
42641
42584
42576
42524
42520
42460
42423
42376
42208
41952
41696
41642
41578
41264
40956
40940
40939
40928
40907
40844
40835
40787
40748
40648
40584
40440
40308
40304
40269
40032
39926
39862
39536
38975
38960
38487
38372
38355
38328
38308
38296
38264
38228
38116
38115
38104
38052
38048
37936
37858
37806
37600
36720
36309
35769
35688
35668
35556
35528
35500
35402
35338
35286
35248
34720
33931
33888
33424
32955
32699
32672
32604
32588
32440
32424
32378
32314
31956
31783
31280
30683
29920
29387
29307
28887
28835
28784
28768
28746
28740
28728
28724
28722
28720
28719
28715
28714
28712
28711
28708
28707
28706
28705
28416
27312
26961
25927
24983
24896
24810
24543
24220
23928
23924
23920
23919
23915
23914
23912
23911
23908
23906
23904
23886
23811
23419
22944
22639
22271
21776
21440
21355
21212
20914
20862
20824
20808
20684
20676
20640
20379
20016
19616
19565
19162
18912
18480
18394
18342
18260
18248
18212
18124
18104
18033
17583
17264
17221
16976
16544
16338
16294
16240
16160
16132
16088
16084
16079
15988
15960
15928
15924
15912
15879
15868
15361
15008
14896
14622
14570
14496
14364
14283
14256
14252
14152
14024
13976
13872
13851
13811
13804
13751
13725
13724
13716
13456
13194
13152
13142
12896
12704
12536
12489
12460
12408
12404
12360
12307
12128
12002
11984
11962
11906
11866
11856
11842
11826
11802
11774
11459
11419
11412
11365
11364
11360
11268
11204
11192
11148
11072
11056
11048
10822
10756
10528
10521
10473
10441
10407
10324
10310
10290
10268
10216
10088
10056
10024
10008
9968
9936
9894
9723
9651
9625
9602
9588
9568
9546
9506
9444
9410
9324
9254
9224
9112
9096
9072
9071
9064
9048
9031
8979
8976
8971
8945
8804
8736
8666
8626
8602
8586
8524
8522
8512
8506
8505
8466
8454
8312
8295
8273
8272
8248
8227
8220
8184
8159
8138
8128
8112
8088
8054
8032
7956
7880
7851
7819
7785
7722
7698
7668
7666
7602
7600
7539
7528
7522
7499
7496
7472
7468
7454
7448
7445
7392
7376
7252
7222
7182
7155
7128
7119
7088
7051
7041
7040
7014
6972
6925
6924
6921
6919
6864
6860
6808
6781
6770
6760
6688
6672
6661
6654
6644
6608
6601
6568
6564
6563
6558
6490
6481
6462
6408
6392
6383
6359
6356
6344
6332
6328
6304
6296
6256
6217
6164
6158
6142
6136
6130
6068
6064
6063
6020
6011
6008
5991
5976
5958
5948
5918
5908
5862
5850
5844
5840
5776
5736
5696
5684
5670
5668
5648
5630
5620
5618
5616
5598
5576
5572
5564
5536
5528
5478
5438
5430
5422
5418
5408
5404
5298
5262
5244
5230
5218
5196
5168
5128
5096
5074
5008
4980
4964
4914
4892
4862
4838
4816
4808
4782
4782
4782
4780
4780
4776
4776
4776
4768
4768
4768
4762
4736
4736
4682
4544
4454
4448
4352
4270
4240
4180
4168
4160
4160
4160
4136
4128
4096
4074
3968
3912
3904
3892
3776
3706
3680
3676
3664
3648
3640
3632
3616
3616
3606
3516
3424
3264
3264
3264
3256
3232
3224
3216
3214
3208
3200
3192
3184
3184
3176
3174
3168
3168
3136
3072
2976
2960
2924
2912
2880
2856
2848
2848
2816
2800
2784
2770
2762
2760
2750
2744
2744
2736
2688
2688
2636
2624
2560
2560
2496
2496
2496
2488
2480
2480
2464
2460
2400
2388
2380
2372
2368
2364
2364
2356
2352
2336
2296
2290
2282
2280
2272
2264
2248
2240
2232
2224
2224
2208
2176
2160
2104
2094
2094
2086
2080
2070
2060
2056
2056
2048
2048
2032
2000
2000
2000
1984
1984
1984
1944
1930
1924
1916
1912
1908
1880
1856
1856
1848
1840
1814
1808
1808
1806
1794
1794
1792
1792
1792
1788
1752
1732
1728
1724
1716
1716
1700
1700
1700
1700
1696
1692
1688
1654
1648
1648
1644
1640
1632
1616
1608
1600
1600
1584
1570
1568
1562
1560
1556
1540
1532
1528
1516
1512
1506
1504
1500
1498
1488
1488
1488
1488
1472
1472
1472
1472
1472
1456
1448
1440
1436
1430
1424
1422
1410
1408
1408
1392
1384
1382
1374
1368
1360
1356
1352
1348
1344
1344
1332
1328
1328
1320
1312
1312
1312
1312
1312
1308
1296
1296
1294
1280
1276
1264
1264
1264
1264
1248
1248
1242
1228
1228
1224
1224
1216
1216
1212
1200
1200
1198
1188
1184
1184
1184
1180
1172
1168
1160
1152
1152
1136
1132
1128
1124
1120
1120
1120
1118
1116
1112
1104
1104
1104
1092
1088
1088
1084
1084
1084
1084
1080
1080
1052
1052
1044
1040
1040
1032
1024
1024
1024
1024
1012
1008
992
992
992
992
992
980
980
976
968
964
960
944
932
928
832
816
768
768
680
680
632
620
604
592
552
512
496
320
256
256
240
192
