1003
63104
56772
56758
56742
56736
56724
56720
56678
56630
56552
56518
56480
56476
56470
56464
56454
56438
56410
56390
56340
56310
56284
56264
56230
56204
56176
56168
56160
56134
56120
56118
56038
56006
55983
55952
55910
55878
55852
55840
55803
55795
55794
55763
55750
55739
55716
55715
55710
55696
55686
55590
55555
55544
55491
55428
55423
55408
55395
55366
55342
55335
55311
55291
55268
55224
55222
55158
55142
55131
55108
55094
55075
55072
55067
55064
55056
55040
55027
55026
55019
54962
54961
54944
54916
54915
54772
54738
54723
54690
54688
54683
54680
54674
54653
54578
54523
54512
54488
54468
54467
54368
54363
54328
54306
54256
54242
54214
54195
54187
54170
54139
54083
54060
54035
53953
53944
53870
53859
53819
53800
53786
53712
53676
53664
53612
53569
53465
53354
53328
53304
53302
53280
53228
53187
53175
53144
53106
53072
53042
53041
52920
52827
52820
52760
52667
52660
52592
52560
52456
52434
52388
52325
52275
52228
52192
52068
52002
51952
51938
51936
51920
51896
51874
51865
51805
51778
51756
51528
51430
51343
51330
51241
51188
51152
50896
50798
50694
50598
50592
50565
50552
50545
50505
50432
50336
50300
50225
50118
50104
50022
49936
49862
49828
49808
49681
49680
49617
49516
49448
49424
49391
49222
49018
48992
48679
48636
48500
48499
48432
48416
48312
48288
48241
48176
48018
47954
47774
47608
47384
47301
47148
46988
46957
46928
46816
46761
46672
46669
46609
46515
46496
46474
46378
46329
46218
46184
46110
45472
45236
45172
45092
45088
45064
45040
45005
44932
44880
44850
44845
44784
44718
44711
44476
44040
43744
43704
43225
43210
43065
43050
42704
42608
42320
42156
42092
41996
41932
41760
41376
41158
41089
41046
41025
41016
40865
40858
40664
40504
40480
40344
40120
39960
39704
39632
39544
39376
39172
39152
39108
39052
38449
38418
38385
38258
38225
38126
38091
37856
36960
36112
36024
35864
35856
35816
35716
35652
35644
35298
35281
35232
35138
35121
35119
35072
32608
31904
31888
31760
31662
31632
31608
31584
31576
31572
31568
31560
31558
31557
31556
31554
31553
31208
31104
29930
27616
27520
26768
26296
26294
26293
26292
26291
26284
26256
26248
26202
26128
26032
26016
25440
23552
23424
23321
23321
23306
23264
23187
23174
22884
22884
22828
22744
22736
22712
22568
22512
21924
21792
21632
21088
20845
20818
20733
20706
20601
20574
20547
20536
20004
19984
19948
19888
19792
19568
19512
19288
19160
18968
18912
18840
18712
18542
18533
18408
18401
18382
18347
18298
18184
18144
17936
17824
17644
17596
17516
17460
17104
17008
16714
16701
16582
16567
16212
16168
16160
15823
15716
15329
15322
15281
15217
15216
15214
15202
15083
15072
15056
15048
15012
14948
14913
14892
14752
14176
14162
14104
14074
13900
13880
13862
13856
13825
13712
13621
13600
13488
13457
13436
13300
13171
12920
12778
12626
12574
12464
12387
12328
12256
12240
12172
12171
12132
12021
11808
11742
11635
11618
11570
11429
11408
11402
11384
11241
11216
11187
11088
11068
11038
10992
10902
10840
10733
10676
10656
10501
10472
10464
10451
10422
10258
10192
9968
9932
9887
9872
9814
9801
9730
9656
9476
9460
9442
9417
9367
9362
9352
9328
9312
9306
9296
9254
9224
9204
9120
9025
8983
8932
8894
8888
8816
8784
8708
8704
8699
8632
8572
8565
8387
8386
8334
8312
8275
8265
8236
8224
8184
8176
8170
8168
8126
8033
7981
7947
7916
7904
7876
7856
7768
7766
7744
7739
7705
7698
7640
7627
7559
7540
7519
7471
7446
7431
7425
7410
7405
7386
7376
7334
7328
7320
7204
7199
7184
7169
7124
7106
7072
7043
7032
7026
7019
7014
7014
6985
6974
6828
6825
6816
6787
6752
6739
6736
6734
6731
6720
6712
6699
6691
6678
6668
6645
6638
6622
6570
6568
6566
6532
6511
6495
6488
6475
6470
6460
6450
6445
6434
6416
6404
6401
6345
6326
6312
6291
6192
6162
6159
6139
6130
6119
6112
6094
6085
6044
5998
5968
5935
5918
5890
5832
5822
5810
5792
5776
5756
5730
5704
5684
5662
5662
5644
5598
5582
5558
5556
5552
5542
5536
5490
5464
5398
5358
5344
5328
5324
5302
5290
5284
5258
5256
5256
5256
5248
5248
5248
5240
5216
5216
5184
5184
5056
4768
4664
4662
4660
4636
4632
4608
4608
4576
4568
4560
4544
4528
4512
4512
4480
4352
4288
4168
4160
4160
4146
4140
4118
4112
4108
3992
3984
3968
3936
3904
3904
3888
3856
3824
3792
3776
3760
3728
3712
3706
3704
3680
3678
3676
3668
3648
3648
3584
3528
3520
3512
3496
3488
3392
3392
3340
3338
3312
3312
3232
3200
3064
3064
3042
3040
3024
3016
3008
3008
3000
2992
2984
2976
2944
2944
2880
2832
2816
2812
2768
2764
2752
2722
2720
2690
2688
2688
2680
2656
2632
2576
2552
2524
2512
2476
2464
2464
2456
2434
2432
2432
2432
2416
2404
2344
2312
2304
2284
2272
2272
2246
2236
2208
2208
2208
2204
2180
2176
2160
2146
2128
2128
2112
2098
2088
2084
2080
2048
2048
2016
1984
1984
1976
1960
1960
1944
1920
1888
1884
1882
1872
1868
1860
1856
1856
1856
1856
1848
1840
1832
1804
1796
1792
1784
1776
1760
1738
1736
1728
1728
1712
1712
1712
1676
1676
1664
1654
1652
1648
1640
1632
1632
1624
1616
1606
1600
1600
1588
1584
1582
1576
1552
1552
1546
1540
1536
1536
1536
1536
1524
1524
1520
1510
1504
1502
1494
1488
1486
1484
1480
1476
1472
1464
1456
1456
1438
1432
1420
1412
1408
1408
1408
1404
1402
1400
1400
1396
1392
1392
1364
1360
1356
1346
1346
1344
1344
1344
1344
1338
1338
1332
1328
1328
1328
1324
1324
1312
1312
1312
1304
1302
1298
1294
1292
1288
1280
1280
1280
1272
1268
1258
1248
1232
1230
1226
1224
1222
1216
1216
1216
1208
1208
1196
1188
1186
1184
1180
1176
1164
1160
1154
1152
1152
1152
1152
1144
1144
1136
1136
1132
1128
1120
1116
1112
1108
1108
1096
1088
1088
1088
1076
1072
1068
1060
1056
1056
1056
1048
1024
1024
972
960
952
928
924
896
896
896
880
864
852
792
792
768
760
640
568
448
432
384
384
320
304
160
