202
1864
1673
1669
1662
1657
1655
1650
1649
1647
1639
1635
1614
1613
1606
1605
1604
1598
1597
1590
1575
1570
1569
1561
1553
1550
1544
1543
1535
1530
1525
1513
1502
1497
1475
1470
1454
1449
1441
1438
1418
1401
1370
1361
1355
1338
1305
1298
1297
1288
1279
1250
1237
1207
1190
1172
1163
1155
1118
1065
1057
1034
941
937
934
933
778
777
773
771
752
694
673
667
628
622
621
591
562
549
531
517
514
489
474
467
442
432
425
421
414
387
384
374
358
353
347
342
330
325
309
302
293
288
283
282
275
272
269
262
261
253
247
246
241
237
230
223
222
220
218
211
210
208
208
201
199
197
189
182
181
181
170
163
161
154
154
152
152
136
134
132
124
118
112
108
100
96
96
92
92
84
84
82
80
80
76
72
70
68
68
68
68
64
64
60
60
58
58
56
54
52
52
52
50
50
50
48
48
48
48
44
44
44
40
40
40
40
40
40
36
36
34
32
32
32
32
30
22
16
8
8
4
4
