202
2472
2198
2188
2180
2172
2162
2153
2142
2127
2118
2108
2097
2086
2084
2066
2061
2057
2051
2026
2007
2004
1994
1979
1971
1964
1954
1951
1916
1906
1898
1887
1879
1860
1859
1838
1793
1788
1775
1773
1766
1726
1718
1704
1700
1678
1675
1673
1602
1596
1562
1555
1553
1552
1476
1462
1422
1411
1409
1404
1254
1246
1244
1239
1238
1237
1031
1030
1029
1028
1022
1018
1000
956
887
885
878
842
840
836
767
765
762
732
726
702
667
665
662
647
644
622
590
581
576
572
567
548
530
516
511
504
495
489
482
474
459
435
434
428
419
402
401
397
396
389
384
374
366
343
342
324
313
308
298
289
278
272
272
267
262
252
244
244
230
204
204
204
204
200
200
176
176
172
168
160
152
152
148
144
144
132
132
132
128
124
116
116
112
112
112
104
102
98
96
96
96
92
92
88
86
84
82
80
76
76
72
72
68
64
64
64
62
56
56
56
52
52
52
52
48
48
48
44
40
34
32
20
20
18
16
8
8
8
