202
1972
1769
1766
1763
1756
1755
1753
1747
1730
1725
1718
1717
1709
1701
1693
1685
1676
1675
1674
1669
1658
1653
1633
1631
1630
1625
1587
1586
1581
1555
1554
1547
1525
1514
1507
1470
1459
1451
1435
1431
1427
1423
1414
1385
1364
1350
1313
1309
1305
1270
1267
1240
1226
1171
1167
1163
1125
1122
1001
998
997
993
990
989
987
938
821
821
817
814
813
811
796
710
707
675
671
669
666
664
589
586
557
553
551
522
491
485
466
459
456
455
451
435
429
422
408
389
382
379
355
350
349
327
322
321
305
304
295
286
285
283
267
262
250
249
248
241
233
227
221
220
220
214
213
211
207
202
189
184
181
175
174
171
164
162
162
162
160
160
140
140
134
134
132
116
116
110
110
108
100
96
92
90
90
90
86
84
80
80
76
76
72
70
68
68
68
64
64
64
64
56
56
56
52
52
52
48
48
48
46
46
44
44
44
42
42
42
40
40
40
40
36
36
34
32
32
32
16
8
8
4
4
