202
1956
1749
1738
1735
1719
1707
1706
1703
1699
1695
1690
1686
1684
1680
1679
1674
1663
1659
1654
1647
1641
1630
1610
1595
1593
1578
1563
1559
1538
1519
1518
1503
1498
1487
1483
1478
1427
1418
1415
1399
1387
1383
1382
1378
1367
1363
1349
1348
1306
1283
1267
1263
1246
1232
1227
1223
1221
1174
1115
1113
1086
987
983
982
979
815
814
811
809
726
724
703
701
667
661
656
654
611
594
579
575
561
558
549
543
542
495
491
491
482
479
456
451
450
441
404
403
402
395
391
382
366
365
350
331
329
318
304
303
301
290
286
265
263
259
254
254
251
238
236
232
231
222
220
220
219
215
211
210
209
199
185
182
173
162
162
160
160
144
140
140
128
122
116
114
114
112
108
98
98
94
92
90
88
88
78
78
76
76
72
72
72
68
68
68
66
66
64
64
64
60
60
60
60
56
52
50
50
48
46
44
44
44
42
42
42
42
40
40
40
40
40
40
38
36
36
34
32
20
20
20
16
4
