202
2456
2204
2202
2192
2188
2186
2172
2166
2146
2140
2118
2108
2086
2068
2051
2050
2036
2021
2020
2006
2005
1974
1951
1935
1932
1931
1925
1916
1914
1900
1884
1853
1852
1842
1841
1837
1807
1806
1764
1729
1716
1714
1713
1696
1693
1689
1673
1644
1602
1586
1567
1556
1551
1536
1468
1430
1426
1421
1405
1364
1238
1236
1231
1230
1229
1023
1022
1021
1020
1018
976
916
877
863
862
858
850
840
828
756
755
741
714
689
684
641
637
622
621
620
607
588
586
580
568
541
517
514
513
512
503
484
468
467
454
452
444
443
439
422
421
384
380
378
377
364
363
342
339
330
324
300
292
282
280
272
262
258
244
244
232
226
214
212
204
204
204
200
200
176
174
172
168
168
160
150
148
144
140
128
126
126
122
120
120
120
112
108
102
102
100
100
94
88
88
88
88
88
88
88
86
84
80
74
72
72
72
66
64
64
64
60
56
56
54
48
48
48
44
40
40
40
40
40
32
32
24
20
16
16
16
8
8
