202
1864
1677
1669
1658
1650
1649
1642
1637
1636
1634
1633
1626
1621
1619
1599
1594
1579
1570
1566
1565
1551
1538
1519
1511
1506
1498
1491
1490
1470
1447
1443
1435
1422
1416
1415
1406
1390
1358
1355
1347
1333
1330
1292
1286
1257
1249
1231
1218
1202
1168
1146
1135
1131
1123
1109
1066
1034
989
982
981
961
941
937
934
933
879
778
777
773
753
752
738
737
731
694
666
632
631
619
611
609
602
554
542
529
513
507
482
446
443
431
428
425
422
398
388
382
380
375
370
359
351
349
330
314
311
306
302
295
289
288
274
261
251
250
246
239
226
221
213
208
205
204
202
196
194
194
193
191
186
182
181
163
157
154
154
152
150
146
144
144
136
132
124
122
122
120
116
108
104
104
102
100
96
88
88
86
84
84
76
76
74
72
70
70
68
68
68
68
64
62
60
60
58
56
56
52
52
48
48
48
48
46
44
44
44
40
38
36
36
36
36
34
32
32
32
30
30
20
12
12
8
8
