202
2472
2212
2210
2204
2198
2196
2194
2186
2146
2140
2122
2108
2098
2068
2058
2028
2022
2018
1986
1983
1980
1974
1971
1941
1932
1926
1918
1911
1897
1882
1876
1846
1839
1821
1812
1806
1751
1746
1732
1731
1714
1706
1704
1676
1673
1638
1623
1594
1572
1558
1553
1552
1493
1458
1444
1421
1418
1409
1292
1254
1246
1244
1239
1238
1237
1140
1031
1030
1029
1022
1018
1000
993
988
882
877
860
846
840
817
802
767
756
734
709
700
698
667
642
634
620
619
606
601
576
558
556
543
529
522
504
500
499
494
478
469
466
462
452
447
443
418
412
409
384
382
378
372
370
340
314
308
294
284
282
272
272
242
242
236
234
230
228
220
204
204
204
204
200
192
174
172
168
168
162
152
144
144
140
136
132
124
124
122
120
120
120
112
108
108
104
104
104
96
96
96
96
92
92
88
88
88
88
80
80
80
80
76
72
72
72
70
64
64
60
56
56
54
48
44
44
44
44
40
40
40
36
32
28
16
8
8
8
