202
2020
1812
1806
1795
1791
1782
1780
1769
1767
1762
1758
1745
1741
1737
1734
1733
1727
1701
1697
1694
1693
1689
1674
1651
1650
1649
1622
1603
1599
1595
1591
1590
1571
1570
1567
1561
1534
1505
1501
1497
1491
1470
1458
1417
1411
1396
1390
1330
1315
1311
1293
1268
1238
1195
1182
1171
1167
1114
1030
1025
1021
1017
1014
1013
1011
910
841
841
837
833
831
826
820
758
731
711
702
689
676
654
607
591
589
578
526
509
503
470
468
462
441
439
437
433
416
414
406
383
379
378
375
359
355
351
349
334
312
311
310
309
290
277
274
273
273
267
249
245
242
241
237
233
232
231
227
224
222
218
211
202
200
189
182
180
168
166
166
166
164
164
148
142
136
136
128
120
118
118
116
112
104
100
100
96
92
88
88
86
86
76
76
74
74
72
72
70
70
70
68
68
64
60
60
60
60
56
54
54
52
52
50
48
46
46
46
44
44
44
44
40
40
40
40
36
36
32
28
24
24
4
4
4
2
