202
1916
1713
1711
1709
1706
1689
1686
1681
1677
1674
1672
1667
1653
1651
1648
1638
1637
1633
1622
1617
1613
1602
1593
1582
1565
1562
1549
1538
1531
1526
1515
1511
1491
1486
1467
1457
1446
1439
1405
1390
1365
1350
1331
1320
1295
1282
1278
1267
1251
1247
1233
1218
1204
1146
1137
1133
1129
1109
1095
1062
971
967
963
962
959
799
798
795
791
789
772
714
685
673
657
653
651
644
642
615
582
582
571
559
555
530
519
489
474
461
444
442
433
427
396
394
383
375
362
355
339
335
326
321
318
309
300
298
293
282
271
262
253
251
246
237
234
233
228
221
221
219
216
212
209
204
202
197
194
191
190
173
171
171
158
158
158
156
156
140
136
134
130
130
128
128
116
112
110
110
104
102
96
92
90
84
84
76
76
74
72
70
68
66
66
64
64
60
60
58
58
56
56
52
52
52
50
48
48
46
46
44
44
44
44
42
40
40
40
40
40
38
36
36
34
34
34
32
20
20
16
4
4
