202
2048
1826
1822
1818
1814
1810
1793
1781
1761
1758
1754
1743
1742
1738
1733
1721
1713
1711
1685
1682
1674
1673
1659
1646
1638
1629
1621
1598
1593
1590
1588
1587
1582
1574
1535
1534
1531
1527
1514
1470
1465
1463
1438
1416
1398
1390
1389
1385
1319
1314
1298
1291
1287
1283
1280
1234
1202
1173
1169
1165
1086
1031
1027
1026
1025
903
854
851
849
828
802
737
733
731
706
696
682
639
635
631
626
614
609
553
551
550
542
510
489
487
482
472
463
446
435
431
430
429
424
398
390
388
385
382
378
357
351
342
338
325
318
316
314
313
303
281
281
275
273
265
263
262
258
246
242
241
220
213
208
202
198
194
190
186
170
168
168
160
146
146
144
140
132
126
126
126
124
120
120
120
110
108
108
108
100
96
96
96
88
86
84
84
76
76
76
76
76
76
72
72
70
68
68
64
64
62
60
60
58
56
56
54
54
52
48
48
48
48
48
46
42
40
36
36
36
36
36
30
20
20
8
8
2
