202
1888
1686
1678
1670
1662
1661
1654
1651
1647
1642
1633
1629
1622
1613
1602
1593
1586
1585
1581
1577
1571
1562
1549
1537
1534
1517
1513
1506
1500
1495
1473
1470
1462
1451
1425
1414
1399
1394
1367
1334
1326
1304
1301
1297
1293
1287
1262
1254
1209
1201
1197
1193
1190
1187
1184
1126
1090
1089
1081
1077
1073
1006
947
946
945
787
786
785
760
738
681
677
673
669
667
666
640
638
606
581
577
573
567
530
522
522
501
497
493
491
462
436
435
414
409
398
392
387
365
358
350
347
329
327
324
322
313
298
293
292
283
274
269
265
261
257
254
253
242
231
222
217
213
209
208
208
206
199
198
191
190
182
178
170
156
156
156
144
134
134
134
132
132
124
114
114
114
112
104
104
100
98
98
96
92
92
86
80
80
76
76
72
72
68
68
68
68
64
64
62
60
58
56
56
52
52
50
50
50
48
48
44
44
44
44
42
42
40
40
38
36
36
36
36
32
32
32
32
26
20
16
8
8
