202
2492
2234
2222
2217
2199
2197
2190
2175
2173
2166
2158
2151
2149
2126
2121
2117
2109
2090
2079
2078
2067
2066
2029
2021
2018
2017
2007
2006
2000
1961
1949
1946
1934
1887
1879
1875
1858
1846
1834
1793
1791
1758
1738
1726
1714
1693
1691
1594
1574
1573
1571
1554
1530
1429
1427
1374
1362
1302
1278
1257
1253
1250
1249
1247
1228
1133
1088
1038
1037
1033
1031
1014
994
942
934
932
889
887
852
806
802
782
769
767
750
669
667
650
650
630
614
585
583
550
542
530
515
511
505
466
458
453
447
443
406
405
398
397
387
358
355
352
346
345
338
321
313
311
306
300
287
285
282
274
273
271
267
265
254
247
226
218
212
206
206
204
204
200
196
188
184
176
176
160
156
152
152
148
148
144
132
132
128
124
120
116
116
116
112
112
108
108
104
104
102
102
100
92
90
88
88
80
80
78
76
76
70
68
68
68
64
62
62
60
60
56
56
52
52
52
52
48
48
44
40
40
36
24
24
22
8
4
2
