202
2328
2094
2086
2078
2058
2034
2022
2014
1999
1994
1979
1974
1970
1954
1942
1941
1929
1925
1922
1921
1898
1871
1864
1861
1858
1855
1854
1814
1799
1787
1783
1779
1778
1765
1758
1710
1694
1693
1690
1689
1685
1673
1666
1665
1651
1574
1573
1555
1554
1546
1467
1461
1446
1406
1370
1335
1327
1325
1322
1266
1218
1167
1166
1165
1152
1016
971
970
969
947
926
886
864
850
835
829
802
770
741
738
723
654
646
645
631
630
578
565
561
554
553
538
537
534
533
531
478
471
469
466
462
459
455
451
448
441
398
394
391
381
362
348
346
342
341
337
333
324
323
322
302
298
291
288
282
275
262
258
246
226
210
202
198
192
192
192
188
184
176
166
164
156
156
152
144
144
144
128
128
128
128
124
124
120
112
110
108
106
106
104
104
104
96
94
92
92
90
90
90
88
88
76
76
76
76
68
66
66
66
64
64
64
58
56
56
56
54
52
52
48
48
48
44
40
40
40
40
36
28
28
28
20
4
