202
2472
2218
2204
2202
2166
2153
2148
2145
2142
2140
2137
2118
2110
2105
2097
2079
2068
2044
2035
2034
2030
2027
2019
2013
1963
1956
1955
1947
1938
1934
1908
1885
1877
1860
1826
1818
1799
1793
1788
1708
1704
1699
1691
1686
1678
1670
1650
1604
1577
1569
1561
1552
1502
1484
1482
1415
1413
1404
1302
1278
1246
1244
1239
1238
1237
1054
1031
1029
1028
1022
1000
998
978
948
883
881
840
830
828
810
761
753
747
724
686
670
662
658
651
645
644
596
576
572
567
561
546
542
504
497
491
476
450
446
439
436
431
425
384
383
379
371
370
366
365
364
349
340
329
318
307
302
297
284
281
278
276
273
272
272
258
244
226
214
204
204
204
200
196
192
180
176
176
160
160
160
150
150
148
144
136
132
132
130
128
128
120
120
112
112
112
108
104
98
96
96
88
88
88
88
86
86
84
80
76
74
74
72
72
72
64
64
64
64
60
60
54
54
52
48
48
48
44
40
36
32
26
24
22
16
16
8
8
