403
4912
4418
4404
4402
4396
4392
4386
4384
4360
4331
4330
4327
4326
4315
4292
4279
4278
4276
4263
4262
4260
4248
4246
4244
4236
4233
4225
4216
4209
4198
4194
4187
4179
4141
4126
4125
4122
4115
4104
4100
4084
4072
4068
4067
4059
4056
4052
4051
4038
4035
3990
3974
3971
3963
3958
3955
3946
3939
3932
3925
3900
3880
3868
3855
3848
3839
3838
3822
3816
3784
3753
3737
3732
3724
3704
3690
3635
3634
3618
3613
3602
3599
3586
3570
3558
3548
3528
3516
3484
3465
3460
3449
3432
3410
3394
3392
3378
3288
3279
3269
3262
3260
3228
3196
3178
3148
3126
3116
3112
3072
3063
3051
2995
2971
2958
2955
2938
2936
2852
2820
2773
2728
2690
2675
2674
2476
2472
2462
2460
2459
2458
2457
2150
2145
2047
2044
2042
2040
2036
1952
1886
1866
1865
1832
1783
1751
1748
1740
1698
1680
1656
1646
1619
1599
1562
1551
1541
1532
1512
1500
1446
1436
1404
1380
1378
1371
1368
1361
1282
1266
1254
1240
1238
1221
1214
1212
1209
1207
1196
1164
1160
1140
1136
1130
1122
1106
1083
1082
1065
1024
1022
1016
996
996
988
981
967
952
920
910
898
895
888
881
876
872
838
823
820
811
806
799
798
791
785
782
768
731
730
728
728
724
719
711
708
705
692
684
680
670
665
662
658
657
657
643
611
605
598
584
573
568
567
564
564
560
558
548
544
542
541
532
530
529
524
499
490
489
486
485
472
464
442
440
436
428
426
414
408
408
408
400
400
372
372
356
352
344
336
328
322
320
320
318
310
308
308
304
296
288
288
280
280
272
272
272
272
256
256
252
252
248
242
240
240
240
232
232
232
224
224
224
224
220
220
216
212
212
206
200
194
192
192
192
192
180
178
176
176
176
176
176
176
176
168
164
162
160
160
160
158
158
156
156
156
146
144
142
142
140
136
136
136
132
130
128
128
128
128
128
128
122
120
116
114
112
112
112
112
108
108
108
104
104
104
104
104
104
98
96
96
96
96
96
96
96
96
84
84
84
80
80
80
80
80
72
64
64
48
46
32
16
16
16
