403
7472
6718
6708
6692
6686
6662
6650
6628
6612
6598
6593
6592
6586
6567
6555
6542
6526
6516
6509
6503
6487
6476
6463
6454
6447
6446
6439
6430
6428
6390
6363
6355
6347
6331
6323
6316
6314
6308
6307
6290
6283
6274
6273
6268
6259
6219
6195
6166
6155
6150
6149
6132
6116
6077
6068
6025
6018
6009
6002
5993
5985
5980
5976
5892
5883
5867
5838
5826
5820
5804
5743
5727
5716
5703
5630
5614
5612
5575
5555
5535
5515
5508
5501
5468
5442
5378
5362
5333
5281
5265
5260
5241
5220
5172
5090
5074
5028
5021
5001
4981
4923
4908
4764
4726
4710
4639
4623
4620
4599
4576
4532
4420
4292
4290
4274
4251
4243
4235
4219
4211
4195
4188
4171
4084
3780
3754
3746
3741
3740
3738
3737
3680
3264
3164
3114
3113
3111
3106
3102
3084
2828
2776
2751
2740
2731
2719
2711
2699
2691
2685
2666
2654
2652
2628
2560
2452
2424
2395
2380
2375
2361
2302
2290
2260
2140
2125
2077
2061
2044
2043
2023
2014
2002
1934
1924
1884
1876
1861
1844
1841
1783
1762
1694
1676
1643
1631
1615
1599
1581
1556
1550
1538
1475
1468
1455
1441
1396
1380
1374
1362
1339
1325
1324
1244
1241
1233
1226
1221
1214
1207
1175
1172
1140
1132
1124
1103
1102
1099
1090
1073
1065
1040
1011
1002
1001
991
986
986
972
971
966
964
959
951
939
931
928
925
902
876
871
870
861
855
855
850
836
821
809
804
803
790
778
765
755
742
736
730
724
708
708
686
678
674
658
644
622
620
620
620
616
608
568
560
550
546
544
542
542
538
538
536
532
528
528
504
488
478
474
472
472
472
472
460
456
448
424
424
424
416
414
410
408
400
396
376
370
368
368
368
366
356
348
344
336
328
328
326
322
318
316
308
304
304
294
290
288
288
272
272
272
272
266
264
256
248
246
246
244
242
240
240
232
224
220
220
220
218
216
216
212
202
198
198
196
196
194
192
192
192
190
190
186
186
184
180
180
172
172
170
168
168
168
164
160
160
160
160
156
152
152
152
150
144
144
144
138
136
136
136
132
128
128
120
104
88
88
88
80
72
64
48
40
24
