403
8064
7242
7234
7210
7160
7148
7144
7134
7128
7102
7092
7090
7060
7050
7028
7024
7014
6995
6971
6968
6964
6958
6944
6931
6908
6904
6894
6883
6870
6858
6847
6844
6824
6799
6798
6775
6774
6772
6761
6744
6714
6700
6697
6682
6648
6641
6612
6606
6586
6567
6552
6535
6492
6478
6454
6447
6440
6391
6348
6347
6344
6323
6314
6298
6290
6203
6188
6184
6181
6126
6125
6102
6047
6023
6004
5992
5935
5915
5898
5874
5866
5780
5768
5756
5753
5663
5646
5640
5639
5590
5568
5550
5526
5484
5418
5371
5363
5339
5336
5182
5156
5072
5070
5046
5011
5003
4979
4968
4941
4910
4854
4764
4724
4612
4579
4536
4533
4506
4378
4226
4084
4068
4052
4050
4045
4042
4041
4040
4037
4036
4034
4033
3666
3428
3384
3364
3362
3361
3357
3354
3353
3351
3348
3332
3324
3248
3202
3148
3074
2966
2952
2943
2905
2756
2746
2720
2678
2630
2603
2584
2571
2551
2545
2518
2428
2402
2280
2271
2251
2245
2243
2206
2156
2152
2150
2148
2118
2081
2062
2018
2001
1928
1927
1908
1872
1834
1826
1806
1791
1759
1736
1724
1703
1701
1681
1664
1638
1618
1595
1576
1571
1564
1496
1482
1474
1462
1451
1436
1395
1368
1349
1342
1322
1316
1275
1272
1270
1249
1248
1218
1212
1192
1187
1171
1154
1141
1140
1126
1112
1084
1078
1075
1058
1055
1048
1020
1015
1006
1002
998
993
985
978
968
964
960
952
945
924
922
911
896
896
880
868
846
844
814
812
802
792
778
776
764
760
714
694
686
670
670
670
668
668
668
664
664
664
656
640
636
612
592
588
580
576
544
532
524
520
514
512
510
508
500
480
480
454
450
448
448
440
424
420
412
400
400
384
376
368
364
364
364
360
358
348
336
336
336
324
320
312
312
304
304
292
292
290
288
282
280
278
272
268
268
264
256
256
256
254
248
248
240
240
240
236
236
228
226
224
224
224
224
214
212
210
208
208
208
208
202
200
200
196
196
192
192
192
192
192
188
184
182
182
176
176
176
168
168
160
160
160
160
160
160
160
160
152
152
144
144
144
144
140
136
136
132
122
76
64
48
48
24
16
16
