403
7696
6924
6918
6916
6892
6890
6876
6867
6860
6846
6825
6818
6792
6784
6783
6767
6758
6744
6726
6710
6705
6692
6676
6674
6658
6645
6642
6617
6596
6593
6580
6578
6564
6562
6552
6548
6536
6517
6501
6494
6482
6473
6444
6424
6398
6395
6386
6345
6316
6300
6296
6286
6270
6221
6212
6177
6169
6161
6152
6145
6140
6138
6130
6120
6117
6114
6110
6093
6036
6035
5946
5944
5938
5922
5917
5847
5828
5812
5740
5736
5726
5714
5623
5595
5571
5556
5480
5478
5468
5462
5328
5291
5283
5275
5259
5252
5231
5207
5178
5176
5162
5140
4855
4827
4816
4808
4807
4806
4803
4802
4780
4748
4588
4572
4556
4540
4436
4376
4374
4373
4370
4369
3908
3892
3876
3864
3860
3854
3852
3851
3850
3849
3208
3207
3206
3205
3204
3204
3202
3188
3172
3164
3104
3020
2865
2776
2774
2773
2771
2770
2748
2636
2624
2620
2604
2460
2436
2414
2411
2410
2408
2391
2369
2132
2114
2104
2102
2075
2055
2044
2031
2019
2011
2005
1862
1860
1850
1848
1788
1776
1771
1751
1729
1654
1642
1640
1636
1600
1572
1564
1560
1541
1483
1482
1466
1464
1462
1388
1385
1379
1337
1322
1322
1317
1306
1302
1300
1293
1288
1281
1273
1244
1231
1190
1184
1178
1176
1164
1156
1127
1094
1085
1082
1074
1064
1048
1044
1021
1014
1002
997
983
968
964
963
954
948
934
932
924
921
901
882
866
854
852
848
844
832
827
822
808
785
784
782
775
761
760
734
710
700
691
684
676
674
652
650
644
640
640
640
640
640
632
632
632
624
624
554
552
552
552
544
520
520
520
488
482
480
480
480
480
478
472
424
420
416
416
414
410
406
402
402
400
400
372
368
368
368
360
354
352
350
344
328
328
320
320
312
308
304
296
292
292
288
288
288
288
276
272
266
264
262
260
260
258
256
256
256
254
254
244
240
240
236
232
232
224
224
224
216
216
216
208
208
208
202
200
200
198
196
184
184
184
184
182
178
176
176
172
172
168
168
164
164
160
156
154
152
144
144
144
140
140
138
136
136
132
128
128
128
128
128
112
96
88
86
60
48
32
24
16
16
16
