403
8256
7402
7400
7380
7362
7356
7330
7320
7298
7288
7276
7268
7259
7258
7255
7217
7206
7205
7194
7192
7172
7151
7141
7140
7130
7108
7100
7080
7079
7067
7058
7016
6975
6972
6971
6970
6940
6920
6877
6872
6863
6862
6861
6780
6760
6734
6733
6729
6697
6682
6668
6632
6574
6572
6568
6547
6535
6531
6466
6460
6456
6408
6400
6349
6335
6334
6324
6318
6296
6216
6178
6117
6106
6097
6085
6084
6081
6052
6028
6024
6002
5874
5800
5797
5781
5769
5765
5755
5726
5716
5712
5684
5542
5528
5496
5417
5405
5340
5268
5246
5238
5206
5184
5174
5160
5122
5011
4995
4979
4860
4856
4772
4742
4682
4505
4473
4392
4297
4229
4185
4180
4164
4154
4148
4146
4138
4137
4136
4133
4132
4130
4129
3659
3609
3448
3444
3442
3441
3437
3434
3428
3426
3422
3412
3404
3393
3357
3328
3224
3153
3127
2982
2930
2908
2894
2840
2836
2800
2791
2731
2705
2662
2614
2584
2542
2518
2492
2436
2377
2367
2312
2280
2262
2148
2124
2114
2085
2077
2077
2073
2068
2056
2051
1986
1970
1904
1893
1882
1864
1860
1844
1838
1813
1801
1783
1734
1712
1704
1672
1656
1612
1602
1601
1591
1552
1544
1534
1512
1500
1494
1439
1435
1425
1404
1402
1368
1324
1301
1280
1273
1271
1270
1269
1256
1236
1224
1162
1161
1160
1151
1100
1076
1074
1071
1069
1048
1030
1002
993
991
984
981
964
964
942
932
931
921
912
908
904
896
888
878
877
867
835
834
828
820
808
802
774
756
746
732
728
714
686
686
684
684
684
680
680
680
680
678
672
672
670
640
630
624
592
584
576
560
560
546
540
520
512
510
508
500
496
480
474
472
470
452
448
448
424
420
416
416
416
414
414
408
400
398
396
372
368
368
362
360
358
356
344
336
320
320
320
320
316
304
304
300
296
296
288
288
288
286
286
284
280
280
278
264
258
256
254
252
252
240
240
232
232
228
224
216
214
212
212
208
208
198
196
196
192
192
192
184
184
184
184
184
180
176
176
174
172
172
166
164
160
160
160
156
152
148
144
144
140
128
126
116
112
104
100
80
80
40
32
32
32
32
32
4
