403
9824
8838
8836
8812
8808
8784
8774
8768
8756
8744
8726
8720
8714
8680
8660
8632
8620
8610
8596
8584
8578
8532
8520
8500
8496
8490
8440
8434
8432
8426
8412
8386
8376
8372
8362
8340
8308
8298
8268
8232
8230
8216
8208
8180
8134
8092
8088
8080
8062
8040
8026
7988
7934
7924
7864
7856
7844
7800
7782
7742
7716
7668
7664
7624
7610
7604
7594
7556
7550
7512
7440
7324
7318
7304
7288
7286
7284
7266
7184
7056
7004
6978
6956
6954
6914
6904
6878
6864
6840
6836
6784
6776
6728
6576
6556
6554
6514
6380
6296
6232
6224
6209
6204
6201
6185
6171
6144
6078
6074
5956
5872
5704
5660
5644
5640
5617
5601
5599
5550
5546
5456
4996
4952
4948
4944
4932
4920
4918
4917
4916
4914
4913
4260
4094
4093
4091
4090
4088
4084
4080
4072
4068
4028
3904
3900
3664
3566
3562
3521
3521
3507
3496
3476
3448
3360
3312
3228
3126
3122
3045
3033
3024
3021
3020
3013
3000
2952
2876
2762
2736
2726
2724
2584
2552
2544
2492
2488
2480
2458
2440
2426
2396
2394
2374
2356
2272
2224
2216
2134
2124
2118
2104
2090
2084
2052
2048
2026
2006
2000
1928
1908
1898
1892
1848
1846
1808
1764
1702
1688
1672
1652
1648
1640
1588
1578
1536
1532
1502
1496
1478
1470
1456
1446
1444
1410
1372
1360
1352
1336
1330
1322
1316
1300
1290
1268
1212
1208
1180
1168
1162
1160
1136
1120
1116
1114
1108
1096
1092
1088
1084
1048
1046
1042
1014
1000
972
968
944
928
918
904
892
880
878
856
844
828
822
818
816
816
816
816
808
808
800
800
800
712
712
704
704
702
700
688
688
672
648
640
640
624
624
608
606
602
602
600
592
576
576
568
548
544
544
512
512
496
496
496
488
484
480
480
476
472
472
464
424
420
416
416
416
416
416
384
384
376
376
368
352
352
352
352
344
340
336
328
320
320
320
312
312
312
304
296
292
288
288
288
280
280
272
264
256
256
256
256
248
240
240
232
228
224
224
224
220
216
208
208
204
204
200
192
192
192
192
192
192
180
176
176
176
172
168
168
164
160
160
160
160
148
136
128
104
88
76
76
64
64
64
48
32
32
16
