403
8000
7194
7158
7148
7140
7118
7100
7074
7042
7030
7022
7020
7012
7006
6995
6978
6971
6948
6941
6930
6923
6915
6900
6883
6858
6839
6831
6821
6814
6802
6780
6772
6765
6746
6737
6727
6682
6679
6674
6652
6634
6626
6623
6620
6615
6610
6594
6579
6572
6568
6567
6562
6550
6547
6523
6500
6468
6446
6435
6430
6403
6395
6392
6385
6380
6306
6284
6269
6258
6234
6225
6214
6193
6172
6156
6153
6066
6042
6003
5963
5954
5915
5908
5892
5886
5844
5834
5765
5657
5653
5646
5629
5625
5620
5581
5558
5508
5482
5480
5436
5404
5399
5358
5305
5270
5108
5087
5014
4990
4956
4945
4902
4884
4778
4748
4711
4660
4574
4541
4524
4497
4430
4426
4268
4207
4148
4006
4005
4004
4002
4001
3952
3709
3512
3334
3332
3331
3330
3311
3274
3260
3228
3212
3161
2982
2976
2900
2883
2858
2741
2716
2686
2604
2582
2547
2540
2510
2490
2429
2412
2278
2247
2202
2193
2169
2164
2140
2104
2102
2084
2038
2017
2012
1981
1977
1962
1957
1863
1806
1804
1764
1762
1748
1739
1706
1699
1665
1634
1614
1603
1541
1540
1524
1512
1490
1481
1474
1454
1443
1436
1414
1362
1356
1347
1339
1331
1310
1305
1298
1294
1284
1252
1251
1240
1231
1211
1208
1202
1196
1195
1178
1162
1156
1155
1154
1149
1146
1124
1106
1102
1101
1088
1061
1053
1046
1031
1028
1020
1007
992
991
990
983
969
954
931
924
905
894
884
883
859
854
839
830
828
820
818
810
802
774
756
738
724
716
702
674
664
664
664
664
640
632
632
592
576
576
568
548
536
536
516
512
512
508
504
500
496
484
480
472
452
448
448
440
432
432
424
416
416
408
404
402
394
394
392
390
376
372
368
360
352
352
346
344
344
340
338
332
324
320
306
304
304
296
296
294
292
290
288
288
280
280
268
266
266
264
260
260
256
248
248
246
242
238
236
232
230
228
228
228
224
224
224
220
220
216
212
210
208
204
204
200
200
196
196
192
192
188
188
186
180
176
176
176
170
170
168
168
166
164
162
160
160
160
160
156
152
150
144
144
140
136
136
132
120
112
112
112
88
88
86
48
44
