403
7896
7098
7090
7078
7068
7058
7030
7006
6980
6970
6940
6939
6934
6929
6905
6902
6889
6868
6866
6865
6860
6849
6839
6828
6827
6822
6809
6778
6761
6745
6729
6724
6714
6685
6684
6674
6666
6657
6649
6621
6612
6609
6608
6602
6575
6556
6551
6550
6538
6499
6484
6483
6474
6467
6465
6397
6396
6386
6356
6351
6322
6316
6312
6302
6276
6259
6247
6213
6202
6178
6124
6102
6084
6065
6049
6044
6033
6009
5966
5942
5874
5849
5844
5833
5817
5804
5793
5764
5666
5658
5594
5589
5573
5549
5468
5428
5382
5364
5356
5330
5297
5281
5265
5251
5180
5010
4986
4972
4939
4927
4918
4872
4869
4804
4748
4636
4518
4510
4481
4465
4449
4446
4425
4316
4244
4076
3956
3954
3951
3950
3949
3904
3472
3291
3290
3289
3286
3284
3188
3044
2988
2936
2893
2878
2873
2861
2847
2822
2818
2724
2628
2580
2576
2523
2482
2475
2465
2444
2426
2406
2268
2205
2193
2181
2167
2142
2124
2116
2098
2060
2028
1957
1937
1923
1922
1866
1862
1780
1753
1748
1733
1721
1716
1707
1686
1634
1630
1573
1553
1548
1541
1527
1516
1498
1488
1484
1468
1434
1414
1403
1375
1365
1356
1330
1324
1314
1289
1283
1262
1252
1251
1224
1191
1191
1186
1180
1179
1165
1134
1133
1124
1122
1101
1082
1080
1076
1073
1072
1041
1033
1026
1022
1012
1011
986
980
976
973
961
949
947
934
907
898
892
891
873
868
862
861
860
852
841
830
827
807
802
799
774
764
750
742
722
692
682
674
666
656
656
656
656
656
632
624
608
592
578
574
572
570
568
564
560
536
520
512
504
504
496
494
492
484
480
480
448
448
440
440
438
434
432
424
416
416
416
408
400
390
386
384
380
376
372
368
352
350
346
344
342
340
336
336
324
314
310
306
304
304
296
296
296
288
284
280
280
274
272
264
264
260
256
256
248
248
248
238
236
234
232
232
224
224
220
216
214
212
208
208
206
206
204
200
200
200
196
194
192
190
188
184
180
178
176
176
174
170
168
168
168
166
164
164
160
160
158
154
152
152
148
148
144
142
136
136
132
132
128
112
108
104
88
80
72
40
