403
7888
7098
7090
7074
7052
7050
7042
7028
7022
7020
6986
6980
6968
6966
6940
6922
6918
6868
6862
6854
6846
6838
6836
6796
6766
6758
6748
6735
6722
6708
6703
6674
6670
6661
6660
6655
6626
6612
6607
6575
6570
6567
6562
6555
6554
6548
6523
6506
6468
6452
6439
6426
6410
6407
6390
6373
6362
6340
6304
6299
6292
6267
6259
6250
6210
6187
6181
6170
6164
6130
6116
6085
6082
6045
6014
5963
5948
5923
5914
5900
5865
5852
5775
5774
5727
5659
5654
5628
5611
5580
5524
5476
5466
5459
5419
5404
5348
5346
5340
5337
5202
5171
5073
5028
5026
4948
4868
4815
4814
4755
4695
4611
4548
4532
4510
4502
4494
4486
4438
4401
4148
4143
4060
3974
3966
3958
3950
3949
3948
3946
3945
3912
3652
3645
3464
3406
3290
3286
3284
3283
3278
3270
3238
3124
3121
3037
2969
2928
2907
2878
2838
2830
2822
2804
2788
2611
2562
2561
2524
2452
2388
2386
2347
2265
2242
2127
2124
2124
2122
2099
2076
2073
2059
2028
2022
1972
1924
1884
1862
1859
1819
1762
1761
1700
1687
1660
1646
1639
1620
1605
1562
1537
1506
1503
1496
1484
1466
1465
1444
1434
1423
1402
1374
1366
1359
1351
1348
1332
1325
1263
1250
1245
1235
1234
1222
1209
1208
1204
1188
1175
1165
1154
1139
1134
1124
1114
1111
1106
1102
1069
1068
1064
1054
1049
1028
1023
1018
989
988
974
960
956
942
938
916
884
878
870
862
858
852
810
806
796
776
770
764
754
724
724
722
706
702
700
682
666
662
656
656
656
652
652
640
624
624
616
580
572
564
564
564
552
552
532
522
512
512
496
488
480
476
472
468
452
448
444
424
424
420
416
410
408
400
392
384
384
384
376
372
370
356
352
352
342
336
336
328
328
326
320
320
312
306
300
300
298
292
288
284
284
280
276
272
270
270
264
264
252
248
246
244
240
240
240
236
232
232
228
226
224
222
220
220
216
216
212
208
208
204
200
200
200
196
192
192
188
184
184
178
176
176
172
172
172
168
168
168
160
160
152
152
152
148
148
144
144
144
144
140
140
136
136
136
132
132
128
128
120
104
80
80
76
58
48
