403
8136
7302
7300
7294
7276
7264
7236
7235
7232
7227
7221
7210
7209
7206
7196
7195
7174
7167
7142
7132
7117
7106
7102
7101
7092
7075
7052
7043
7035
7020
7018
7014
7013
7003
6935
6930
6927
6926
6916
6909
6876
6860
6853
6837
6822
6806
6797
6781
6763
6756
6722
6716
6702
6689
6684
6647
6644
6629
6604
6578
6550
6520
6517
6516
6509
6500
6460
6412
6402
6380
6379
6371
6370
6302
6268
6207
6199
6157
6148
6142
6134
6110
6108
6094
6090
5999
5949
5822
5820
5798
5782
5780
5701
5693
5687
5668
5446
5428
5422
5406
5394
5393
5388
5385
5244
5220
5072
5031
5028
5023
4998
4982
4962
4916
4660
4597
4589
4486
4476
4462
4446
4294
4292
4270
4254
4086
4078
4076
4071
4070
4069
4024
3770
3578
3576
3391
3390
3389
3388
3382
3238
3222
3204
3078
3062
3052
3042
3040
2957
2951
2900
2684
2646
2636
2630
2618
2596
2595
2589
2568
2412
2293
2292
2287
2286
2278
2262
2260
2242
2060
2041
2037
2031
2022
1986
1964
1950
1932
1930
1846
1823
1781
1722
1702
1692
1670
1660
1651
1628
1615
1609
1530
1520
1474
1471
1468
1465
1446
1444
1404
1364
1357
1356
1351
1331
1322
1302
1300
1284
1272
1244
1241
1219
1218
1212
1207
1197
1188
1182
1145
1120
1117
1110
1098
1075
1071
1068
1052
1027
1023
1020
1010
1008
1006
1002
1001
945
938
934
932
919
911
908
885
876
874
863
862
851
844
830
809
791
788
788
785
779
778
774
772
760
759
751
728
724
702
698
676
676
676
676
672
656
644
644
640
612
612
608
608
590
588
576
536
528
524
520
520
518
516
512
496
480
458
456
456
456
452
452
448
448
448
408
408
406
404
392
388
384
384
364
360
356
340
336
332
332
328
328
322
320
304
294
292
292
288
288
280
280
280
272
272
272
270
268
264
264
264
256
248
248
248
240
240
240
232
232
228
222
220
216
216
212
208
208
204
200
200
200
200
200
188
184
184
184
182
182
182
176
176
176
172
168
168
168
164
160
160
158
156
152
152
152
150
150
144
144
140
136
136
136
136
128
120
104
88
80
80
80
48
48
40
40
32
