403
8256
7430
7416
7380
7372
7370
7338
7320
7304
7300
7298
7260
7258
7242
7210
7182
7176
7172
7166
7124
7120
7108
7104
7094
7032
7030
7014
7004
6991
6982
6963
6952
6946
6940
6930
6925
6914
6883
6856
6850
6837
6814
6804
6787
6760
6744
6740
6724
6710
6694
6671
6655
6630
6627
6617
6598
6588
6504
6484
6479
6470
6463
6435
6424
6374
6358
6344
6316
6285
6274
6253
6249
6226
6200
6126
6116
6095
6026
5995
5988
5987
5960
5923
5922
5917
5906
5836
5784
5696
5654
5644
5638
5629
5617
5601
5544
5420
5318
5302
5288
5286
5249
5241
5218
5184
5183
5156
5140
5028
4968
4914
4898
4820
4747
4739
4731
4682
4667
4666
4584
4492
4333
4172
4154
4146
4140
4138
4136
4133
4132
4130
4129
3804
3775
3724
3449
3448
3442
3441
3434
3426
3422
3404
3328
3271
3190
3140
3064
3028
2994
2939
2931
2925
2916
2870
2868
2802
2784
2744
2588
2561
2534
2513
2507
2488
2478
2462
2450
2372
2364
2264
2213
2201
2191
2182
2170
2138
2072
2020
2013
1975
1962
1951
1947
1928
1904
1892
1887
1864
1862
1814
1801
1788
1778
1726
1712
1673
1654
1643
1620
1608
1582
1555
1528
1519
1490
1484
1481
1464
1396
1382
1367
1359
1358
1335
1321
1302
1296
1290
1284
1272
1268
1256
1225
1212
1202
1183
1176
1174
1145
1122
1111
1106
1100
1096
1094
1079
1072
1062
1055
1044
1038
1032
1022
1002
990
976
970
964
948
928
922
912
908
904
874
836
834
834
828
808
792
766
742
740
732
712
690
686
684
684
684
680
680
672
652
624
608
596
586
586
584
568
556
544
512
512
504
502
500
492
492
488
480
472
472
448
442
438
436
436
432
400
400
400
388
388
384
376
368
368
360
358
352
352
348
334
328
328
322
320
316
312
304
304
304
302
296
296
288
288
276
272
272
270
268
266
264
260
256
256
248
248
248
244
240
240
240
240
240
238
236
232
228
224
220
220
220
216
216
216
214
212
210
208
208
204
204
200
200
196
192
192
192
184
184
176
176
176
176
176
172
164
160
156
152
144
144
144
144
144
140
136
128
128
124
116
100
92
72
64
64
32
16
