403
7824
7026
7024
7020
7006
6996
6986
6964
6938
6930
6914
6908
6874
6854
6844
6829
6825
6797
6794
6784
6783
6780
6772
6758
6748
6741
6727
6706
6693
6677
6660
6658
6642
6617
6604
6601
6581
6569
6557
6548
6529
6522
6484
6482
6462
6455
6436
6421
6396
6366
6348
6309
6302
6293
6292
6273
6255
6248
6246
6234
6206
6196
6186
6111
6108
6059
6034
5996
5970
5969
5954
5852
5846
5823
5767
5732
5700
5699
5698
5626
5619
5548
5538
5523
5482
5434
5351
5335
5332
5331
5330
5307
5299
5291
5243
5235
5219
5215
5212
5195
5174
5171
5147
5123
5068
4966
4950
4902
4879
4855
4841
4788
4556
4494
4487
4486
4484
4471
4470
4422
4418
4385
4168
4092
3925
3921
3918
3917
3916
3914
3913
3872
3440
3262
3261
3260
3258
3257
3253
3251
3124
3116
3048
2904
2867
2854
2838
2798
2795
2782
2781
2778
2724
2532
2513
2506
2487
2475
2457
2438
2433
2433
2398
2363
2327
2300
2246
2231
2211
2210
2194
2191
2180
2175
2171
2159
2099
2084
2079
2075
1996
1994
1919
1906
1900
1839
1834
1774
1771
1748
1715
1669
1650
1644
1574
1562
1547
1546
1524
1510
1494
1480
1478
1471
1452
1436
1429
1318
1309
1293
1284
1277
1270
1268
1263
1236
1218
1208
1196
1171
1141
1138
1124
1122
1086
1081
1068
1065
1057
1056
1037
1021
1020
1007
986
974
972
960
957
945
943
935
934
903
900
900
890
880
878
876
869
857
833
820
810
794
764
762
746
742
724
724
702
682
676
672
666
650
650
650
648
648
648
648
624
616
608
572
564
558
556
556
556
552
552
544
504
496
494
488
484
476
456
448
446
442
440
438
434
434
432
432
430
418
414
414
408
396
382
380
376
376
366
364
354
352
352
344
342
338
332
328
328
308
308
308
304
296
294
284
280
260
260
258
254
252
252
248
248
240
240
232
232
228
224
220
216
216
216
214
210
208
206
202
200
200
196
192
192
190
190
188
184
180
176
176
176
172
170
168
166
160
160
160
156
152
152
152
152
148
148
148
148
146
144
136
136
136
132
128
128
128
120
120
112
112
108
104
100
88
68
64
60
48
