403
8160
7340
7330
7327
7324
7322
7303
7294
7283
7282
7252
7250
7249
7248
7246
7245
7222
7205
7196
7190
7183
7174
7172
7168
7155
7150
7132
7130
7102
7101
7092
7086
7081
7055
7050
7044
7013
6990
6988
6966
6937
6924
6901
6890
6882
6866
6854
6844
6841
6769
6762
6753
6750
6748
6681
6620
6618
6606
6604
6581
6561
6560
6529
6505
6466
6460
6450
6444
6381
6365
6341
6270
6268
6262
6246
6228
6185
6169
6145
6129
6105
6034
6018
6012
5902
5901
5900
5861
5837
5779
5746
5740
5626
5606
5596
5581
5511
5428
5274
5250
5245
5220
5121
5100
5088
5041
4945
4830
4829
4822
4804
4690
4689
4652
4521
4476
4332
4321
4180
4154
4146
4138
4130
4114
4106
4098
4090
4085
4084
4082
4081
4032
3926
3918
3809
3796
3568
3548
3404
3402
3401
3394
3386
3362
3354
3346
3342
3201
3076
3040
3033
2924
2894
2893
2828
2804
2782
2778
2777
2681
2601
2560
2533
2452
2431
2426
2406
2286
2284
2209
2151
2140
2130
2020
2014
1985
1937
1917
1884
1883
1882
1796
1786
1774
1713
1693
1681
1661
1647
1612
1598
1582
1580
1578
1552
1537
1517
1497
1483
1465
1436
1426
1420
1414
1361
1339
1333
1300
1298
1286
1284
1240
1233
1180
1178
1166
1161
1144
1101
1100
1090
1082
1066
1062
1051
1036
1021
998
980
978
976
957
932
926
921
918
901
892
883
882
879
862
860
858
852
839
832
822
822
810
804
797
782
768
764
763
762
761
738
734
731
722
715
700
695
694
684
680
678
676
676
676
668
668
668
664
638
608
606
584
578
576
556
554
552
552
534
528
518
512
506
496
488
484
484
480
448
448
440
428
424
424
424
400
400
396
386
384
382
376
376
376
356
352
352
342
338
334
330
328
320
316
316
312
312
302
298
296
284
280
280
280
270
266
266
256
256
256
256
248
246
232
232
232
232
230
218
216
216
212
212
208
208
202
200
196
192
192
190
190
184
184
184
184
178
176
176
176
168
168
166
164
160
160
160
158
156
156
152
152
152
152
150
146
144
144
144
144
144
142
138
136
136
136
136
136
120
100
98
88
68
42
40
24
