403
5392
4850
4832
4830
4804
4802
4780
4778
4770
4748
4744
4738
4716
4715
4712
4707
4703
4682
4680
4668
4663
4662
4661
4648
4630
4615
4612
4611
4607
4603
4589
4588
4578
4556
4552
4543
4526
4525
4518
4506
4488
4476
4471
4450
4443
4439
4420
4388
4376
4362
4349
4345
4341
4335
4330
4318
4316
4292
4280
4229
4221
4218
4204
4202
4182
4172
4168
4132
4091
4085
4052
4038
4024
4020
4014
4006
3988
3927
3921
3916
3864
3834
3826
3804
3784
3740
3731
3719
3712
3699
3692
3685
3676
3656
3646
3644
3633
3612
3610
3580
3443
3431
3416
3383
3379
3376
3354
3348
3346
3326
3316
3284
3224
3180
3077
3073
3069
3065
3034
3010
3002
2984
2884
2740
2724
2712
2708
2702
2700
2699
2698
2697
2356
2310
2248
2247
2245
2244
2244
2242
2228
2144
2092
2008
1994
1986
1966
1941
1937
1933
1931
1844
1840
1816
1771
1764
1763
1732
1722
1708
1706
1702
1679
1656
1631
1625
1516
1500
1486
1484
1468
1458
1448
1448
1436
1423
1420
1411
1396
1395
1385
1348
1306
1302
1288
1248
1227
1221
1180
1172
1172
1166
1150
1146
1144
1130
1120
1091
1085
1052
1032
1020
1010
996
994
982
977
971
948
936
924
900
898
881
877
873
871
862
856
848
812
795
794
791
776
769
766
764
760
742
740
723
722
709
700
686
671
659
655
652
651
649
638
632
611
610
609
608
604
600
594
592
575
571
568
565
564
552
546
540
522
516
514
496
494
492
470
454
448
448
448
448
440
440
432
416
400
396
396
392
386
386
386
384
384
368
352
344
344
344
340
336
336
334
324
320
296
296
296
296
288
288
284
282
280
280
278
276
260
256
248
246
244
244
240
232
228
224
224
220
216
216
208
208
200
200
196
194
192
192
192
192
192
192
190
184
176
176
176
176
176
174
174
172
168
160
160
160
160
158
158
152
152
148
144
144
144
144
140
136
132
130
130
130
128
128
128
128
128
124
120
120
120
120
116
114
114
112
112
112
112
112
112
112
108
108
104
100
100
96
96
96
96
92
88
64
64
64
64
56
52
32
16
16
