403
6624
5935
5932
5930
5927
5924
5919
5914
5906
5898
5889
5887
5858
5852
5851
5843
5834
5826
5818
5817
5816
5801
5780
5778
5765
5762
5759
5756
5742
5739
5738
5715
5709
5702
5690
5684
5669
5666
5665
5646
5644
5606
5605
5602
5597
5580
5577
5569
5553
5552
5546
5530
5516
5515
5471
5470
5459
5458
5444
5431
5397
5396
5371
5370
5356
5338
5331
5304
5298
5282
5276
5251
5239
5211
5188
5162
5160
5138
5126
5107
5095
5076
5067
5045
5004
4974
4935
4916
4910
4907
4854
4814
4811
4783
4748
4698
4652
4621
4598
4593
4564
4540
4458
4391
4365
4338
4300
4266
4228
4123
4093
4062
3964
3940
3866
3844
3765
3753
3725
3650
3632
3476
3348
3330
3325
3322
3321
3317
3316
3314
3313
3264
3138
2888
2804
2762
2761
2757
2754
2753
2751
2732
2628
2508
2504
2482
2480
2417
2393
2383
2302
2280
2244
2220
2182
2138
2111
2085
2004
1940
1906
1883
1868
1861
1806
1724
1693
1690
1671
1644
1606
1569
1564
1535
1510
1478
1431
1430
1428
1409
1383
1378
1356
1299
1292
1275
1265
1250
1242
1224
1222
1204
1196
1179
1159
1145
1124
1122
1106
1079
1074
1046
1045
1028
1023
995
988
977
974
971
962
961
925
924
920
914
904
902
893
881
877
876
858
857
854
851
826
820
818
811
802
801
800
788
782
759
755
742
739
738
724
722
721
717
708
706
687
686
680
674
673
666
662
645
644
643
642
613
602
594
589
588
582
581
580
575
550
550
550
548
548
548
544
520
504
492
488
482
478
476
456
456
440
440
424
420
416
392
392
392
384
380
376
372
360
338
336
336
332
328
320
312
306
300
296
292
286
284
280
280
272
272
264
258
256
254
252
248
244
244
240
240
234
232
228
226
224
220
220
216
214
212
208
208
204
200
198
196
194
192
192
192
192
184
184
180
178
176
176
174
170
168
168
168
168
160
160
160
158
156
156
152
152
150
146
144
144
144
144
142
140
140
136
136
134
132
132
128
128
128
128
124
122
116
116
116
116
114
112
112
112
104
104
96
96
94
88
78
72
72
70
40
40
26
