601
16384
14730
14724
14708
14696
14676
14674
14666
14660
14648
14620
14616
14606
14568
14558
14554
14532
14504
14494
14490
14484
14468
14434
14429
14424
14388
14358
14354
14344
14332
14305
14300
14296
14291
14281
14262
14261
14246
14221
14202
14200
14177
14168
14151
14148
14138
14103
14084
14072
14045
14022
14006
13990
13979
13948
13932
13928
13899
13884
13848
13830
13820
13811
13779
13766
13741
13718
13710
13702
13688
13668
13667
13619
13604
13560
13551
13521
13486
13478
13470
13445
13434
13426
13372
13365
13364
13320
13296
13288
13257
13225
13206
13198
13193
13184
13146
13076
13060
13032
13004
12965
12957
12936
12885
12840
12818
12802
12794
12786
12774
12708
12681
12677
12669
12644
12628
12521
12488
12440
12398
12386
12375
12296
12276
12260
12245
12220
12152
12072
11944
11913
11910
11905
11897
11894
11881
11873
11830
11818
11801
11800
11795
11748
11700
11684
11676
11381
11373
11301
11238
11222
11214
11206
11144
11128
11060
11044
10942
10926
10840
10781
10773
10760
10701
10696
10296
10292
10276
10266
10236
10154
10087
10061
10056
9768
9544
9502
9464
9364
9316
9300
9294
9293
9225
9217
9145
8760
8634
8624
8344
8204
8202
8200
8196
8195
8194
8193
8080
7522
7104
6828
6827
6826
6825
6824
6820
6775
6712
6480
6462
6360
6176
6033
6005
5966
5911
5908
5892
5852
5768
5738
5704
5528
5288
5271
5249
5194
5124
5102
5092
5084
5080
5000
4914
4791
4737
4696
4677
4671
4632
4550
4452
4444
4392
4376
4318
4310
4302
4290
4177
4171
3924
3924
3912
3908
3868
3832
3825
3821
3806
3798
3761
3753
3742
3741
3733
3730
3727
3704
3608
3548
3500
3476
3451
3444
3439
3416
3346
3341
3334
3288
3256
3153
3144
3124
3112
3104
3097
3087
3068
3010
3002
2994
2986
2974
2917
2862
2857
2851
2820
2808
2772
2764
2763
2702
2694
2661
2650
2633
2607
2584
2576
2568
2524
2517
2516
2480
2462
2451
2430
2422
2418
2387
2360
2352
2324
2305
2290
2268
2265
2260
2248
2238
2230
2222
2203
2171
2145
2140
2130
2120
2073
2071
2056
2044
2036
2016
2005
1998
1982
1970
1951
1942
1928
1924
1901
1874
1868
1861
1848
1841
1832
1782
1771
1770
1753
1752
1745
1740
1733
1716
1704
1694
1690
1671
1668
1640
1626
1624
1604
1588
1582
1578
1576
1548
1528
1526
1522
1516
1508
1482
1480
1476
1448
1434
1428
1426
1408
1404
1382
1364
1364
1364
1360
1360
1360
1328
1288
1280
1264
1206
1180
1176
1176
1168
1162
1152
1144
1136
1124
1088
1052
1048
1040
1036
1024
1016
1016
1008
1008
976
946
934
932
928
912
908
888
880
880
864
864
860
860
860
856
834
832
784
776
776
768
764
762
760
756
752
750
750
748
746
746
744
744
736
704
688
688
688
680
672
672
668
664
660
656
640
640
618
616
616
608
608
600
596
596
596
592
582
570
568
560
554
552
544
544
536
530
528
528
526
520
512
512
502
496
496
496
492
488
488
484
484
480
476
464
460
456
452
448
448
444
444
444
440
434
432
428
424
424
424
416
414
408
400
400
400
396
396
392
388
384
384
380
376
372
372
368
368
366
356
352
352
352
350
348
346
344
336
336
336
336
336
328
328
324
320
320
312
312
312
312
304
304
304
304
304
296
292
288
288
288
288
284
284
284
280
272
272
272
240
240
224
216
208
144
144
96
90
80
70
64
