601
19712
17739
17720
17702
17682
17660
17656
17655
17620
17616
17611
17608
17598
17592
17559
17552
17530
17528
17508
17505
17494
17488
17478
17464
17445
17444
17368
17350
17329
17328
17321
17316
17313
17304
17277
17273
17265
17249
17246
17240
17222
17220
17201
17176
17109
17106
17092
17081
17067
17042
17027
16976
16968
16966
16963
16948
16829
16826
16793
16786
16784
16776
16765
16764
16731
16712
16648
16600
16591
16585
16570
16548
16496
16468
16466
16417
16392
16377
16350
16342
16328
16292
16207
16192
16167
16144
16046
16030
16008
15990
15988
15982
15944
15915
15899
15879
15875
15851
15845
15816
15792
15776
15752
15716
15688
15640
15614
15606
15590
15568
15550
15542
15529
15489
15396
15378
15280
15240
15176
15101
15086
15085
15037
15031
14988
14972
14960
14892
14890
14680
14616
14551
14546
14511
14482
14477
14420
14386
14384
14374
14288
14088
14040
13927
13887
13872
13860
13690
13682
13320
13264
13256
13180
13179
13164
13163
13115
13109
13072
12990
12862
12854
12348
12344
12328
12324
12272
12245
12205
12171
12048
11922
11858
11228
11224
11212
11208
11196
11161
11121
11119
11056
10870
10704
10702
10662
10654
10160
9880
9876
9872
9864
9862
9861
9860
9858
9857
9760
8746
8640
8538
8216
8214
8213
8212
8211
8208
8204
8200
7984
7760
7550
7542
7370
7296
7284
7216
7161
7161
7127
7100
7096
7084
7080
7076
6720
6546
6494
6416
6380
6285
6257
6224
6223
6168
6158
6152
6140
5718
5602
5552
5503
5499
5459
5445
5444
5392
5384
5336
5026
5022
4884
4880
4855
4821
4808
4696
4588
4528
4510
4464
4450
4442
4412
4363
4362
4335
4332
4301
4248
4200
4080
4022
3984
3940
3901
3897
3858
3857
3843
3784
3736
3696
3614
3604
3521
3487
3480
3478
3470
3438
3422
3418
3400
3368
3332
3310
3304
3280
3238
3223
3219
3199
3195
3179
3165
3144
3110
3108
3096
3070
3058
3020
2992
2955
2944
2921
2852
2824
2802
2781
2776
2747
2720
2706
2704
2644
2622
2607
2601
2600
2568
2504
2485
2460
2457
2456
2448
2442
2441
2433
2432
2406
2403
2329
2308
2299
2296
2291
2290
2288
2226
2205
2193
2188
2174
2171
2168
2094
2093
2084
2072
2065
2058
2058
2053
2041
2033
2033
2008
2004
2000
1970
1960
1935
1892
1891
1880
1872
1850
1844
1832
1822
1808
1795
1776
1775
1768
1768
1762
1748
1720
1716
1715
1694
1678
1672
1645
1642
1640
1640
1640
1632
1632
1632
1632
1568
1508
1508
1472
1440
1432
1430
1424
1416
1416
1408
1408
1408
1344
1308
1296
1256
1250
1248
1248
1244
1224
1216
1216
1216
1184
1140
1120
1120
1104
1100
1098
1090
1088
1088
1088
1072
1056
1056
1004
1000
970
968
964
960
928
928
896
888
884
880
872
868
866
864
864
860
848
832
800
784
780
778
770
768
768
768
752
736
736
720
712
702
696
692
692
692
684
684
680
672
664
656
656
656
644
642
640
638
638
634
632
624
620
616
612
608
608
590
584
576
576
568
560
560
554
548
544
540
520
520
520
520
512
512
496
496
496
490
488
488
486
484
480
480
480
480
472
458
456
456
448
448
444
440
438
432
432
432
418
416
412
410
408
408
406
406
400
400
396
392
392
384
384
376
376
368
368
368
360
360
358
358
352
352
352
352
352
352
344
342
336
336
336
336
334
332
328
326
320
320
272
256
256
244
224
224
176
168
152
136
132
128
104
64
54
