601
16000
14390
14388
14376
14374
14360
14356
14350
14334
14326
14308
14296
14294
14292
14278
14276
14268
14263
14258
14237
14210
14204
14200
14194
14189
14181
14172
14157
14130
14124
14114
14109
14098
14089
14085
14062
14061
14052
14041
14024
14004
13985
13974
13958
13944
13942
13921
13913
13908
13896
13895
13894
13860
13830
13828
13818
13809
13800
13796
13777
13754
13720
13716
13701
13694
13692
13662
13647
13632
13631
13624
13596
13528
13525
13494
13484
13478
13464
13462
13460
13459
13416
13414
13351
13320
13318
13305
13254
13238
13224
13222
13204
13174
13173
13156
13078
13063
13060
12984
12966
12959
12954
12920
12908
12892
12844
12840
12818
12805
12784
12744
12674
12658
12649
12642
12612
12526
12463
12456
12452
12408
12302
12252
12239
12214
12166
12120
12108
12070
12056
11996
11980
11971
11884
11858
11758
11720
11649
11528
11444
11428
11386
11332
11304
11288
11263
11244
11154
11106
11064
11016
10960
10883
10850
10834
10818
10772
10770
10728
10674
10660
10644
10639
10504
10417
10104
10082
10076
10066
10060
10018
9922
9848
9785
9748
9707
9272
9178
9140
9124
9122
9106
9090
9042
9028
8946
8942
8933
8856
8088
8012
8010
8008
8004
8003
8002
8001
7953
7904
7024
6952
6668
6666
6665
6662
6660
6600
6018
5960
5952
5948
5891
5882
5882
5837
5812
5802
5762
5746
5732
5686
5608
5212
5181
5148
5128
5066
5036
4996
4986
4959
4946
4934
4920
4778
4715
4680
4528
4452
4442
4408
4364
4362
4335
4322
4308
4306
4168
4120
4082
4042
3956
3949
3928
3928
3846
3812
3804
3736
3660
3627
3576
3538
3454
3436
3359
3356
3288
3278
3244
3240
3198
3158
3135
3124
3082
3024
3012
3000
2968
2964
2949
2898
2886
2828
2802
2793
2786
2728
2663
2654
2648
2636
2628
2580
2568
2542
2535
2530
2520
2480
2462
2456
2449
2438
2372
2358
2357
2332
2328
2302
2290
2247
2238
2209
2176
2168
2158
2124
2120
2119
2118
2102
2100
2090
2072
2063
2004
1992
1984
1984
1975
1961
1950
1924
1922
1917
1912
1908
1874
1853
1848
1844
1835
1827
1822
1812
1810
1788
1768
1758
1755
1748
1741
1733
1720
1718
1702
1690
1681
1676
1668
1656
1633
1618
1617
1593
1588
1588
1586
1577
1574
1564
1562
1537
1517
1512
1511
1506
1494
1471
1454
1452
1449
1444
1444
1438
1432
1428
1422
1412
1398
1390
1378
1368
1368
1358
1348
1342
1332
1332
1328
1328
1328
1312
1264
1184
1176
1176
1172
1160
1156
1148
1148
1144
1136
1120
1040
1040
1034
1024
1024
1012
996
988
984
976
928
912
896
888
884
868
864
864
860
860
860
816
816
816
812
804
792
788
784
782
768
768
760
752
752
736
724
712
704
704
688
680
670
664
656
652
648
646
640
636
628
626
624
624
616
592
588
584
576
576
560
558
556
556
532
528
528
520
512
512
512
512
506
504
504
496
488
484
472
470
468
464
460
456
456
448
448
448
444
440
440
428
422
420
420
416
416
416
416
416
412
400
400
394
392
388
384
384
384
384
382
376
372
372
370
368
364
360
360
360
360
352
352
350
348
346
346
344
344
340
340
336
336
336
334
328
326
322
320
320
320
318
316
316
314
312
312
312
308
306
302
300
300
296
292
288
288
288
288
284
284
280
280
280
276
276
272
272
272
272
268
268
264
256
240
240
224
224
208
192
176
96
96
80
46
