601
15200
13660
13651
13638
13629
13620
13610
13596
13594
13560
13557
13540
13514
13492
13482
13469
13464
13462
13452
13449
13448
13445
13425
13418
13388
13374
13364
13336
13322
13319
13316
13270
13256
13236
13208
13190
13188
13183
13163
13143
13139
13094
13091
13084
13048
13029
13020
12998
12986
12952
12924
12920
12911
12890
12876
12858
12837
12828
12798
12792
12772
12734
12692
12650
12648
12644
12605
12585
12572
12565
12554
12545
12530
12528
12521
12493
12488
12482
12445
12428
12426
12425
12398
12372
12284
12280
12254
12212
12193
12184
12177
12170
12160
12120
12109
12108
12070
12020
11992
11974
11813
11797
11796
11793
11780
11742
11721
11702
11701
11656
11628
11538
11530
11496
11471
11434
11432
11325
11324
11276
11180
11112
11098
11050
11047
11044
11042
11034
11026
11010
10994
10986
10978
10904
10890
10882
10873
10840
10780
10716
10667
10647
10620
10434
10418
10410
10402
10376
10314
10306
10283
10216
10205
10108
10044
10042
10034
10026
9948
9938
9930
9896
9640
9529
9513
9472
9465
9445
9377
9320
9308
9294
9292
9290
9164
9068
9020
8892
8824
8796
8617
8601
8533
8532
8526
8522
8232
7804
7640
7612
7608
7607
7606
7604
7603
7602
7601
7536
7208
6860
6672
6523
6334
6332
6331
6330
6329
6312
6164
5816
5727
5664
5566
5564
5562
5557
5501
5487
5340
5320
5260
5228
5116
5036
4926
4924
4922
4916
4904
4853
4784
4781
4741
4727
4648
4550
4424
4394
4386
4380
4314
4306
4300
4285
4244
4228
4168
4163
4082
4074
4059
4030
4024
4002
3994
3986
3974
3885
3854
3820
3684
3640
3607
3602
3598
3594
3592
3522
3514
3506
3482
3474
3468
3466
3466
3461
3422
3416
3356
3276
3236
3231
3144
3109
3096
3054
2980
2968
2918
2917
2901
2882
2864
2852
2844
2841
2837
2823
2694
2680
2652
2643
2643
2610
2580
2577
2568
2563
2535
2526
2521
2520
2507
2492
2458
2440
2436
2364
2352
2338
2316
2314
2313
2290
2266
2264
2256
2226
2213
2206
2196
2181
2163
2136
2132
2126
2092
2064
2058
2028
2008
2002
1980
1971
1954
1940
1912
1909
1900
1888
1880
1846
1838
1820
1811
1800
1764
1759
1758
1719
1715
1699
1684
1681
1678
1672
1644
1624
1610
1598
1572
1569
1566
1560
1532
1522
1516
1497
1494
1486
1481
1464
1461
1460
1448
1443
1434
1428
1406
1388
1371
1368
1342
1340
1324
1311
1302
1291
1284
1266
1264
1264
1264
1264
1248
1232
1216
1152
1112
1112
1110
1104
1098
1096
1076
1064
1056
1048
1016
1000
984
984
984
976
976
970
960
954
952
946
944
944
912
880
876
876
872
860
860
856
848
832
832
816
812
812
800
796
796
796
792
760
736
728
720
720
716
716
704
704
700
700
700
692
692
692
692
688
680
672
664
648
648
644
640
632
624
620
608
608
608
592
582
580
578
576
576
568
566
566
564
560
532
528
528
520
514
512
512
504
502
500
496
496
494
488
480
480
464
464
462
460
456
452
448
444
442
440
434
432
432
424
424
416
416
416
408
400
400
400
392
392
388
384
384
380
376
368
368
368
364
360
360
352
352
350
348
342
342
338
336
332
328
320
320
320
320
312
312
312
304
304
304
296
296
296
294
290
288
288
288
288
284
280
280
272
272
272
264
264
260
260
258
258
256
256
256
224
208
204
168
160
160
144
140
112
96
96
72
64
28
20
