601
13904
12510
12504
12502
12484
12468
12454
12437
12428
12421
12407
12399
12398
12392
12390
12381
12374
12361
12356
12342
12334
12328
12315
12309
12308
12281
12254
12248
12246
12238
12237
12236
12229
12228
12200
12198
12190
12189
12171
12152
12147
12139
12134
12132
12084
12078
12075
12069
12044
12025
12024
12014
12006
11998
11990
11983
11958
11956
11950
11944
11933
11894
11893
11880
11852
11813
11804
11790
11773
11757
11750
11749
11735
11730
11720
11674
11668
11663
11640
11623
11620
11613
11576
11530
11517
11506
11474
11472
11464
11461
11454
11396
11351
11348
11333
11290
11262
11256
11229
11161
11116
11105
11088
11080
11077
11076
11066
11034
11025
10904
10871
10814
10796
10762
10748
10743
10709
10696
10600
10519
10479
10436
10434
10418
10410
10370
10366
10348
10328
10308
10302
10269
10232
10203
10008
9958
9902
9894
9886
9871
9868
9848
9820
9787
9766
9734
9715
9702
9672
9643
9596
9581
9576
9556
9336
9238
9206
9199
9174
9125
9064
8972
8924
8824
8667
8606
8579
8574
8542
8539
8520
8514
8212
8168
8164
8084
7992
7916
7875
7867
7846
7843
7814
7811
7771
7320
7160
7156
6974
6968
6966
6964
6958
6957
6956
6954
6953
6880
6180
6144
5942
5796
5793
5791
5790
5784
5782
5778
5628
5624
5496
5136
5111
5079
5078
5051
5050
5031
5025
4996
4936
4852
4792
4788
4759
4748
4654
4494
4488
4470
4439
4418
4365
4248
4156
4116
4040
4034
3983
3942
3921
3918
3903
3892
3890
3818
3816
3730
3704
3628
3608
3603
3498
3491
3478
3431
3404
3384
3364
3361
3350
3342
3290
3276
3256
3122
3085
3064
3031
3018
2989
2984
2964
2946
2906
2894
2892
2855
2821
2760
2680
2636
2635
2624
2622
2596
2578
2529
2504
2455
2401
2394
2366
2364
2360
2357
2333
2324
2231
2216
2202
2182
2176
2143
2132
2129
2110
2092
2042
2040
2037
2032
2026
2002
1991
1982
1944
1911
1908
1901
1896
1869
1868
1856
1832
1814
1809
1798
1797
1791
1777
1768
1762
1756
1743
1716
1696
1678
1677
1643
1640
1630
1628
1624
1622
1601
1598
1590
1587
1582
1578
1567
1556
1531
1529
1524
1522
1484
1478
1471
1465
1464
1445
1432
1431
1430
1422
1404
1397
1396
1390
1384
1382
1378
1353
1332
1331
1325
1320
1310
1302
1292
1287
1278
1272
1271
1262
1258
1255
1249
1237
1236
1223
1214
1210
1204
1188
1176
1162
1158
1156
1156
1156
1152
1152
1152
1120
1120
1088
1088
1022
1014
1012
1010
1008
1008
1006
1004
992
976
968
952
944
944
896
896
896
892
886
880
872
832
824
816
816
800
796
788
784
780
776
760
752
720
720
720
698
692
686
680
676
672
672
672
672
668
668
656
640
616
608
606
604
592
592
588
580
576
576
570
564
544
528
528
526
520
520
512
512
504
496
478
476
476
472
470
466
464
464
464
444
440
432
432
428
424
424
416
416
416
408
406
404
400
400
396
396
392
384
380
380
376
372
368
368
360
360
358
358
356
356
354
352
352
348
344
336
334
332
328
324
324
320
320
320
320
320
316
316
316
312
312
304
304
304
300
296
294
292
292
288
288
288
288
284
284
284
278
276
276
272
272
272
272
272
272
270
264
264
264
260
260
256
256
256
256
256
252
252
252
250
248
248
246
244
240
240
240
232
232
232
224
208
206
188
176
168
160
120
104
96
80
