601
15328
13786
13764
13736
13720
13700
13692
13646
13642
13608
13586
13576
13570
13564
13548
13498
13474
13455
13439
13418
13388
13383
13371
13356
13352
13343
13340
13338
13336
13327
13324
13322
13304
13253
13229
13212
13204
13202
13192
13186
13173
13163
13144
13133
13130
13112
13053
13023
12989
12988
12973
12972
12954
12903
12898
12882
12876
12872
12862
12856
12825
12809
12760
12720
12683
12674
12667
12650
12627
12616
12612
12580
12578
12564
12562
12552
12536
12493
12484
12477
12453
12440
12381
12303
12294
12290
12272
12269
12232
12152
12133
12124
12117
12108
12056
12045
12021
11966
11962
11950
11940
11837
11829
11816
11805
11781
11711
11683
11660
11656
11576
11570
11554
11549
11460
11288
11269
11249
11245
11233
11189
11105
11100
11084
11082
11081
11065
11057
11033
11032
11026
11010
11009
10958
10856
10764
10748
10732
10668
10652
10632
10621
10457
10433
10426
10417
10409
10385
10376
10366
10361
10136
10093
9960
9953
9929
9916
9900
9884
9868
9804
9788
9740
9708
9654
9640
9638
9594
9560
9472
9463
9325
9256
9172
9016
8876
8804
8782
8726
8710
8696
8601
8600
8593
8569
8545
7912
7796
7764
7700
7684
7674
7672
7668
7667
7666
7665
7600
7324
6720
6392
6388
6387
6386
6385
6382
6372
6308
6284
6184
6056
5916
5696
5653
5633
5613
5608
5607
5528
5518
5502
5476
5458
5380
5232
5132
5064
5003
4935
4889
4880
4808
4782
4744
4742
4730
4684
4620
4604
4571
4556
4540
4524
4516
4501
4488
4328
4311
4141
4138
4136
4121
4101
4093
4086
4084
4081
3939
3928
3923
3900
3884
3884
3863
3836
3820
3736
3642
3602
3601
3592
3586
3581
3561
3553
3542
3541
3524
3501
3413
3401
3389
3383
3368
3282
3228
3213
3151
3146
3134
3128
3064
3060
3051
2957
2937
2936
2917
2911
2828
2806
2802
2783
2757
2728
2691
2684
2677
2676
2663
2648
2598
2584
2551
2534
2530
2521
2408
2377
2372
2363
2344
2328
2328
2308
2306
2292
2268
2264
2251
2234
2219
2214
2205
2192
2145
2101
2096
2087
2072
2058
2056
2044
2042
2026
2021
1997
1982
1964
1961
1956
1951
1944
1924
1921
1904
1897
1848
1834
1832
1831
1797
1786
1784
1774
1772
1766
1751
1731
1688
1676
1674
1672
1660
1655
1644
1631
1621
1620
1594
1575
1561
1560
1546
1526
1496
1492
1484
1476
1466
1454
1448
1406
1402
1364
1364
1352
1286
1276
1276
1276
1272
1272
1272
1264
1256
1248
1232
1130
1126
1122
1120
1120
1104
1100
1100
1088
1072
1024
1008
1008
1000
976
976
960
952
948
944
944
944
936
920
920
904
904
904
898
896
880
864
832
826
824
822
818
818
816
816
814
784
776
776
768
760
760
736
728
720
718
716
716
714
710
710
706
704
704
704
682
678
676
672
664
640
628
628
624
624
608
608
608
590
586
582
582
580
576
560
560
560
560
550
544
536
534
532
528
528
512
508
504
504
504
480
480
474
472
472
464
460
456
456
450
448
448
448
444
442
440
440
440
418
416
416
408
408
404
404
404
404
400
400
392
392
388
384
384
378
364
364
360
360
358
356
352
352
352
352
348
344
336
332
330
328
328
328
326
324
320
320
316
314
312
308
304
304
296
292
288
288
280
280
272
272
272
264
256
256
256
256
256
232
224
224
224
210
208
200
192
192
184
176
168
164
152
128
112
96
96
96
72
40
