601
16480
14828
14824
14776
14754
14742
14708
14696
14694
14678
14660
14648
14646
14630
14612
14600
14584
14580
14558
14534
14488
14486
14452
14438
14417
14404
14394
14393
14390
14380
14370
14369
14360
14349
14336
14325
14312
14305
14301
14277
14270
14253
14250
14236
14225
14222
14209
14188
14185
14174
14168
14161
14113
14110
14102
14088
14086
14054
14021
14012
13993
13976
13964
13940
13903
13878
13854
13848
13830
13829
13778
13772
13767
13740
13688
13651
13634
13631
13602
13597
13586
13582
13572
13500
13432
13416
13401
13385
13361
13310
13278
13268
13264
13230
13220
13210
13128
13117
13112
13097
13080
13077
13073
13053
13049
13032
13029
13025
13005
12981
12974
12957
12954
12923
12884
12868
12836
12796
12712
12670
12646
12633
12617
12593
12586
12563
12552
12420
12372
12332
12328
12202
12197
12178
12161
12159
12130
12056
11860
11816
11812
11772
11675
11658
11651
11634
11621
11586
11464
11448
11188
11160
11140
11112
11029
11009
11002
11001
10985
10978
10961
10930
10806
10760
10524
10380
10332
10262
10237
10232
10225
10217
10214
10201
10177
9992
9704
9428
9412
9380
9358
9352
9334
9299
9297
9286
9104
9064
8632
8276
8260
8250
8248
8244
8243
8242
8241
8128
7184
6872
6868
6867
6866
6865
6862
6852
6844
6552
6184
6160
6160
5998
5987
5985
5958
5944
5938
5924
5892
5884
5656
5648
5532
5416
5387
5346
5253
5233
5222
5221
5213
5208
5203
5084
4964
4776
4730
4626
4601
4586
4581
4566
4561
4543
4488
4452
4440
4412
4200
4184
4087
4082
4051
4042
4022
4005
3924
3896
3892
3852
3771
3688
3626
3601
3601
3586
3571
3566
3464
3460
3428
3388
3288
3265
3246
3241
3236
3227
3207
3198
3178
3144
3139
3076
3012
3004
2965
2942
2937
2922
2897
2888
2881
2877
2861
2857
2841
2840
2821
2808
2808
2803
2726
2724
2710
2684
2678
2673
2670
2642
2601
2581
2568
2567
2552
2484
2431
2428
2418
2402
2375
2374
2336
2328
2300
2284
2261
2260
2254
2246
2211
2200
2190
2170
2149
2138
2124
2088
2073
2060
2051
2022
2008
1998
1984
1982
1978
1973
1970
1933
1928
1916
1913
1893
1882
1881
1876
1862
1859
1857
1842
1837
1817
1816
1813
1797
1796
1792
1777
1768
1762
1752
1742
1741
1732
1721
1702
1692
1672
1662
1658
1622
1602
1588
1576
1564
1554
1542
1528
1524
1502
1496
1490
1484
1450
1432
1384
1380
1376
1372
1372
1372
1368
1368
1368
1360
1360
1296
1232
1216
1196
1196
1196
1188
1184
1184
1176
1176
1168
1120
1072
1050
1046
1044
1042
1042
1040
1040
1016
992
944
944
924
918
916
914
912
912
910
908
888
880
880
880
872
832
832
816
812
808
804
800
800
784
776
768
768
752
742
736
724
720
718
716
712
712
688
688
680
672
652
648
646
640
640
636
632
624
616
608
600
592
592
586
584
584
578
574
574
570
570
566
562
560
560
560
560
544
544
540
536
532
528
528
518
514
512
496
496
496
480
480
476
474
472
464
456
452
448
448
440
436
432
432
428
416
416
414
408
408
408
404
404
398
396
396
394
392
386
384
384
382
378
376
376
374
370
368
368
368
366
362
362
358
354
352
352
352
348
346
344
344
342
340
336
332
324
320
320
312
308
304
304
304
304
300
296
296
288
288
288
288
280
272
272
272
272
272
264
252
216
216
210
176
168
144
120
96
92
92
68
48
