601
15712
14134
14082
14076
14072
14062
14046
14028
14026
14000
13994
13992
13974
13956
13950
13924
13922
13898
13896
13870
13852
13836
13834
13832
13816
13804
13782
13764
13738
13736
13720
13694
13660
13642
13626
13590
13562
13556
13530
13524
13512
13480
13463
13438
13414
13397
13388
13356
13334
13333
13324
13318
13317
13304
13290
13284
13254
13237
13224
13221
13202
13193
13186
13177
13176
13173
13158
13149
13128
13124
13116
13093
13074
13032
12969
12962
12953
12930
12884
12868
12850
12836
12834
12801
12789
12782
12776
12735
12708
12696
12676
12674
12610
12594
12592
12536
12519
12503
12483
12424
12413
12398
12386
12348
12340
12264
12184
12153
12150
12134
12121
12069
12041
11976
11945
11940
11929
11928
11919
11908
11880
11876
11852
11850
11834
11784
11672
11573
11559
11474
11416
11410
11394
11380
11356
11342
11272
11145
11129
11048
10946
10935
10921
10896
10882
10866
10854
10840
10788
10756
10724
10664
10616
10408
10379
10363
10360
10314
10298
10152
10004
9988
9932
9840
9709
9704
9693
9646
9630
9534
9528
9370
9208
9052
9036
9020
8889
8849
8833
8712
8702
8518
8312
8278
8180
7902
7894
7892
7878
7876
7870
7864
7862
7860
7859
7858
7857
7776
7650
7350
7308
7142
6832
6630
6552
6548
6547
6545
6542
6532
6518
6284
6198
6168
5998
5888
5850
5848
5733
5721
5687
5580
5564
5556
5432
5376
5286
5160
5150
5070
5058
5017
5016
5003
4912
4820
4772
4764
4648
4514
4502
4472
4459
4445
4424
4251
4248
4218
4216
4164
4132
4108
4072
4048
4042
4026
3981
3974
3896
3821
3807
3752
3704
3642
3636
3612
3602
3592
3592
3586
3534
3461
3453
3451
3368
3234
3222
3220
3204
3172
3161
3160
3148
3141
3128
3061
3037
2993
2984
2982
2970
2967
2952
2888
2812
2804
2774
2762
2751
2691
2684
2675
2661
2650
2648
2602
2586
2534
2532
2520
2481
2456
2442
2437
2427
2404
2386
2372
2364
2349
2322
2314
2301
2294
2287
2262
2248
2236
2230
2193
2176
2168
2164
2130
2120
2117
2113
2101
2094
2088
2077
2063
2050
2028
2022
2008
1997
1996
1983
1982
1964
1940
1936
1931
1918
1898
1875
1864
1848
1828
1822
1804
1794
1770
1742
1736
1726
1716
1682
1656
1646
1628
1610
1606
1596
1592
1576
1566
1564
1556
1538
1528
1514
1502
1494
1492
1480
1470
1468
1462
1456
1450
1434
1404
1378
1368
1364
1362
1308
1308
1308
1304
1304
1300
1296
1248
1236
1232
1212
1196
1160
1152
1146
1142
1136
1112
1112
1104
1104
1072
1056
1028
1024
1012
1008
1002
1000
992
960
960
952
944
912
912
900
896
890
888
880
880
880
848
832
824
824
816
804
804
800
796
792
768
768
762
760
736
728
720
720
720
716
716
704
704
692
688
668
644
640
640
640
632
632
632
626
624
624
610
608
606
598
596
592
592
576
560
560
560
552
552
548
540
538
534
532
528
516
516
512
504
504
504
496
496
488
486
484
480
476
472
472
464
464
460
458
456
456
448
432
432
424
422
422
418
416
416
416
414
412
408
400
400
400
400
398
396
396
392
392
384
384
380
376
376
374
370
368
360
360
356
352
352
352
352
344
344
336
336
330
328
320
320
320
320
312
312
312
304
304
304
304
304
300
296
296
292
288
288
288
284
280
272
272
272
270
268
256
256
256
240
228
212
208
208
184
176
176
164
164
116
96
80
