601
15600
14040
14020
14018
14004
13982
13976
13934
13924
13908
13906
13899
13882
13875
13851
13848
13842
13836
13821
13794
13793
13785
13768
13764
13746
13737
13726
13723
13688
13684
13678
13675
13667
13659
13654
13639
13636
13606
13604
13598
13576
13575
13572
13567
13550
13539
13524
13514
13486
13455
13448
13447
13444
13436
13427
13426
13405
13346
13319
13293
13284
13256
13236
13226
13224
13204
13191
13159
13154
13139
13114
13068
13053
13036
13026
12997
12984
12977
12956
12951
12926
12873
12872
12846
12842
12788
12779
12756
12746
12744
12672
12667
12622
12604
12600
12563
12536
12496
12492
12478
12460
12454
12410
12407
12391
12387
12371
12367
12360
12347
12308
12243
12226
12154
12132
12120
12068
12050
12037
12023
12020
11960
11892
11794
11777
11759
11754
11752
11724
11706
11682
11636
11578
11518
11512
11443
11339
11332
11284
11272
11253
11244
11226
11154
11032
10939
10926
10860
10840
10835
10822
10756
10600
10498
10457
10396
10335
10328
10322
10268
10218
10088
9830
9800
9735
9732
9731
9727
9707
9684
9603
9594
9501
9490
9324
9320
9196
9080
8876
8855
8840
8828
8733
8726
8722
8700
8296
7848
7816
7813
7812
7809
7806
7805
7804
7802
7801
7696
6872
6864
6502
6501
6500
6498
6497
6493
6492
6491
6472
6088
6004
5876
5824
5756
5734
5730
5723
5656
5644
5640
5621
5578
5448
5236
5083
5006
4999
4932
4911
4895
4892
4891
4889
4874
4840
4810
4600
4444
4408
4402
4389
4340
4287
4254
4174
4168
4044
3976
3971
3956
3944
3898
3885
3816
3706
3652
3646
3623
3604
3574
3564
3551
3465
3416
3402
3378
3354
3308
3266
3236
3208
3201
3187
3174
3156
3092
3048
2981
2971
2962
2961
2948
2912
2904
2892
2874
2814
2799
2748
2712
2711
2695
2687
2679
2662
2661
2622
2620
2602
2596
2568
2568
2534
2531
2504
2500
2482
2480
2448
2445
2382
2372
2367
2351
2348
2302
2298
2280
2273
2260
2213
2209
2204
2184
2171
2146
2144
2123
2116
2074
2042
2035
2009
2004
1992
1982
1972
1960
1932
1923
1901
1891
1890
1888
1882
1860
1822
1814
1811
1804
1804
1800
1795
1789
1755
1732
1719
1710
1695
1689
1688
1670
1668
1662
1644
1635
1622
1619
1611
1608
1605
1604
1602
1565
1562
1553
1546
1532
1528
1513
1507
1506
1476
1466
1464
1460
1459
1439
1434
1419
1414
1412
1390
1368
1350
1332
1324
1322
1304
1298
1298
1298
1296
1296
1296
1296
1296
1280
1280
1216
1144
1144
1144
1144
1128
1124
1120
1072
1040
1016
1008
1000
998
984
982
978
978
976
976
960
960
912
912
896
888
876
876
864
864
856
848
832
800
794
784
784
776
776
752
740
728
724
720
712
710
704
704
692
688
680
672
668
656
652
640
640
640
636
632
624
616
604
596
592
592
588
584
576
576
572
560
558
544
542
538
534
532
532
528
528
528
524
522
520
520
512
508
506
496
496
496
496
488
480
472
472
470
468
464
456
456
454
448
440
440
432
432
428
424
424
416
412
406
404
400
392
392
392
384
384
384
384
384
380
372
362
360
358
356
352
352
344
342
340
338
336
336
332
332
328
326
324
322
322
320
320
320
320
312
312
312
310
308
304
304
304
304
304
304
302
300
300
292
290
288
288
288
286
284
282
280
280
276
268
268
264
264
260
256
256
256
256
248
240
224
224
216
176
140
128
80
24
