802
31616
28438
28434
28432
28418
28412
28404
28392
28340
28332
28328
28294
28290
28252
28244
28208
28159
28158
28152
28149
28118
28096
28077
28072
28060
28052
28040
28021
28014
27963
27934
27926
27923
27916
27900
27878
27856
27838
27787
27781
27740
27724
27720
27696
27678
27668
27645
27638
27623
27611
27592
27590
27583
27558
27550
27548
27542
27522
27504
27496
27460
27412
27407
27400
27398
27395
27379
27375
27358
27347
27307
27302
27292
27280
27272
27240
27227
27208
27102
27100
27078
27075
27048
27029
27022
27020
26968
26956
26954
26924
26893
26832
26767
26766
26709
26692
26686
26616
26588
26523
26520
26501
26488
26480
26456
26414
26366
26350
26308
26263
26251
26190
26180
26164
26148
26110
26084
26032
26030
26024
26014
25951
25945
25816
25756
25738
25652
25585
25554
25545
25538
25522
25520
25506
25490
25378
25360
25346
25252
25248
25240
25188
25162
25154
25138
25136
25112
25105
25073
25017
24977
24952
24929
24912
24873
24830
24613
24580
24548
24516
24513
24502
24470
24452
24438
24436
24420
24393
24368
24356
24296
24249
24070
24054
23944
23911
23792
23784
23778
23644
23592
23580
23549
23528
23438
23368
23024
22991
22870
22838
22810
22712
22695
22652
22640
22620
22484
22355
22312
22259
22150
22118
22090
21947
21904
21712
21672
21512
21332
21313
21286
21268
21254
21212
20976
20717
20625
20609
20592
20561
20519
20362
20250
20218
20072
19976
19944
19912
19876
19812
19804
19752
19440
19297
19247
19214
19038
19006
18608
18296
18132
18116
18016
17960
17956
17892
17719
17703
17655
17586
17584
17554
16784
16216
15836
15832
15824
15820
15816
15814
15813
15812
15810
15809
15648
14920
14732
14016
13176
13174
13173
13171
13170
13168
13164
13156
13020
12840
12368
12064
11722
11696
11694
11648
11635
11595
11581
11514
11444
11384
11252
11244
11112
10864
10510
10341
10338
10309
10267
10263
10160
9906
9896
9844
9844
9788
9768
9736
9704
9624
9616
9474
9382
9249
9213
9200
9173
9153
8824
8676
8638
8628
8610
8587
8572
8486
8424
8272
8112
8059
7918
7890
7768
7719
7612
7504
7500
7476
7435
7432
7432
7342
7318
7290
7189
7184
6888
6818
6723
6700
6696
6644
6544
6536
6534
6421
6408
6302
6290
6219
6141
6104
6064
6064
6052
6021
6004
5998
5988
5982
5972
5968
5958
5952
5930
5924
5921
5892
5868
5658
5621
5616
5573
5560
5533
5501
5453
5432
5427
5404
5402
5386
5382
5364
5320
5290
5226
5106
5104
5082
5066
5061
5054
5050
5027
4972
4960
4916
4902
4884
4884
4840
4790
4727
4721
4670
4664
4656
4590
4564
4532
4522
4471
4461
4428
4390
4378
4312
4304
4280
4263
4256
4248
4245
4196
4168
4110
4108
4091
4082
4042
4041
4016
3976
3937
3916
3904
3886
3884
3880
3868
3836
3830
3823
3816
3810
3785
3782
3764
3762
3736
3659
3656
3632
3624
3604
3599
3598
3591
3559
3535
3531
3528
3519
3509
3482
3468
3440
3414
3398
3396
3390
3382
3368
3361
3339
3329
3318
3292
3282
3280
3256
3252
3244
3236
3197
3191
3152
3150
3118
3100
3079
3078
3070
3045
3002
2997
2984
2976
2972
2968
2964
2951
2918
2891
2888
2882
2881
2868
2864
2844
2812
2804
2774
2770
2744
2740
2732
2722
2696
2672
2654
2650
2634
2632
2632
2632
2632
2624
2624
2624
2560
2464
2400
2340
2336
2336
2326
2318
2316
2280
2272
2248
2240
2208
2144
2144
2100
2064
2060
2052
2016
1968
1968
1960
1952
1936
1936
1936
1920
1892
1872
1848
1842
1834
1824
1792
1728
1724
1720
1720
1716
1712
1680
1632
1610
1600
1580
1576
1542
1536
1536
1520
1496
1492
1488
1486
1472
1472
1472
1464
1460
1456
1436
1408
1360
1360
1344
1336
1328
1328
1304
1296
1284
1280
1264
1260
1256
1226
1216
1208
1202
1196
1192
1192
1192
1188
1184
1184
1182
1176
1176
1168
1128
1122
1120
1114
1106
1104
1098
1090
1088
1084
1076
1076
1072
1072
1072
1064
1064
1056
1044
1040
1024
1020
1012
1012
1010
1008
1004
992
992
976
976
960
960
944
944
932
928
928
916
904
904
904
894
892
880
876
872
864
852
848
848
848
848
832
832
832
820
820
816
816
808
808
796
786
784
776
776
776
768
768
764
764
760
756
756
752
752
752
730
728
720
720
720
718
716
710
706
706
704
702
700
688
688
680
676
676
676
672
672
672
666
664
660
656
656
656
656
648
640
640
640
640
638
638
628
620
616
616
614
612
612
608
608
600
598
592
592
592
588
580
576
576
576
576
576
568
560
560
558
552
552
544
544
544
544
544
544
528
528
528
512
512
476
448
448
448
432
384
384
372
368
352
336
336
240
224
204
192
152
136
