802
32896
29592
29584
29558
29556
29540
29518
29516
29496
29436
29422
29414
29360
29336
29334
29307
29292
29264
29246
29236
29204
29198
29193
29192
29172
29169
29166
29158
29156
29152
29139
29132
29105
29102
29049
29048
29040
29032
29030
29017
29014
28988
28961
28956
28942
28897
28880
28878
28870
28856
28848
28838
28836
28826
28825
28782
28764
28753
28698
28681
28663
28648
28620
28558
28548
28516
28510
28503
28497
28494
28464
28449
28408
28392
28370
28364
28327
28318
28240
28236
28176
28170
28164
28141
28106
28101
28088
28060
28053
27973
27972
27888
27880
27851
27850
27838
27824
27819
27760
27692
27664
27609
27588
27546
27530
27529
27480
27433
27404
27345
27281
27276
27256
27162
27146
27134
27129
27056
27041
27032
26968
26963
26908
26892
26875
26764
26698
26675
26672
26666
26587
26544
26504
26502
26490
26480
26444
26376
26337
26336
26329
26316
26228
26027
26019
25976
25926
25910
25756
25720
25656
25652
25648
25647
25635
25607
25584
25559
25432
25397
25214
25190
25142
25126
25084
24968
24956
24901
24885
24792
24784
24775
24560
24368
24290
24274
24228
24155
24147
24124
24067
24024
23985
23960
23736
23450
23416
23362
23352
23344
23295
23252
23128
23124
23120
23083
23043
22995
22992
22891
22827
22739
22659
22651
22645
22248
22174
22158
22124
22092
22024
21998
21974
21926
21924
21910
21680
21607
21599
21498
21434
21392
21264
20712
20648
20576
20484
20468
20452
20424
20414
20402
20352
20343
20324
20299
20123
20035
19947
19536
19312
18864
18792
18728
18622
18606
18572
18564
18504
18488
18441
18361
18353
17904
17104
16488
16464
16460
16458
16456
16452
16451
16450
16449
16352
14400
13848
13712
13708
13707
13706
13705
13704
13702
13700
13688
13264
13168
12256
12121
12113
12047
12029
12008
11948
11940
11910
11898
11816
11768
11696
11344
11327
11232
11152
10878
10830
10719
10499
10496
10484
10468
10461
10408
10402
10400
10372
10348
10216
10168
10154
10149
9712
9645
9616
9502
9436
9415
9409
9360
9161
9158
9148
9142
9102
9064
8980
8950
8938
8888
8839
8773
8587
8539
8456
8391
8272
8251
8176
8152
8148
8105
8044
8038
8001
7984
7960
7946
7640
7448
7427
7400
7359
7316
7285
7228
7186
7174
7120
6960
6769
6768
6760
6677
6663
6620
6616
6516
6478
6462
6440
6422
6402
6251
6232
6115
6096
6075
6064
6051
6044
6041
6040
5956
5822
5810
5768
5731
5725
5720
5710
5645
5564
5508
5484
5473
5467
5448
5360
5336
5330
5296
5259
5200
5194
5185
5166
5144
5116
5019
5004
4996
4945
4881
4880
4802
4794
4782
4712
4684
4681
4627
4580
4553
4520
4480
4474
4473
4462
4428
4407
4368
4340
4304
4240
4231
4218
4206
4205
4184
4176
4170
4160
4108
4103
4088
4037
4036
4008
3997
3994
3963
3952
3948
3942
3888
3884
3818
3809
3780
3774
3766
3752
3707
3696
3667
3661
3652
3628
3626
3618
3564
3544
3542
3529
3513
3502
3453
3444
3393
3388
3382
3376
3376
3368
3358
3350
3333
3308
3306
3298
3284
3281
3260
3252
3238
3233
3224
3222
3216
3208
3207
3168
3161
3140
3131
3124
3118
3110
3108
3107
3096
3087
3082
3062
3056
3052
3042
3027
3004
2968
2960
2934
2902
2884
2840
2820
2818
2804
2782
2768
2760
2740
2740
2740
2736
2736
2736
2736
2720
2720
2624
2422
2422
2408
2400
2384
2384
2380
2376
2352
2336
2336
2240
2208
2142
2098
2092
2088
2080
2080
2072
2064
2064
2048
2048
2032
2016
1960
1920
1920
1896
1888
1882
1880
1856
1828
1828
1824
1820
1808
1792
1788
1784
1760
1728
1728
1706
1678
1650
1632
1624
1622
1616
1616
1600
1600
1600
1588
1584
1568
1536
1520
1488
1484
1472
1470
1456
1456
1440
1436
1432
1412
1408
1408
1376
1368
1352
1344
1344
1334
1332
1320
1312
1296
1292
1292
1284
1280
1266
1248
1232
1222
1216
1214
1210
1208
1200
1200
1184
1184
1164
1160
1152
1146
1144
1104
1096
1094
1092
1072
1064
1056
1056
1056
1050
1040
1036
1036
1032
1024
1024
1016
1002
1000
992
988
974
960
960
956
952
944
936
934
928
924
912
910
896
894
892
888
880
880
864
864
846
844
840
840
840
832
832
832
832
820
816
806
800
800
798
796
792
784
784
784
776
768
768
760
760
752
752
744
744
740
736
736
736
732
732
728
720
720
712
704
704
702
696
696
690
688
678
676
672
672
672
668
668
666
656
656
654
648
646
644
644
644
640
640
640
640
640
632
630
626
624
620
620
620
620
616
616
616
616
608
608
608
600
592
580
576
576
576
576
562
560
560
560
556
552
544
544
544
540
528
512
512
512
500
488
488
448
416
384
384
232
224
144
122
88
88
