802
27456
24710
24708
24690
24682
24680
24672
24656
24652
24648
24644
24610
24592
24568
24556
24532
24522
24500
24496
24488
24482
24444
24436
24414
24410
24400
24392
24374
24366
24364
24343
24334
24330
24321
24304
24300
24296
24294
24234
24219
24208
24205
24200
24190
24188
24173
24124
24108
24089
24080
24054
24053
24050
24044
24028
24012
24009
23988
23978
23972
23969
23944
23902
23893
23889
23888
23858
23817
23812
23796
23768
23761
23746
23732
23722
23720
23716
23708
23674
23655
23586
23565
23536
23514
23496
23486
23484
23476
23461
23454
23432
23424
23397
23376
23356
23305
23294
23280
23262
23257
23222
23212
23190
23180
23160
23158
23124
23096
23088
23055
23036
22998
22970
22932
22928
22906
22903
22895
22828
22782
22760
22736
22720
22711
22700
22635
22602
22558
22544
22536
22435
22430
22428
22412
22346
22344
22220
22218
22213
22192
22186
22068
22040
22033
22030
21984
21930
21924
21892
21872
21815
21742
21672
21622
21559
21492
21488
21444
21428
21380
21320
21290
21251
21220
21196
21173
21170
21130
21070
21040
20888
20845
20784
20769
20692
20660
20632
20626
20594
20376
20199
20195
20144
20124
20056
20054
20053
20022
20020
19934
19902
19830
19672
19618
19507
19440
19387
19372
19337
19244
19224
19212
19102
19062
19030
18680
18576
18477
18393
18383
18317
18308
18276
18142
18128
18102
18070
17992
17552
17253
17208
17169
17156
17097
17093
17028
16996
16990
16958
16892
16880
16767
16746
16718
16264
16048
15888
15785
15665
15620
15492
15465
15460
15402
15393
15389
15370
15128
14480
13780
13768
13764
13754
13748
13746
13744
13741
13738
13737
13736
13733
13732
13730
13729
13600
13224
12064
11444
11442
11441
11440
11437
11434
11433
11431
11428
11426
11422
11416
11412
11404
11155
10832
10832
10537
10280
10144
10074
10057
10053
10046
10004
9972
9906
9868
9727
9520
9392
9336
8926
8909
8804
8750
8724
8722
8692
8637
8633
8588
8573
8555
8552
8503
8496
8272
7896
7822
7798
7762
7652
7628
7561
7553
7483
7414
7408
7320
7313
7278
6962
6930
6876
6872
6844
6767
6740
6704
6625
6552
6534
6488
6358
6270
6204
6198
6193
6171
6170
6168
6116
6096
6051
6049
5912
5808
5722
5694
5668
5647
5644
5573
5492
5480
5360
5330
5274
5248
5242
5220
5204
5171
5142
5128
5060
5012
4976
4972
4915
4862
4824
4796
4762
4701
4656
4644
4606
4522
4521
4520
4518
4492
4400
4394
4371
4364
4264
4262
4204
4196
4190
4187
4185
4136
4112
4096
4082
4046
4019
3968
3964
3955
3952
3928
3898
3860
3808
3795
3794
3792
3772
3742
3718
3684
3669
3664
3640
3612
3606
3593
3592
3582
3564
3558
3540
3530
3522
3504
3501
3498
3470
3461
3424
3420
3408
3368
3360
3338
3331
3324
3316
3310
3304
3280
3243
3226
3169
3154
3128
3124
3124
3114
3108
3094
3081
3080
3065
3052
3044
3033
2992
2973
2971
2962
2936
2932
2908
2902
2892
2876
2873
2862
2860
2844
2842
2837
2832
2807
2780
2737
2736
2728
2724
2722
2711
2704
2699
2686
2682
2682
2658
2648
2640
2636
2613
2606
2595
2580
2576
2570
2568
2542
2538
2524
2516
2488
2482
2468
2468
2446
2444
2420
2416
2408
2374
2352
2344
2340
2336
2328
2314
2306
2292
2290
2286
2286
2286
2284
2284
2284
2284
2280
2280
2280
2280
2272
2272
2272
2144
2144
2048
2012
2010
2010
2008
1992
1992
1968
1944
1888
1856
1784
1780
1760
1748
1744
1736
1736
1728
1726
1726
1714
1712
1700
1696
1632
1568
1564
1556
1552
1528
1520
1512
1510
1504
1496
1472
1456
1392
1368
1368
1360
1352
1344
1324
1312
1304
1296
1268
1254
1252
1248
1236
1232
1232
1232
1232
1216
1216
1210
1208
1184
1168
1148
1140
1136
1128
1120
1114
1088
1056
1056
1052
1044
1040
1034
1032
1024
1008
1000
992
992
982
980
972
968
964
960
952
940
928
920
920
904
902
896
896
876
872
872
864
864
848
848
840
836
836
836
832
832
832
816
808
802
800
792
790
784
776
768
768
768
768
758
756
756
752
744
740
736
736
736
736
732
720
720
720
716
712
708
704
704
704
704
698
696
692
690
680
672
672
672
664
664
660
656
656
656
656
648
644
640
632
628
624
624
620
616
616
616
614
608
608
608
606
600
594
592
592
584
584
576
576
576
576
576
574
568
568
568
566
564
560
552
546
544
544
544
540
540
538
536
528
522
520
520
518
512
512
512
512
512
504
504
496
496
496
496
492
488
488
480
480
480
480
480
480
480
472
466
464
464
464
460
460
456
456
448
448
448
448
422
416
408
374
352
352
344
336
272
256
192
90
76
