802
31072
27954
27932
27926
27912
27888
27880
27856
27850
27830
27804
27802
27770
27740
27720
27702
27676
27638
27610
27574
27560
27548
27536
27535
27527
27516
27514
27499
27482
27468
27450
27436
27432
27423
27422
27407
27374
27370
27369
27368
27356
27344
27335
27276
27274
27255
27242
27240
27235
27225
27222
27174
27162
27125
27116
27068
27066
27065
27056
27048
27042
27028
27002
26933
26928
26924
26921
26920
26901
26876
26843
26834
26810
26802
26773
26770
26760
26733
26724
26664
26579
26554
26533
26532
26514
26482
26472
26468
26448
26404
26366
26344
26340
26312
26309
26301
26286
26256
26253
26250
26192
26175
26152
26068
26032
26020
26014
26004
25997
25989
25970
25964
25960
25917
25783
25768
25668
25634
25621
25620
25616
25602
25570
25496
25440
25424
25375
25267
25188
25154
25140
25124
25122
25084
25048
24997
24984
24904
24880
24841
24832
24713
24688
24624
24618
24612
24602
24594
24564
24554
24548
24400
24371
24344
24149
24046
24014
23992
23924
23908
23823
23796
23782
23780
23754
23728
23628
23560
23472
23416
23405
23152
23024
23006
22996
22974
22813
22812
22793
22769
22728
22721
22640
22384
22200
22038
22006
21974
21845
21836
21817
21809
21761
21737
21712
21692
21689
21648
21560
21516
21500
21420
21292
21172
21040
20856
20838
20822
20792
20784
20758
20699
20605
20012
19920
19788
19632
19596
19464
19400
19394
19388
19378
19372
19338
19305
19294
19293
19268
19264
19241
19221
19197
19149
18896
18640
17784
17720
17708
17656
17648
17622
17590
17580
17558
17557
17537
17513
17465
17136
16528
15640
15608
15600
15576
15572
15568
15556
15546
15544
15540
15539
15538
15537
15360
14888
14224
13632
12952
12948
12947
12946
12945
12944
12942
12932
12924
12920
12872
12144
11632
11520
11376
11341
11301
11295
11281
11263
11262
11244
11238
11210
11192
11140
11128
11080
10524
10384
10300
10160
9937
9922
9897
9888
9877
9818
9817
9816
9807
9756
9746
9736
9734
9712
9688
9564
9552
9404
9296
9220
8723
8645
8598
8568
8542
8530
8368
8368
8252
8193
8156
8044
7989
7980
7964
7928
7824
7821
7820
7781
7721
7713
7700
7691
7582
7558
7530
7400
7248
7184
7016
6968
6961
6921
6901
6884
6750
6736
6732
6722
6608
6490
6391
6352
6324
6264
6128
6102
6084
6068
6041
5982
5972
5964
5920
5912
5858
5771
5608
5585
5584
5444
5434
5428
5402
5394
5392
5388
5382
5328
5301
5193
5168
5144
5080
5063
5032
4996
4964
4962
4948
4934
4908
4839
4749
4720
4704
4704
4688
4648
4607
4586
4562
4560
4548
4543
4534
4508
4424
4409
4264
4260
4256
4254
4237
4231
4228
4218
4212
4208
4172
4170
4104
4081
4080
4052
4022
4017
3977
3976
3971
3944
3922
3892
3856
3848
3844
3840
3826
3802
3788
3783
3766
3745
3688
3628
3617
3608
3586
3583
3562
3554
3534
3525
3500
3477
3472
3464
3461
3460
3454
3451
3394
3376
3372
3368
3362
3342
3341
3340
3300
3291
3272
3262
3210
3208
3207
3199
3194
3181
3166
3164
3133
3126
3120
3115
3100
3096
3087
3086
3082
3055
3048
3042
3041
3041
3036
3022
3006
3004
2994
2979
2966
2964
2960
2942
2940
2936
2862
2846
2836
2810
2780
2754
2726
2724
2704
2686
2672
2664
2648
2622
2620
2588
2588
2588
2584
2584
2584
2576
2576
2576
2560
2560
2464
2400
2304
2266
2258
2254
2252
2252
2248
2244
2240
2224
2224
2224
2208
2048
2048
2016
1986
1978
1974
1962
1960
1960
1948
1944
1944
1936
1920
1920
1920
1912
1888
1880
1856
1840
1812
1760
1744
1728
1716
1712
1708
1704
1664
1648
1624
1608
1592
1592
1584
1562
1560
1554
1542
1542
1536
1536
1536
1516
1508
1504
1504
1472
1472
1440
1390
1382
1378
1376
1376
1348
1344
1344
1312
1312
1276
1248
1248
1248
1248
1216
1216
1208
1208
1208
1192
1184
1168
1168
1160
1152
1120
1120
1118
1116
1088
1084
1080
1080
1076
1076
1076
1072
1072
1058
1056
1056
1056
1038
1024
1024
1012
1008
992
992
988
984
984
984
976
966
948
928
928
928
916
908
908
904
904
896
896
880
880
848
848
848
846
844
840
840
840
832
832
816
816
802
800
800
800
794
792
784
784
784
776
768
764
760
756
756
752
752
752
748
722
720
720
716
716
708
708
704
704
704
696
694
690
688
688
688
680
676
672
672
668
666
664
664
656
656
656
648
640
640
640
640
638
636
636
632
632
624
622
616
616
616
616
616
610
608
608
608
608
600
600
600
596
594
592
592
592
584
576
576
576
576
572
560
560
552
548
548
544
544
536
536
528
524
520
512
512
512
512
504
456
448
444
404
400
384
372
300
272
270
192
128
80
