802
31680
28508
28504
28454
28432
28422
28404
28396
28392
28378
28358
28340
28314
28296
28276
28272
28264
28260
28240
28238
28232
28220
28158
28124
28122
28114
28102
28072
28040
28016
28006
28004
27984
27974
27972
27970
27940
27889
27848
27838
27834
27817
27796
27784
27716
27688
27678
27671
27656
27654
27632
27622
27620
27608
27604
27526
27491
27460
27440
27434
27398
27380
27300
27281
27268
27246
27243
27240
27229
27216
27192
27182
27164
27142
27132
27092
27062
27048
27025
27024
26998
26934
26868
26851
26842
26824
26800
26780
26772
26760
26730
26728
26686
26668
26631
26582
26576
26536
26524
26522
26413
26393
26386
26364
26281
26256
26240
26236
26216
26194
26192
26162
26156
26152
26117
26094
26062
26032
25992
25960
25954
25953
25948
25812
25808
25806
25768
25757
25706
25552
25526
25517
25508
25489
25411
25328
25312
25288
25284
25252
25224
25190
25160
25158
25138
25134
25064
25029
24976
24968
24937
24844
24776
24752
24718
24694
24527
24496
24492
24367
24300
24218
24194
24190
24163
24104
24017
24008
23952
23816
23768
23764
23760
23594
23586
23536
23439
23312
23292
23259
23120
23090
23058
22952
22888
22865
22857
22745
22628
22598
22590
22566
22544
22103
22100
22000
21880
21808
21703
21638
21614
21608
21584
21547
21468
21434
21416
21360
21035
20944
20708
20528
20494
20421
20278
20229
20208
20072
20040
20008
19816
19664
19455
19444
19415
19412
19403
19388
19216
19090
18992
18866
18626
18338
18224
18152
18120
18098
18088
17990
17896
17828
17801
17796
17789
17754
17456
16912
15892
15888
15876
15866
15864
15860
15858
15856
15853
15850
15849
15848
15845
15844
15842
15841
15712
13920
13208
13204
13202
13201
13200
13197
13194
13193
13192
13191
13188
13186
13182
13172
13168
13164
12838
12394
12336
11985
11892
11856
11712
11691
11577
11572
11567
11548
11496
11410
11336
11304
11288
11216
11122
10882
10816
10682
10576
10494
10416
10244
10228
10189
10032
9997
9896
9736
9704
9688
9584
9502
9448
9383
9322
9296
9148
8976
8871
8759
8624
8611
8551
8542
8516
8432
8408
8390
8370
8336
8315
8240
8168
8118
8080
7988
7981
7878
7688
7632
7570
7548
7374
7347
7336
7288
7186
7019
6996
6992
6869
6800
6746
6742
6665
6608
6604
6568
6448
6408
6387
6328
6290
6242
6242
6222
6156
6095
6021
6000
5996
5961
5822
5802
5776
5768
5736
5700
5621
5616
5608
5543
5454
5448
5438
5410
5392
5384
5364
5336
5332
5296
5225
5161
5159
5157
5148
5136
5130
5022
4982
4937
4936
4912
4898
4892
4888
4780
4776
4774
4773
4744
4658
4637
4616
4604
4602
4592
4576
4574
4568
4540
4528
4476
4436
4419
4414
4370
4339
4318
4315
4302
4288
4272
4250
4209
4180
4162
4136
4126
4104
4092
4084
4080
4056
4034
4025
4012
4000
3958
3932
3888
3881
3864
3850
3828
3814
3796
3782
3764
3761
3752
3728
3704
3698
3684
3668
3667
3621
3604
3570
3542
3536
3524
3491
3400
3388
3382
3376
3368
3358
3341
3338
3336
3308
3256
3244
3238
3208
3206
3202
3124
3096
3094
3092
3090
3088
3068
3062
3056
3048
2974
2966
2964
2938
2896
2888
2884
2870
2864
2856
2852
2844
2824
2806
2788
2770
2754
2744
2740
2736
2732
2718
2690
2648
2644
2638
2638
2638
2636
2636
2636
2636
2632
2632
2632
2632
2624
2624
2624
2624
2624
2432
2400
2368
2314
2312
2312
2304
2288
2280
2256
2256
2240
2240
2220
2172
2132
2112
2096
2048
2048
2040
2036
2016
1984
1968
1936
1936
1920
1900
1888
1876
1864
1856
1824
1774
1760
1704
1696
1696
1696
1676
1672
1664
1664
1662
1632
1632
1600
1596
1592
1536
1512
1504
1504
1468
1456
1454
1440
1436
1402
1392
1376
1374
1372
1348
1344
1344
1312
1312
1296
1280
1276
1264
1248
1248
1244
1240
1236
1224
1218
1216
1192
1192
1188
1184
1164
1160
1152
1136
1136
1122
1108
1104
1088
1088
1088
1084
1080
1072
1072
1064
1064
1056
1056
1044
1030
1024
1024
992
992
986
976
976
976
972
960
954
952
952
944
944
928
926
920
916
912
912
904
896
896
896
880
880
880
864
856
852
848
848
840
832
832
832
824
816
816
816
816
816
804
804
800
800
800
788
774
768
768
768
760
756
752
752
736
736
736
736
732
728
712
704
704
698
696
696
680
676
672
672
672
668
668
664
656
656
656
640
640
640
640
624
616
616
616
616
612
608
608
608
596
592
592
592
592
584
576
574
572
568
560
560
560
560
560
552
552
548
544
544
544
544
544
544
540
536
528
528
512
512
448
448
416
408
344
340
340
324
312
292
272
256
256
256
240
224
224
180
170
160
142
130
122
112
102
64
