802
32256
29014
29008
29004
28960
28940
28936
28914
28880
28874
28860
28828
28826
28812
28746
28728
28722
28714
28704
28676
28628
28624
28600
28590
28560
28558
28518
28512
28496
28490
28472
28459
28432
28412
28404
28302
28296
28288
28287
28283
28272
28254
28238
28220
28154
28140
28084
28075
28074
28071
28043
28039
28018
28008
28002
27995
27984
27971
27947
27943
27938
27888
27872
27828
27810
27783
27748
27747
27736
27682
27680
27679
27655
27630
27591
27563
27559
27536
27515
27466
27463
27446
27428
27424
27408
27396
27368
27364
27300
27280
27270
27207
27203
27188
27172
27104
27054
27052
26998
26984
26982
26950
26934
26895
26888
26883
26867
26839
26835
26806
26800
26791
26767
26760
26743
26739
26704
26660
26596
26592
26570
26504
26458
26427
26387
26340
26325
26250
26184
26120
26110
26096
26000
25992
25952
25880
25841
25810
25788
25761
25713
25662
25660
25644
25617
25589
25580
25541
25493
25489
25425
25320
25312
25282
25264
25192
25184
25136
25106
25012
24874
24837
24828
24793
24773
24745
24725
24709
24504
24376
24360
24352
24334
24112
24068
24032
23995
23984
23979
23966
23856
23828
23760
23540
23370
23368
23304
23240
23196
23192
23132
23105
23103
23072
22810
22576
22496
22480
22336
22138
22051
22035
22024
21960
21956
21892
21515
21467
21445
21330
21216
21040
20912
20536
20488
20404
20372
20362
20356
20292
20256
20224
20061
20045
20035
19198
19104
19056
18992
18776
18648
18640
18520
18484
18452
18436
18381
18372
18213
18197
18193
18177
17802
17800
17760
16336
16272
16232
16208
16200
16180
16168
16164
16160
16148
16146
16144
16141
16138
16137
16136
16133
16132
16130
16129
15746
15638
13976
13472
13461
13456
13448
13444
13442
13441
13437
13431
13428
13416
13412
13404
13392
13384
13372
13328
13296
13243
12992
12128
12056
12046
11733
11721
11717
11572
11563
11524
11484
11448
11376
11352
11240
11056
11024
10976
10944
10882
10185
10177
10163
10016
9972
9924
9914
9908
9884
9816
9768
9573
9456
9360
9248
9106
9011
8991
8644
8620
8584
8536
8519
8505
8444
8434
8176
8160
8080
7874
7712
7629
7627
7560
7556
7528
7464
7424
7416
7406
7268
7235
7088
7028
7024
7000
6910
6899
6896
6885
6880
6828
6800
6720
6717
6691
6624
6624
6602
6584
6472
6261
6237
6221
6196
6183
6154
6044
5963
5962
5936
5896
5864
5840
5814
5792
5784
5641
5637
5597
5564
5557
5516
5500
5498
5453
5413
5396
5374
5347
5320
5320
5280
5232
5224
5136
5128
5122
5080
5048
5034
4992
4970
4943
4933
4932
4891
4834
4768
4742
4724
4668
4656
4599
4595
4575
4560
4555
4542
4519
4515
4512
4491
4479
4469
4438
4422
4408
4382
4340
4338
4244
4228
4211
4209
4176
4158
4132
4104
4101
4084
4064
4052
4048
4028
4021
4010
3995
3994
3952
3951
3915
3911
3888
3872
3858
3835
3815
3814
3768
3764
3759
3729
3706
3692
3680
3677
3664
3602
3598
3595
3591
3584
3571
3551
3546
3544
3520
3515
3511
3488
3486
3485
3484
3436
3422
3364
3350
3344
3338
3328
3311
3309
3304
3298
3226
3216
3212
3204
3176
3170
3152
3142
3120
3118
3088
3082
3058
3056
3048
3028
2988
2976
2954
2952
2946
2876
2860
2836
2832
2826
2822
2784
2776
2764
2716
2702
2686
2686
2684
2684
2680
2680
2680
2672
2672
2672
2672
2658
2656
2656
2656
2624
2624
2408
2400
2368
2346
2342
2342
2312
2312
2296
2288
2288
2256
2240
2240
2208
2176
2176
2176
2048
2036
2034
2032
1992
1984
1980
1976
1976
1968
1952
1952
1888
1856
1820
1800
1798
1792
1720
1712
1702
1700
1696
1684
1680
1600
1600
1600
1572
1524
1524
1504
1504
1488
1488
1480
1472
1472
1448
1408
1400
1380
1378
1376
1376
1376
1360
1344
1344
1320
1312
1280
1280
1250
1246
1242
1236
1232
1228
1216
1200
1188
1184
1168
1168
1160
1152
1152
1152
1152
1126
1126
1118
1112
1110
1096
1096
1096
1090
1082
1072
1072
1068
1056
1040
1024
1024
1024
1024
1008
988
984
978
972
964
944
936
928
918
918
914
910
908
902
902
898
896
896
896
896
894
892
884
884
880
876
864
864
864
842
840
840
840
832
830
828
824
808
808
800
800
800
800
800
798
796
790
784
782
782
768
768
768
766
762
760
752
750
744
744
740
736
718
718
716
714
710
708
704
704
704
704
702
702
696
696
688
680
680
680
676
672
672
668
664
662
660
656
656
644
640
640
640
640
640
640
624
620
616
608
608
608
608
608
608
600
592
588
588
576
576
576
568
568
560
560
552
544
544
540
536
516
512
480
448
432
384
364
340
320
320
304
296
256
256
208
204
176
140
128
128
128
120
84
