802
39936
35940
35906
35904
35896
35838
35808
35766
35751
35728
35723
35700
35699
35691
35682
35680
35656
35626
35623
35600
35572
35571
35556
35552
35528
35480
35471
35466
35455
35444
35424
35389
35374
35338
35322
35320
35297
35284
35240
35212
35209
35194
35184
35150
35108
35104
35081
35073
35048
35010
34998
34980
34963
34928
34852
34845
34830
34792
34778
34753
34740
34650
34645
34612
34551
34512
34504
34498
34484
34446
34429
34400
34360
34291
34254
34252
34190
34152
34145
34144
34128
34124
34122
33992
33979
33904
33875
33818
33804
33799
33772
33746
33696
33644
33583
33545
33516
33514
33458
33440
33436
33392
33384
33368
33349
33266
33228
33129
33092
33014
32868
32849
32848
32792
32736
32721
32701
32664
32634
32620
32450
32364
32319
32280
32200
32191
32178
32176
32095
32092
32032
32000
31920
31814
31776
31629
31607
31580
31532
31520
31480
31400
31378
31376
31148
31049
31023
30942
30880
30860
30736
30668
30520
30444
30432
30418
30382
30353
30321
30316
30088
29968
29871
29600
29452
29418
29374
29368
29324
29196
29112
29040
28939
28931
28907
28903
28883
28811
28779
28683
28656
28560
28552
28440
28256
28218
28166
28108
27980
27884
27868
27788
27660
27609
27596
27513
27348
27232
27120
27016
26992
26888
26718
26590
26578
26347
26188
26109
26060
26016
25892
25232
25144
25104
25016
24810
24778
24738
24711
24702
24544
24496
24425
24372
24244
24116
24020
23472
22864
22816
22792
22776
22747
22602
22562
22405
22252
22176
22092
21964
21740
21708
21024
20176
20112
20104
20088
20048
20012
20000
19996
19994
19992
19986
19984
19981
19980
19978
19977
19976
19973
19972
19970
19969
19776
19496
19224
18272
18140
17536
17248
17186
17156
16672
16656
16641
16637
16636
16634
16633
16631
16626
16622
16620
16592
16552
16536
16528
16496
16028
15948
15164
14956
14876
14864
14784
14740
14611
14482
14446
14325
14312
14304
14296
14256
13268
13220
13188
12972
12927
12880
12832
12698
12689
12666
12634
12606
12440
12368
12328
12272
11860
11708
11616
11523
11460
11325
11134
11126
11088
11024
11018
10888
10800
10776
10776
10704
10684
10592
10492
10408
10353
10284
10279
10060
10044
9964
9860
9810
9766
9760
9496
9379
9299
9271
9246
9211
9195
9191
9171
9165
9148
9132
9104
8956
8808
8802
8766
8740
8672
8389
8336
8216
8013
7987
7968
7934
7916
7848
7724
7696
7616
7584
7564
7498
7429
7407
7324
7280
7152
7134
7128
7075
7072
7048
7004
6964
6941
6923
6816
6770
6685
6624
6540
6535
6480
6466
6456
6392
6368
6349
6316
6242
6100
6086
6072
6048
6013
5960
5952
5936
5916
5907
5892
5770
5732
5708
5673
5616
5596
5568
5562
5491
5480
5464
5456
5420
5402
5356
5354
5327
5295
5281
5216
5162
5116
5115
5102
4992
4968
4965
4960
4848
4846
4844
4836
4827
4824
4790
4740
4738
4705
4648
4640
4591
4578
4548
4536
4534
4528
4489
4411
4406
4332
4321
4302
4296
4258
4250
4244
4243
4238
4192
4176
4145
4132
4106
4088
4066
4053
4047
4028
3990
3984
3954
3946
3941
3940
3928
3924
3884
3867
3848
3846
3808
3802
3791
3735
3726
3721
3720
3688
3680
3652
3644
3639
3632
3595
3576
3552
3546
3539
3536
3532
3531
3511
3489
3488
3478
3392
3368
3362
3332
3326
3326
3326
3324
3324
3324
3320
3320
3320
3296
3296
3296
3296
3296
3264
3264
3136
3032
2968
2944
2920
2892
2888
2864
2848
2848
2816
2816
2780
2768
2648
2632
2592
2584
2560
2560
2536
2536
2532
2524
2520
2496
2480
2464
2464
2432
2336
2304
2304
2288
2264
2224
2220
2200
2200
2176
2160
2144
2144
2112
2112
2096
2070
2056
2048
2024
2008
2008
1992
1968
1960
1952
1920
1888
1874
1858
1854
1842
1838
1838
1834
1832
1824
1792
1792
1784
1760
1760
1752
1744
1676
1664
1632
1632
1602
1600
1596
1592
1584
1576
1568
1544
1536
1512
1504
1496
1484
1480
1480
1472
1464
1424
1408
1408
1408
1400
1392
1388
1384
1352
1344
1344
1306
1304
1292
1280
1280
1280
1268
1264
1256
1244
1216
1216
1202
1200
1184
1180
1176
1152
1152
1152
1136
1134
1112
1108
1096
1088
1088
1088
1080
1076
1068
1064
1064
1058
1028
1024
1022
1016
1016
992
976
968
968
964
960
960
956
944
944
940
928
916
912
904
904
896
896
896
896
880
880
864
862
856
848
848
848
840
832
832
828
824
820
810
808
800
800
796
788
786
784
780
772
768
768
768
768
768
760
756
746
744
744
736
736
736
736
728
726
720
720
720
718
708
706
706
704
704
704
704
704
704
704
702
696
692
688
672
672
670
668
664
656
640
640
640
640
568
550
532
512
512
512
488
472
448
432
416
416
376
308
288
288
256
256
152
128
72
