802
32640
29374
29336
29332
29316
29280
29264
29262
29246
29220
29218
29204
29152
29148
29136
29134
29080
29074
29060
29058
29042
29024
29008
28982
28972
28966
28950
28948
28930
28896
28890
28838
28818
28784
28780
28748
28732
28712
28688
28620
28600
28594
28560
28546
28530
28482
28472
28466
28404
28400
28356
28354
28340
28322
28272
28256
28242
28228
28194
28184
28082
28072
28066
28064
28050
28048
28002
27954
27936
27900
27888
27884
27832
27795
27778
27772
27762
27756
27661
27650
27598
27560
27547
27504
27486
27475
27419
27389
27376
27354
27324
27308
27296
27283
27224
27212
27196
27194
27179
27085
27084
27082
26992
26921
26912
26866
26850
26842
26841
26834
26824
26786
26784
26768
26656
26652
26638
26625
26593
26540
26344
26334
26295
26292
26256
26222
26208
26053
25996
25946
25867
25834
25800
25768
25720
25712
25700
25643
25568
25552
25478
25408
25375
25366
25340
25312
25247
25091
25059
25056
24936
24888
24880
24852
24806
24790
24688
24678
24556
24521
24489
24416
24167
24135
24074
23982
23972
23968
23944
23848
23816
23760
23484
23456
23436
23413
23381
23258
23184
23146
22916
22672
22600
22536
22528
22503
22477
22472
22368
22344
22240
22232
22158
22142
22120
22032
21980
21882
21516
21423
21391
21344
21264
21136
20696
20692
20626
20618
20568
20514
20490
20480
20450
20434
20418
20402
20322
20256
20201
20087
20070
19972
19408
19280
19184
19108
19100
18976
18792
18696
18664
18606
18598
18523
18507
18261
18208
18186
17168
17076
17040
16932
16912
16544
16452
16436
16424
16420
16392
16368
16360
16356
16352
16346
16340
16338
16336
16333
16330
16329
16328
16325
16324
16322
16321
15884
15280
15136
14164
13608
13604
13602
13601
13597
13594
13593
13591
13588
13586
13584
13582
13576
13544
13528
13524
13508
13472
13136
13092
13008
12972
12912
12708
12704
12160
12046
11983
11779
11765
11718
11702
11698
11656
11624
11544
11424
11284
11216
11152
11056
11008
10938
10832
10564
10461
10367
10336
10306
10274
10266
10202
10186
10162
10106
10072
10014
9964
9960
9880
9488
9440
9390
9375
9349
9312
9276
8884
8848
8750
8738
8680
8608
8584
8492
8488
8471
8449
8424
8376
8336
8108
7914
7888
7822
7717
7712
7691
7636
7552
7528
7408
7363
7336
7264
7256
7228
7218
7207
7142
7061
6880
6803
6793
6784
6767
6740
6728
6640
6638
6542
6530
6492
6480
6472
6424
6368
6291
6112
6084
6080
6062
6055
5970
5936
5920
5831
5788
5776
5768
5736
5674
5645
5582
5540
5491
5408
5350
5328
5292
5289
5258
5256
5084
5056
5041
5024
5013
5002
4996
4912
4896
4882
4856
4842
4834
4833
4832
4826
4814
4767
4720
4671
4636
4634
4631
4551
4542
4540
4524
4520
4512
4496
4465
4444
4436
4406
4400
4351
4336
4308
4305
4304
4298
4280
4248
4245
4219
4202
4162
4082
4076
4066
4064
4054
4039
4016
4008
3964
3956
3906
3872
3866
3826
3814
3788
3746
3720
3706
3684
3680
3648
3648
3602
3588
3574
3536
3532
3482
3480
3466
3426
3414
3408
3404
3374
3368
3356
3312
3288
3260
3244
3220
3216
3186
3170
3168
3126
3094
3078
3062
3060
3056
3050
3040
3002
2988
2986
2974
2968
2928
2922
2916
2912
2868
2854
2852
2848
2832
2830
2818
2772
2764
2760
2722
2718
2718
2718
2716
2716
2716
2716
2712
2712
2712
2704
2704
2704
2696
2696
2688
2688
2624
2616
2592
2592
2592
2560
2408
2396
2354
2352
2340
2336
2320
2320
2304
2256
2240
2240
2208
2176
2104
2092
2072
2052
2048
2036
2036
2028
2024
2020
2000
2000
1984
1984
1932
1888
1874
1868
1856
1848
1844
1776
1760
1748
1744
1728
1728
1712
1692
1688
1680
1680
1664
1664
1632
1632
1616
1580
1568
1560
1542
1536
1520
1472
1472
1456
1440
1440
1440
1424
1412
1408
1368
1358
1352
1344
1344
1324
1312
1308
1304
1296
1296
1280
1280
1280
1258
1216
1216
1216
1216
1212
1210
1192
1166
1152
1152
1152
1152
1152
1152
1152
1142
1136
1132
1128
1112
1104
1096
1088
1088
1068
1056
1056
1056
1048
1040
1024
1024
1016
1006
1002
1000
992
972
966
964
964
964
960
960
960
960
960
960
952
928
924
924
920
910
904
904
904
896
896
892
888
880
880
870
864
860
856
848
840
832
832
832
828
824
812
808
808
806
800
792
784
780
778
772
768
764
760
760
740
736
728
716
712
712
712
704
704
704
704
692
692
688
684
680
672
672
672
672
664
652
648
648
640
640
640
640
640
640
640
636
632
624
616
612
612
608
608
596
596
592
592
592
584
580
576
576
576
576
576
576
568
568
568
564
560
560
552
544
544
544
544
512
496
476
400
352
304
288
288
256
256
256
186
128
112
