802
29568
26600
26548
26546
26534
26532
26522
26492
26491
26476
26448
26440
26419
26407
26386
26373
26338
26315
26312
26300
26294
26256
26242
26236
26226
26220
26208
26205
26189
26140
26106
26103
26100
26088
26082
26066
26039
26018
26004
25999
25992
25989
25968
25960
25943
25904
25903
25892
25858
25829
25828
25826
25799
25778
25768
25732
25673
25666
25636
25627
25586
25553
25552
25540
25538
25528
25518
25456
25436
25434
25432
25409
25360
25354
25297
25281
25258
25240
25212
25208
25195
25180
25176
25136
25116
25098
25053
25018
25000
24988
24969
24944
24892
24836
24811
24754
24738
24699
24688
24680
24674
24648
24634
24584
24565
24564
24546
24530
24456
24402
24400
24385
24380
24374
24152
24113
24080
24074
24052
24024
24020
23978
23899
23792
23672
23653
23616
23608
23596
23565
23562
23538
23530
23522
23490
23480
23474
23461
23442
23396
23394
23386
23378
23368
23346
23344
23340
23330
23298
23250
23202
23013
22969
22873
22840
22836
22809
22800
22772
22713
22712
22654
22634
22544
22435
22156
22117
22092
22056
21974
21936
21928
21926
21783
21744
21722
21488
21285
21276
21260
21228
21164
21132
21102
21068
21048
21001
20984
20858
20856
20528
20488
20443
20439
20368
20110
20059
20052
20044
19947
19818
19704
19573
19408
19271
19224
19216
19096
18992
18812
18748
18712
18648
18570
18530
18520
18514
18498
18482
18434
18425
18420
18386
18364
18290
18117
18063
17584
17328
17032
17008
16904
16886
16868
16854
16804
16677
16613
16586
16192
15472
15152
14952
14932
14888
14873
14865
14856
14841
14836
14833
14824
14820
14810
14804
14802
14800
14794
14793
14792
14789
14788
14786
14785
14624
14091
12992
12644
12372
12336
12328
12324
12322
12321
12317
12314
12306
12302
12296
12296
12292
12281
12273
12264
12253
12247
12204
12184
12096
12016
11760
10976
10870
10822
10797
10743
10644
10605
10598
10588
10570
10568
10480
10456
10260
10224
10000
9992
9589
9512
9402
9360
9322
9292
9287
9282
9242
9226
9208
9202
9166
9112
9020
8977
8964
8891
8853
8816
8728
8656
8331
8232
8126
8019
7940
7932
7882
7696
7605
7576
7536
7416
7262
7160
7141
7112
7084
7058
7036
7004
6956
6924
6916
6903
6736
6544
6542
6489
6480
6478
6376
6330
6264
6236
6211
6180
5945
5917
5900
5872
5782
5768
5762
5720
5713
5699
5668
5648
5638
5633
5612
5608
5600
5581
5501
5463
5306
5266
5226
5202
5200
5186
5176
5162
5148
5146
5114
5106
5082
5080
5066
5064
5042
5034
5026
5006
4980
4931
4816
4725
4632
4628
4604
4592
4582
4576
4547
4520
4456
4336
4330
4324
4321
4306
4264
4240
4232
4202
4186
4172
4171
4114
4104
4088
4082
4080
4059
4026
4014
4000
3992
3988
3965
3948
3900
3856
3833
3820
3794
3763
3726
3672
3660
3645
3640
3636
3616
3594
3573
3561
3536
3514
3467
3448
3446
3444
3440
3378
3376
3368
3364
3362
3347
3322
3285
3284
3272
3254
3247
3204
3176
3162
3141
3124
3122
3117
3094
3068
3056
3055
3024
3021
2984
2983
2975
2974
2972
2962
2941
2922
2906
2904
2892
2889
2886
2860
2848
2817
2806
2803
2796
2786
2780
2774
2768
2730
2728
2724
2711
2696
2663
2654
2635
2625
2608
2580
2565
2564
2532
2530
2524
2522
2488
2462
2462
2460
2460
2460
2456
2456
2456
2454
2454
2450
2448
2448
2448
2448
2432
2432
2432
2400
2392
2384
2368
2336
2160
2158
2148
2120
2116
2112
2112
2096
2088
2080
2080
2016
1984
1916
1876
1860
1856
1856
1856
1852
1844
1844
1840
1836
1832
1808
1800
1792
1760
1744
1696
1696
1664
1632
1624
1602
1584
1584
1576
1520
1504
1504
1504
1448
1426
1424
1416
1408
1408
1408
1400
1400
1384
1384
1380
1376
1344
1320
1304
1296
1296
1280
1280
1264
1264
1248
1240
1240
1232
1188
1164
1152
1152
1152
1152
1142
1136
1128
1126
1120
1120
1120
1114
1098
1092
1060
1052
1044
1036
1036
1028
1028
1024
1024
1024
1020
1012
1012
1008
1004
1004
1004
1000
992
984
960
944
944
920
912
912
912
908
896
896
864
864
864
862
860
848
846
836
836
832
832
832
832
832
820
816
812
810
804
800
800
800
800
792
784
776
768
766
760
756
752
744
728
728
720
720
720
716
714
710
700
692
688
688
688
684
672
672
672
672
668
668
664
660
656
648
648
648
640
632
628
628
624
622
620
618
616
616
610
608
608
604
596
594
592
592
588
588
580
580
576
576
576
576
576
576
568
562
560
556
552
552
552
544
544
544
544
542
532
528
528
528
526
524
512
512
512
512
512
504
504
500
496
480
476
464
448
432
416
336
328
320
304
276
256
240
192
192
192
190
184
96
