802
30880
27780
27768
27758
27735
27724
27714
27704
27703
27694
27692
27680
27679
27664
27662
27652
27620
27619
27618
27612
27576
27574
27564
27563
27555
27514
27512
27510
27492
27471
27460
27446
27427
27415
27408
27404
27403
27386
27372
27359
27352
27320
27318
27300
27279
27274
27268
27263
27256
27234
27231
27228
27219
27216
27166
27152
27083
27075
27064
27034
27030
27020
27014
26988
26984
26968
26957
26940
26892
26874
26860
26850
26832
26824
26797
26796
26753
26750
26705
26696
26644
26630
26605
26593
26584
26580
26549
26544
26522
26520
26460
26410
26361
26352
26337
26329
26305
26282
26257
26249
26228
26201
26192
26184
26172
26152
26122
26072
26001
25993
25974
25945
25910
25860
25828
25796
25776
25718
25693
25657
25649
25648
25624
25622
25601
25592
25528
25423
25400
25372
25354
25340
25281
25248
25170
25136
25096
24968
24944
24897
24889
24876
24857
24833
24830
24752
24751
24748
24716
24684
24652
24608
24558
24504
24440
24368
24328
24234
24218
24203
24195
24147
24036
24004
23952
23826
23740
23688
23658
23656
23592
23576
23535
23504
23499
23491
23443
23188
23154
23060
23024
22908
22868
22776
22691
22648
22640
22619
22618
22611
22563
22526
22517
22088
21968
21916
21868
21852
21708
21656
21635
21627
21620
21614
21590
21579
21478
21466
21136
21000
20788
20688
20472
20455
20447
20436
20399
20358
20346
20176
20117
19836
19760
19688
19568
19480
19372
19056
19039
19014
18998
18701
18260
18192
18120
17864
17768
17680
17668
17407
17386
17382
17380
17288
17264
17188
17001
16872
16784
16360
16176
16104
15496
15476
15472
15464
15460
15450
15448
15447
15444
15443
15442
15441
15381
15200
14024
13536
13267
13000
12872
12868
12866
12862
12861
12852
12848
12844
12840
12600
12548
12272
12104
11760
11688
11567
11424
11412
11376
11336
11250
11246
11229
11024
11012
10856
10648
10576
10524
10256
10151
9902
9890
9872
9869
9864
9596
9456
9392
9336
9204
8971
8900
8826
8782
8770
8735
8708
8695
8689
8680
8496
8412
8248
8151
8144
8114
7861
7846
7751
7742
7724
7722
7705
7688
7644
7516
7476
7440
7416
7324
7228
7056
6971
6962
6931
6891
6872
6825
6760
6644
6576
6442
6412
6318
6290
6199
6160
6159
6151
6121
6088
6088
6024
6008
5956
5920
5882
5816
5808
5776
5732
5708
5692
5611
5581
5571
5565
5542
5368
5320
5270
5196
5164
5136
5116
5044
5042
5041
5021
4993
4987
4976
4936
4824
4816
4762
4736
4704
4667
4620
4606
4596
4568
4549
4472
4408
4401
4392
4382
4368
4361
4353
4323
4302
4272
4244
4212
4192
4188
4142
4121
4090
4073
4067
4008
3966
3945
3944
3929
3928
3924
3920
3884
3861
3853
3840
3834
3813
3793
3792
3767
3748
3726
3684
3640
3634
3632
3625
3592
3588
3573
3563
3542
3532
3496
3481
3480
3442
3442
3441
3404
3403
3376
3362
3356
3342
3324
3272
3271
3263
3256
3244
3231
3220
3210
3206
3192
3171
3165
3120
3098
3056
3051
3044
3042
3032
3012
3006
3001
2988
2970
2968
2952
2935
2924
2916
2914
2902
2900
2899
2896
2889
2879
2870
2862
2852
2841
2828
2810
2808
2806
2771
2765
2764
2760
2724
2724
2722
2719
2704
2692
2688
2682
2669
2660
2658
2649
2648
2634
2621
2600
2588
2572
2572
2568
2568
2568
2560
2560
2560
2432
2416
2416
2368
2336
2320
2312
2280
2256
2248
2248
2244
2240
2200
2176
2172
2160
2112
2112
2096
2028
1984
1980
1976
1972
1952
1936
1912
1856
1856
1840
1792
1760
1752
1752
1746
1738
1736
1736
1728
1728
1696
1680
1632
1600
1568
1550
1548
1544
1540
1536
1536
1536
1536
1528
1496
1488
1472
1392
1392
1386
1378
1376
1364
1360
1360
1344
1328
1284
1280
1280
1238
1230
1230
1224
1216
1216
1200
1200
1184
1184
1184
1172
1152
1144
1136
1122
1114
1112
1104
1102
1072
1056
1052
1032
1032
1016
1008
1006
1002
998
996
992
976
960
960
960
952
948
932
932
928
920
920
912
912
908
896
880
880
878
876
870
870
864
864
864
860
840
840
832
832
828
816
814
814
812
800
792
784
784
770
770
768
768
768
764
762
758
752
744
736
736
736
734
724
720
714
712
712
708
706
704
704
704
704
694
688
688
688
686
680
680
672
668
664
664
664
652
648
640
640
640
640
640
634
632
624
616
614
610
608
608
608
604
600
600
600
592
592
592
592
592
586
584
580
578
576
576
576
576
576
576
574
572
568
568
560
560
560
560
554
552
552
548
544
544
542
540
536
536
536
532
528
528
528
528
524
512
512
512
512
512
512
488
480
472
448
424
404
400
386
386
384
344
296
240
192
192
148
128
56
