802
31104
27970
27944
27938
27920
27912
27908
27876
27848
27842
27830
27810
27804
27800
27797
27750
27748
27745
27733
27710
27708
27701
27682
27679
27676
27661
27632
27622
27595
27583
27560
27545
27536
27530
27496
27489
27465
27446
27436
27425
27424
27414
27402
27384
27372
27369
27327
27316
27309
27302
27286
27256
27228
27222
27209
27193
27184
27174
27169
27159
27128
27124
27069
27053
27029
27014
26975
26958
26942
26932
26901
26900
26894
26886
26858
26837
26824
26768
26760
26740
26701
26669
26668
26645
26638
26614
26608
26598
26583
26568
26468
26441
26436
26395
26378
26372
26340
26308
26302
26248
26225
26194
26172
26169
26160
26152
26120
26095
26012
25992
25968
25966
25963
25948
25869
25844
25816
25810
25693
25666
25623
25596
25552
25538
25481
25468
25449
25338
25336
25306
25276
25258
25215
25208
25072
25056
25018
25016
24944
24940
24907
24891
24875
24851
24827
24816
24714
24700
24699
24604
24578
24530
24520
24476
24392
24354
24287
24271
24247
24223
24144
24142
24068
23980
23768
23662
23640
23563
23547
23536
23523
23492
23446
23395
23388
23379
23355
23331
23309
23120
23016
22882
22804
22728
22676
22640
22621
22510
22493
22232
22064
21948
21826
21820
21641
21640
21625
21609
21585
21561
21512
21433
21398
21392
21012
20884
20796
20730
20560
20369
20353
20337
20313
20312
20289
20184
20161
20082
19800
19672
19668
19600
19564
19314
19306
19217
19089
18983
18846
18448
18216
18212
18084
18000
17976
17852
17718
17712
17654
17557
17429
17402
17088
17008
16308
16232
16176
15656
15624
15600
15592
15588
15578
15572
15570
15568
15565
15562
15561
15560
15557
15556
15554
15553
15424
14416
14392
14108
14032
13504
12968
12964
12962
12961
12957
12954
12953
12951
12948
12946
12942
12936
12904
12464
12408
12336
12332
12144
11760
11680
11616
11498
11422
11397
11362
11302
11291
11044
10952
10852
10748
10744
10624
10576
10440
10219
10218
10101
10013
9932
9834
9620
9616
9532
9528
9186
9121
9112
9013
9000
8993
8973
8968
8961
8947
8816
8646
8596
8412
8112
8090
8061
7953
7933
7913
7901
7896
7887
7740
7734
7636
7536
7400
7177
7162
7143
7071
7056
7028
7009
6984
6924
6854
6744
6672
6479
6459
6439
6436
6382
6348
6320
6319
6299
6285
6232
6202
6120
6044
5940
5894
5868
5840
5808
5802
5735
5715
5695
5681
5626
5608
5496
5442
5420
5340
5339
5326
5264
5259
5231
5191
5179
5165
5140
5080
5074
5040
4985
4920
4909
4874
4860
4834
4808
4806
4700
4687
4656
4642
4596
4569
4534
4520
4511
4460
4460
4452
4414
4384
4363
4340
4304
4300
4289
4285
4282
4264
4244
4168
4144
4136
4113
4094
4067
4056
4004
4002
3984
3972
3942
3925
3887
3868
3836
3808
3784
3769
3758
3742
3722
3717
3700
3697
3671
3632
3629
3624
3576
3557
3542
3518
3510
3508
3503
3496
3484
3470
3458
3441
3410
3397
3363
3358
3324
3320
3289
3281
3280
3278
3261
3247
3238
3236
3218
3182
3170
3164
3163
3149
3116
3113
3112
3104
3086
3067
3060
3050
3033
3016
3013
2992
2968
2967
2950
2935
2925
2902
2896
2871
2860
2855
2854
2837
2836
2830
2811
2804
2801
2798
2760
2757
2756
2730
2728
2722
2692
2672
2668
2664
2648
2642
2614
2590
2590
2590
2588
2588
2588
2588
2584
2584
2584
2576
2576
2576
2560
2464
2464
2464
2336
2336
2280
2278
2256
2208
2176
2168
2148
2144
2144
2080
2040
2020
2002
1964
1920
1904
1904
1888
1888
1836
1822
1808
1802
1798
1794
1792
1790
1788
1728
1728
1712
1696
1680
1668
1616
1610
1600
1590
1586
1582
1578
1576
1568
1544
1544
1520
1504
1504
1472
1472
1472
1434
1432
1412
1408
1408
1400
1392
1376
1368
1344
1312
1294
1290
1286
1280
1276
1264
1262
1258
1256
1248
1240
1232
1216
1184
1168
1160
1152
1146
1142
1138
1136
1124
1120
1104
1088
1084
1080
1066
1064
1064
1056
1056
1046
1038
1034
1032
1024
1024
1012
1008
994
992
980
976
972
968
964
960
960
960
936
936
924
912
912
904
900
896
880
872
864
856
856
856
848
848
832
822
816
816
816
812
800
800
800
800
792
792
784
784
776
768
768
752
752
748
748
744
742
738
736
732
720
720
710
704
704
704
700
700
700
700
696
692
688
688
688
680
680
678
672
670
656
656
656
654
652
652
650
648
644
640
640
636
632
632
628
624
624
622
616
616
612
608
608
608
608
606
602
592
592
586
584
584
580
576
576
576
576
572
570
568
568
566
564
560
560
558
556
552
550
544
544
544
540
536
528
528
528
528
524
520
512
512
512
480
428
422
416
356
352
344
332
328
320
288
272
256
256
128
