802
27840
25028
25010
24976
24958
24956
24920
24910
24908
24878
24864
24856
24854
24852
24816
24802
24792
24764
24746
24736
24732
24712
24688
24670
24644
24606
24560
24554
24544
24536
24532
24516
24500
24496
24472
24470
24444
24440
24426
24416
24404
24370
24360
24306
24304
24252
24242
24236
24204
24176
24162
24152
24124
24108
24082
24056
24048
24034
24024
23974
23968
23938
23906
23894
23888
23780
23764
23748
23720
23712
23710
23690
23688
23668
23652
23620
23584
23568
23562
23556
23506
23500
23490
23456
23440
23428
23394
23362
23352
23328
23326
23320
23288
23256
23222
23188
23167
23156
23152
23136
23110
23076
22985
22960
22952
22942
22910
22881
22874
22873
22857
22812
22808
22792
22750
22729
22688
22682
22672
22612
22578
22544
22530
22529
22516
22480
22444
22415
22264
22248
22222
22176
22170
22156
22151
22135
22049
22028
21936
21904
21900
21878
21860
21814
21798
21792
21713
21660
21632
21624
21608
21569
21509
21505
21489
21407
21390
21374
21300
21290
21280
21232
21200
21076
20948
20943
20878
20856
20840
20791
20784
20778
20576
20516
20514
20468
20448
20412
20403
20286
20053
19984
19928
19912
19868
19856
19792
19680
19583
19574
19558
19542
19500
19494
19436
19424
19414
19340
19264
19244
19165
19116
18960
18890
18864
18810
18808
18792
18599
18554
18464
18430
18420
18164
18069
17820
17760
17680
17552
17498
17488
17472
17464
17456
17448
17375
17346
17172
17056
16986
16858
16850
16783
16764
16562
16262
16224
16073
15988
15888
15864
15856
15848
15620
15492
15221
15106
14746
14624
14418
13984
13972
13968
13956
13944
13940
13936
13933
13930
13929
13928
13925
13924
13922
13921
13341
12754
12446
12128
11608
11604
11602
11601
11600
11597
11593
11592
11588
11572
11568
11564
11264
11188
11040
10914
10614
10517
10292
10008
10000
9992
9968
9910
9884
9807
9730
9696
9650
9408
9402
9236
9215
9162
8992
8928
8892
8746
8721
8664
8656
8656
8648
8622
8592
8496
8366
8356
8143
8068
7852
7842
7840
7762
7701
7664
7544
7528
7504
7462
7276
7231
7188
7164
7084
7072
7022
7004
6958
6918
6902
6890
6881
6816
6736
6672
6644
6616
6600
6576
6491
6400
6398
6365
6320
6298
6196
6176
6148
6132
6112
6108
5886
5875
5848
5832
5802
5760
5749
5748
5552
5520
5472
5462
5452
5443
5440
5430
5390
5378
5361
5293
5281
5277
5208
5192
5156
5107
5088
5022
4988
4976
4970
4956
4944
4892
4827
4784
4768
4755
4741
4740
4726
4722
4664
4648
4521
4504
4500
4496
4494
4444
4427
4426
4394
4392
4364
4336
4320
4302
4288
4261
4200
4196
4171
4153
4142
4141
4110
4088
4082
4080
4047
3972
3970
3942
3936
3920
3908
3895
3884
3856
3850
3832
3822
3808
3800
3782
3762
3752
3706
3684
3680
3626
3620
3614
3572
3568
3566
3556
3552
3524
3492
3488
3464
3464
3462
3448
3442
3412
3404
3394
3388
3312
3282
3248
3232
3222
3184
3174
3160
3116
3100
3080
3072
3072
3066
3036
3004
3002
2996
2960
2946
2912
2904
2894
2868
2846
2840
2836
2836
2810
2808
2800
2800
2788
2784
2772
2764
2762
2760
2698
2668
2642
2640
2616
2592
2584
2582
2564
2544
2534
2528
2492
2490
2488
2470
2444
2442
2440
2416
2404
2402
2362
2348
2318
2318
2318
2316
2312
2312
2312
2304
2304
2304
2304
2304
2180
2176
2120
2102
2056
1984
1984
1984
1984
1968
1960
1928
1920
1876
1842
1840
1828
1792
1776
1748
1744
1728
1728
1728
1728
1720
1696
1696
1664
1664
1628
1608
1568
1568
1540
1536
1504
1504
1488
1472
1448
1444
1432
1416
1404
1400
1388
1380
1380
1376
1376
1344
1344
1328
1312
1312
1312
1312
1296
1280
1268
1256
1252
1232
1224
1216
1216
1216
1176
1174
1160
1156
1152
1152
1152
1152
1152
1148
1144
1088
1088
1088
1088
1088
1076
1072
1072
1072
1058
1054
1054
1032
1024
1024
1024
1024
1024
1020
1004
992
992
984
976
964
960
960
960
950
948
944
944
944
928
928
928
920
920
904
896
896
896
884
884
880
864
864
856
850
832
832
832
832
830
828
826
824
820
816
808
800
800
792
788
788
778
776
768
768
768
768
768
768
752
752
752
740
736
736
728
724
720
720
712
712
704
704
704
704
704
696
696
696
688
688
688
680
672
672
672
652
644
640
640
640
632
632
624
616
616
616
612
612
608
608
600
600
596
592
588
576
576
576
568
568
566
560
560
560
560
552
552
544
544
544
544
544
536
528
528
524
512
512
512
512
512
512
512
512
508
504
496
496
496
492
488
488
480
480
480
480
480
468
464
464
448
448
416
364
352
320
272
192
164
128
128
128
80
