0.5,0.5
0.00990099,0.990099
0.00990099,0.990099
0.00990099,0.990099
0.00990099,0.990099
0.00990099,0.990099
0.00990099,0.990099
0.00990099,0.990099
0.00990099,0.990099
0.00990099,0.990099
0.00990099,0.990099
0.00990099,0.990099
0.00990099,0.990099
0.00990099,0.990099
0.00990099,0.990099
0.00990099,0.990099
0.00990099,0.990099
0.00990099,0.990099
0.00990099,0.990099
0.00990099,0.990099
0.00990099,0.990099
0.00990099,0.990099
0.00990099,0.990099
0.00990099,0.990099
0.00990099,0.990099
0.850932,0.149068
0.850932,0.149068
0.810651,0.189349
0.71875,0.28125
0.647383,0.352617
0.674641,0.325359
0.654378,0.345622
0.612766,0.387234
0.612865,0.387135
0.566149,0.433851
0.593886,0.406114
0.608696,0.391304
0.628039,0.371961
0.64487,0.35513
0.631369,0.368631
0.644291,0.355709
0.638359,0.361641
0.648885,0.351115
0.65144,0.34856
0.66082,0.33918
0.669388,0.330612
0.677244,0.322756
0.666596,0.333404
0.67402,0.32598
0.68088,0.31912
0.683616,0.316384
0.689624,0.310376
0.695225,0.304775
0.691897,0.308103
0.694594,0.305406
0.699525,0.300475
0.691057,0.308943
0.684471,0.315529
0.672742,0.327258
0.677679,0.322321
0.679688,0.320312
0.686635,0.313365
0.68834,0.31166
0.673684,0.326316
0.680412,0.319588
0.675895,0.324105
0.666667,0.333333
0.661215,0.338785
0.663082,0.336918
0.667182,0.332818
0.670002,0.329998
0.667306,0.332694
0.651239,0.348761
0.653087,0.346913
0.656042,0.343958
0.651181,0.348819
0.652909,0.347091
0.656517,0.343483
0.651487,0.348513
0.654984,0.345016
0.650103,0.349897
0.650065,0.349935
0.649222,0.350778
0.65366,0.34634
0.656867,0.343133
0.651451,0.348549
0.652866,0.347134
0.657012,0.342988
0.659378,0.340622
0.662252,0.337748
0.665037,0.334963
0.667737,0.332263
0.663683,0.336317
0.6576,0.3424
0.660281,0.339719
0.659254,0.340746
0.659025,0.340975
0.653181,0.346819
0.645161,0.354839
0.646103,0.353897
0.640354,0.359646
0.642997,0.357003
0.645242,0.354758
0.638305,0.361695
0.639546,0.360454
0.643047,0.356953
0.645483,0.354517
0.646586,0.353414
0.648916,0.351084
0.65093,0.34907
0.649541,0.350459
0.651772,0.348228
0.651616,0.348384
0.643781,0.356219
0.645976,0.354024
0.647947,0.352053
0.651771,0.348229
0.653833,0.346167
0.654757,0.345243
0.656741,0.343259
0.659609,0.340391
0.653431,0.346569
0.656281,0.343719
0.65606,0.34394
0.660656,0.339344
0.661321,0.338679
0.656364,0.343636
0.656038,0.343962
0.65377,0.34623
0.656457,0.343543
0.657019,0.342981
0.658763,0.341237
0.654822,0.345178
0.652772,0.347228
0.654502,0.345498
0.657921,0.342079
0.653115,0.346885
0.654802,0.345198
0.655402,0.344598
0.656916,0.343084
0.657534,0.342466
0.658886,0.341114
0.651557,0.348443
0.648605,0.351395
0.650264,0.349736
0.654235,0.345765
0.650813,0.349187
0.645664,0.354336
0.648019,0.351981
0.65113,0.34887
0.651919,0.348081
0.653475,0.346525
0.653528,0.346472
0.649269,0.350731
0.649351,0.350649
0.650156,0.349844
0.652399,0.347601
0.654639,0.345361
0.654774,0.345226
0.654902,0.345098
0.65504,0.34496
0.656516,0.343484
0.657948,0.342052
0.653198,0.346802
0.654684,0.345316
0.654832,0.345168
0.651432,0.348568
0.652872,0.347128
0.654936,0.345064
0.656977,0.343023
0.65643,0.34357
0.658438,0.341562
0.659758,0.340242
0.65869,0.34131
0.65999,0.34001
0.661933,0.338067
0.661994,0.338006
0.663249,0.336751
0.6652,0.3348
0.666482,0.333518
0.665936,0.334064
0.667139,0.332861
0.664556,0.335444
0.659565,0.340435
0.659616,0.340384
0.655838,0.344162
0.657043,0.342957
0.658378,0.341622
0.658498,0.341502
0.659107,0.340893
0.660267,0.339733
0.657128,0.342872
0.658279,0.341721
0.659417,0.340583
0.661337,0.338663
0.657705,0.342295
0.650891,0.349109
0.649507,0.350493
0.650744,0.349256
0.652501,0.347499
0.653325,0.346675
0.654442,0.345558
0.651005,0.348995
0.652117,0.347883
0.652802,0.347198
0.653893,0.346107
0.654466,0.345534
0.655738,0.344262
0.656899,0.343101
0.657949,0.342051
0.658,0.342
0.660929,0.339071
0.662055,0.337945
0.661163,0.338837
0.661914,0.338086
0.658015,0.341985
0.655289,0.344711
0.656305,0.343695
0.658465,0.341535
0.658203,0.341797
0.657952,0.342048
0.659509,0.340491
0.656497,0.343503
0.65748,0.34252
0.657486,0.342514
0.657389,0.342611
0.658726,0.341274
0.659686,0.340314
0.660637,0.339363
0.658667,0.341333
0.659617,0.340383
0.659801,0.340199
0.656621,0.343379
0.657534,0.342466
0.658482,0.341518
0.65927,0.34073
0.656401,0.343599
0.656169,0.343831
0.656722,0.343278
0.656887,0.343113
0.656047,0.343953
0.656593,0.343407
0.656521,0.343479
0.655717,0.344283
0.656626,0.343374
0.659091,0.340909
0.661743,0.338257
0.664228,0.335772
0.66452,0.33548
0.663975,0.336025
0.664491,0.335509
0.664302,0.335698
0.66516,0.33484
0.665727,0.334273
0.668619,0.331381
0.669457,0.330543
0.669401,0.330599
0.669818,0.330182
0.669455,0.330545
0.67028,0.32972
0.672488,0.327512
0.669674,0.330326
0.671979,0.328021
0.672789,0.327211
0.673592,0.326408
0.673427,0.326573
0.671685,0.328315
0.66831,0.33169
0.665736,0.334264
0.66654,0.33346
0.663874,0.336126
0.664354,0.335646
0.663493,0.336507
0.663972,0.336028
0.664763,0.335237
0.66505,0.33495
0.666045,0.333955
0.666512,0.333488
0.664892,0.335108
0.66162,0.33838
0.662221,0.337779
0.66121,0.33879
0.662849,0.337151
0.663314,0.336686
0.662905,0.337095
0.660821,0.339179
0.662431,0.337569
0.661547,0.338453
0.663168,0.336832
0.661135,0.338865
0.661899,0.338101
0.658998,0.341002
0.659761,0.340239
0.657375,0.342625
0.65754,0.34246
0.658296,0.341704
0.65594,0.34406
0.653309,0.346691
0.653768,0.346232
0.655613,0.344387
0.655773,0.344227
0.655732,0.344268
0.656015,0.343985
0.656195,0.343805
0.656405,0.343595
0.657146,0.342854
0.658754,0.341246
0.65931,0.34069
0.658732,0.341268
0.65946,0.34054
0.659788,0.340212
0.660239,0.339761
0.661166,0.338834
0.662458,0.337542
0.661627,0.338373
0.66008,0.33992
0.661156,0.338844
0.66144,0.33856
0.659286,0.340714
0.656258,0.343742
0.657584,0.342416
0.658338,0.341662
0.660506,0.339494
0.660644,0.339356
0.660585,0.339415
0.661128,0.338872
0.658915,0.341085
0.657173,0.342827
0.657966,0.342034
0.658655,0.341345
0.655488,0.344512
0.653339,0.346661
0.653932,0.346068
0.652499,0.347501
0.653039,0.346961
0.653084,0.346916
0.654017,0.345983
0.651421,0.348579
0.652105,0.347895
0.651669,0.348331
0.651684,0.348316
0.652121,0.347879
0.652554,0.347446
0.650808,0.349192
0.651479,0.348521
0.652486,0.347514
0.653612,0.346388
0.649128,0.350872
0.650076,0.349924
0.650814,0.349186
0.651479,0.348521
0.649197,0.350803
0.649831,0.350169
0.647441,0.352559
0.645522,0.354478
0.646158,0.353842
0.646819,0.353181
0.644468,0.355532
0.642487,0.357513
0.642096,0.357904
0.642534,0.357466
0.643192,0.356808
0.644122,0.355878
0.64407,0.35593
0.64472,0.35528
0.64503,0.35497
0.645675,0.354325
0.64457,0.35543
0.642275,0.357725
0.643437,0.356563
0.644379,0.355621
0.644557,0.355443
0.644981,0.355019
0.642703,0.357297
0.643112,0.356888
0.641993,0.358007
0.642726,0.357274
0.642934,0.357066
0.643858,0.356142
0.643862,0.356138
0.643875,0.356125
0.644583,0.355417
0.644297,0.355703
0.645998,0.354002
0.647087,0.352913
0.644973,0.355027
0.645101,0.354899
0.645716,0.354284
0.646134,0.353866
0.644234,0.355766
0.644845,0.355155
0.646032,0.353968
0.647779,0.352221
0.648473,0.351527
0.648782,0.351218
0.649187,0.350813
0.647782,0.352218
0.648469,0.351531
0.64661,0.35339
0.644858,0.355142
0.645545,0.354455
0.645849,0.354151
0.644585,0.355415
0.643236,0.356764
0.644658,0.355342
0.64295,0.35705
0.643162,0.356838
0.643561,0.356439
0.642923,0.357077
0.640203,0.359797
0.640687,0.359313
0.641272,0.358728
0.641258,0.358742
0.641116,0.358884
0.641248,0.358752
0.642196,0.357804
0.642778,0.357222
0.642114,0.357886
0.641823,0.358177
0.642058,0.357942
0.644156,0.355844
0.644213,0.355787
0.645051,0.354949
0.645205,0.354795
0.645772,0.354228
0.646521,0.353479
0.646667,0.353333
0.646892,0.353108
0.647492,0.352508
0.647741,0.352259
0.647917,0.352083
0.648247,0.351753
0.646305,0.353695
0.646535,0.353465
0.646662,0.353338
0.644517,0.355483
0.646406,0.353594
0.64615,0.35385
0.646631,0.353369
0.648428,0.351572
0.648594,0.351406
0.648676,0.351324
0.646932,0.353068
0.647952,0.352048
0.646457,0.353543
0.646477,0.353523
0.646871,0.353129
0.646974,0.353026
0.647681,0.352319
0.648071,0.351929
0.64819,0.35181
0.648677,0.351323
0.647129,0.352871
0.64814,0.35186
0.64877,0.35123
0.647219,0.352781
0.645987,0.354013
0.646374,0.353626
0.64664,0.35336
0.646668,0.353332
0.64538,0.35462
0.643558,0.356442
0.643944,0.356056
0.644554,0.355446
0.643907,0.356093
0.644088,0.355912
0.644188,0.355812
0.644937,0.355063
0.642987,0.357013
0.643468,0.356532
0.643623,0.356377
0.641687,0.358313
0.640265,0.359735
0.641674,0.358326
0.639702,0.360298
0.639072,0.360928
0.638789,0.361211
0.638763,0.361237
0.637357,0.362643
0.637397,0.362603
0.638135,0.361865
0.638871,0.361129
0.639262,0.360738
0.640785,0.359215
0.64025,0.35975
0.640975,0.359025
0.64294,0.35706
0.64345,0.35655
0.643437,0.356563
0.642055,0.357945
0.643014,0.356986
0.643128,0.356872
0.644096,0.355904
0.644346,0.355654
0.64567,0.35433
0.646786,0.353214
0.647286,0.352714
0.645565,0.354435
0.647029,0.352971
0.6474,0.3526
0.647769,0.352231
0.648741,0.351259
0.649193,0.350807
0.649628,0.350372
0.649744,0.350256
0.65023,0.34977
0.650786,0.349214
0.651462,0.348538
0.649887,0.350113
0.650386,0.349614
0.651322,0.348678
0.648492,0.351508
0.649131,0.350869
0.647384,0.352616
0.645716,0.354284
0.644318,0.355682
0.642983,0.357017
0.64339,0.35661
0.641819,0.358181
0.640753,0.359247
0.6416,0.3584
0.641966,0.358034
0.642773,0.357227
0.643322,0.356678
0.644496,0.355504
0.645345,0.354655
0.645702,0.354298
0.644197,0.355803
0.644672,0.355328
0.64506,0.35494
0.644231,0.355769
0.644704,0.355296
0.645911,0.354089
0.6457,0.3543
0.646351,0.353649
0.644815,0.355185
0.645478,0.354522
0.645947,0.354053
0.646413,0.353587
0.644854,0.355146
0.646208,0.353792
0.646447,0.353553
0.646861,0.353139
0.647336,0.352664
0.646012,0.353988
0.646474,0.353526
0.646772,0.353228
0.647137,0.352863
0.647401,0.352599
0.647921,0.352079
0.648294,0.351706
0.647355,0.352645
0.645059,0.354941
0.643552,0.356448
0.642184,0.357816
0.642949,0.357051
0.641723,0.358277
0.643215,0.356785
0.641923,0.358077
0.642041,0.357959
0.642665,0.357335
0.643181,0.356819
0.643205,0.356795
0.643718,0.356282
0.6443,0.3557
0.644704,0.355296
0.645165,0.354835
0.643414,0.356586
0.643924,0.356076
0.642589,0.357411
0.641331,0.358669
0.641169,0.358831
0.641469,0.358531
0.641968,0.358032
0.643011,0.356989
0.643457,0.356543
0.642264,0.357736
0.642562,0.357438
0.642654,0.357346
0.643052,0.356948
0.641832,0.358168
0.642687,0.357313
0.64313,0.35687
0.64203,0.35797
0.642367,0.357633
0.642791,0.357209
0.644004,0.355996
0.644305,0.355695
0.644602,0.355398
0.645421,0.354579
0.645487,0.354513
0.646928,0.353072
0.647096,0.352904
0.647351,0.352649
0.646929,0.353071
0.646997,0.353003
0.647483,0.352517
0.647552,0.352448
0.647892,0.352108
0.648149,0.351851
0.648693,0.351307
0.649014,0.350986
0.649351,0.350649
0.649552,0.350448
0.649988,0.350012
0.650982,0.349018
0.651409,0.348591
0.651676,0.348324
0.651513,0.348487
0.651113,0.348887
0.651462,0.348538
0.649142,0.350858
0.649671,0.350329
0.650097,0.349903
0.650124,0.349876
0.650548,0.349452
0.65001,0.34999
0.651118,0.348882
0.651004,0.348996
0.651307,0.348693
0.652085,0.347915
0.653133,0.346867
0.653483,0.346517
0.654178,0.345822
0.653978,0.346022
0.654524,0.345476
0.654603,0.345397
0.654819,0.345181
0.654904,0.345096
0.655446,0.344554
0.655108,0.344892
0.655191,0.344809
0.654861,0.345139
0.655985,0.344015
0.654751,0.345249
0.65519,0.34481
0.65628,0.34372
0.655545,0.344455
0.655293,0.344707
0.654372,0.345628
0.654473,0.345527
0.654512,0.345488
0.653332,0.346668
0.653711,0.346289
0.65412,0.34588
0.654527,0.345473
0.654505,0.345495
0.654702,0.345298
0.655106,0.344894
0.655433,0.344567
0.65581,0.34419
0.655249,0.344751
0.655593,0.344407
0.655422,0.344578
0.655495,0.344505
0.655894,0.344106
0.656217,0.343783
0.655175,0.344825
0.656025,0.343975
0.656273,0.343727
0.656191,0.343809
0.656705,0.343295
0.657154,0.342846
0.65752,0.34248
0.657766,0.342234
0.658156,0.341844
0.656827,0.343173
0.65719,0.34281
0.655868,0.344132
0.655407,0.344593
0.654364,0.345636
0.654629,0.345371
0.65303,0.34697
0.65347,0.34653
0.653789,0.346211
0.653643,0.346357
0.654169,0.345831
0.654802,0.345198
0.654686,0.345314
0.653255,0.346745
0.651817,0.348183
0.652205,0.347795
0.652399,0.347601
0.651962,0.348038
0.652348,0.347652
0.653364,0.346636
0.65349,0.34651
0.65324,0.34676
0.653868,0.346132
0.654271,0.345729
0.654483,0.345517
0.654976,0.345024
0.65539,0.34461
0.655269,0.344731
0.655035,0.344965
0.655874,0.344126
0.656252,0.343748
0.655312,0.344688
0.655244,0.344756
0.655709,0.344291
0.655487,0.344513
0.655667,0.344333
0.655911,0.344089
0.655765,0.344235
0.656011,0.343989
0.65617,0.34383
0.656393,0.343607
0.655841,0.344159
0.656243,0.343757
0.656641,0.343359
0.65661,0.34339
0.656598,0.343402
0.656909,0.343091
0.657204,0.342796
0.655967,0.344033
0.657571,0.342429
0.658319,0.341681
0.657786,0.342214
0.657755,0.342245
0.657999,0.342001
0.658554,0.341446
0.659087,0.340913
0.659057,0.340943
0.659097,0.340903
0.659628,0.340372
0.660116,0.339884
0.660581,0.339419
0.660552,0.339448
0.660494,0.339506
0.660836,0.339164
0.6612,0.3388
0.660807,0.339193
0.660813,0.339187
0.66171,0.33829
0.661529,0.338471
0.661034,0.338966
0.661474,0.338526
0.661771,0.338229
0.662065,0.337935
0.661559,0.338441
0.660221,0.339779
0.660579,0.339421
0.660572,0.339428
0.660871,0.339129
0.661307,0.338693
0.661537,0.338463
0.661679,0.338321
0.661997,0.338003
0.662333,0.337667
0.662686,0.337314
0.662521,0.337479
0.663049,0.336951
0.663391,0.336609
0.662118,0.337882
0.662468,0.337532
0.662537,0.337463
0.66314,0.33686
0.663489,0.336511
0.661931,0.338069
0.660673,0.339327
0.660361,0.339639
0.661279,0.338721
0.661268,0.338732
0.662055,0.337945
0.661168,0.338832
0.661649,0.338351
0.662501,0.337499
0.662874,0.337126
0.66167,0.33833
0.660378,0.339622
0.658238,0.341762
0.657634,0.342366
0.656163,0.343837
0.654799,0.345201
0.655079,0.344921
0.655656,0.344344
0.655881,0.344119
0.655725,0.344275
0.656362,0.343638
0.656625,0.343375
0.65647,0.34353
0.657321,0.342679
0.657668,0.342332
0.658195,0.341805
0.658509,0.341491
0.658069,0.341931
0.657631,0.342369
0.657893,0.342107
0.657462,0.342538
0.657712,0.342288
0.658138,0.341862
0.65841,0.34159
0.658996,0.341004
0.65954,0.34046
0.658841,0.341159
0.658695,0.341305
0.658962,0.341038
0.658953,0.341047
0.658797,0.341203
0.65852,0.34148
0.658515,0.341485
0.658779,0.341221
0.658912,0.341088
0.659277,0.340723
0.659327,0.340673
0.659868,0.340132
0.659466,0.340534
0.6592,0.3408
0.659554,0.340446
0.659422,0.340578
0.659161,0.340839
0.659573,0.340427
0.659833,0.340167
0.659588,0.340412
0.659331,0.340669
0.659592,0.340408
0.65999,0.34001
0.660024,0.339976
0.659644,0.340356
0.659266,0.340734
0.65978,0.34022
0.659532,0.340468
0.659411,0.340589
0.659805,0.340195
0.65931,0.34069
0.659691,0.340309
0.66012,0.33988
0.660249,0.339751
0.660036,0.339964
0.659676,0.340324
0.65944,0.34056
0.659513,0.340487
0.660132,0.339868
0.660624,0.339376
0.660677,0.339323
0.661224,0.338776
0.661505,0.338495
0.661513,0.338487
0.661774,0.338226
0.660518,0.339482
0.660882,0.339118
0.660889,0.339111
0.661131,0.338869
0.661724,0.338276
0.661791,0.338209
0.662115,0.337885
0.660813,0.339187
0.661117,0.338883
0.66089,0.33911
0.660548,0.339452
0.660092,0.339908
0.660418,0.339582
0.660922,0.339078
0.661559,0.338441
0.661799,0.338201
0.661579,0.338421
0.661247,0.338753
0.661483,0.338517
0.661492,0.338508
0.661725,0.338275
0.660502,0.339498
0.660878,0.339122
0.66055,0.33945
0.660936,0.339064
0.661189,0.338811
0.661423,0.338577
0.660988,0.339012
0.660778,0.339222
0.660458,0.339542
0.660911,0.339089
0.661166,0.338834
0.661397,0.338603
0.661611,0.338389
0.660967,0.339033
0.66149,0.33851
0.661612,0.338388
0.660316,0.339684
0.660455,0.339545
0.66036,0.33964
0.660374,0.339626
0.660388,0.339612
0.660508,0.339492
0.660201,0.339799
0.660546,0.339454
0.660453,0.339547
0.660858,0.339142
0.660766,0.339234
0.660465,0.339535
0.660923,0.339077
0.661297,0.338703
0.660998,0.339002
0.661341,0.338659
0.661149,0.338851
0.661269,0.338731
0.661517,0.338483
0.661326,0.338674
0.661447,0.338553
0.661669,0.338331
0.661582,0.338418
0.661394,0.338606
0.661105,0.338895
0.660716,0.339284
0.660913,0.339087
0.660831,0.339169
0.660851,0.339149
0.660669,0.339331
0.660889,0.339111
0.660808,0.339192
0.660927,0.339073
0.660946,0.339054
0.661333,0.338667
0.661549,0.338451
0.661705,0.338295
0.661977,0.338023
0.661995,0.338005
0.662014,0.337986
0.662363,0.337637
0.662693,0.337307
0.66325,0.33675
0.66364,0.33636
0.663561,0.336439
0.663773,0.336227
0.663405,0.336595
0.663615,0.336385
0.663346,0.336654
0.662886,0.337114
0.663008,0.336992
0.663219,0.336781
0.663429,0.336571
0.663734,0.336266
0.663469,0.336531
0.663796,0.336204
0.663722,0.336278
0.66346,0.33654
0.663481,0.336519
0.662427,0.337573
0.662863,0.337137
0.663163,0.336837
0.662996,0.337004
0.661647,0.338353
0.660355,0.339645
0.660282,0.339718
0.659024,0.340976
0.657772,0.342228
0.658125,0.341875
0.658472,0.341528
0.658734,0.341266
0.657562,0.342438
0.65789,0.34211
0.657726,0.342274
0.656836,0.343164
0.657164,0.342836
0.657,0.343
0.657159,0.342841
0.655771,0.344229
0.654708,0.345292
0.654729,0.345271
0.654385,0.345615
0.653219,0.346781
0.65337,0.34663
0.653028,0.346972
0.65287,0.34713
0.652712,0.347288
0.652645,0.347355
0.652864,0.347136
0.651706,0.348294
0.65173,0.34827
0.651794,0.348206
0.651549,0.348451
0.651127,0.348873
0.651153,0.348847
0.651269,0.348731
0.651649,0.348351
0.651674,0.348326
0.65206,0.34794
0.652362,0.347638
0.652123,0.347877
0.652323,0.347677
0.65261,0.34739
0.652372,0.347628
0.652657,0.347343
0.652799,0.347201
0.653169,0.346831
0.653278,0.346722
0.653622,0.346378
0.653988,0.346012
0.65401,0.34599
0.654117,0.345883
0.65449,0.34551
0.654341,0.345659
0.654277,0.345723
0.65413,0.34587
0.654236,0.345764
0.654712,0.345288
0.654985,0.345015
0.655088,0.344912
0.653936,0.346064
0.654033,0.345967
0.653886,0.346114
0.653991,0.346009
0.653928,0.346072
0.653949,0.346051
0.654052,0.345948
0.654154,0.345846
0.654339,0.345661
0.654686,0.345314
0.654459,0.345541
0.654743,0.345257
0.654762,0.345238
0.654781,0.345219
0.654719,0.345281
0.654738,0.345262
0.654838,0.345162
0.654856,0.345144
0.654794,0.345206
0.654893,0.345107
0.655231,0.344769
0.655328,0.344672
0.655741,0.344259
0.655758,0.344242
0.655616,0.344384
0.655947,0.344053
0.655727,0.344273
0.656028,0.343972
0.656122,0.343878
0.656266,0.343734
0.656127,0.343873
0.65591,0.34409
0.656282,0.343718
0.656067,0.343933
0.656239,0.343761
0.656678,0.343322
0.656926,0.343074
0.657019,0.342981
0.657341,0.342659
0.657204,0.342796
0.65699,0.34301
0.657333,0.342667
0.657728,0.342272
0.657894,0.342106
0.657607,0.342393
0.657923,0.342077
0.658163,0.341837
0.658326,0.341674
0.658415,0.341585
0.65813,0.34187
0.657994,0.342006
0.657563,0.342437
0.657726,0.342274
0.658218,0.341782
0.6588,0.3412
0.659252,0.340748
0.659658,0.340342
0.659817,0.340183
0.660006,0.339994
0.660512,0.339488
0.660306,0.339694
0.660537,0.339463
0.660622,0.339378
0.660996,0.339004
0.661224,0.338776
0.661019,0.338981
0.661317,0.338683
0.661669,0.338331
0.662007,0.337993
0.662275,0.337725
0.66258,0.33742
0.662378,0.337622
0.662034,0.337966
0.662082,0.337918
0.662025,0.337975
0.661826,0.338174
0.662052,0.337948
0.661924,0.338076
0.662149,0.337851
0.662233,0.337767
0.662532,0.337468
0.662405,0.337595
0.662139,0.337861
0.662251,0.337749
0.662266,0.337734
0.662141,0.337859
0.661878,0.338122
0.661755,0.338245
0.661701,0.338299
0.661716,0.338284
0.661594,0.338406
0.66161,0.33839
0.661419,0.338581
0.661808,0.338192
0.66155,0.33845
0.661635,0.338365
0.661758,0.338242
0.661911,0.338089
0.661927,0.338073
0.66217,0.33783
0.662118,0.337882
0.662385,0.337615
0.662401,0.337599
0.662485,0.337515
0.5,0.5
0.990099,0.00990099
0.990099,0.00990099
0.25,0.75
0.333333,0.666667
0.391304,0.608696
0.363636,0.636364
0.348837,0.651163
0.384615,0.615385
0.531915,0.468085
0.535714,0.464286
0.503817,0.496183
0.475309,0.524691
0.451613,0.548387
0.433333,0.566667
0.392,0.608
0.411765,0.588235
0.418462,0.581538
0.43299,0.56701
0.451074,0.548926
0.478261,0.521739
0.496183,0.503817
0.482759,0.517241
0.505547,0.494453
0.5,0.5
0.51229,0.48771
0.52381,0.47619
0.496629,0.503371
0.514286,0.485714
0.536181,0.463819
0.545757,0.454243
0.56044,0.43956
0.5625,0.4375
0.564616,0.435384
0.553398,0.446602
0.560748,0.439252
0.572954,0.427046
0.579279,0.420721
0.595469,0.404531
0.589744,0.410256
0.595331,0.404669
0.592311,0.407689
0.582147,0.417853
0.591887,0.408113
0.592814,0.407186
0.597594,0.402406
0.594484,0.405516
0.59161,0.40839
0.572289,0.427711
0.58672,0.41328
0.592593,0.407407
0.600683,0.399317
0.602508,0.397492
0.590921,0.409079
0.579158,0.420842
0.574324,0.425676
0.575658,0.424342
0.564901,0.435099
0.569012,0.430988
0.572955,0.427045
0.571368,0.428632
0.575078,0.424922
0.57776,0.42224
0.578805,0.421195
0.582226,0.417774
0.574704,0.425296
0.584511,0.415489
0.578077,0.421923
0.580475,0.419525
0.581395,0.418605
0.584498,0.415502
0.5875,0.4125
0.583942,0.416058
0.584726,0.415274
0.587544,0.412456
0.590083,0.409917
0.598326,0.401674
0.591211,0.408789
0.592067,0.407933
0.601653,0.398347
0.594797,0.405203
0.59113,0.40887
0.603659,0.396341
0.609271,0.390729
0.610081,0.389919
0.604106,0.395894
0.606283,0.393717
0.608473,0.391527
0.607785,0.392215
0.608624,0.391376
0.613139,0.386861
0.621036,0.378964
0.629421,0.370579
0.639472,0.360528
0.641535,0.358465
0.642171,0.357829
0.644152,0.355848
0.646087,0.353913
0.647979,0.352021
0.650233,0.349767
0.653922,0.346078
0.653427,0.346573
0.647216,0.352784
0.648732,0.351268
0.648542,0.351458
0.642512,0.357488
0.63668,0.36332
0.637002,0.362998
0.641436,0.358564
0.643213,0.356787
0.644955,0.355045
0.647606,0.352394
0.643564,0.356436
0.645257,0.354743
0.646916,0.353084
0.649001,0.350999
0.64837,0.35163
0.651813,0.348187
0.653388,0.346612
0.65387,0.34613
0.657822,0.342178
0.652361,0.347639
0.654317,0.345683
0.65625,0.34375
0.657718,0.342282
0.659161,0.340839
0.660578,0.339422
0.664296,0.335704
0.666959,0.333041
0.661692,0.338308
0.663063,0.336937
0.664412,0.335588
0.658343,0.341657
0.655813,0.344187
0.651241,0.348759
0.64773,0.35227
0.646734,0.353266
0.641469,0.358531
0.644195,0.355805
0.638636,0.361364
0.640013,0.359987
0.639556,0.360444
0.640437,0.359563
0.643087,0.356913
0.640466,0.359534
0.639665,0.360335
0.634261,0.365739
0.635587,0.364413
0.633737,0.366263
0.633359,0.366641
0.634659,0.365341
0.632881,0.367119
0.62908,0.37092
0.630372,0.369628
0.631647,0.368353
0.632077,0.367923
0.632116,0.367884
0.633352,0.366648
0.637454,0.362546
0.634006,0.365994
0.627972,0.372028
0.629207,0.370793
0.630425,0.369575
0.630111,0.369889
0.629213,0.370787
0.625758,0.374242
0.627429,0.372571
0.628373,0.371627
0.630722,0.369278
0.625932,0.374068
0.627106,0.372894
0.628026,0.371974
0.62494,0.37506
0.61915,0.38085
0.619858,0.380142
0.621245,0.378755
0.620443,0.379557
0.621611,0.378389
0.623365,0.376635
0.623864,0.376136
0.627119,0.372881
0.628239,0.371761
0.629758,0.370242
0.627028,0.372972
0.627492,0.372508
0.632857,0.367143
0.634087,0.365913
0.63517,0.36483
0.636016,0.363984
0.636485,0.363515
0.636527,0.363473
0.63964,0.36036
0.642691,0.357309
0.644776,0.355224
0.641392,0.358608
0.644221,0.355779
0.644681,0.355319
0.645135,0.354865
0.645583,0.354417
0.647804,0.352196
0.647699,0.352301
0.647595,0.352405
0.645361,0.354639
0.645802,0.354198
0.647647,0.352353
0.649476,0.350524
0.645833,0.354167
0.647822,0.352178
0.647905,0.352095
0.64833,0.35167
0.649259,0.350741
0.651053,0.348947
0.652309,0.347691
0.653216,0.346784
0.654114,0.345886
0.655836,0.344164
0.657543,0.342457
0.656954,0.343046
0.656373,0.343627
0.651359,0.348641
0.651753,0.348247
0.653445,0.346555
0.654304,0.345696
0.655154,0.344846
0.649637,0.350363
0.650492,0.349508
0.648218,0.351782
0.649285,0.350715
0.650131,0.349869
0.651773,0.348227
0.652942,0.347058
0.653765,0.346235
0.654124,0.345876
0.654592,0.345408
0.656186,0.343814
0.65282,0.34718
0.656359,0.343641
0.653742,0.346258
0.655354,0.344646
0.65616,0.34384
0.652032,0.347968
0.652901,0.347099
0.653278,0.346722
0.652809,0.347191
0.64959,0.35041
0.649855,0.350145
0.650231,0.349769
0.648843,0.351157
0.650359,0.349641
0.649913,0.350087
0.646331,0.353669
0.649584,0.350416
0.649955,0.350045
0.64992,0.35008
0.653415,0.346585
0.653792,0.346208
0.650573,0.349427
0.650946,0.349054
0.651706,0.348294
0.652459,0.347541
0.648611,0.351389
0.650734,0.349266
0.646456,0.353544
0.643087,0.356913
0.640735,0.359265
0.641401,0.358599
0.642157,0.357843
0.642908,0.357092
0.639633,0.360367
0.636117,0.363883
0.632045,0.367955
0.629806,0.370194
0.63272,0.36728
0.632767,0.367233
0.634102,0.365898
0.636888,0.363112
0.637926,0.362074
0.638686,0.361314
0.635483,0.364517
0.632662,0.367338
0.634649,0.365351
0.634311,0.365689
0.632139,0.367861
0.6335,0.3665
0.634515,0.365485
0.635258,0.364742
0.635926,0.364074
0.636659,0.363341
0.637054,0.362946
0.634323,0.365677
0.634716,0.365284
0.635438,0.364562
0.63235,0.36765
0.632422,0.367578
0.633934,0.366066
0.63114,0.36886
0.631737,0.368263
0.632456,0.367544
0.632532,0.367468
0.629841,0.370159
0.626603,0.373397
0.624233,0.375767
0.624636,0.375364
0.622366,0.377634
0.619484,0.380516
0.617558,0.382442
0.617979,0.382021
0.615215,0.384785
0.615883,0.384117
0.615933,0.384067
0.61351,0.38649
0.613928,0.386072
0.614649,0.385351
0.615366,0.384634
0.614503,0.385497
0.611201,0.388799
0.609389,0.390611
0.609448,0.390552
0.608569,0.391431
0.610676,0.389324
0.61022,0.38978
0.609768,0.390232
0.607377,0.392623
0.608623,0.391377
0.606258,0.393742
0.603964,0.396036
0.602183,0.397817
0.602606,0.397394
0.605177,0.394823
0.605599,0.394401
0.605453,0.394547
0.605871,0.394129
0.606761,0.393239
0.607453,0.392547
0.608141,0.391859
0.605341,0.394659
0.606264,0.393736
0.606866,0.393134
0.608057,0.391943
0.605841,0.394159
0.605575,0.394425
0.608683,0.391317
0.607739,0.392261
0.607875,0.392125
0.609537,0.390463
0.611111,0.388889
0.611243,0.388757
0.614035,0.385965
0.612058,0.387942
0.609359,0.390641
0.610017,0.389983
0.60774,0.39226
0.609956,0.390044
0.606532,0.393468
0.607876,0.392124
0.604696,0.395304
0.602607,0.397393
0.601901,0.398099
0.602677,0.397323
0.604826,0.395174
0.608636,0.391364
0.611195,0.388805
0.612662,0.387338
0.610611,0.389389
0.612068,0.387932
0.612709,0.387291
0.614648,0.385352
0.615284,0.384716
0.6161,0.3839
0.617278,0.382722
0.616651,0.383349
0.618898,0.381102
0.621003,0.378997
0.621563,0.378437
0.622879,0.377121
0.620671,0.379329
0.621229,0.378771
0.619218,0.380782
0.619832,0.380168
0.620386,0.379614
0.621681,0.378319
0.622458,0.377542
0.623629,0.376371
0.623547,0.376453
0.625332,0.374668
0.627436,0.372564
0.628297,0.371703
0.629272,0.370728
0.630629,0.369371
0.631595,0.368405
0.632335,0.367665
0.633661,0.366339
0.633799,0.366201
0.634374,0.365626
0.634073,0.365927
0.632112,0.367888
0.630169,0.369831
0.63046,0.36954
0.631403,0.368597
0.631754,0.368246
0.632319,0.367681
0.63356,0.36644
0.634119,0.365881
0.632353,0.367647
0.632696,0.367304
0.632796,0.367204
0.631349,0.368651
0.631209,0.368791
0.631764,0.368236
0.631627,0.368373
0.631186,0.368814
0.631563,0.368437
0.631942,0.368058
0.632493,0.367507
0.633393,0.366607
0.632106,0.367894
0.630045,0.369955
0.630884,0.369116
0.631226,0.368774
0.632118,0.367882
0.63289,0.36711
0.633228,0.366772
0.630729,0.369271
0.630666,0.369334
0.631149,0.368851
0.629815,0.370185
0.634126,0.365874
0.634932,0.365068
0.634817,0.365183
0.635483,0.364517
0.636011,0.363989
0.636536,0.363464
0.635933,0.364067
0.635857,0.364143
0.636384,0.363616
0.635568,0.364432
0.635478,0.364522
0.63639,0.36361
0.636916,0.363084
0.635076,0.364924
0.633249,0.366751
0.633903,0.366097
0.634739,0.365261
0.632809,0.367191
0.633149,0.366851
0.633671,0.366329
0.634501,0.365499
0.635019,0.364981
0.635843,0.364157
0.636731,0.363269
0.637241,0.362759
0.638057,0.361943
0.638505,0.361495
0.638895,0.361105
0.638814,0.361186
0.639319,0.360681
0.639426,0.360574
0.640469,0.359531
0.640863,0.359137
0.641839,0.358161
0.642763,0.357237
0.641797,0.358203
0.640897,0.359103
0.642738,0.357262
0.643086,0.356914
0.643368,0.356632
0.642986,0.357014
0.64267,0.35733
0.640784,0.359216
0.63958,0.36042
0.640328,0.359672
0.641484,0.358516
0.641181,0.358819
0.641674,0.358326
0.64153,0.35847
0.639543,0.360457
0.639818,0.360182
0.639798,0.360202
0.638298,0.361702
0.636555,0.363445
0.635781,0.364219
0.635965,0.364035
0.636944,0.363056
0.637655,0.362345
0.638801,0.361199
0.639264,0.360736
0.639858,0.360142
0.639952,0.360048
0.641188,0.358812
0.637743,0.362257
0.636554,0.363446
0.634998,0.365002
0.634183,0.365817
0.632582,0.367418
0.633072,0.366928
0.633268,0.366732
0.631833,0.368167
0.632855,0.367145
0.63319,0.36681
0.633849,0.366151
0.634677,0.365323
0.634026,0.365974
0.634084,0.365916
0.633936,0.366064
0.635499,0.364501
0.63622,0.36378
0.636618,0.363382
0.637058,0.362942
0.638037,0.361963
0.638911,0.361089
0.639118,0.360882
0.639487,0.360513
0.639792,0.360208
0.640094,0.359906
0.638787,0.361213
0.638859,0.361141
0.638935,0.361065
0.639665,0.360335
0.640404,0.359596
0.641382,0.358618
0.639723,0.360277
0.63974,0.36026
0.640207,0.359793
0.640672,0.359328
0.641103,0.358897
0.641627,0.358373
0.642622,0.357378
0.643301,0.356699
0.643323,0.356677
0.643717,0.356283
0.64442,0.35558
0.642756,0.357244
0.641419,0.358581
0.641848,0.358152
0.642004,0.357996
0.641249,0.358751
0.641798,0.358202
0.642133,0.357867
0.643961,0.356039
0.644289,0.355711
0.644504,0.355496
0.645304,0.354696
0.645722,0.354278
0.646054,0.353946
0.646385,0.353615
0.64741,0.35259
0.647739,0.352261
0.646439,0.353561
0.646707,0.353293
0.647149,0.352851
0.64779,0.35221
0.648114,0.351886
0.648753,0.351247
0.647178,0.352822
0.645467,0.354533
0.64596,0.35404
0.643917,0.356083
0.64237,0.35763
0.642893,0.357107
0.643472,0.356528
0.643911,0.356089
0.64482,0.35518
0.645727,0.354273
0.646268,0.353732
0.647139,0.352861
0.647403,0.352597
0.646688,0.353312
0.647119,0.352881
0.645487,0.354513
0.646159,0.353841
0.644413,0.355587
0.644619,0.355381
0.644314,0.355686
0.644823,0.355177
0.645519,0.354481
0.645245,0.354755
0.644977,0.355023
0.645191,0.354809
0.64358,0.35642
0.644748,0.355252
0.643621,0.356379
0.643754,0.356246
0.644598,0.355402
0.643164,0.356836
0.643483,0.356517
0.643565,0.356435
0.644352,0.355648
0.644772,0.355228
0.645395,0.354605
0.645813,0.354187
0.647023,0.352977
0.645215,0.354785
0.64579,0.35421
0.646153,0.353847
0.646441,0.353559
0.647006,0.352994
0.648171,0.351829
0.648556,0.351444
0.648887,0.351113
0.648742,0.351258
0.649399,0.350601
0.648151,0.351849
0.646573,0.353427
0.647547,0.352453
0.648444,0.351556
0.647808,0.352192
0.645775,0.354225
0.644358,0.355642
0.644178,0.355822
0.644056,0.355944
0.644059,0.355941
0.644348,0.355652
0.64564,0.35436
0.643735,0.356265
0.643479,0.356521
0.643791,0.356209
0.643047,0.356953
0.643339,0.356661
0.644102,0.355898
0.644627,0.355373
0.644616,0.355384
0.645018,0.354982
0.643859,0.356141
0.644169,0.355831
0.642599,0.357401
0.643608,0.356392
0.644149,0.355851
0.644462,0.355538
0.644748,0.355252
0.644034,0.355966
0.644761,0.355239
0.645117,0.354883
0.644705,0.355295
0.644832,0.355168
0.645378,0.354622
0.645685,0.354315
0.646492,0.353508
0.646875,0.353125
0.647335,0.352665
0.647726,0.352274
0.6486,0.3514
0.649365,0.350635
0.650025,0.349975
0.650414,0.349586
0.651392,0.348608
0.65213,0.34787
0.652689,0.347311
0.65236,0.34764
0.652389,0.347611
0.652689,0.347311
0.652264,0.347736
0.652075,0.347925
0.652797,0.347203
0.653161,0.346839
0.654132,0.345868
0.654054,0.345946
0.654579,0.345421
0.655147,0.344853
0.655185,0.344815
0.655564,0.344436
0.656047,0.343953
0.656751,0.343249
0.656787,0.343213
0.655754,0.344246
0.655953,0.344047
0.654464,0.345536
0.654925,0.345075
0.655301,0.344699
0.655816,0.344184
0.654714,0.345286
0.655092,0.344908
0.655123,0.344877
0.655658,0.344342
0.655856,0.344144
0.656227,0.343773
0.656777,0.343223
0.657284,0.342716
0.65742,0.34258
0.65771,0.34229
0.656381,0.343619
0.656831,0.343169
0.655587,0.344413
0.655787,0.344213
0.655845,0.344155
0.656134,0.343866
0.656345,0.343655
0.656622,0.343378
0.655192,0.344808
0.655403,0.344597
0.655825,0.344175
0.656188,0.343812
0.656667,0.343333
0.655593,0.344407
0.655631,0.344369
0.655923,0.344077
0.656475,0.343525
0.655389,0.344611
0.655679,0.344321
0.656385,0.343615
0.656594,0.343406
0.655595,0.344405
0.654323,0.345677
0.655143,0.344857
0.655245,0.344755
0.655717,0.344283
0.65657,0.34343
0.656401,0.343599
0.656234,0.343766
0.656468,0.343532
0.6567,0.3433
0.656887,0.343113
0.657053,0.342947
0.655855,0.344145
0.656084,0.343916
0.656452,0.343548
0.656689,0.343311
0.657159,0.342841
0.658186,0.341814
0.65865,0.34135
0.659269,0.340731
0.659589,0.340411
0.660362,0.339638
0.660456,0.339544
0.660105,0.339895
0.661061,0.338939
0.661702,0.338298
0.662051,0.337949
0.662455,0.337545
0.662667,0.337333
0.663249,0.336751
0.662629,0.337371
0.662842,0.337158
0.661943,0.338057
0.662514,0.337486
0.662929,0.337071
0.660869,0.339131
0.661004,0.338996
0.661029,0.338971
0.660516,0.339484
0.660823,0.339177
0.661028,0.338972
0.66135,0.33865
0.661201,0.338799
0.661357,0.338643
0.661069,0.338931
0.658985,0.341015
0.658921,0.341079
0.658786,0.341214
0.658795,0.341205
0.658318,0.341682
0.659034,0.340966
0.658389,0.341611
0.658605,0.341395
0.658171,0.341829
0.658493,0.341507
0.657361,0.342639
0.656671,0.343329
0.656884,0.343116
0.655292,0.344708
0.655794,0.344206
0.655779,0.344221
0.655157,0.344843
0.656038,0.343962
0.656413,0.343587
0.657029,0.342971
0.658049,0.341951
0.658159,0.341841
0.658199,0.341801
0.657266,0.342734
0.655843,0.344157
0.656371,0.343629
0.655609,0.344391
0.655864,0.344136
0.656199,0.343801
0.656624,0.343376
0.656987,0.343013
0.657332,0.342668
0.657534,0.342466
0.657733,0.342267
0.657998,0.342002
0.658664,0.341336
0.658937,0.341063
0.658944,0.341056
0.658984,0.341016
0.659424,0.340576
0.659464,0.340536
0.659805,0.340195
0.659693,0.340307
0.659429,0.340571
0.659868,0.340132
0.659909,0.340091
0.660196,0.339804
0.660964,0.339036
0.660853,0.339147
0.660893,0.339107
0.660636,0.339364
0.660233,0.339767
0.660269,0.339731
0.661044,0.338956
0.661477,0.338523
0.661951,0.338049
0.662134,0.337866
0.66246,0.33754
0.662496,0.337504
0.66296,0.33704
0.662852,0.337148
0.66346,0.33654
0.663722,0.336278
0.664099,0.335901
0.664591,0.335409
0.665142,0.334858
0.665427,0.334573
0.665042,0.334958
0.665384,0.334616
0.665971,0.334029
0.666689,0.333311
0.666853,0.333147
0.667617,0.332383
0.668241,0.331759
0.668562,0.331438
0.669054,0.330946
0.669393,0.330607
0.669283,0.330717
0.669554,0.330446
0.667957,0.332043
0.668419,0.331581
0.668286,0.331714
0.668445,0.331555
0.669122,0.330878
0.668754,0.331246
0.66865,0.33135
0.668911,0.331089
0.669255,0.330745
0.669288,0.330712
0.668024,0.331976
0.668435,0.331565
0.668334,0.331666
0.668687,0.331313
0.668587,0.331413
0.668102,0.331898
0.668281,0.331719
0.668644,0.331356
0.668877,0.331123
0.668779,0.331221
0.668673,0.331327
0.668978,0.331022
0.66922,0.33078
0.669509,0.330491
0.670228,0.329772
0.670844,0.329156
0.671182,0.328818
0.671473,0.328527
0.672014,0.327986
0.672704,0.327296
0.673352,0.326648
0.673685,0.326315
0.674386,0.325614
0.674535,0.325465
0.674561,0.325439
0.674222,0.325778
0.674579,0.325421
0.674755,0.325245
0.675182,0.324818
0.675787,0.324213
0.675934,0.324066
0.67621,0.32379
0.67466,0.32534
0.674926,0.325074
0.674833,0.325167
0.674502,0.325498
0.674923,0.325077
0.673867,0.326133
0.672781,0.327219
0.67312,0.32688
0.673288,0.326712
0.673079,0.326921
0.671762,0.328238
0.670687,0.329313
0.670829,0.329171
0.671041,0.328959
0.671488,0.328512
0.671245,0.328755
0.671157,0.328843
0.671384,0.328616
0.671388,0.328612
0.671418,0.328582
0.671538,0.328462
0.670276,0.329724
0.670307,0.329693
0.670222,0.329778
0.670453,0.329547
0.670765,0.329235
0.670994,0.329006
0.671182,0.328818
0.67132,0.32868
0.671924,0.328076
0.672181,0.327819
0.672776,0.327224
0.672466,0.327534
0.672494,0.327506
0.671013,0.328987
0.671235,0.328765
0.670594,0.329406
0.670514,0.329486
0.670435,0.329565
0.670698,0.329302
0.670929,0.329071
0.670851,0.329149
0.671074,0.328926
0.670887,0.329113
0.67114,0.32886
0.671064,0.328936
0.67077,0.32923
0.670912,0.329088
0.671183,0.328817
0.671284,0.328716
0.671593,0.328407
0.67178,0.32822
0.671922,0.328078
0.671419,0.328581
0.671776,0.328224
0.671597,0.328403
0.67195,0.32805
0.67156,0.32844
0.671831,0.328169
0.671951,0.328049
0.670733,0.329267
0.670768,0.329232
0.670488,0.329512
0.670838,0.329162
0.671187,0.328813
0.67122,0.32878
0.671461,0.328539
0.672065,0.327935
0.671787,0.328213
0.671408,0.328592
0.671475,0.328525
0.670232,0.329768
0.669527,0.330473
0.669851,0.330149
0.669875,0.330125
0.669602,0.330398
0.670043,0.329957
0.670605,0.329395
0.670803,0.329197
0.670431,0.329569
0.67055,0.32945
0.669293,0.330707
0.669327,0.330673
0.669633,0.330367
0.669861,0.330139
0.668732,0.331268
0.668666,0.331334
0.669023,0.330977
0.667784,0.332216
0.667417,0.332583
0.666007,0.333993
0.664699,0.335301
0.664335,0.335665
0.664272,0.335728
0.664539,0.335461
0.664769,0.335231
0.663245,0.336755
0.663746,0.336254
0.663805,0.336195
0.663645,0.336355
0.662448,0.337552
0.662684,0.337316
0.662938,0.337062
0.662682,0.337318
0.662768,0.337232
0.662416,0.337584
0.661968,0.338032
0.661815,0.338185
0.662168,0.337832
0.661919,0.338081
0.662209,0.337791
0.662252,0.337748
0.662005,0.337995
0.661952,0.338048
0.661707,0.338293
0.661846,0.338154
0.66221,0.33779
0.662379,0.337621
0.662041,0.337959
0.66214,0.33786
0.662502,0.337498
0.662452,0.337548
0.661216,0.338784
0.661522,0.338478
0.661802,0.338198
0.661847,0.338153
0.661792,0.338208
0.662119,0.337881
0.66179,0.33821
0.661958,0.338042
0.662004,0.337996
0.661957,0.338043
0.662095,0.337905
0.66215,0.33785
0.662287,0.337713
0.662333,0.337667
0.662348,0.337652
0.662651,0.337349
0.662697,0.337303
0.662651,0.337349
0.663122,0.336878
0.663474,0.336526
0.663158,0.336842
0.663207,0.336793
0.663164,0.336836
0.66321,0.33679
0.663078,0.336922
0.663437,0.336563
0.663305,0.336695
0.662818,0.337182
0.662954,0.337046
0.663002,0.336998
0.663314,0.336686
0.663272,0.336728
0.663143,0.336857
0.663277,0.336723
0.663497,0.336503
0.663595,0.336405
0.663728,0.336272
0.6636,0.3364
0.663645,0.336355
0.663691,0.336309
0.66365,0.33635
0.663523,0.336477
0.663483,0.336517
0.663443,0.336557
0.663746,0.336254
0.663621,0.336379
0.664033,0.335967
0.663824,0.336176
0.663616,0.336384
0.663578,0.336422
0.663456,0.336544
0.663334,0.336666
0.663624,0.336376
0.663587,0.336413
0.663717,0.336283
0.663347,0.336653
0.662978,0.337022
0.662694,0.337306
0.662908,0.337092
0.662625,0.337375
0.66291,0.33709
0.663123,0.336877
0.663831,0.336169
0.663714,0.336286
0.663976,0.336024
0.663778,0.336222
