200
1000
700
698
691
687
682
679
677
667
667
666
663
654
654
653
653
653
652
648
646
645
644
639
631
631
630
628
627
626
624
619
611
610
608
603
599
598
595
592
586
579
568
567
562
557
556
554
554
553
553
550
543
541
535
535
534
533
532
531
531
527
524
520
519
518
517
515
510
509
508
498
492
479
477
473
469
465
463
463
457
451
447
437
432
419
418
415
407
405
403
400
400
393
391
390
390
388
388
363
357
354
350
348
347
342
339
333
330
325
321
308
303
303
303
301
300
285
281
277
274
271
270
268
258
256
256
253
250
248
244
229
223
221
220
218
218
210
209
208
206
206
196
193
188
186
185
185
185
177
172
167
160
157
149
148
147
145
144
144
143
130
128
125
120
118
105
100
99
98
96
94
92
89
86
85
83
80
73
69
69
69
63
62
55
53
52
42
39
33
22
20
20
19
19
15
10
9
8
6
3
3
