2553
500000
332767
332767
332767
332767
332767
332767
332767
332767
332767
332350
332350
332350
332350
332350
332350
332350
332350
332350
332350
332350
332350
332350
332350
332350
332350
332350
332350
332350
331735
331735
331735
331735
331735
331735
331735
331735
331735
331735
331735
331019
331019
331019
331019
331019
331019
331019
331019
331019
331019
331019
329779
329779
329779
329553
329553
329553
329553
329553
328487
328487
328487
328487
328487
328487
328487
328487
328487
328487
327933
327933
327933
327933
327933
327933
327933
327933
327933
327933
327933
327933
327933
327933
327933
327933
327933
327933
327929
327929
327929
327929
327929
327929
327929
327929
327929
327929
327929
327929
327929
327929
327929
327929
327929
327929
327608
327608
327608
327608
327608
325427
325427
325427
325427
325427
325427
325427
325427
322030
322030
322030
322030
322030
322030
322030
322030
322030
322030
322030
322030
322030
322030
322030
322030
321308
321308
321308
321308
321308
321308
321308
321308
321308
320756
320756
320756
320756
320756
320756
320756
320756
320756
320756
320756
320756
320756
320756
320756
320756
318918
318918
318918
318918
318918
318918
318918
318918
318918
318305
318305
318305
318305
318305
318305
318305
318305
318305
318305
318305
317798
317798
317798
317798
317798
317798
317798
317798
317798
317798
317798
317798
317798
317798
317798
317798
317798
317798
316086
316086
316086
316086
316086
316086
316086
315751
315751
315751
315751
315751
315751
315751
315751
315751
315751
315751
315751
315751
315751
315267
315267
315267
315267
315267
315267
315267
315267
315267
315267
314572
314572
314572
314572
314572
314572
314572
314572
314572
314019
314019
314019
314019
314019
314019
314019
314019
312727
312727
312727
312727
312727
312727
312727
312727
312727
312727
311116
311116
311116
311116
311116
311116
311116
311116
311116
311116
311116
311116
311116
311116
311116
311116
310790
309558
309558
309558
309558
309558
309558
309230
309230
309230
309230
309090
309090
309090
309090
309090
308907
308907
308907
308907
308907
308907
308907
308907
306653
306653
306653
306653
306653
306653
306653
306653
306653
306653
306653
306653
306653
306653
306653
306653
304459
304459
304459
304459
304459
304459
304459
304459
304459
302025
302025
302025
302025
302025
302025
299361
299361
299361
299361
299361
299361
299361
299361
299361
299066
299066
299066
299066
299066
299066
299066
299066
299066
299066
297358
297358
297358
297358
297358
297358
295177
295177
294663
294663
294663
294663
294663
294663
294663
294663
294663
294663
294663
294663
294663
294663
294663
294663
294663
294663
294663
294663
294574
294574
294574
294574
294574
294574
294574
294464
294464
294464
294464
294464
294464
294464
294464
294464
294464
294464
294464
294464
294464
292915
292915
292915
292915
292915
292915
292915
292915
292915
292915
292915
292915
292915
292915
292915
292915
292915
292915
292915
292915
290809
290809
289637
289637
289637
289637
289637
285454
285454
285454
285454
285454
285454
285454
285454
285454
285454
285454
285454
285454
285454
285454
285257
285257
284647
284647
284647
284154
284154
284154
284154
284154
284154
284154
282884
282884
282884
282884
282884
282884
282884
282884
282884
282884
282884
282884
282884
282884
282884
282884
282884
282884
282884
282615
282615
282615
282615
282615
282615
282615
282615
282615
282615
282615
282615
282615
281918
281918
281918
281918
281918
281918
281918
281918
281918
281918
281918
281918
281918
279175
279175
279175
279175
279175
279175
279175
279175
279175
279175
279175
279175
279175
279175
279175
279175
279175
279175
279175
278010
278010
278010
278010
278010
278010
278010
278010
278010
278010
278010
278010
278010
278010
278010
278010
277223
277223
277223
277223
277223
277223
277223
277223
277223
277223
277121
277121
277121
277121
277121
277121
277121
277121
277121
277121
277121
277121
277121
275484
275484
275484
275484
275484
275484
275484
275484
275484
275484
275484
275484
273415
273415
273415
273415
273415
273415
273415
273415
273415
273415
272576
272576
272576
272576
272576
272576
272576
272576
272576
272576
272576
272576
272576
272576
272576
272274
272274
272274
272274
272274
272274
271423
271423
271423
271423
271423
271423
271423
271423
271423
271423
271423
271423
271423
271423
271423
271423
271423
271382
271382
271382
271382
271382
271382
271382
271382
268067
268067
268067
268067
268067
268067
268067
268067
268067
268067
267168
267168
267168
267168
267168
267168
267168
267168
267168
267168
267168
267168
267168
267168
267168
267168
267143
267143
267143
267143
267143
267143
267143
267143
267143
267143
267143
267143
267143
267143
266923
266923
266923
266923
266923
266923
266923
266923
266923
266923
266923
266502
263166
263166
263166
263166
262932
262932
262932
262932
262932
262932
262246
262246
262246
262246
262246
262244
262244
262244
262244
261124
261124
261124
261124
261124
261124
261124
261124
261124
261124
261124
261124
261124
261124
257896
257896
257896
257896
257896
257896
257896
257896
257896
257896
257896
257896
257896
257727
257727
257727
257727
257727
257727
257727
257727
257727
257727
257727
257727
257727
257656
257656
257656
257656
257656
257656
257656
257656
257656
257656
256634
256634
256634
256634
256634
255415
255415
255415
255415
255415
255415
255415
255415
255415
255415
255415
255415
254901
254901
254901
254901
254901
254901
254901
254185
254185
254185
254185
254185
254185
254185
254185
254185
254185
254185
254185
254185
254185
254185
254185
254185
254185
254185
254185
252050
252050
252050
252050
252050
250594
250594
250594
250594
250594
250594
250594
250594
250594
250594
250594
250594
250594
250594
250594
250594
250174
250174
250174
250174
250174
250174
250174
249835
249835
249835
249835
249835
249835
249835
249835
249835
249835
249835
249835
249835
249835
249600
249600
249600
249600
249600
249600
249554
249554
249554
249554
249554
249554
249554
249554
249554
249554
249554
249554
249554
249554
249554
249554
249554
249554
248798
248798
248798
248798
248798
248798
248798
248798
248798
248798
248798
248798
248798
248798
248798
248798
248798
248798
248798
248798
248264
248264
248264
248264
248264
248264
248264
248264
248264
248264
248264
248264
248264
248264
248264
248264
248264
248264
248264
247713
247713
247713
247713
247713
246891
246891
246891
246891
246891
246891
246848
246848
246848
246848
246848
246848
246848
246848
246848
245120
245120
245120
245120
245120
245120
245120
245120
245120
245120
245120
245120
245120
245120
245120
245120
245120
244981
244981
244499
244499
244499
244499
244102
244102
244102
244102
244102
244102
244102
244102
244102
244101
244101
244101
244101
244101
244101
244101
243390
243390
243390
243390
243390
243390
243390
243063
243063
243063
243063
243063
241862
241862
241862
241862
241353
241353
241353
241353
241353
241353
241353
241353
241353
241353
241353
241353
241353
241353
241353
241353
241353
241353
241353
241353
241313
241313
241313
241313
241313
241313
241313
241313
241313
240949
240949
240949
240949
240949
240949
240949
240949
240602
240602
240602
240591
240591
240591
240591
240591
240591
240591
240591
240591
240591
240591
240591
240591
239716
239716
239716
239716
239716
239716
239716
239716
239673
239673
239673
239673
239673
239673
239673
238786
238786
238786
238786
238786
238786
238786
238786
238786
238786
238786
238786
238786
238083
238083
238083
238083
238083
238083
237988
237988
237988
237988
237988
237988
237988
237988
237988
237988
237988
237988
237988
237988
237988
237988
237988
237512
237512
237512
237512
237512
237512
237512
237512
237512
237512
235520
235520
235520
235520
235520
235520
235520
235520
235520
235520
235520
235520
235520
235520
235520
235520
235520
235520
235520
235520
235399
235399
233848
233848
233848
233848
233848
233848
233848
233704
233704
233704
233704
233704
233704
233704
233704
233704
233704
233704
233704
233704
233704
233704
233704
233704
229886
229886
229886
228069
228069
228069
228069
228069
228069
228069
228069
228069
228069
228069
226720
226720
226720
226720
226720
226720
226720
226720
226584
226584
226584
226584
226584
226584
226584
226584
226584
226584
226584
226584
226584
226584
226442
226442
226442
222542
222542
222542
222542
222542
222542
222542
222542
222542
222542
222542
222542
222542
222542
222542
222542
222542
222542
221255
221255
221255
221255
221255
221255
221255
221255
221043
221043
221043
221043
221043
220731
220731
220731
220731
220731
220731
215487
215487
215487
215487
215487
215487
215487
215487
215487
215487
215487
215487
215487
215487
215487
215254
215254
214478
214478
214478
214478
214478
214478
214478
214478
214478
214478
214478
214478
214478
214478
214478
214478
214478
214478
214478
210782
210782
210782
210782
210782
210782
210782
210782
210782
209951
209951
209951
209951
209951
209951
209951
209951
209951
209951
209951
209951
209951
209951
207954
207954
207954
207583
207583
207583
207583
207583
207583
207583
207583
207583
207583
207583
207583
207583
207583
207583
207583
207583
206917
206917
206917
206917
206422
206422
206422
206422
206422
206422
206422
206422
206422
206422
206422
206422
206422
206422
206422
206422
206132
206132
206132
206132
206132
205433
205433
204010
204010
204010
204010
204010
204010
204010
204010
204010
204010
204010
204010
204010
204010
204010
204010
204010
203918
203918
203918
203918
203918
203918
203918
203918
203918
203918
203918
203918
203918
203118
203118
203118
203118
203118
203118
203118
203118
203118
203118
203118
203118
203118
201669
201669
201669
201669
201669
201669
201669
201669
201669
201669
201669
201669
201669
201669
201669
201669
201669
201669
201669
201669
201093
201093
201093
201093
201093
201093
201093
201093
201093
201093
201093
201093
201093
201093
201093
201093
201093
201093
200866
200866
200866
200866
200866
200866
200866
200866
200866
200866
200866
200866
200866
200866
200866
200866
198495
198495
198495
198495
198495
198495
198495
198495
198495
198495
198495
198495
196716
196716
196716
196716
196716
196716
196716
196716
196716
196716
196716
196716
196716
196716
196716
196716
196716
196716
196716
196716
196652
196652
196652
194184
194184
194184
194184
194184
194184
194184
194184
194184
194184
194184
194184
194184
194184
194184
194184
194184
193764
193764
193764
193764
193764
193764
193764
193764
193764
193764
193764
193764
193764
191650
191650
191650
191650
191071
191071
191071
190619
190619
190619
190619
190619
190619
190619
190619
190619
190619
190619
190619
190619
189635
189635
189635
189635
189635
189635
189635
189635
189635
189635
189635
189150
189150
189150
189150
188454
188454
188454
188454
188454
188454
188454
188454
188454
188454
188454
188454
188454
188380
188380
188380
188380
188380
188333
188333
188333
188333
188333
188333
188333
188333
188333
188333
188333
188333
188333
185338
185338
185338
185338
185338
185338
185338
185338
185338
185338
185338
185338
185338
185338
185338
185338
185338
185090
185090
185090
185090
184339
184339
184339
184339
184209
184209
184209
184209
184209
184209
182706
182706
182706
182706
182706
182706
182706
182706
182706
182706
182706
182706
182706
182706
182657
182657
182220
182220
182220
182220
182220
182220
182220
182220
182220
182220
182220
182220
182220
180253
180253
180253
178884
178884
177449
177449
177449
177449
177449
177449
177449
177449
177449
177449
177449
177449
177449
177449
177449
177449
177449
177449
174272
174272
174272
174272
174272
174272
174272
174272
174272
174272
174272
174272
174272
174075
174075
174075
174075
174075
174075
174075
174075
174075
174075
174075
174075
174075
174075
174075
174075
174075
174075
174075
173605
173605
173605
173605
173605
171400
171400
171400
171400
171400
171400
171400
171400
171400
171400
171400
171400
171400
171400
171400
171400
171400
171219
171219
167669
167669
167669
167669
167669
167669
167669
167669
167669
167669
167669
167669
167669
167669
167669
167669
167669
167664
167664
167664
167664
166615
166615
166615
166615
166615
166612
162739
162739
162739
162739
162739
162739
162739
162739
162739
162739
162739
162739
162631
162631
162631
162631
162631
162631
162631
162631
162631
162631
162631
162631
162631
162631
162631
162440
162440
162440
162440
162440
157597
157597
157597
157597
157597
157597
157597
157597
157597
157597
157597
157597
156423
156423
156423
156423
156423
156423
156423
156423
156423
156423
156423
156423
156423
156423
156423
156423
156423
156423
156086
156086
156086
156086
156086
156086
155844
155844
155844
155844
155384
154361
154361
154361
154361
154361
154361
154361
154361
154361
154361
154361
154361
154361
154361
154361
154361
154361
154361
153316
153316
153316
153316
153316
153316
153316
153316
153316
153316
153316
153316
153316
153316
153316
153316
153316
153316
153316
152345
152345
152158
152158
152158
150570
150570
150570
150570
149434
149434
149434
149434
149434
149434
149434
149434
149434
149434
149434
149434
148439
148439
148439
148439
148439
148439
148439
148439
148439
148439
148439
148439
148439
148439
148439
148439
148439
145873
145339
145339
145339
144445
144445
144445
144445
144445
144445
144445
144343
144343
144343
144343
144343
144343
144343
144343
144343
144343
144343
144343
143946
143946
143946
143946
143946
143946
143946
143946
143946
143946
143946
143946
143946
143946
143946
143896
143413
143413
143413
143413
143413
143413
143413
143413
143413
143413
143413
143413
143413
143356
143356
143356
143356
143356
143356
143356
143356
143356
143356
143356
143356
143356
143356
143157
143157
143157
143157
143157
143157
143157
143157
143157
143157
143157
143157
143157
143157
143157
143157
143157
143157
143157
143157
142838
142838
142838
142838
142838
142838
142838
142838
142838
142838
142500
142500
142500
142500
142500
142500
142500
142500
142500
142500
142500
142500
142023
142023
142023
142023
142023
142023
142023
142023
142023
142023
142023
142023
142023
138956
138956
138956
138956
138956
138956
138956
138956
138956
138956
138956
138492
138492
138492
138492
138492
138492
138492
138492
138492
138492
138484
138484
138484
138484
138484
138484
138484
134416
134416
134416
134416
134416
134416
134416
134416
134416
134416
134416
134416
134416
134416
134416
134416
134416
134416
134416
134416
134245
134245
134245
134245
134245
134245
134185
134185
134185
134185
134185
134185
134185
134185
134185
134185
134185
134185
134185
134185
134185
134185
134185
133961
133961
133961
133961
133961
133961
133961
133961
133961
133961
133961
133961
133961
133961
133961
133961
133961
133162
133162
133162
133162
133162
133162
133162
133162
133162
133162
133162
129820
129820
129820
129820
129820
129241
129241
129241
129241
129241
129241
129241
129241
129241
129241
129241
129241
128250
128250
128250
128250
128250
128250
128250
128250
126342
126342
126342
126342
126342
126342
126342
126342
126342
126342
126342
126342
125057
125057
125057
125057
125057
125057
125057
125057
125057
125057
125057
125057
125057
125057
125057
125057
125057
125057
125057
125057
123626
123626
123626
123626
123626
123626
123626
123626
123626
123626
123626
123626
123626
120659
120659
120659
120659
120659
120659
120659
120659
120659
120659
120659
120659
120659
120659
120659
120659
120659
120659
118890
118890
118890
118890
118890
118890
118890
118890
116019
116019
116019
116019
116019
116019
116019
116019
116019
116019
116019
116019
115274
115274
114226
114226
114226
114226
114226
114226
113714
113714
113714
113714
113714
113714
113714
113714
113714
113714
113714
113714
113714
113714
113377
113377
113377
113377
113377
113377
112708
112708
112708
112708
112708
112708
112708
112708
112708
112708
112708
112708
112708
112708
112708
112708
110559
110559
110559
110559
110559
110559
110559
110559
110559
110559
110559
110559
110559
110559
109384
109384
109384
109384
109384
109384
108798
107622
107622
107622
107622
107622
107622
107622
107622
107622
107622
107622
107622
107622
107622
107622
107622
107622
106415
106415
106415
106415
106415
106415
106415
106415
106415
106415
106415
106415
106415
106415
106415
106415
106415
106415
106133
106133
106133
106133
106133
106133
106133
106133
106133
106133
106133
106133
106133
106133
106133
106133
106133
106133
106133
106133
105614
105614
105614
105614
105614
105614
105614
105614
105614
105403
105403
105403
105403
105403
105403
105403
105403
105403
104983
104983
104983
104983
104983
104983
104983
104983
104983
104983
104983
104983
104983
104983
104983
104983
104983
104079
104079
104079
104079
101364
101364
101122
101122
101122
101122
101122
101122
101122
101122
101122
101122
101122
101122
101122
101122
101122
101122
101122
101122
101122
101122
100864
100864
100864
100864
100864
100864
100864
100864
100864
100864
100864
100864
100864
100864
100864
97067
97067
97067
97067
97067
97067
97067
96986
96986
96986
96986
96986
96986
96986
96986
96986
96986
96986
96986
94660
94660
93673
93673
93673
93673
93673
93673
93569
93569
93569
93569
93569
93569
93569
93569
93569
93569
93569
93569
93569
93569
93569
93569
93569
88477
88068
88068
88068
88068
88068
88068
88068
88068
88068
88068
88068
88068
87175
87175
87175
87175
87175
87175
87175
87175
87175
87175
87175
86580
86580
86580
86580
81206
81206
81206
81206
81206
81206
81206
81206
81206
81206
81206
81206
81206
81206
81206
81206
81206
81206
81206
81206
81019
81019
81019
81019
81019
81019
81019
79868
79868
79868
79868
79868
79868
79868
79868
79868
79868
79868
79868
78365
78365
78365
78365
78365
78365
78365
78365
78365
78365
78365
78365
78365
76277
76277
76277
76277
76277
76277
76277
76277
76277
76277
76277
76277
76277
76277
76277
76277
75806
75806
75806
75806
75806
75806
75806
75806
72570
72570
72570
72570
72570
72570
72570
72570
72570
72570
72570
72570
72570
72570
72570
72570
72570
71855
71855
71855
70051
69226
69092
69092
69092
69092
69092
69092
69092
69092
69092
69092
69092
69092
