200
1000
794
793
790
786
772
764
756
743
742
740
740
736
736
732
724
724
723
713
712
709
704
703
700
699
692
691
691
678
677
673
667
662
662
659
658
646
644
640
637
635
633
629
628
625
622
617
613
612
608
608
605
602
595
595
583
580
572
568
558
541
535
531
523
521
519
518
518
518
517
517
515
512
509
506
506
504
494
487
487
485
482
476
471
469
468
466
462
459
447
446
443
436
431
423
423
419
416
415
408
407
400
399
396
395
387
371
370
370
369
365
363
360
355
354
347
346
345
337
336
334
328
321
313
312
292
278
278
276
275
266
257
254
252
250
250
249
246
242
240
233
233
232
226
223
221
220
214
213
212
210
209
208
196
196
189
185
185
184
181
179
174
171
170
168
166
164
157
147
146
141
133
123
120
119
116
116
104
103
102
99
94
93
72
66
61
61
61
59
55
51
50
45
44
41
36
21
9
7
4
1
