0.5,0.5
0.2,0.8
0.272727,0.727273
0.363636,0.636364
0.341463,0.658537
0.278689,0.721311
0.282051,0.717949
0.366197,0.633803
0.437838,0.562162
0.411504,0.588496
0.39576,0.60424
0.453237,0.546763
0.445783,0.554217
0.473684,0.526316
0.502451,0.497549
0.464602,0.535398
0.461538,0.538462
0.482951,0.517049
0.480769,0.519231
0.487734,0.512266
0.462133,0.537867
0.477612,0.522388
0.481605,0.518395
0.502986,0.497014
0.487988,0.512012
0.509575,0.490425
0.530303,0.469697
0.517744,0.482256
0.535714,0.464286
0.553429,0.446571
0.546667,0.453333
0.563028,0.436972
0.570376,0.429624
0.56646,0.43354
0.56277,0.43723
0.570552,0.429448
0.584207,0.415793
0.596785,0.403215
0.603659,0.396341
0.600601,0.399399
0.59789,0.40211
0.590667,0.409333
0.602187,0.397813
0.604458,0.395542
0.614823,0.385177
0.606061,0.393939
0.597826,0.402174
0.59974,0.40026
0.609091,0.390909
0.607482,0.392518
0.598648,0.401352
0.597425,0.402575
0.607793,0.392207
0.610894,0.389106
0.60275,0.39725
0.611776,0.388224
0.613861,0.386139
0.612862,0.387138
0.614745,0.385255
0.61053,0.38947
0.61297,0.38703
0.618878,0.381122
0.624277,0.375723
0.61778,0.38222
0.625206,0.374794
0.629648,0.370352
0.623441,0.376559
0.628228,0.371772
0.62918,0.37082
0.623343,0.376657
0.629874,0.370126
0.624292,0.375708
0.624254,0.375746
0.624217,0.375783
0.621538,0.378462
0.616285,0.383715
0.623252,0.376748
0.629604,0.370396
0.631468,0.368532
0.638613,0.361387
0.633095,0.366905
0.632836,0.367164
0.637026,0.362974
0.633684,0.366316
0.63776,0.36224
0.639805,0.360195
0.642125,0.357875
0.643516,0.356484
0.647682,0.352318
0.645601,0.354399
0.649408,0.350592
0.654924,0.345076
0.656784,0.343216
0.660359,0.339641
0.662161,0.337839
0.663944,0.336056
0.66513,0.33487
0.663312,0.336688
0.66537,0.33463
0.665233,0.334767
0.668608,0.331392
0.670584,0.329416
0.672285,0.327715
0.672168,0.327832
0.674072,0.325928
0.674173,0.325827
0.674273,0.325727
0.679193,0.320807
0.680621,0.319379
0.680539,0.319461
0.6773,0.3227
0.677094,0.322906
0.675598,0.324402
0.677419,0.322581
0.681801,0.318199
0.681798,0.318202
0.681032,0.318968
0.682189,0.317811
0.677513,0.322487
0.68157,0.31843
0.683336,0.316664
0.684423,0.315577
0.683128,0.316872
0.68315,0.31685
0.685965,0.314035
0.684719,0.315281
0.688527,0.311473
0.68856,0.31144
0.688005,0.311995
0.690439,0.309561
0.693061,0.306939
0.690126,0.309874
0.689602,0.310398
0.688652,0.311348
0.690909,0.309091
0.688406,0.311594
0.689783,0.310217
0.688679,0.311321
0.690275,0.309725
0.692514,0.307486
0.693626,0.306374
0.693878,0.306122
0.697111,0.302889
0.699913,0.300087
0.697612,0.302388
0.697648,0.302352
0.701013,0.298987
0.702492,0.297508
0.704759,0.295241
0.703777,0.296223
0.701594,0.298406
0.704055,0.295945
0.705104,0.294896
0.707123,0.292877
0.70814,0.29186
0.709547,0.290453
0.711887,0.288113
0.713063,0.286937
0.713105,0.286895
0.715204,0.284796
0.715065,0.284935
0.716031,0.283969
0.712871,0.287129
0.712018,0.287982
0.713173,0.286827
0.714319,0.285681
0.716162,0.283838
0.716034,0.283966
0.717836,0.282164
0.718951,0.281049
0.719015,0.280985
0.717155,0.282845
0.718252,0.281748
0.715583,0.284417
0.718167,0.281833
0.718405,0.281595
0.718641,0.281359
0.717873,0.282127
0.71524,0.28476
0.71531,0.28469
0.715543,0.284457
0.714787,0.285213
0.71502,0.28498
0.716761,0.283239
0.719281,0.280719
0.719515,0.280485
0.718371,0.281629
0.71765,0.28235
0.718678,0.281322
0.719698,0.280302
0.721491,0.278509
0.721714,0.278286
0.723625,0.276375
0.725988,0.274012
0.727404,0.272596
0.7262,0.2738
0.7243,0.2757
0.726537,0.273463
0.726757,0.273243
0.725936,0.274064
0.726715,0.273285
0.729223,0.270777
0.72998,0.27002
0.732106,0.267894
0.734013,0.265987
0.735391,0.264609
0.735442,0.264558
0.735673,0.264327
0.7359,0.2641
0.73678,0.26322
0.737961,0.262039
0.740101,0.259899
0.742031,0.257969
0.741281,0.258719
0.739915,0.260085
0.741393,0.258607
0.743463,0.256537
0.744475,0.255525
0.743752,0.256248
0.743983,0.256017
0.744815,0.255185
0.745898,0.254102
0.746128,0.253872
0.747365,0.252635
0.749335,0.250665
0.751102,0.248898
0.752838,0.247162
0.751055,0.248945
0.751834,0.248166
0.753531,0.246469
0.754296,0.245704
0.753079,0.246921
0.753496,0.246504
0.753009,0.246991
0.753426,0.246574
0.755075,0.244925
0.75513,0.24487
0.756564,0.243436
0.757133,0.242867
0.757372,0.242628
0.758808,0.241192
0.760373,0.239627
0.759924,0.240076
0.758478,0.241522
0.759522,0.240478
0.75908,0.24092
0.759135,0.240865
0.76017,0.23983
0.760226,0.239774
0.761249,0.238751
0.761784,0.238216
0.762606,0.237394
0.762008,0.237992
0.762069,0.237931
0.762131,0.237869
0.762844,0.237156
0.762907,0.237093
0.764173,0.235827
0.763779,0.236221
0.763846,0.236154
0.760999,0.239001
0.761983,0.238017
0.757701,0.242299
0.757127,0.242873
0.758108,0.241892
0.754725,0.245275
0.75616,0.24384
0.756941,0.243059
0.756378,0.243622
0.756451,0.243549
0.755894,0.244106
0.755972,0.244028
0.756236,0.243764
0.757819,0.242181
0.756447,0.243553
0.754233,0.245767
0.755545,0.244455
0.755617,0.244383
0.7568,0.2432
0.758695,0.241305
0.756093,0.243907
0.755734,0.244266
0.757009,0.242991
0.756653,0.243347
0.756298,0.243702
0.7562,0.2438
0.757292,0.242708
0.758621,0.241379
0.758693,0.241307
0.758351,0.241649
0.755199,0.244801
0.756111,0.243889
0.755602,0.244398
0.75551,0.24449
0.756995,0.243005
0.756902,0.243098
0.757155,0.242845
0.757065,0.242935
0.756743,0.243257
0.756828,0.243172
0.758118,0.241882
0.758824,0.241176
0.759127,0.240873
0.759603,0.240397
0.759861,0.240139
0.760161,0.239839
0.760457,0.239543
0.76016,0.23984
0.75969,0.24031
0.760337,0.239663
0.761189,0.238811
0.76145,0.23855
0.759936,0.240064
0.759473,0.240527
0.760513,0.239487
0.760054,0.239946
0.760321,0.239679
0.760042,0.239958
0.760701,0.239299
0.760427,0.239573
0.761062,0.238938
0.761714,0.238286
0.761271,0.238729
0.761914,0.238086
0.762011,0.237989
0.762465,0.237535
0.761295,0.238705
0.759976,0.240024
0.760424,0.239576
0.760694,0.239306
0.761664,0.238336
0.761407,0.238593
0.762197,0.237803
0.762981,0.237019
0.763758,0.236242
0.764704,0.235296
0.765306,0.234694
0.764165,0.235835
0.764252,0.235748
0.764003,0.235997
0.764934,0.235066
0.764517,0.235483
0.764941,0.235059
0.766032,0.233968
0.766947,0.233053
0.767199,0.232801
0.768101,0.231899
0.768677,0.231323
0.769408,0.230592
0.770285,0.229715
0.770852,0.229148
0.770452,0.229548
0.768337,0.231663
0.768739,0.231261
0.768508,0.231492
0.769391,0.230609
0.770267,0.229733
0.770514,0.229486
0.771071,0.228929
0.770371,0.229629
0.770767,0.229233
0.770692,0.229308
0.771701,0.228299
0.771319,0.228681
0.772177,0.227823
0.772727,0.227273
0.773274,0.226726
0.772898,0.227102
0.770984,0.229016
0.771531,0.228469
0.772359,0.227641
0.772444,0.227556
0.768743,0.231257
0.767057,0.232943
0.768041,0.231959
0.768124,0.231876
0.76791,0.23209
0.769201,0.230799
0.768535,0.231465
0.769505,0.230495
0.770623,0.229377
0.770705,0.229295
0.771523,0.228477
0.76897,0.23103
0.770388,0.229612
0.771501,0.228499
0.77114,0.22886
0.770492,0.229508
0.77115,0.22885
0.772103,0.227897
0.772182,0.227818
0.771829,0.228171
0.773204,0.226796
0.77413,0.22587
0.774208,0.225792
0.773579,0.226421
0.774219,0.225781
0.773874,0.226126
0.773251,0.226749
0.772908,0.227092
0.773125,0.226875
0.772932,0.227068
0.773717,0.226283
0.77338,0.22662
0.773742,0.226258
0.773553,0.226447
0.773639,0.226361
0.774001,0.225999
0.773396,0.226604
0.773211,0.226789
0.773717,0.226283
0.773948,0.226052
0.774037,0.225963
0.77481,0.22519
0.774898,0.225102
0.775526,0.224474
0.775883,0.224117
0.77677,0.22323
0.777399,0.222601
0.77722,0.22278
0.777307,0.222693
0.778457,0.221543
0.778144,0.221856
0.777968,0.222032
0.778443,0.221557
0.77879,0.22121
0.778617,0.221383
0.778964,0.221036
0.779309,0.220691
0.780301,0.219699
0.780131,0.219869
0.780847,0.219153
0.777362,0.222638
0.777192,0.222808
0.777651,0.222349
0.778105,0.221895
0.77908,0.22092
0.779302,0.220698
0.780403,0.219597
0.780486,0.219514
0.780569,0.219431
0.780518,0.219482
0.780736,0.219264
0.780574,0.219426
0.780791,0.219209
0.781366,0.218634
0.782181,0.217819
0.782022,0.217978
0.780789,0.219211
0.781488,0.218512
0.781811,0.218189
0.782611,0.217389
0.78293,0.21707
0.783353,0.216647
0.783904,0.216096
0.78245,0.21755
0.782296,0.217704
0.782977,0.217023
0.783057,0.216943
0.782903,0.217097
0.781569,0.218431
0.781649,0.218351
0.781497,0.218503
0.782405,0.217595
0.783046,0.216954
0.782536,0.217464
0.782026,0.217974
0.782927,0.217073
0.78356,0.21644
0.783998,0.216002
0.785013,0.214987
0.785445,0.214555
0.786098,0.213902
0.786713,0.213287
0.78745,0.21255
0.787615,0.212385
0.788344,0.211656
0.788765,0.211235
0.788926,0.211074
0.788872,0.211128
0.788948,0.211052
0.78881,0.21119
0.788329,0.211671
0.788535,0.211465
0.789168,0.210832
0.790137,0.209863
0.788937,0.211063
0.7888,0.2112
0.789299,0.210701
0.788825,0.211175
0.789449,0.210551
0.789735,0.210265
0.790437,0.209563
0.790304,0.209696
0.790712,0.209288
0.790994,0.209006
0.791399,0.208601
0.791967,0.208033
0.792369,0.207631
0.793053,0.206947
0.791253,0.208747
0.789547,0.210453
0.789087,0.210913
0.789571,0.210429
0.789848,0.210152
0.79053,0.20947
0.790402,0.209598
0.788633,0.211367
0.789034,0.210966
0.788579,0.211421
0.789059,0.210941
0.788932,0.211068
0.789855,0.210145
0.79045,0.20955
0.790723,0.209277
0.790796,0.209204
0.791625,0.208375
0.791697,0.208303
0.792361,0.207639
0.792314,0.207686
0.792972,0.207028
0.79273,0.20727
0.792802,0.207198
0.793574,0.206426
0.793452,0.206548
0.793019,0.206981
0.79336,0.20664
0.793625,0.206375
0.793195,0.206805
0.793534,0.206466
0.794178,0.205822
0.794061,0.205939
0.794513,0.205487
0.794656,0.205344
0.794541,0.205459
0.795177,0.204823
0.795554,0.204446
0.795509,0.204491
0.796188,0.203812
0.796143,0.203857
0.79603,0.20397
0.795802,0.204198
0.79606,0.20394
0.796849,0.203151
0.796737,0.203263
0.79681,0.20319
0.797134,0.202866
0.797868,0.202132
0.798349,0.201651
0.798781,0.201219
0.798378,0.201622
0.798629,0.201371
0.798408,0.201592
0.79866,0.20134
0.798797,0.201203
0.798934,0.201066
0.799298,0.200702
0.799837,0.200163
0.798562,0.201438
0.799036,0.200964
0.799171,0.200829
0.799992,0.200008
0.800808,0.199192
0.800703,0.199297
0.800598,0.199402
0.800667,0.199333
0.800563,0.199437
0.800742,0.199258
0.800876,0.199124
0.799444,0.200556
0.799341,0.200659
0.799128,0.200872
0.799481,0.200519
0.799616,0.200384
0.799514,0.200486
0.799476,0.200524
0.800062,0.199938
0.799681,0.200319
0.799472,0.200528
0.799373,0.200627
0.799849,0.200151
0.799471,0.200529
0.799373,0.200627
0.799847,0.200153
0.800089,0.199911
0.800162,0.199838
0.800345,0.199655
0.800921,0.199079
0.79967,0.20033
0.799742,0.200258
0.800148,0.199852
0.800443,0.199557
0.800515,0.199485
0.799109,0.200891
0.798906,0.201094
0.798537,0.201463
0.798168,0.201832
0.798132,0.201868
0.798317,0.201683
0.798226,0.201774
0.798631,0.201369
0.799035,0.200965
0.799218,0.200782
0.798855,0.201145
0.799258,0.200742
0.799604,0.200396
0.799407,0.200593
0.799589,0.200411
0.799934,0.200066
0.799576,0.200424
0.800138,0.199862
0.800696,0.199304
0.801198,0.198802
0.801325,0.198675
0.801238,0.198762
0.801418,0.198582
0.799707,0.200293
0.800102,0.199898
0.800441,0.199559
0.80062,0.19938
0.800429,0.199571
0.800397,0.199603
0.800576,0.199424
0.801176,0.198824
0.801722,0.198278
0.802109,0.197891
0.802024,0.197976
0.801837,0.198163
0.802222,0.197778
0.802762,0.197238
0.802679,0.197321
0.802492,0.197508
0.80241,0.19759
0.80207,0.19793
0.801988,0.198012
0.801804,0.198196
0.802136,0.197864
0.801798,0.198202
0.800214,0.199786
0.800703,0.199297
0.800933,0.199067
0.801573,0.198427
0.802109,0.197891
0.802488,0.197512
0.803068,0.196932
0.803495,0.196505
0.803918,0.196082
0.803839,0.196161
0.804361,0.195639
0.804283,0.195717
0.804854,0.195146
0.804527,0.195473
0.804896,0.195104
0.804819,0.195181
0.804493,0.195507
0.804862,0.195138
0.805082,0.194918
0.805201,0.194799
0.80542,0.19458
0.805492,0.194508
0.805416,0.194584
0.805828,0.194172
0.805999,0.194001
0.806169,0.193831
0.806577,0.193423
0.805374,0.194626
0.805056,0.194944
0.805561,0.194439
0.80602,0.19398
0.806135,0.193865
0.805819,0.194181
0.806034,0.193966
0.806291,0.193709
0.806362,0.193638
0.805126,0.194874
0.804812,0.195188
0.805126,0.194874
0.805482,0.194518
0.805878,0.194122
0.805949,0.194051
0.806119,0.193881
0.806471,0.193529
0.806822,0.193178
0.806892,0.193108
0.806823,0.193177
0.807228,0.192772
0.807159,0.192841
0.807089,0.192911
0.807202,0.192798
0.807369,0.192631
0.806189,0.193811
0.806357,0.193643
0.806745,0.193255
0.806677,0.193323
0.806374,0.193626
0.806583,0.193417
0.806929,0.193071
0.80737,0.19263
0.807576,0.192424
0.807509,0.192491
0.807811,0.192189
0.807881,0.192119
0.808222,0.191778
0.808792,0.191208
0.807491,0.192509
0.807424,0.192576
0.807358,0.192642
0.807697,0.192303
0.808075,0.191925
0.808144,0.191856
0.80848,0.19152
0.808815,0.191185
0.80875,0.19125
0.808591,0.191409
0.808432,0.191568
0.808823,0.191177
0.809156,0.190844
0.80945,0.19055
0.809781,0.190219
0.809849,0.190151
0.81031,0.18969
0.810377,0.189623
0.810221,0.189779
0.809935,0.190065
0.810394,0.189606
0.810462,0.189538
0.81053,0.18947
0.810727,0.189273
0.811274,0.188726
0.811598,0.188402
0.811317,0.188683
0.81164,0.18836
0.812182,0.187818
0.812376,0.187624
0.812224,0.187776
0.812544,0.187456
0.812828,0.187172
0.812551,0.187449
0.812618,0.187382
0.812902,0.187098
0.812843,0.187157
0.812693,0.187307
0.81276,0.18724
0.812953,0.187047
0.812804,0.187196
0.811742,0.188258
0.811684,0.188316
0.811409,0.188591
0.811135,0.188865
0.811509,0.188491
0.811613,0.188387
0.811931,0.188069
0.812282,0.187718
0.81226,0.18774
0.812484,0.187516
0.812552,0.187448
0.813046,0.186954
0.811871,0.188129
0.812184,0.187816
0.812586,0.187414
0.812563,0.187437
0.812752,0.187248
0.812484,0.187516
0.812429,0.187571
0.812407,0.187593
0.812807,0.187193
0.812752,0.187248
0.812973,0.187027
0.81304,0.18696
0.813138,0.186862
0.813567,0.186433
0.813304,0.186696
0.81358,0.18642
0.813886,0.186114
0.81428,0.18572
0.814465,0.185535
0.81465,0.18535
0.814864,0.185136
0.81493,0.18507
0.81479,0.18521
0.814856,0.185144
0.814598,0.185402
0.81434,0.18566
0.814673,0.185327
0.814651,0.185349
0.814747,0.185253
0.815136,0.184864
0.815086,0.184914
0.815297,0.184703
0.815568,0.184432
0.815431,0.184569
0.815613,0.184387
0.81536,0.18464
0.815862,0.184138
0.815928,0.184072
0.815995,0.184005
0.816089,0.183911
0.816357,0.183643
0.816766,0.183234
0.816973,0.183027
0.817378,0.182622
0.817331,0.182669
0.817622,0.182378
0.817488,0.182512
0.818038,0.181962
0.818216,0.181784
0.81859,0.18141
0.818681,0.181319
0.818745,0.181255
0.818921,0.181079
0.819293,0.180707
0.819637,0.180363
0.819837,0.180163
0.820011,0.179989
0.819989,0.180011
0.819968,0.180032
0.820056,0.179944
0.82012,0.17988
0.819881,0.180119
0.819835,0.180165
0.819706,0.180294
0.81847,0.18153
0.818668,0.181332
0.818623,0.181377
0.818688,0.181312
0.81845,0.18155
0.818406,0.181594
0.818167,0.181833
0.818148,0.181852
0.81791,0.18209
0.816765,0.183235
0.816965,0.183035
0.817141,0.182859
0.816903,0.183097
0.817188,0.182812
0.817145,0.182855
0.81732,0.18268
0.817711,0.182289
0.817669,0.182331
0.817843,0.182157
0.817717,0.182283
0.817975,0.182025
0.818041,0.181959
0.818191,0.181809
0.818173,0.181827
0.818262,0.181738
0.818457,0.181543
0.818758,0.181242
0.818824,0.181176
0.818593,0.181407
0.818362,0.181638
0.818344,0.181656
0.818517,0.181483
0.818393,0.181607
0.818671,0.181329
0.818632,0.181368
0.818698,0.181302
0.818976,0.181024
0.818853,0.181147
0.81873,0.18127
0.817386,0.182614
0.817558,0.182442
0.817625,0.182375
0.817608,0.182392
0.817906,0.182094
0.818286,0.181714
0.818561,0.181439
0.818523,0.181477
0.818486,0.181514
0.818676,0.181324
0.818846,0.181154
0.817743,0.182257
0.818204,0.181796
0.818167,0.181833
0.818625,0.181375
0.818812,0.181188
0.818692,0.181308
0.818776,0.181224
0.818554,0.181446
0.818536,0.181464
0.818518,0.181482
0.818501,0.181499
0.818788,0.181212
0.818955,0.181045
0.818937,0.181063
0.81939,0.18061
0.819556,0.180444
0.819723,0.180277
0.819704,0.180296
0.819954,0.180046
0.820219,0.179781
0.820582,0.179418
0.820647,0.179353
0.820894,0.179106
0.821042,0.178958
0.821008,0.178992
0.821073,0.178927
0.820066,0.179934
0.820213,0.179787
0.820294,0.179706
0.819214,0.180786
0.819097,0.180903
0.81898,0.18102
0.817807,0.182193
0.818071,0.181929
0.817855,0.182145
0.816789,0.183211
0.816755,0.183245
0.817019,0.182981
0.817281,0.182719
0.817248,0.182752
0.817329,0.182671
0.817212,0.182788
0.81718,0.18282
0.817427,0.182573
0.817409,0.182591
0.817294,0.182706
0.81736,0.18264
0.817327,0.182673
0.817115,0.182885
0.817557,0.182443
0.817525,0.182475
0.817313,0.182687
0.817589,0.182411
0.817655,0.182345
0.817818,0.182182
0.817981,0.182019
0.818061,0.181939
0.81803,0.18197
0.818096,0.181904
0.818436,0.181564
0.818227,0.181773
0.818389,0.181611
0.818181,0.181819
0.818247,0.181753
0.818409,0.181591
0.818585,0.181415
0.818378,0.181622
0.818525,0.181475
0.818767,0.181233
0.819199,0.180801
0.819359,0.180641
0.819534,0.180466
0.819423,0.180577
0.819219,0.180781
0.819473,0.180527
0.819444,0.180556
0.819698,0.180302
0.819964,0.180036
0.82011,0.17989
0.820094,0.179906
0.820172,0.179828
0.820436,0.179564
0.820235,0.179765
0.820405,0.179595
0.820204,0.179796
0.820189,0.179811
0.820254,0.179746
0.819197,0.180803
0.819344,0.180656
0.819489,0.180511
0.819912,0.180088
0.820334,0.179666
0.820226,0.179774
0.820383,0.179617
0.820367,0.179633
0.820615,0.179385
0.820873,0.179127
0.820847,0.179153
0.820911,0.179089
0.821055,0.178945
0.821312,0.178688
0.821455,0.178545
0.821429,0.178571
0.821323,0.178677
0.821297,0.178703
0.821372,0.178628
0.821696,0.178304
0.821591,0.178409
0.821565,0.178435
0.820339,0.179661
0.820753,0.179247
0.821076,0.178924
0.821151,0.178849
0.819924,0.180076
0.820067,0.179933
0.82004,0.17996
0.819846,0.180154
0.81982,0.18018
0.819896,0.180104
0.819882,0.180118
0.819946,0.180054
0.820022,0.179978
0.820086,0.179914
0.819983,0.180017
0.820226,0.179774
0.820123,0.179877
0.820098,0.179902
0.820174,0.179826
0.820416,0.179584
0.820668,0.179332
0.820644,0.179356
0.820875,0.179125
0.820861,0.179139
0.820837,0.179163
0.820912,0.179088
0.821141,0.178859
0.821128,0.178872
0.821367,0.178633
0.821528,0.178472
0.820413,0.179587
0.820399,0.179601
0.820297,0.179703
0.820623,0.179377
0.820435,0.179565
0.8205,0.1795
0.820651,0.179349
0.820637,0.179363
0.820866,0.179134
0.82093,0.17907
0.821072,0.178928
0.821049,0.178951
0.821026,0.178974
0.82134,0.17866
0.821154,0.178846
0.8214,0.1786
0.821645,0.178355
0.821803,0.178197
0.821952,0.178048
0.822092,0.177908
0.822326,0.177674
0.822304,0.177696
0.82246,0.17754
0.822608,0.177392
0.822756,0.177244
0.822574,0.177426
0.822391,0.177609
0.822209,0.177791
0.822027,0.177973
0.822252,0.177748
0.822316,0.177684
0.822464,0.177536
0.822696,0.177304
0.823079,0.176921
0.823066,0.176934
0.823297,0.176703
0.823602,0.176398
0.823756,0.176244
0.823826,0.176174
0.82413,0.17587
0.824034,0.175966
0.823939,0.176061
0.824159,0.175841
0.824064,0.175936
0.824217,0.175783
0.824039,0.175961
0.824109,0.175891
0.823932,0.176068
0.823913,0.176087
0.824065,0.175935
0.824046,0.175954
0.824034,0.175966
0.82301,0.17699
0.823155,0.176845
0.823136,0.176864
0.82296,0.17704
0.823194,0.176806
0.823339,0.176661
0.823484,0.176516
0.823309,0.176691
0.823215,0.176785
0.823278,0.176722
0.823654,0.176346
0.823636,0.176364
0.823617,0.176383
0.823525,0.176475
0.823506,0.176494
0.823806,0.176194
0.824113,0.175887
0.824094,0.175906
0.824319,0.175681
0.824381,0.175619
0.824209,0.175791
0.824272,0.175728
0.824254,0.175746
0.823076,0.176924
0.823058,0.176942
0.823194,0.176806
0.823257,0.176743
0.823239,0.176761
0.823544,0.176456
0.823615,0.176385
0.823765,0.176235
0.823908,0.176092
0.823737,0.176263
0.823953,0.176047
0.824096,0.175904
0.824085,0.175915
0.823995,0.176005
0.823825,0.176175
0.823736,0.176264
0.824183,0.175817
0.824246,0.175754
0.824229,0.175771
0.82406,0.17594
0.824289,0.175711
0.824358,0.175642
0.824803,0.175197
0.824865,0.175135
0.825307,0.174693
0.825526,0.174474
0.825587,0.174413
0.824662,0.175338
0.824795,0.175205
0.824785,0.175215
0.824618,0.175382
0.824687,0.175313
0.824977,0.175023
0.824889,0.175111
0.82495,0.17505
0.825019,0.174981
0.8241,0.1759
0.824318,0.175682
0.824301,0.175699
0.824525,0.175475
0.824586,0.175414
0.824421,0.175579
0.824483,0.175517
0.8235,0.1765
0.823645,0.176355
0.823861,0.176139
0.823994,0.176006
0.824352,0.175648
0.824419,0.175581
0.824776,0.175224
0.824766,0.175234
0.823786,0.176214
0.823918,0.176082
0.824055,0.175945
0.824416,0.175584
0.824253,0.175747
0.824472,0.175528
0.824761,0.175239
0.824974,0.175026
0.825115,0.174885
0.825401,0.174599
0.825391,0.174609
0.825596,0.174404
0.825806,0.174194
0.825935,0.174065
0.82592,0.17408
0.826204,0.173796
0.826263,0.173737
0.826103,0.173897
0.825943,0.174057
0.825927,0.174073
0.826062,0.173938
0.82627,0.17373
0.826473,0.173527
0.826389,0.173611
0.826527,0.173473
0.826369,0.173631
0.826354,0.173646
0.826413,0.173587
0.826541,0.173459
0.826383,0.173617
0.826596,0.173404
0.826803,0.173197
0.825911,0.174089
0.824733,0.175267
0.824866,0.175134
0.823981,0.176019
0.823966,0.176034
0.824248,0.175752
0.824233,0.175767
0.824218,0.175782
0.824278,0.175722
0.824411,0.175589
0.824475,0.175525
0.824687,0.175313
0.82453,0.17547
0.824515,0.175485
0.824432,0.175568
0.824275,0.175725
0.824334,0.175666
0.824399,0.175601
0.824747,0.175253
0.824953,0.175047
0.825163,0.174837
0.825007,0.174993
0.824851,0.175149
0.825057,0.174943
0.825261,0.174739
0.825461,0.174539
0.825593,0.174407
0.8258,0.1742
0.825718,0.174282
0.825917,0.174083
0.82612,0.17388
0.826326,0.173674
0.826387,0.173613
0.826514,0.173486
0.826854,0.173146
0.826915,0.173085
0.826763,0.173237
0.82675,0.17325
0.827157,0.172843
0.827215,0.172785
0.827414,0.172586
0.827404,0.172596
0.827391,0.172609
0.827452,0.172548
0.827577,0.172423
0.827564,0.172436
0.827552,0.172448
0.827676,0.172324
0.827808,0.172192
0.827658,0.172342
0.827926,0.172074
0.827776,0.172224
0.828107,0.171893
0.827958,0.172042
0.828086,0.171914
0.828353,0.171647
0.828612,0.171388
0.828739,0.171261
0.828868,0.171132
0.829133,0.170867
0.829262,0.170738
0.829184,0.170816
0.829105,0.170895
0.829093,0.170907
0.829153,0.170847
0.829278,0.170722
0.829132,0.170868
0.82912,0.17088
0.829246,0.170754
0.829442,0.170558
0.829499,0.170501
0.829353,0.170647
0.829276,0.170724
0.829198,0.170802
0.829187,0.170813
0.829515,0.170485
0.829711,0.170289
0.82977,0.17023
0.829896,0.170104
0.829955,0.170045
0.830079,0.169921
0.830469,0.169531
0.830591,0.169409
0.830582,0.169418
0.83084,0.16916
0.830829,0.169171
0.830818,0.169182
0.830675,0.169325
0.830863,0.169137
0.831053,0.168947
0.831042,0.168958
0.831031,0.168969
0.830889,0.169111
0.83121,0.16879
0.831463,0.168537
0.830534,0.169466
0.830523,0.169477
0.830581,0.169419
0.830505,0.169495
0.830563,0.169437
0.830686,0.169314
0.83094,0.16906
0.830996,0.169004
0.830987,0.169013
0.831107,0.168893
0.831361,0.168639
0.830503,0.169497
0.830492,0.169508
0.830614,0.169386
0.830736,0.169264
0.830792,0.169208
0.830978,0.169022
0.83123,0.16877
0.831156,0.168844
0.831275,0.168725
0.831331,0.168669
0.831515,0.168485
0.831636,0.168364
0.831756,0.168244
0.830711,0.169289
0.830959,0.169041
0.83108,0.16892
0.831329,0.168671
0.831256,0.168744
0.83131,0.16869
0.831494,0.168506
0.831613,0.168387
0.831667,0.168333
0.831787,0.168213
0.832033,0.167967
0.832088,0.167912
0.832142,0.167858
0.832196,0.167804
0.832186,0.167814
0.832368,0.167632
0.832612,0.167388
0.832539,0.167461
0.832656,0.167344
0.83271,0.16729
0.832764,0.167236
0.832629,0.167371
0.832746,0.167254
0.832864,0.167136
0.832855,0.167145
0.833098,0.166902
0.833088,0.166912
0.832953,0.167047
0.832882,0.167118
0.833061,0.166939
0.833115,0.166885
0.833294,0.166706
0.83316,0.16684
0.83213,0.16787
0.832058,0.167942
0.832112,0.167888
0.832417,0.167583
0.832283,0.167717
0.832337,0.167663
0.832516,0.167484
0.832758,0.167242
0.832873,0.167127
0.832802,0.167198
0.831842,0.168158
0.831708,0.168292
0.830815,0.169185
0.831057,0.168943
0.830923,0.169077
0.831165,0.168835
0.831281,0.168719
0.831148,0.168852
0.831264,0.168736
0.83138,0.16862
0.831558,0.168442
0.83186,0.16814
0.831914,0.168086
0.832091,0.167909
0.832329,0.167671
0.832443,0.167557
0.832619,0.167381
0.832979,0.167021
0.833092,0.166908
0.833145,0.166855
0.833318,0.166682
0.833187,0.166813
0.833422,0.166578
0.833596,0.166404
0.833769,0.166231
0.833821,0.166179
0.833752,0.166248
0.833743,0.166257
0.833733,0.166267
0.833726,0.166274
0.833897,0.166103
0.834011,0.165989
0.834003,0.165997
0.834235,0.165765
0.834467,0.165533
0.83476,0.16524
0.834929,0.165071
0.835098,0.164902
0.834341,0.165659
0.834391,0.165609
0.834263,0.165737
0.834553,0.165447
0.834546,0.165454
0.834538,0.165462
0.83441,0.16559
0.834641,0.165359
0.834809,0.165191
0.834976,0.165024
0.833987,0.166013
0.834155,0.165845
0.834446,0.165554
0.834497,0.165503
0.834724,0.165276
0.834772,0.165228
0.834879,0.165121
0.83487,0.16513
0.834979,0.165021
0.835207,0.164793
0.835257,0.164743
0.83519,0.16481
0.835241,0.164759
0.835233,0.164767
0.835226,0.164774
0.83539,0.16461
0.835501,0.164499
0.835725,0.164275
0.835773,0.164227
0.835941,0.164059
0.836107,0.163893
0.836154,0.163846
0.836202,0.163798
0.836192,0.163808
0.836413,0.163587
0.83629,0.16371
0.835427,0.164573
0.835303,0.164697
0.835525,0.164475
0.835692,0.164308
0.835856,0.164144
0.835963,0.164037
0.836127,0.163873
0.836117,0.163883
0.836396,0.163604
0.83633,0.16367
0.83638,0.16362
0.836373,0.163627
0.836307,0.163693
0.836467,0.163533
0.835611,0.164389
0.835717,0.164283
0.835823,0.164177
0.834803,0.165197
0.834797,0.165203
0.8349,0.1651
0.835006,0.164994
0.834884,0.165116
0.83493,0.16507
0.835093,0.164907
0.835371,0.164629
0.835477,0.164523
0.835634,0.164366
0.83568,0.16432
0.83573,0.16427
0.835724,0.164276
0.835658,0.164342
0.835708,0.164292
0.835809,0.164191
0.835966,0.164034
0.836186,0.163814
0.836065,0.163935
0.83623,0.16377
0.836109,0.163891
0.835989,0.164011
0.83609,0.16391
0.83619,0.16381
0.836295,0.163705
0.836459,0.163541
0.836394,0.163606
0.836499,0.163501
0.836493,0.163507
0.836488,0.163512
0.836597,0.163403
0.836642,0.163358
0.836742,0.163258
0.836905,0.163095
0.837067,0.162933
0.837003,0.162997
0.836885,0.163115
0.837043,0.162957
0.836925,0.163075
0.837029,0.162971
0.837186,0.162814
0.837348,0.162652
0.837398,0.162602
0.837392,0.162608
0.837608,0.162392
0.837939,0.162061
0.838095,0.161905
0.838309,0.161691
0.83858,0.16142
0.838846,0.161154
0.839055,0.160945
0.839098,0.160902
0.839093,0.160907
0.839194,0.160806
0.839295,0.160705
0.839343,0.160657
0.83944,0.16056
0.839544,0.160456
0.839755,0.160245
0.839851,0.160149
0.839947,0.160053
0.839121,0.160879
0.839058,0.160942
0.839102,0.160898
0.838987,0.161013
0.83816,0.16184
0.838151,0.161849
0.838304,0.161696
0.838242,0.161758
0.838127,0.161873
0.838117,0.161883
0.838108,0.161892
0.838204,0.161796
0.83841,0.16159
0.838348,0.161652
0.838234,0.161766
0.838501,0.161499
0.838649,0.161351
0.838806,0.161194
0.838797,0.161203
0.838735,0.161265
0.838778,0.161222
0.838009,0.161991
0.838157,0.161843
0.8382,0.1618
0.838299,0.161701
0.838186,0.161814
0.83829,0.16171
0.83839,0.16161
0.838542,0.161458
0.83848,0.16152
0.838367,0.161633
0.83857,0.16143
0.838566,0.161434
0.838562,0.161438
0.838661,0.161339
0.838977,0.161023
0.839019,0.160981
0.839015,0.160985
0.838954,0.161046
0.839048,0.160952
0.839198,0.160802
0.839399,0.160601
0.839446,0.160554
0.839595,0.160405
0.8398,0.1602
0.839689,0.160311
0.839736,0.160264
0.839783,0.160217
0.839672,0.160328
0.839668,0.160332
0.83971,0.16029
0.839599,0.160401
0.839539,0.160461
0.839632,0.160368
0.839674,0.160326
0.839772,0.160228
0.839712,0.160288
0.83981,0.16019
0.839807,0.160193
0.839854,0.160146
0.839744,0.160256
0.839846,0.160154
0.839843,0.160157
0.839733,0.160267
0.83978,0.16022
0.839671,0.160329
0.839768,0.160232
0.840023,0.159977
0.84017,0.15983
0.840167,0.159833
0.840264,0.159736
0.840407,0.159593
0.840348,0.159652
0.840555,0.159445
0.840497,0.159503
0.840388,0.159612
0.840385,0.159615
0.840327,0.159673
0.840323,0.159677
0.84037,0.15963
0.840417,0.159583
0.8395,0.1605
0.839592,0.160408
0.839845,0.160155
0.839841,0.160159
0.838929,0.161071
0.839081,0.160919
0.839333,0.160667
0.83933,0.16067
0.839326,0.160674
0.838469,0.161531
0.838411,0.161589
0.838453,0.161547
0.838344,0.161656
0.838236,0.161764
0.838333,0.161667
0.838225,0.161775
0.838217,0.161783
0.838365,0.161635
0.83757,0.16243
0.837718,0.162282
0.837715,0.162285
0.837857,0.162143
0.837899,0.162101
0.838046,0.161954
0.837939,0.162061
0.838135,0.161865
0.838177,0.161823
0.838323,0.161677
0.837475,0.162525
0.837566,0.162434
0.837558,0.162442
0.83766,0.16234
0.837657,0.162343
0.837749,0.162251
0.837691,0.162309
0.837897,0.162103
0.838043,0.161957
0.838144,0.161856
0.838191,0.161809
0.838391,0.161609
0.838481,0.161519
0.838528,0.161472
0.838726,0.161274
0.83892,0.16108
0.838079,0.161921
0.837242,0.162758
0.837288,0.162712
0.837433,0.162567
0.83743,0.16257
0.837471,0.162529
0.837616,0.162384
0.837613,0.162387
0.837507,0.162493
0.837646,0.162354
0.837839,0.162161
0.837928,0.162072
0.837925,0.162075
0.838015,0.161985
0.838012,0.161988
0.838204,0.161796
0.838292,0.161708
0.838387,0.161613
0.838433,0.161567
0.83843,0.16157
0.838567,0.161433
0.838559,0.161441
0.838605,0.161395
0.838741,0.161259
0.838876,0.161124
0.838772,0.161228
0.838716,0.161284
0.838966,0.161034
0.839005,0.160995
0.839051,0.160949
0.839192,0.160808
0.839291,0.160709
0.839426,0.160574
0.83937,0.16063
0.839368,0.160632
0.839455,0.160545
0.839453,0.160547
0.83954,0.16046
0.839626,0.160374
0.839523,0.160477
0.839657,0.160343
0.83979,0.16021
0.839835,0.160165
0.840129,0.159871
0.840315,0.159685
0.8405,0.1595
0.840631,0.159369
0.84053,0.15947
0.840568,0.159432
0.840513,0.159487
0.840458,0.159542
0.840356,0.159644
0.840495,0.159505
0.840393,0.159607
0.839622,0.160378
0.839621,0.160379
0.83962,0.16038
0.839611,0.160389
0.83961,0.16039
0.839602,0.160398
0.839594,0.160406
0.839732,0.160268
0.839824,0.160176
0.839923,0.160077
0.839968,0.160032
0.840067,0.159933
0.840012,0.159988
0.840058,0.159942
0.840142,0.159858
0.840088,0.159912
0.840179,0.159821
0.840317,0.159683
0.840507,0.159493
0.840506,0.159494
0.84065,0.15935
0.840793,0.159207
0.840074,0.159926
0.840158,0.159842
0.840196,0.159804
0.840241,0.159759
0.840141,0.159859
0.840042,0.159958
0.840178,0.159822
0.840216,0.159784
0.840261,0.159739
0.840397,0.159603
0.839637,0.160363
0.839636,0.160364
0.839818,0.160182
0.84,0.16
0.840181,0.159819
0.840324,0.159676
0.84042,0.15958
0.840412,0.159588
0.840457,0.159543
0.840547,0.159453
0.840493,0.159507
0.840673,0.159327
0.840808,0.159192
0.840904,0.159096
0.841032,0.158968
0.840934,0.159066
0.841016,0.158984
0.841105,0.158895
0.841283,0.158717
0.841186,0.158814
0.841364,0.158636
0.841542,0.158458
0.841445,0.158555
0.84163,0.15837
0.841533,0.158467
0.841628,0.158372
0.841806,0.158194
0.841709,0.158291
0.841708,0.158292
0.841707,0.158293
0.841707,0.158293
0.841743,0.158257
0.84192,0.15808
0.841964,0.158036
0.842103,0.157897
0.84228,0.15772
0.842463,0.157537
0.842543,0.157457
0.842586,0.157414
0.842623,0.157377
0.842571,0.157429
0.842665,0.157335
0.842708,0.157292
0.842657,0.157343
0.842656,0.157344
0.842605,0.157395
0.842553,0.157447
0.842684,0.157316
0.842815,0.157185
0.842909,0.157091
0.842952,0.157048
0.842952,0.157048
0.843227,0.156773
0.843364,0.156636
0.843407,0.156593
0.843487,0.156513
0.843674,0.156326
0.843673,0.156327
0.843803,0.156197
0.843975,0.156025
0.843974,0.156026
0.844053,0.155947
0.844046,0.155954
0.843952,0.156048
0.843988,0.156012
0.844123,0.155877
0.84403,0.15597
0.843936,0.156064
0.844065,0.155935
0.844101,0.155899
0.844143,0.155857
0.844229,0.155771
0.8444,0.1556
0.844571,0.155429
0.844613,0.155387
0.844563,0.155437
0.84447,0.15553
0.84447,0.15553
0.844505,0.155495
0.844455,0.155545
0.844491,0.155509
0.844618,0.155382
0.844618,0.155382
0.844696,0.155304
0.844689,0.155311
0.844724,0.155276
0.844717,0.155283
0.844844,0.155156
0.844978,0.155022
0.845105,0.154895
0.845105,0.154895
0.845189,0.154811
0.845266,0.154734
0.845309,0.154691
0.845385,0.154615
0.845477,0.154523
0.845568,0.154432
0.84561,0.15439
0.845736,0.154264
0.845687,0.154313
0.845903,0.154097
0.844205,0.155795
0.844205,0.155795
0.844247,0.155753
0.844381,0.155619
0.844507,0.155493
0.8445,0.1555
0.844492,0.155508
0.844611,0.155389
0.844562,0.155438
0.844555,0.155445
0.844464,0.155536
0.844548,0.155452
0.844582,0.155418
0.844617,0.155383
0.844708,0.155292
0.844924,0.155076
0.845091,0.154909
0.845208,0.154792
0.845423,0.154577
0.845423,0.154577
0.845498,0.154502
0.845573,0.154427
0.845787,0.154213
0.845787,0.154213
0.845877,0.154123
0.845919,0.154081
0.845919,0.154081
0.84583,0.15417
0.846002,0.153998
0.845912,0.154088
0.845987,0.154013
0.846118,0.153882
0.846297,0.153703
0.846412,0.153588
0.846405,0.153595
0.846446,0.153554
0.84652,0.15348
0.846635,0.153365
0.846757,0.153243
0.846839,0.153161
0.846953,0.153047
0.846905,0.153095
0.847115,0.152885
0.847067,0.152933
0.847068,0.152932
0.84702,0.15298
0.847182,0.152818
0.847295,0.152705
0.847416,0.152584
0.847577,0.152423
0.84749,0.15251
0.847522,0.152478
0.847603,0.152397
0.847604,0.152396
0.847556,0.152444
0.847669,0.152331
0.847749,0.152251
0.847829,0.152171
0.84791,0.15209
0.848038,0.151962
0.847991,0.152009
0.848206,0.151794
0.848325,0.151675
0.847513,0.152487
0.847585,0.152415
0.847791,0.152209
0.847792,0.152208
0.847706,0.152294
0.847659,0.152341
0.847778,0.152222
0.847858,0.152142
0.847224,0.152776
0.847137,0.152863
0.847177,0.152823
0.84721,0.15279
0.847123,0.152877
0.847076,0.152924
0.847196,0.152804
0.847197,0.152803
0.84719,0.15281
0.84719,0.15281
0.847191,0.152809
0.846433,0.153567
0.846347,0.153653
0.846514,0.153486
0.846594,0.153406
0.846753,0.153247
0.846706,0.153294
0.846912,0.153088
0.846984,0.153016
0.846898,0.153102
0.847056,0.152944
0.84701,0.15299
0.846964,0.153036
0.846878,0.153122
0.846918,0.153082
0.846833,0.153167
0.846865,0.153135
0.846866,0.153134
0.846954,0.153046
0.846868,0.153132
0.846948,0.153052
0.846988,0.153012
0.846989,0.153011
0.847069,0.152931
0.847062,0.152938
0.847102,0.152898
0.84726,0.15274
0.847261,0.152739
0.847215,0.152785
0.847372,0.152628
0.846651,0.153349
0.846761,0.153239
0.846918,0.153082
0.846958,0.153042
0.847029,0.152971
0.84724,0.15276
0.84728,0.15272
0.847196,0.152804
0.847305,0.152695
0.847391,0.152609
0.847555,0.152445
0.847595,0.152405
0.847596,0.152404
0.847705,0.152295
0.847775,0.152225
0.847815,0.152185
0.847854,0.152146
0.847886,0.152114
0.847972,0.152028
0.848096,0.151904
0.847428,0.152572
0.847429,0.152571
0.847515,0.152485
0.846803,0.153197
0.846873,0.153127
0.846913,0.153087
0.846829,0.153171
0.846946,0.153054
0.846901,0.153099
0.846817,0.153183
0.846988,0.153012
0.847027,0.152973
0.846319,0.153681
0.84632,0.15368
0.84636,0.15364
0.846361,0.153639
0.846516,0.153484
0.846517,0.153483
0.846679,0.153321
0.846749,0.153251
0.84678,0.15322
0.846896,0.153104
0.846897,0.153103
0.846891,0.153109
0.846884,0.153116
0.847091,0.152909
0.847214,0.152786
0.846558,0.153442
0.846551,0.153449
0.846544,0.153456
0.846583,0.153417
0.846622,0.153378
0.846578,0.153422
0.846495,0.153505
0.846534,0.153466
0.846703,0.153297
0.846704,0.153296
0.846789,0.153211
0.84679,0.15321
0.846829,0.153171
0.846747,0.153253
0.846665,0.153335
0.846697,0.153303
0.846736,0.153264
0.846896,0.153104
0.84698,0.15302
0.846898,0.153102
0.846854,0.153146
0.846924,0.153076
0.846963,0.153037
0.847085,0.152915
0.847162,0.152838
0.847163,0.152837
0.847247,0.152753
0.847354,0.152646
0.84731,0.15269
0.847311,0.152689
0.847425,0.152575
0.847621,0.152379
0.84754,0.15246
0.847459,0.152541
0.847416,0.152584
0.847417,0.152583
0.847501,0.152499
0.847502,0.152498
0.847571,0.152429
0.84764,0.15236
0.847641,0.152359
0.847792,0.152208
0.847786,0.152214
0.84778,0.15222
0.847699,0.152301
0.847656,0.152344
0.847732,0.152268
0.847771,0.152229
0.847921,0.152079
0.847269,0.152731
0.847382,0.152618
0.847339,0.152661
0.847415,0.152585
0.847454,0.152546
0.847574,0.152426
0.84765,0.15235
0.846161,0.153839
0.8462,0.1538
0.846156,0.153844
0.846113,0.153887
0.846226,0.153774
0.846146,0.153854
0.846252,0.153748
0.846365,0.153635
0.846366,0.153634
0.846368,0.153632
0.84637,0.15363
0.84649,0.15351
0.846573,0.153427
0.846678,0.153322
0.846635,0.153365
0.846785,0.153215
0.846787,0.153213
0.846825,0.153175
0.846901,0.153099
0.846902,0.153098
0.846823,0.153177
0.846905,0.153095
0.846907,0.153093
0.847019,0.152981
0.847021,0.152979
0.846978,0.153022
0.846936,0.153064
0.846937,0.153063
0.846858,0.153142
0.847051,0.152949
0.847082,0.152918
0.847077,0.152923
0.847108,0.152892
0.84711,0.15289
0.847258,0.152742
0.847325,0.152675
0.847517,0.152483
0.847672,0.152328
0.847594,0.152406
0.847661,0.152339
0.847699,0.152301
0.847781,0.152219
0.847972,0.152028
0.847973,0.152027
0.848055,0.151945
0.848136,0.151864
0.848138,0.151862
0.848139,0.151861
0.848098,0.151902
0.848165,0.151835
0.848087,0.151913
0.848197,0.151803
0.848307,0.151693
0.848345,0.151655
0.848268,0.151732
0.848334,0.151666
0.84848,0.15152
0.848482,0.151518
0.848477,0.151523
0.848716,0.151284
0.848868,0.151132
0.848977,0.151023
0.84905,0.15095
0.849052,0.150948
0.848975,0.151025
0.848898,0.151102
0.848821,0.151179
0.84814,0.15186
0.847425,0.152575
0.847383,0.152617
0.847414,0.152586
0.847524,0.152476
0.847554,0.152446
0.847671,0.152329
0.847745,0.152255
0.847897,0.152103
0.847963,0.152037
0.848044,0.151956
0.848145,0.151855
0.848211,0.151789
0.848355,0.151645
0.848421,0.151579
0.848344,0.151656
0.848303,0.151697
0.848305,0.151695
0.848307,0.151693
0.848309,0.151691
0.847642,0.152358
0.847566,0.152434
0.847631,0.152369
0.847697,0.152303
0.847798,0.152202
0.847879,0.152121
0.847881,0.152119
0.847989,0.152011
0.847211,0.152789
0.847277,0.152723
0.846608,0.153392
0.846567,0.153433
0.846711,0.153289
0.846741,0.153259
0.846814,0.153186
0.846817,0.153183
0.846917,0.153083
0.847033,0.152967
0.847035,0.152965
0.847037,0.152963
0.847153,0.152847
0.847148,0.152852
0.847177,0.152823
0.84732,0.15268
0.847428,0.152572
0.847422,0.152578
0.84746,0.15254
0.847567,0.152433
0.847491,0.152509
0.847564,0.152436
0.847663,0.152337
0.847588,0.152412
0.847703,0.152297
0.847627,0.152373
0.847734,0.152266
0.847737,0.152263
0.847766,0.152234
0.847796,0.152204
0.847798,0.152202
0.847912,0.152088
0.847915,0.152085
0.847994,0.152006
0.848093,0.151907
0.848095,0.151905
0.848237,0.151763
0.848335,0.151665
0.848364,0.151636
0.84829,0.15171
0.84825,0.15175
0.848252,0.151748
0.848324,0.151676
0.848361,0.151639
0.84839,0.15161
0.848572,0.151428
0.848575,0.151425
0.84868,0.15132
0.848778,0.151222
0.848883,0.151117
0.848238,0.151762
0.848164,0.151836
0.84759,0.15241
0.847627,0.152373
0.847705,0.152295
0.847784,0.152216
0.847813,0.152187
0.847842,0.152158
0.848024,0.151976
0.84795,0.15205
0.847952,0.152048
0.848016,0.151984
0.848079,0.151921
0.848184,0.151816
0.848281,0.151719
0.848378,0.151622
0.848474,0.151526
0.848401,0.151599
0.848327,0.151673
0.848466,0.151534
0.84857,0.15143
0.848573,0.151427
0.848575,0.151425
0.848755,0.151245
0.848826,0.151174
0.849005,0.150995
0.848966,0.151034
0.849036,0.150964
0.849098,0.150902
0.849318,0.150682
0.849429,0.150571
0.849356,0.150644
0.849351,0.150649
0.849379,0.150621
0.84934,0.15066
0.849335,0.150665
0.849337,0.150663
0.849265,0.150735
0.849268,0.150732
0.849345,0.150655
0.849422,0.150578
0.849559,0.150441
0.849561,0.150439
0.848851,0.151149
0.848778,0.151222
0.848931,0.151069
0.849,0.151
0.848995,0.151005
0.84909,0.15091
0.849052,0.150948
0.849154,0.150846
0.849216,0.150784
0.849319,0.150681
0.849421,0.150579
0.849524,0.150476
0.849518,0.150482
0.849621,0.150379
0.848915,0.151085
0.848909,0.151091
0.848912,0.151088
0.848914,0.151086
0.84895,0.15105
0.84906,0.15094
0.849088,0.150912
0.849116,0.150884
0.849045,0.150955
0.849114,0.150886
0.849249,0.150751
0.849359,0.150641
0.849395,0.150605
0.849529,0.150471
0.849664,0.150336
0.849659,0.150341
0.849793,0.150207
0.849968,0.150032
0.850101,0.149899
0.850177,0.149823
0.850311,0.149689
0.850403,0.149597
0.850577,0.149423
0.850506,0.149494
0.850541,0.149459
0.850577,0.149423
0.850725,0.149275
0.850727,0.149273
0.849989,0.150011
0.850049,0.149951
0.850051,0.149949
0.850152,0.149848
0.850211,0.149789
0.850384,0.149616
0.850452,0.149548
0.850511,0.149489
0.850546,0.149454
0.850476,0.149524
0.850608,0.149392
0.850643,0.149357
0.85071,0.14929
0.850802,0.149198
0.850869,0.149131
0.851,0.149
0.851131,0.148869
0.851094,0.148906
0.851056,0.148944
0.851123,0.148877
0.85123,0.14877
0.851264,0.148736
0.851267,0.148733
0.851229,0.148771
0.851296,0.148704
0.851299,0.148701
0.851229,0.148771
0.851288,0.148712
0.851355,0.148645
0.851357,0.148643
0.851448,0.148552
0.851626,0.148374
0.851588,0.148412
0.850962,0.149038
0.850924,0.149076
0.850999,0.149001
0.850994,0.149006
0.851052,0.148948
0.850983,0.149017
0.850914,0.149086
0.850909,0.149091
0.850967,0.149033
0.850898,0.149102
0.850997,0.149003
0.851023,0.148977
0.851058,0.148942
0.851116,0.148884
0.851143,0.148857
0.851106,0.148894
0.851196,0.148804
0.851365,0.148635
0.851296,0.148704
0.851386,0.148614
0.851389,0.148611
0.851463,0.148537
0.851466,0.148534
0.851492,0.148508
0.851581,0.148419
0.851608,0.148392
0.851602,0.148398
0.851731,0.148269
0.8511,0.1489
0.851228,0.148772
0.851223,0.148777
0.851289,0.148711
0.851221,0.148779
0.851184,0.148816
0.851242,0.148758
0.851245,0.148755
0.851177,0.148823
0.851265,0.148735
0.851371,0.148629
0.851459,0.148541
0.851485,0.148515
0.851519,0.148481
0.851545,0.148455
0.851721,0.148279
0.851809,0.148191
0.851843,0.148157
0.851908,0.148092
0.852044,0.147956
0.852069,0.147931
0.852095,0.147905
0.85212,0.14788
0.852177,0.147823
0.852281,0.147719
0.852276,0.147724
0.85231,0.14769
0.852397,0.147603
0.852431,0.147569
0.852364,0.147636
0.85242,0.14758
0.852384,0.147616
0.852448,0.147552
0.852544,0.147456
0.852617,0.147383
0.852673,0.147327
0.852698,0.147302
0.852631,0.147369
0.852665,0.147335
0.852599,0.147401
0.852633,0.147367
0.852719,0.147281
0.852805,0.147195
0.852769,0.147231
0.852834,0.147166
0.852798,0.147202
0.852832,0.147168
0.852766,0.147234
0.8527,0.1473
0.852695,0.147305
0.852698,0.147302
0.852632,0.147368
0.852758,0.147242
0.852882,0.147118
0.852847,0.147153
0.852881,0.147119
0.852876,0.147124
0.85281,0.14719
0.852935,0.147065
0.853029,0.146971
0.853063,0.146937
0.853157,0.146843
0.853092,0.146908
0.853026,0.146974
0.853021,0.146979
0.853145,0.146855
0.85327,0.14673
0.853342,0.146658
0.853307,0.146693
0.853392,0.146608
0.853396,0.146604
0.85346,0.14654
0.853583,0.146417
0.853617,0.146383
0.85368,0.14632
0.853774,0.146226
0.853846,0.146154
0.853781,0.146219
0.853815,0.146185
0.85378,0.14622
0.853814,0.146186
0.853936,0.146064
0.853313,0.146687
0.853398,0.146602
0.853559,0.146441
0.853495,0.146505
0.853579,0.146421
0.853651,0.146349
0.853723,0.146277
0.853658,0.146342
0.85376,0.14624
0.853785,0.146215
0.85372,0.14628
0.853656,0.146344
0.853689,0.146311
0.853812,0.146188
0.853747,0.146253
0.853947,0.146053
0.854018,0.145982
0.85409,0.14591
0.854173,0.145827
0.853525,0.146475
0.85352,0.14648
0.853592,0.146408
0.853595,0.146405
0.853531,0.146469
0.853497,0.146503
0.853501,0.146499
0.853555,0.146445
0.853559,0.146441
0.853554,0.146446
0.853519,0.146481
0.853573,0.146427
0.853636,0.146364
0.85364,0.14636
0.853576,0.146424
0.853512,0.146488
0.853613,0.146387
0.853773,0.146227
0.853865,0.146135
0.85389,0.14611
0.853961,0.146039
0.854015,0.145985
0.854136,0.145864
0.854101,0.145899
0.854298,0.145702
0.854351,0.145649
0.854288,0.145712
0.85372,0.14628
0.853803,0.146197
0.853885,0.146115
0.853977,0.146023
0.854106,0.145894
0.853532,0.146468
0.853498,0.146502
0.853493,0.146507
0.852883,0.147117
0.852887,0.147113
0.852911,0.147089
0.852935,0.147065
0.852989,0.147011
0.853089,0.146911
0.853084,0.146916
0.853155,0.146845
0.853275,0.146725
0.853328,0.146672
0.853265,0.146735
0.853385,0.146615
0.853523,0.146477
0.853489,0.146511
0.853513,0.146487
0.853583,0.146417
0.853665,0.146335
0.853718,0.146282
0.853846,0.146154
0.853869,0.146131
0.853988,0.146012
0.853992,0.146008
0.85393,0.14607
0.853867,0.146133
0.853805,0.146195
0.853828,0.146172
0.853833,0.146167
0.853837,0.146163
0.853889,0.146111
0.853941,0.146059
0.854003,0.145997
0.854035,0.145965
0.854088,0.145912
0.854092,0.145908
0.854096,0.145904
0.854214,0.145786
0.854332,0.145668
0.854413,0.145587
0.854436,0.145564
0.854459,0.145541
0.854483,0.145517
0.854421,0.145579
0.853854,0.146146
0.853925,0.146075
0.854014,0.145986
0.854084,0.145916
0.854022,0.145978
0.853961,0.146039
0.853965,0.146035
0.853969,0.146031
0.853964,0.146036
0.854025,0.145975
0.854143,0.145857
0.854081,0.145919
0.854217,0.145783
0.854221,0.145779
0.854188,0.145812
0.854183,0.145817
0.854121,0.145879
0.854125,0.145875
0.854177,0.145823
0.854181,0.145819
0.854186,0.145814
0.854275,0.145725
0.854355,0.145645
0.854378,0.145622
0.854317,0.145683
0.854471,0.145529
0.854475,0.145525
0.854508,0.145492
0.854559,0.145441
0.854713,0.145287
0.85481,0.14519
0.854899,0.145101
0.855015,0.144985
0.855177,0.144823
0.855116,0.144884
0.855148,0.144852
0.855171,0.144829
0.855287,0.144713
0.855411,0.144589
0.855351,0.144649
0.855374,0.144626
0.855313,0.144687
0.855466,0.144534
0.855461,0.144539
0.855585,0.144415
0.855617,0.144383
0.855704,0.144296
0.855708,0.144292
0.855832,0.144168
0.855901,0.144099
0.855979,0.144021
0.855326,0.144674
0.855266,0.144734
0.855298,0.144702
0.85533,0.14467
0.855408,0.144592
0.855348,0.144652
0.855435,0.144565
0.855503,0.144497
0.855535,0.144465
0.855567,0.144433
0.855617,0.144383
0.855667,0.144333
0.855745,0.144255
0.855795,0.144205
0.855736,0.144264
0.85574,0.14426
0.855817,0.144183
0.855822,0.144178
0.855817,0.144183
0.855821,0.144179
0.855871,0.144129
0.855812,0.144188
0.855889,0.144111
0.855295,0.144705
0.855263,0.144737
0.855331,0.144669
0.855363,0.144637
0.855458,0.144542
0.855526,0.144474
0.854935,0.145065
0.85503,0.14497
0.854971,0.145029
0.855002,0.144998
0.855025,0.144975
0.855048,0.144952
0.855097,0.144903
0.855211,0.144789
0.85527,0.14473
0.855211,0.144789
0.855288,0.144712
0.855337,0.144663
0.855278,0.144722
0.855464,0.144536
0.855513,0.144487
0.855572,0.144428
0.855685,0.144315
0.855743,0.144257
0.855811,0.144189
0.855896,0.144104
0.855945,0.144055
0.855376,0.144624
0.855317,0.144683
0.855322,0.144678
0.855407,0.144593
0.855457,0.144543
0.855398,0.144602
0.85542,0.14458
0.855451,0.144549
0.855473,0.144527
0.855442,0.144558
0.8555,0.1445
0.855612,0.144388
0.85567,0.14433
0.855612,0.144388
0.855553,0.144447
0.855558,0.144442
0.854973,0.145027
0.855085,0.144915
0.855089,0.144911
0.854543,0.145457
0.854619,0.145381
0.854614,0.145386
0.854708,0.145292
0.854784,0.145216
0.85486,0.14514
0.854864,0.145136
0.854886,0.145114
0.854828,0.145172
0.854886,0.145114
0.854971,0.145029
0.855029,0.144971
0.855024,0.144976
0.854993,0.145007
0.854934,0.145066
0.854966,0.145034
0.854988,0.145012
0.854956,0.145044
0.854898,0.145102
0.855019,0.144981
0.855041,0.144959
0.855099,0.144901
0.855121,0.144879
0.855125,0.144875
0.855246,0.144754
0.855366,0.144634
0.855335,0.144665
0.855393,0.144607
0.854823,0.145177
0.854765,0.145235
0.854813,0.145187
0.854129,0.145871
0.854187,0.145813
0.854245,0.145755
0.853669,0.146331
0.853611,0.146389
0.85366,0.14634
0.853682,0.146318
0.853793,0.146207
0.853798,0.146202
0.853829,0.146171
0.85395,0.14605
0.854097,0.145903
0.854155,0.145845
0.854266,0.145734
0.854297,0.145703
0.854265,0.145735
0.854297,0.145703
0.854345,0.145655
0.854419,0.145581
0.854414,0.145586
0.854489,0.145511
0.85451,0.14549
0.854594,0.145406
0.854668,0.145332
0.854823,0.145177
0.854766,0.145234
0.854771,0.145229
0.85474,0.14526
0.854849,0.145151
0.85488,0.14512
0.854823,0.145177
0.854766,0.145234
0.854876,0.145124
0.85503,0.14497
0.855175,0.144825
0.855242,0.144758
0.855237,0.144763
0.855284,0.144716
0.855305,0.144695
0.855398,0.144602
0.855507,0.144493
0.855476,0.144524
0.855558,0.144442
0.85558,0.14442
0.85501,0.14499
0.855076,0.144924
0.855081,0.144919
0.855173,0.144827
0.855178,0.144822
0.855121,0.144879
0.855126,0.144874
0.855147,0.144853
0.85509,0.14491
0.855034,0.144966
0.854977,0.145023
0.855095,0.144905
0.855038,0.144962
0.854982,0.145018
0.855013,0.144987
0.855095,0.144905
0.855091,0.144909
0.855086,0.144914
0.855169,0.144831
0.855199,0.144801
0.854632,0.145368
0.854653,0.145347
0.854762,0.145238
0.854834,0.145166
0.854856,0.145144
0.854851,0.145149
0.854882,0.145118
0.854825,0.145175
0.854769,0.145231
0.854825,0.145175
0.85483,0.14517
0.854835,0.145165
0.854779,0.145221
0.854723,0.145277
0.854754,0.145246
0.854758,0.145242
0.854806,0.145194
0.854923,0.145077
0.85498,0.14502
0.855097,0.144903
0.855118,0.144882
0.855165,0.144835
0.854635,0.145365
0.854657,0.145343
0.854687,0.145313
0.854708,0.145292
0.854704,0.145296
0.854673,0.145327
0.854781,0.145219
0.854802,0.145198
0.854833,0.145167
0.854905,0.145095
0.854961,0.145039
0.854956,0.145044
0.855028,0.144972
0.85511,0.14489
0.855261,0.144739
0.855206,0.144794
0.855271,0.144729
0.855216,0.144784
0.85516,0.14484
0.855181,0.144819
0.855177,0.144823
0.855258,0.144742
0.855365,0.144635
0.85549,0.14451
0.855435,0.144565
0.85538,0.14462
0.855324,0.144676
0.855295,0.144705
0.85529,0.14471
0.855346,0.144654
0.854794,0.145206
0.854739,0.145261
0.854709,0.145291
0.854653,0.145347
0.854598,0.145402
0.854543,0.145457
0.853957,0.146043
0.854003,0.145997
0.854155,0.145845
0.854186,0.145814
0.85413,0.14587
0.854136,0.145864
0.854243,0.145757
0.854248,0.145752
0.854193,0.145807
0.854188,0.145812
0.85426,0.14574
0.854281,0.145719
0.854362,0.145638
0.854307,0.145693
0.854312,0.145688
0.854343,0.145657
0.854399,0.145601
0.854515,0.145485
0.85446,0.14554
0.854551,0.145449
0.854667,0.145333
0.854637,0.145363
0.854667,0.145333
0.854688,0.145312
0.854684,0.145316
0.85473,0.14527
0.854735,0.145265
0.854781,0.145219
0.854777,0.145223
0.854823,0.145177
0.854844,0.145156
0.854889,0.145111
0.854945,0.145055
0.855025,0.144975
0.855106,0.144894
0.855111,0.144889
0.855216,0.144784
0.855262,0.144738
0.855208,0.144792
0.855153,0.144847
0.855159,0.144841
0.855104,0.144896
0.855244,0.144756
0.85525,0.14475
0.85522,0.14478
0.855226,0.144774
0.855306,0.144694
0.855445,0.144555
0.855525,0.144475
0.85553,0.14447
0.85561,0.14439
0.854955,0.145045
0.854901,0.145099
0.854357,0.145643
0.854328,0.145672
0.854323,0.145677
0.854413,0.145587
0.854384,0.145616
0.854439,0.145561
0.854445,0.145555
0.854559,0.145441
0.85453,0.14547
0.85467,0.14533
0.854675,0.145325
0.85478,0.14522
0.8548,0.1452
0.854771,0.145229
0.854767,0.145233
0.854788,0.145212
0.854867,0.145133
0.854912,0.145088
0.854883,0.145117
0.854854,0.145146
0.854909,0.145091
0.85494,0.14506
0.854289,0.145711
0.854344,0.145656
0.854399,0.145601
0.854405,0.145595
0.854351,0.145649
0.854356,0.145644
0.854387,0.145613
0.853837,0.146163
0.853808,0.146192
0.853754,0.146246
0.8537,0.1463
0.853671,0.146329
0.853811,0.146189
0.853757,0.146243
0.853763,0.146237
0.853734,0.146266
0.853838,0.146162
0.85329,0.14671
0.853296,0.146704
0.853401,0.146599
0.853446,0.146554
0.853452,0.146548
0.853522,0.146478
0.853468,0.146532
0.853533,0.146467
0.853479,0.146521
0.85351,0.14649
0.85354,0.14646
0.85362,0.14638
0.853743,0.146257
0.853714,0.146286
0.85371,0.14629
0.853716,0.146284
0.853721,0.146279
0.853717,0.146283
0.853762,0.146238
0.853709,0.146291
0.853739,0.146261
0.85376,0.14624
0.853707,0.146293
0.853654,0.146346
0.853758,0.146242
0.853827,0.146173
0.853872,0.146128
0.853844,0.146156
0.853913,0.146087
0.853944,0.146056
0.853988,0.146012
0.854043,0.145957
0.854015,0.145985
0.85402,0.14598
0.85405,0.14595
0.854071,0.145929
0.854067,0.145933
0.85418,0.14582
0.8542,0.1458
0.854303,0.145697
0.854509,0.145491
0.854577,0.145423
0.854549,0.145451
0.854637,0.145363
0.854643,0.145357
0.854615,0.145385
0.854669,0.145331
0.854616,0.145384
0.854564,0.145436
0.85456,0.14544
0.854648,0.145352
0.854668,0.145332
0.854737,0.145263
0.854791,0.145209
0.854796,0.145204
0.854841,0.145159
0.854789,0.145211
0.854857,0.145143
0.854863,0.145137
0.854859,0.145141
0.854889,0.145111
0.854894,0.145106
0.854866,0.145134
0.854944,0.145056
0.854964,0.145036
0.855042,0.144958
0.85511,0.14489
0.855058,0.144942
0.855146,0.144854
0.855176,0.144824
0.855181,0.144819
0.855154,0.144846
0.855159,0.144841
0.855165,0.144835
0.855137,0.144863
0.855225,0.144775
0.855302,0.144698
0.85537,0.14463
0.855448,0.144552
0.855515,0.144485
0.855464,0.144536
0.855412,0.144588
0.855442,0.144558
0.85539,0.14461
0.855458,0.144542
0.85543,0.14457
0.855498,0.144502
0.855517,0.144483
0.855561,0.144439
0.855533,0.144467
0.855506,0.144494
0.855549,0.144451
0.855498,0.144502
0.855561,0.144439
0.855591,0.144409
0.855635,0.144365
0.855678,0.144322
0.855721,0.144279
0.855717,0.144283
0.855784,0.144216
0.855848,0.144152
0.85582,0.14418
0.85584,0.14416
0.855869,0.144131
0.855922,0.144078
0.855895,0.144105
0.855844,0.144156
0.855921,0.144079
0.855927,0.144073
0.855899,0.144101
0.855966,0.144034
0.855986,0.144014
0.856029,0.143971
0.856002,0.143998
0.856021,0.143979
0.856084,0.143916
0.856104,0.143896
0.85617,0.14383
0.856176,0.143824
0.856182,0.143818
0.856315,0.143685
0.856391,0.143609
0.856567,0.143433
0.856666,0.143334
0.856696,0.143304
0.856725,0.143275
0.856791,0.143209
0.856797,0.143203
0.856849,0.143151
0.856915,0.143085
0.856967,0.143033
0.857043,0.142957
0.857016,0.142984
0.857035,0.142965
0.856985,0.143015
0.856991,0.143009
0.857122,0.142878
0.857198,0.142802
0.85725,0.14275
0.857358,0.142642
0.857377,0.142623
0.857419,0.142581
0.857517,0.142483
0.857592,0.142408
0.857032,0.142968
0.857051,0.142949
0.857103,0.142897
0.857109,0.142891
0.857138,0.142862
0.85718,0.14282
0.857186,0.142814
0.857136,0.142864
0.857234,0.142766
0.857341,0.142659
0.857347,0.142653
0.857399,0.142601
0.857441,0.142559
0.857447,0.142553
0.857531,0.142469
0.857596,0.142404
0.857638,0.142362
0.857679,0.142321
0.857685,0.142315
0.857659,0.142341
0.857609,0.142391
0.857706,0.142294
0.85768,0.14232
0.857686,0.142314
0.857815,0.142185
0.857844,0.142156
0.85785,0.14215
0.857801,0.142199
0.857865,0.142135
0.857962,0.142038
0.858058,0.141942
0.858142,0.141858
0.858116,0.141884
0.858067,0.141933
0.858108,0.141892
0.858114,0.141886
0.85822,0.14178
0.858226,0.141774
0.858222,0.141778
0.858241,0.141759
0.858325,0.141675
0.858386,0.141614
0.858404,0.141596
0.858433,0.141567
0.858384,0.141616
0.85838,0.14162
0.858331,0.141669
0.858382,0.141618
0.858334,0.141666
0.858352,0.141648
0.858304,0.141696
0.858322,0.141678
0.858396,0.141604
0.858437,0.141563
0.858388,0.141612
0.858429,0.141571
0.858557,0.141443
0.858576,0.141424
0.858594,0.141406
0.858601,0.141399
0.858046,0.141954
0.858052,0.141948
0.858003,0.141997
0.857955,0.142045
0.858016,0.141984
0.858022,0.141978
0.857973,0.142027
0.858037,0.141963
0.857988,0.142012
0.857962,0.142038
0.858078,0.141922
0.858183,0.141817
0.858135,0.141865
0.858086,0.141914
0.85815,0.14185
0.858156,0.141844
0.858185,0.141815
0.858159,0.141841
0.85811,0.14189
0.858151,0.141849
0.85818,0.14182
0.858154,0.141846
0.858106,0.141894
0.858134,0.141866
0.858131,0.141869
0.858258,0.141742
0.858319,0.141681
0.858271,0.141729
0.858267,0.141733
0.858404,0.141596
0.858499,0.141501
0.858518,0.141482
0.858524,0.141476
0.858575,0.141425
0.858045,0.141955
0.858041,0.141959
0.858015,0.141985
0.858034,0.141966
0.858008,0.141992
0.85796,0.14204
0.858023,0.141977
0.858118,0.141882
0.858213,0.141787
0.858165,0.141835
0.858194,0.141806
0.858146,0.141854
0.858098,0.141902
0.858104,0.141896
0.857575,0.142425
0.857671,0.142329
0.857677,0.142323
0.857683,0.142317
0.857702,0.142298
0.857708,0.142292
0.857749,0.142251
0.8578,0.1422
0.857894,0.142106
0.857891,0.142109
0.857897,0.142103
0.85797,0.14203
0.858042,0.141958
0.857994,0.142006
0.858109,0.141891
0.858115,0.141885
0.858068,0.141932
0.858064,0.141936
0.858083,0.141917
0.858155,0.141845
0.858161,0.141839
0.858243,0.141757
0.85825,0.14175
0.858256,0.141744
0.858328,0.141672
0.85839,0.14161
0.858365,0.141635
0.858447,0.141553
0.858465,0.141535
0.858525,0.141475
0.858651,0.141349
0.858625,0.141375
0.858697,0.141303
0.85865,0.14135
0.858656,0.141344
0.858663,0.141337
0.858691,0.141309
0.858697,0.141303
0.858757,0.141243
0.858828,0.141172
0.858825,0.141175
0.8588,0.1412
0.858859,0.141141
0.858899,0.141101
0.858949,0.141051
0.858924,0.141076
0.858431,0.141569
0.858406,0.141594
0.858519,0.141481
0.858612,0.141388
0.858618,0.141382
0.858624,0.141376
0.85808,0.14192
0.858152,0.141848
0.858211,0.141789
0.858283,0.141717
0.858354,0.141646
0.858426,0.141574
0.858432,0.141568
0.858407,0.141593
0.858447,0.141553
0.8584,0.1416
0.858375,0.141625
0.858425,0.141575
0.858453,0.141547
0.858502,0.141498
0.858499,0.141501
0.858474,0.141526
0.858502,0.141498
0.858498,0.141502
0.85857,0.14143
0.858631,0.141369
0.858606,0.141394
0.85856,0.14144
0.858662,0.141338
0.858733,0.141267
0.858233,0.141767
0.858292,0.141708
0.858372,0.141628
0.858412,0.141588
0.858473,0.141527
0.858513,0.141487
0.858553,0.141447
0.858592,0.141408
0.858685,0.141315
0.858777,0.141223
0.858783,0.141217
0.858822,0.141178
0.858871,0.141129
0.858942,0.141058
0.858896,0.141104
0.858902,0.141098
0.858908,0.141092
0.858957,0.141043
0.858355,0.141645
0.858435,0.141565
0.858527,0.141473
0.858588,0.141412
0.858542,0.141458
0.858612,0.141388
0.85864,0.14136
0.858594,0.141406
0.858643,0.141357
0.858597,0.141403
0.858603,0.141397
0.858673,0.141327
0.858649,0.141351
0.858719,0.141281
0.858673,0.141327
0.858669,0.141331
0.858687,0.141313
0.858727,0.141273
0.858806,0.141194
0.858782,0.141218
0.858809,0.141191
0.858326,0.141674
0.858344,0.141656
0.857831,0.142169
0.857785,0.142215
0.857846,0.142154
0.857916,0.142084
0.857987,0.142013
0.857993,0.142007
0.858115,0.141885
0.858091,0.141909
0.858066,0.141934
0.858136,0.141864
0.857055,0.142945
0.857136,0.142864
0.857163,0.142837
0.85717,0.14283
0.857188,0.142812
0.857163,0.142837
0.857316,0.142684
0.85727,0.14273
0.857267,0.142733
0.857242,0.142758
0.857196,0.142804
0.857298,0.142702
0.857252,0.142748
0.857279,0.142721
0.857255,0.142745
0.85723,0.14277
0.857206,0.142794
0.857181,0.142819
0.857187,0.142813
0.857194,0.142806
0.856622,0.143378
0.856661,0.143339
0.856722,0.143278
0.856676,0.143324
0.856768,0.143232
0.856774,0.143226
0.856928,0.143072
0.856955,0.143045
0.856962,0.143038
0.856958,0.143042
0.856913,0.143087
0.856919,0.143081
0.856444,0.143556
0.856493,0.143507
0.856553,0.143447
0.856624,0.143376
0.856684,0.143316
0.856638,0.143362
0.856593,0.143407
0.856703,0.143297
0.856762,0.143238
0.856768,0.143232
0.856786,0.143214
0.856792,0.143208
0.856799,0.143201
0.856805,0.143195
0.856301,0.143699
0.856319,0.143681
0.856337,0.143663
0.856407,0.143593
0.856456,0.143544
0.856462,0.143538
0.856542,0.143458
0.856539,0.143461
0.856493,0.143507
0.856563,0.143437
0.856654,0.143346
0.856714,0.143286
0.856732,0.143268
0.856759,0.143241
0.85685,0.14315
0.856826,0.143174
0.856926,0.143074
0.856932,0.143068
0.856887,0.143113
0.856956,0.143044
0.856963,0.143037
0.856917,0.143083
0.856893,0.143107
0.856932,0.143068
0.856938,0.143062
0.857038,0.142962
0.857045,0.142955
0.857175,0.142825
0.857235,0.142765
0.85719,0.14281
0.857186,0.142814
0.857214,0.142786
0.857169,0.142831
0.857175,0.142825
0.857235,0.142765
0.857304,0.142696
0.85728,0.14272
0.857277,0.142723
0.857336,0.142664
0.857435,0.142565
0.857525,0.142475
0.857531,0.142469
0.857528,0.142472
0.857535,0.142465
0.857003,0.142997
0.85703,0.14297
0.85712,0.14288
0.857209,0.142791
0.857236,0.142764
0.857356,0.142644
0.857445,0.142555
0.857503,0.142497
0.857652,0.142348
0.85771,0.14229
0.857808,0.142192
0.857835,0.142165
0.85779,0.14221
0.857879,0.142121
0.857927,0.142073
0.857882,0.142118
0.857951,0.142049
0.857927,0.142073
0.857954,0.142046
0.857951,0.142049
0.857906,0.142094
0.857954,0.142046
0.85796,0.14204
0.857957,0.142043
0.857912,0.142088
0.85793,0.14207
0.857936,0.142064
0.857963,0.142037
0.858082,0.141918
0.85814,0.14186
0.857612,0.142388
0.857619,0.142381
0.857677,0.142323
0.857654,0.142346
0.857701,0.142299
0.857728,0.142272
0.857786,0.142214
0.857783,0.142217
0.857821,0.142179
0.857827,0.142173
0.857886,0.142114
0.857903,0.142097
0.857961,0.142039
0.857968,0.142032
0.858026,0.141974
0.857982,0.142018
0.85807,0.14193
0.858128,0.141872
0.858134,0.141866
0.857599,0.142401
0.857667,0.142333
0.857674,0.142326
0.85767,0.14233
0.857626,0.142374
0.857653,0.142347
0.857691,0.142309
0.857728,0.142272
0.857705,0.142295
0.857762,0.142238
0.857788,0.142212
0.857815,0.142185
0.857883,0.142117
0.857839,0.142161
0.857927,0.142073
0.857974,0.142026
0.85795,0.14205
0.858038,0.141962
0.858035,0.141965
0.858072,0.141928
0.858109,0.141891
0.858116,0.141884
0.858072,0.141928
0.85813,0.14187
0.858147,0.141853
0.858143,0.141857
0.858161,0.141839
0.858207,0.141793
0.858234,0.141766
0.858231,0.141769
0.858248,0.141752
0.858305,0.141695
0.858392,0.141608
0.858449,0.141551
0.858526,0.141474
0.858612,0.141388
0.858679,0.141321
0.858735,0.141265
0.858762,0.141238
0.858768,0.141232
0.858854,0.141146
0.858911,0.141089
0.858977,0.141023
0.859014,0.140986
0.858971,0.141029
0.859057,0.140943
0.859103,0.140897
0.85906,0.14094
0.859107,0.140893
0.859153,0.140847
0.85911,0.14089
0.859166,0.140834
0.859282,0.140718
0.859288,0.140712
0.859295,0.140705
0.859292,0.140708
0.859328,0.140672
0.859394,0.140606
0.85941,0.14059
0.859368,0.140632
0.859374,0.140626
0.859391,0.140609
0.859348,0.140652
0.859443,0.140557
0.859558,0.140442
0.859565,0.140435
0.859522,0.140478
0.859499,0.140501
0.859574,0.140426
0.859532,0.140468
0.859558,0.140442
0.859673,0.140327
0.859699,0.140301
0.85921,0.14079
0.859207,0.140793
0.859214,0.140786
0.85927,0.14073
0.858812,0.141188
0.858927,0.141073
0.858943,0.141057
0.858901,0.141099
0.858966,0.141034
0.859012,0.140988
0.859019,0.140981
0.858976,0.141024
0.859022,0.140978
0.859039,0.140961
0.859045,0.140955
0.859101,0.140899
0.859058,0.140942
0.859095,0.140905
0.859111,0.140889
0.859147,0.140853
0.859242,0.140758
0.859239,0.140761
0.859284,0.140716
0.85931,0.14069
0.859356,0.140644
0.859412,0.140588
0.859438,0.140562
0.859473,0.140527
0.859529,0.140471
0.859603,0.140397
0.8596,0.1404
0.859607,0.140393
0.859691,0.140309
0.859746,0.140254
0.859753,0.140247
0.859798,0.140202
0.859804,0.140196
0.85986,0.14014
0.859837,0.140163
0.859834,0.140166
0.859918,0.140082
0.859973,0.140027
0.860038,0.139962
0.860063,0.139937
0.86008,0.13992
0.860163,0.139837
0.860141,0.139859
0.860138,0.139862
0.860173,0.139827
0.860131,0.139869
0.860167,0.139833
0.860221,0.139779
0.860286,0.139714
0.860263,0.139737
0.860318,0.139682
0.860315,0.139685
0.86035,0.13965
0.860347,0.139653
0.860324,0.139676
0.860408,0.139592
0.860452,0.139548
0.860517,0.139483
0.860523,0.139477
0.86053,0.13947
0.860536,0.139464
0.860619,0.139381
0.860597,0.139403
0.860556,0.139444
0.860639,0.139361
0.860664,0.139336
0.86068,0.13932
0.860734,0.139266
0.860262,0.139738
0.86024,0.13976
0.860256,0.139744
0.860272,0.139728
0.860326,0.139674
0.86037,0.13963
0.860377,0.139623
0.859897,0.140103
0.859941,0.140059
0.859986,0.140014
0.859983,0.140017
0.859961,0.140039
0.859967,0.140033
0.86007,0.13993
0.859601,0.140399
0.859636,0.140364
0.859681,0.140319
0.859677,0.140323
0.85977,0.14023
0.859729,0.140271
0.859812,0.140188
0.859789,0.140211
0.859796,0.140204
0.859841,0.140159
0.859875,0.140125
0.859987,0.140013
0.859994,0.140006
0.860048,0.139952
0.860102,0.139898
0.860079,0.139921
0.860076,0.139924
0.860073,0.139927
0.860032,0.139968
0.860076,0.139924
0.86014,0.13986
0.860099,0.139901
0.860058,0.139942
0.860017,0.139983
0.859976,0.140024
0.859954,0.140046
0.860046,0.139954
0.860062,0.139938
0.860021,0.139979
0.860055,0.139945
0.860071,0.139929
0.860125,0.139875
0.860103,0.139897
0.860109,0.139891
0.860116,0.139884
0.860179,0.139821
0.860261,0.139739
0.860315,0.139685
0.860349,0.139651
0.860346,0.139654
0.860362,0.139638
0.860387,0.139613
0.860384,0.139616
0.860523,0.139477
0.860482,0.139518
0.860479,0.139521
0.860439,0.139561
0.860445,0.139555
0.860461,0.139539
0.860505,0.139495
0.860531,0.139469
0.860594,0.139406
0.860118,0.139882
0.860228,0.139772
0.860244,0.139756
0.860307,0.139693
0.860303,0.139697
0.860366,0.139634
0.860326,0.139674
0.860388,0.139612
0.860414,0.139586
0.860421,0.139579
0.860446,0.139554
0.860566,0.139434
0.860544,0.139456
0.860578,0.139422
0.860585,0.139415
0.860647,0.139353
0.860644,0.139356
0.860697,0.139303
0.860722,0.139278
0.860682,0.139318
0.860744,0.139256
0.860788,0.139212
0.860748,0.139252
0.860303,0.139697
0.86031,0.13969
0.860307,0.139693
0.860351,0.139649
0.860366,0.139634
0.860419,0.139581
0.860462,0.139538
0.860441,0.139559
0.860401,0.139599
0.860407,0.139593
0.860404,0.139596
0.860401,0.139599
0.860473,0.139527
0.86047,0.13953
0.859924,0.140076
0.85994,0.14006
0.859974,0.140026
0.860026,0.139974
0.86007,0.13993
0.860077,0.139923
0.860037,0.139963
0.860043,0.139957
0.86004,0.13996
0.860066,0.139934
0.860026,0.139974
0.860126,0.139874
0.86016,0.13984
0.860167,0.139833
0.860211,0.139789
0.860208,0.139792
0.860223,0.139777
0.860183,0.139817
0.860235,0.139765
0.860251,0.139749
0.860229,0.139771
0.860189,0.139811
0.86027,0.13973
0.86023,0.13977
0.860274,0.139726
0.860326,0.139674
0.860333,0.139667
0.860376,0.139624
0.86042,0.13958
0.860445,0.139555
0.860507,0.139493
0.860559,0.139441
0.860603,0.139397
0.86061,0.13939
0.860625,0.139375
0.860632,0.139368
0.860665,0.139335
0.860691,0.139309
0.860669,0.139331
0.860676,0.139324
0.860701,0.139299
0.860726,0.139274
0.860705,0.139295
0.860767,0.139233
0.860764,0.139236
0.860807,0.139193
0.860786,0.139214
0.860783,0.139217
0.860854,0.139146
0.860815,0.139185
0.860905,0.139095
0.860865,0.139135
0.86088,0.13912
0.860952,0.139048
0.861005,0.138995
0.861066,0.138934
0.861128,0.138872
0.861143,0.138857
0.86114,0.13886
0.861147,0.138853
0.86119,0.13881
0.861353,0.138647
0.86136,0.13864
0.861403,0.138597
0.861363,0.138637
0.861342,0.138658
0.861303,0.138697
0.861355,0.138645
0.861425,0.138575
0.861477,0.138523
0.861456,0.138544
0.861572,0.138428
0.861078,0.138922
0.861094,0.138906
0.8611,0.1389
0.861125,0.138875
0.861132,0.138868
0.861139,0.138861
0.861145,0.138855
0.861216,0.138784
0.861268,0.138732
0.861274,0.138726
0.861299,0.138701
0.861306,0.138694
0.861267,0.138733
0.861346,0.138654
0.861397,0.138603
0.861476,0.138524
0.861483,0.138517
0.861507,0.138493
0.86154,0.13846
0.861573,0.138427
0.861163,0.138837
0.861214,0.138786
0.861248,0.138752
0.861227,0.138773
0.861269,0.138731
0.86123,0.13877
0.861283,0.138717
0.861325,0.138675
0.861368,0.138632
0.861419,0.138581
0.861462,0.138538
0.861512,0.138488
0.861582,0.138418
0.861589,0.138411
0.861596,0.138404
0.861575,0.138425
0.861663,0.138337
0.86167,0.13833
0.861676,0.138324
0.861683,0.138317
0.861734,0.138266
0.861749,0.138251
0.861781,0.138219
0.861761,0.138239
0.861839,0.138161
0.861889,0.138111
0.861896,0.138104
0.861929,0.138071
0.861943,0.138057
0.862013,0.137987
0.86202,0.13798
0.86208,0.13792
0.862041,0.137959
0.862003,0.137997
0.86201,0.13799
0.862016,0.137984
0.861978,0.138022
0.861993,0.138007
0.86199,0.13801
0.861987,0.138013
0.862047,0.137953
0.862009,0.137991
0.86197,0.13803
0.862085,0.137915
0.862145,0.137855
0.862222,0.137778
0.862202,0.137798
0.862226,0.137774
0.862233,0.137767
0.862265,0.137735
0.862263,0.137737
0.862314,0.137686
0.862364,0.137636
0.862371,0.137629
0.862421,0.137579
0.862471,0.137529
0.862531,0.137469
0.86259,0.13741
0.862632,0.137368
0.862594,0.137406
0.862626,0.137374
0.862623,0.137377
0.86263,0.13737
0.86261,0.13739
0.862659,0.137341
0.862621,0.137379
0.862583,0.137417
0.862652,0.137348
0.862659,0.137341
0.862666,0.137334
0.862743,0.137257
0.862705,0.137295
0.862702,0.137298
0.862806,0.137194
0.862857,0.137143
0.86282,0.13718
0.862834,0.137166
0.862858,0.137142
0.86291,0.13709
0.862889,0.137111
0.862931,0.137069
0.863008,0.136992
0.863032,0.136968
0.863064,0.136936
0.863061,0.136939
0.863129,0.136871
0.86318,0.13682
0.863212,0.136788
0.863236,0.136764
0.863243,0.136757
0.863258,0.136742
0.863307,0.136693
0.86327,0.13673
0.863284,0.136716
0.863325,0.136675
0.863411,0.136589
0.862934,0.137066
0.862941,0.137059
0.862903,0.137097
0.862918,0.137082
0.862977,0.137023
0.862545,0.137455
0.862552,0.137448
0.862576,0.137424
0.862662,0.137338
0.862686,0.137314
0.862727,0.137273
0.862742,0.137258
0.862704,0.137296
0.862736,0.137264
0.862751,0.137249
0.862775,0.137225
0.862737,0.137263
0.86284,0.13716
0.862899,0.137101
0.862879,0.137121
0.862893,0.137107
0.862463,0.137537
0.862514,0.137486
0.862494,0.137506
0.862518,0.137482
0.86256,0.13744
0.862566,0.137434
0.862608,0.137392
0.862683,0.137317
0.862759,0.137241
0.862791,0.137209
0.862832,0.137168
0.862839,0.137161
0.86288,0.13712
0.862938,0.137062
0.862901,0.137099
0.862908,0.137092
0.862956,0.137044
0.862919,0.137081
0.862926,0.137074
0.862967,0.137033
0.862991,0.137009
0.862954,0.137046
0.862978,0.137022
0.862958,0.137042
0.862938,0.137062
0.862945,0.137055
0.862959,0.137041
0.862973,0.137027
0.86298,0.13702
0.863082,0.136918
0.863131,0.136869
0.863162,0.136838
0.863142,0.136858
0.862688,0.137312
0.862746,0.137254
0.86277,0.13723
0.862838,0.137162
0.862922,0.137078
0.863077,0.136923
0.863161,0.136839
0.863168,0.136832
0.863174,0.136826
0.863138,0.136862
0.863169,0.136831
0.863193,0.136807
0.863173,0.136827
0.863197,0.136803
0.863228,0.136772
0.863312,0.136688
0.863309,0.136691
0.863358,0.136642
0.863398,0.136602
0.863405,0.136595
0.863368,0.136632
0.863392,0.136608
0.863415,0.136585
0.863413,0.136587
0.863419,0.136581
0.863494,0.136506
0.863491,0.136509
0.863498,0.136502
0.863529,0.136471
0.863579,0.136421
0.863636,0.136364
0.863617,0.136383
0.863691,0.136309
0.863741,0.136259
0.863755,0.136245
0.863761,0.136239
0.863819,0.136181
0.863782,0.136218
0.863839,0.136161
0.863803,0.136197
0.86381,0.13619
0.86379,0.13621
0.863804,0.136196
0.863878,0.136122
0.863945,0.136055
0.864002,0.135998
0.864008,0.135992
0.863584,0.136416
0.863642,0.136358
0.863665,0.136335
0.863757,0.136243
0.863738,0.136262
0.86383,0.13617
0.863794,0.136206
0.863834,0.136166
0.863832,0.136168
0.863905,0.136095
0.863869,0.136131
0.863883,0.136117
0.863847,0.136153
0.863921,0.136079
0.863944,0.136056
0.863951,0.136049
0.864007,0.135993
0.864038,0.135962
0.864078,0.135922
0.864127,0.135873
0.864184,0.135816
0.864257,0.135743
0.864255,0.135745
0.864285,0.135715
0.864249,0.135751
0.863778,0.136222
0.863825,0.136175
0.863789,0.136211
0.863829,0.136171
0.863869,0.136131
0.863833,0.136167
0.863915,0.136085
0.863946,0.136054
0.864019,0.135981
0.864076,0.135924
0.863682,0.136318
0.863712,0.136288
0.863719,0.136281
0.863683,0.136317
0.863732,0.136268
0.863779,0.136221
0.863852,0.136148
0.863909,0.136091
0.863906,0.136094
0.863979,0.136021
0.864035,0.135965
0.864082,0.135918
0.864165,0.135835
0.864145,0.135855
0.864109,0.135891
0.864116,0.135884
0.864163,0.135837
0.863719,0.136281
0.863749,0.136251
0.863822,0.136178
0.863878,0.136122
0.863909,0.136091
0.863915,0.136085
0.863946,0.136054
0.863959,0.136041
0.864058,0.135942
0.864022,0.135978
0.864045,0.135955
0.864052,0.135948
0.864058,0.135942
0.864039,0.135961
0.864069,0.135931
0.864083,0.135917
0.864122,0.135878
0.864145,0.135855
0.864192,0.135808
0.864156,0.135844
0.864254,0.135746
0.864261,0.135739
0.864225,0.135775
0.864232,0.135768
0.864255,0.135745
0.864327,0.135673
0.864357,0.135643
0.864322,0.135678
0.864345,0.135655
0.864384,0.135616
0.864414,0.135586
0.864512,0.135488
0.86456,0.13544
0.864574,0.135426
0.864629,0.135371
0.864678,0.135322
0.864726,0.135274
0.86474,0.13526
0.864786,0.135214
0.864832,0.135168
0.864862,0.135138
0.864959,0.135041
0.86494,0.13506
0.864995,0.135005
0.865092,0.134908
0.865115,0.134885
0.865096,0.134904
0.865102,0.134898
0.865083,0.134917
0.865113,0.134887
0.86521,0.13479
0.865223,0.134777
0.865237,0.134763
0.865259,0.134741
0.86524,0.13476
0.865263,0.134737
0.865302,0.134698
0.865308,0.134692
0.865363,0.134637
0.865402,0.134598
0.865431,0.134569
0.865461,0.134539
0.865525,0.134475
0.865506,0.134494
0.865577,0.134423
0.865606,0.134394
0.865572,0.134428
0.865594,0.134406
0.865674,0.134326
0.865655,0.134345
0.865678,0.134322
0.865732,0.134268
0.865698,0.134302
0.865743,0.134257
0.865708,0.134292
0.865763,0.134237
0.865785,0.134215
0.865792,0.134208
0.865757,0.134243
0.86578,0.13422
0.865834,0.134166
0.865841,0.134159
0.86587,0.13413
0.865899,0.134101
0.865906,0.134094
0.865944,0.134056
0.865957,0.134043
0.866028,0.133972
0.866082,0.133918
0.866136,0.133864
0.866206,0.133794
0.866229,0.133771
0.866283,0.133717
0.86628,0.13372
0.866277,0.133723
0.866341,0.133659
0.866347,0.133653
0.866417,0.133583
0.86643,0.13357
0.866427,0.133573
0.866409,0.133591
0.865956,0.134044
0.865937,0.134063
0.865919,0.134081
0.865973,0.134027
0.86602,0.13398
0.86609,0.13391
0.866056,0.133944
0.866021,0.133979
0.866018,0.133982
0.866063,0.133937
0.866101,0.133899
0.866099,0.133901
0.866105,0.133895
0.866159,0.133841
0.866247,0.133753
0.866276,0.133724
0.866283,0.133717
0.866264,0.133736
0.866287,0.133713
0.866334,0.133666
0.866403,0.133597
0.866457,0.133543
0.866511,0.133489
0.866573,0.133427
0.866571,0.133429
0.866593,0.133407
0.866622,0.133378
0.86674,0.13326
0.866769,0.133231
0.866791,0.133209
0.866789,0.133211
0.866795,0.133205
0.866898,0.133102
0.866967,0.133033
0.867036,0.132964
0.867073,0.132927
0.867102,0.132898
0.867068,0.132932
0.867106,0.132894
0.867193,0.132807
0.867237,0.132763
0.867203,0.132797
0.867247,0.132753
0.867244,0.132756
0.86682,0.13318
0.866833,0.133167
0.866861,0.133139
0.866889,0.133111
0.866887,0.133113
0.866893,0.133107
0.8669,0.1331
0.866866,0.133134
0.866903,0.133097
0.866901,0.133099
0.866969,0.133031
0.866951,0.133049
0.866995,0.133005
0.866977,0.133023
0.867005,0.132995
0.867033,0.132967
0.86704,0.13296
0.867077,0.132923
0.867075,0.132925
0.867081,0.132919
0.867109,0.132891
0.867162,0.132838
0.867191,0.132809
0.867188,0.132812
0.86721,0.13279
0.867238,0.132762
0.867235,0.132765
0.867242,0.132758
0.867264,0.132736
0.867332,0.132668
0.867338,0.132662
0.867391,0.132609
0.867404,0.132596
0.867456,0.132544
0.867469,0.132531
0.867466,0.132534
0.867433,0.132567
0.867455,0.132545
0.867461,0.132539
0.867483,0.132517
0.867526,0.132474
0.867508,0.132492
0.867576,0.132424
0.867662,0.132338
0.867706,0.132294
0.867749,0.132251
0.867303,0.132697
0.867285,0.132715
0.867386,0.132614
0.867399,0.132601
0.867381,0.132619
0.867363,0.132637
0.867415,0.132585
0.867422,0.132578
0.867404,0.132596
0.867441,0.132559
0.867493,0.132507
0.867585,0.132415
0.867552,0.132448
0.867534,0.132466
0.867601,0.132399
0.867638,0.132362
0.86766,0.13234
0.867697,0.132303
0.86774,0.13226
0.867783,0.132217
0.86785,0.13215
0.867847,0.132153
0.867893,0.132107
0.86786,0.13214
0.867912,0.132088
0.867925,0.132075
0.867922,0.132078
0.867929,0.132071
0.867956,0.132044
0.867993,0.132007
0.867589,0.132411
0.867617,0.132383
0.867644,0.132356
0.867651,0.132349
0.867687,0.132313
0.86773,0.13227
0.867758,0.132242
0.867849,0.132151
0.867877,0.132123
0.867883,0.132117
0.867974,0.132026
0.867981,0.132019
0.868002,0.131998
0.867999,0.132001
0.868006,0.131994
0.868057,0.131943
0.868173,0.131827
0.868224,0.131776
0.868231,0.131769
0.868267,0.131733
0.868234,0.131766
0.868241,0.131759
0.868262,0.131738
0.868298,0.131702
0.868335,0.131665
0.868317,0.131683
0.86833,0.13167
0.868372,0.131628
0.868414,0.131586
0.868514,0.131486
0.868511,0.131489
0.868532,0.131468
0.868545,0.131455
0.868572,0.131428
0.868686,0.131314
0.868653,0.131347
0.868753,0.131247
0.86875,0.13125
0.868762,0.131238
0.868768,0.131232
0.868775,0.131225
0.868781,0.131219
0.868793,0.131207
0.868761,0.131239
0.868851,0.131149
0.868878,0.131122
0.868884,0.131116
0.868867,0.131133
0.868918,0.131082
0.868502,0.131498
0.868568,0.131432
0.868604,0.131396
0.868587,0.131413
0.868554,0.131446
0.868605,0.131395
0.86865,0.13135
0.868657,0.131343
0.868693,0.131307
0.86866,0.13134
0.868628,0.131372
0.86867,0.13133
0.868691,0.131309
0.868688,0.131312
0.868739,0.131261
0.868301,0.131699
0.868298,0.131702
0.868281,0.131719
0.868323,0.131677
0.868329,0.131671
0.868356,0.131644
0.868398,0.131602
0.868434,0.131566
0.868461,0.131539
0.868473,0.131527
0.868518,0.131482
0.868516,0.131484
0.868483,0.131517
0.86849,0.13151
0.868555,0.131445
0.868582,0.131418
0.868624,0.131376
0.868669,0.131331
0.868637,0.131363
0.868643,0.131357
0.868709,0.131291
0.868744,0.131256
0.868795,0.131205
0.868778,0.131222
0.86876,0.13124
0.868728,0.131272
0.868817,0.131183
0.868829,0.131171
0.868841,0.131159
0.86893,0.13107
0.868898,0.131102
0.868919,0.131081
0.868961,0.131039
0.868967,0.131033
0.868988,0.131012
0.869048,0.130952
0.869016,0.130984
0.869066,0.130934
0.868645,0.131355
0.868652,0.131348
0.868217,0.131783
0.868229,0.131771
0.86828,0.13172
0.868292,0.131708
0.868298,0.131702
0.868295,0.131705
0.868302,0.131698
0.868284,0.131716
0.868291,0.131709
0.868365,0.131635
0.868424,0.131576
0.868392,0.131608
0.868399,0.131601
0.868473,0.131527
0.868441,0.131559
0.868409,0.131591
0.868377,0.131623
0.868389,0.131611
0.868395,0.131605
0.868437,0.131563
0.868434,0.131566
0.868402,0.131598
0.868414,0.131586
0.868005,0.131995
0.868026,0.131974
0.868076,0.131924
0.868088,0.131912
0.868056,0.131944
0.868063,0.131937
0.86809,0.13191
0.86814,0.13186
0.868199,0.131801
0.868182,0.131818
0.86815,0.13185
0.868177,0.131823
0.868189,0.131811
0.868157,0.131843
0.868198,0.131802
0.868219,0.131781
0.868246,0.131754
0.868267,0.131733
0.868288,0.131712
0.868295,0.131705
0.868316,0.131684
0.868351,0.131649
0.868425,0.131575
0.868422,0.131578
0.868391,0.131609
0.868432,0.131568
0.868506,0.131494
0.868474,0.131526
0.868524,0.131476
0.868565,0.131435
0.868639,0.131361
0.868621,0.131379
0.868671,0.131329
0.868716,0.131284
0.868728,0.131272
0.868763,0.131237
0.868775,0.131225
0.868848,0.131152
0.868884,0.131116
0.868852,0.131148
0.868916,0.131084
0.868928,0.131072
0.868978,0.131022
0.868999,0.131001
0.86902,0.13098
0.869084,0.130916
0.869124,0.130876
0.86916,0.13084
0.869166,0.130834
0.869163,0.130837
0.869175,0.130825
0.869219,0.130781
0.869231,0.130769
0.869266,0.130734
0.869264,0.130736
0.86927,0.13073
0.869291,0.130709
0.869326,0.130674
0.869352,0.130648
0.869378,0.130622
0.869436,0.130564
0.869434,0.130566
0.86946,0.13054
0.869509,0.130491
0.869558,0.130442
0.869593,0.130407
0.869619,0.130381
0.869205,0.130795
0.869226,0.130774
0.868807,0.131193
0.868856,0.131144
0.868854,0.131146
0.868874,0.131126
0.868881,0.131119
0.868849,0.131151
0.868422,0.131578
0.868434,0.131566
0.868441,0.131559
0.868438,0.131562
0.868407,0.131593
0.868413,0.131587
0.868453,0.131547
0.868489,0.131511
0.868472,0.131528
0.868507,0.131493
0.868513,0.131487
0.868525,0.131475
0.868537,0.131463
0.868534,0.131466
0.868517,0.131483
0.868538,0.131462
0.868521,0.131479
0.868518,0.131482
0.868544,0.131456
0.868542,0.131458
0.868511,0.131489
0.868522,0.131478
0.868491,0.131509
0.868517,0.131483
0.868486,0.131514
0.868493,0.131507
0.86849,0.13151
0.868497,0.131503
0.86848,0.13152
0.868515,0.131485
0.868521,0.131479
0.868585,0.131415
0.868643,0.131357
0.868664,0.131336
0.86869,0.13131
0.868659,0.131341
0.868685,0.131315
0.868654,0.131346
0.868675,0.131325
0.86871,0.13129
0.868679,0.131321
0.868662,0.131338
0.868645,0.131355
0.868643,0.131357
0.868715,0.131285
0.868727,0.131273
0.868767,0.131233
0.868853,0.131147
0.868822,0.131178
0.86882,0.13118
0.868826,0.131174
0.86887,0.13113
0.868877,0.131123
0.868883,0.131117
0.868955,0.131045
0.86899,0.13101
0.869025,0.130975
0.869065,0.130935
0.869034,0.130966
0.869069,0.130931
0.869038,0.130962
0.869036,0.130964
0.869047,0.130953
0.869082,0.130918
0.869154,0.130846
0.869137,0.130863
0.869163,0.130837
0.869281,0.130719
0.869353,0.130647
0.869378,0.130622
0.869418,0.130582
0.869416,0.130584
0.869422,0.130578
0.869391,0.130609
0.868981,0.131019
0.868965,0.131035
0.86906,0.13094
0.869029,0.130971
0.868998,0.131002
0.869024,0.130976
0.869045,0.130955
0.869051,0.130949
0.869063,0.130937
0.868686,0.131314
0.868743,0.131257
0.868713,0.131287
0.868724,0.131276
0.86875,0.13125
0.868719,0.131281
0.868726,0.131274
0.868732,0.131268
0.868772,0.131228
0.868793,0.131207
0.868836,0.131164
0.868945,0.131055
0.868928,0.131072
0.868977,0.131023
0.868974,0.131026
0.868981,0.131019
0.868992,0.131008
0.869055,0.130945
0.868648,0.131352
0.868696,0.131304
0.86868,0.13132
0.868705,0.131295
0.868689,0.131311
0.868714,0.131286
0.86874,0.13126
0.868765,0.131235
0.868809,0.131191
0.868848,0.131152
0.868888,0.131112
0.868959,0.131041
0.868998,0.131002
0.869047,0.130953
0.869053,0.130947
0.869074,0.130926
0.869181,0.130819
0.869165,0.130835
0.869176,0.130824
0.869216,0.130784
0.86925,0.13075
0.869321,0.130679
0.86936,0.13064
0.86938,0.13062
0.869423,0.130577
0.869471,0.130529
0.869551,0.130449
0.869594,0.130406
0.869619,0.130381
0.869589,0.130411
0.869586,0.130414
0.869584,0.130416
0.869646,0.130354
0.8692,0.1308
0.869206,0.130794
0.869203,0.130797
0.869265,0.130735
0.869235,0.130765
0.869205,0.130795
0.868773,0.131227
0.868808,0.131192
0.868405,0.131595
0.868388,0.131612
0.868414,0.131586
0.868383,0.131617
0.868477,0.131523
0.868475,0.131525
0.8685,0.1315
0.868525,0.131475
0.868605,0.131395
0.868616,0.131384
0.8686,0.1314
0.868625,0.131375
0.86871,0.13129
0.868771,0.131229
0.868769,0.131231
0.868753,0.131247
0.868764,0.131236
0.868784,0.131216
0.868768,0.131232
0.868802,0.131198
0.868863,0.131137
0.868884,0.131116
0.868854,0.131146
0.86886,0.13114
0.868871,0.131129
0.868928,0.131072
0.868527,0.131473
0.868547,0.131453
0.868559,0.131441
0.86819,0.13181
0.868197,0.131803
0.86824,0.13176
0.868246,0.131754
0.868243,0.131757
0.868282,0.131718
0.868316,0.131684
0.868423,0.131577
0.86843,0.13157
0.868441,0.131559
0.868452,0.131548
0.868473,0.131527
0.868493,0.131507
0.868513,0.131487
0.868533,0.131467
0.868567,0.131433
0.868592,0.131408
0.868576,0.131424
0.86861,0.13139
0.86858,0.13142
0.868591,0.131409
0.868611,0.131389
0.868636,0.131364
0.868675,0.131325
0.868709,0.131291
0.868733,0.131267
0.868767,0.131233
0.868828,0.131172
0.868876,0.131124
0.868901,0.131099
0.868948,0.131052
0.868968,0.131032
0.869038,0.130962
0.869072,0.130928
0.869141,0.130859
0.869112,0.130888
0.869082,0.130918
0.869052,0.130948
0.869086,0.130914
0.868688,0.131312
0.868672,0.131328
0.868728,0.131272
0.868753,0.131247
0.868787,0.131213
0.868757,0.131243
0.868763,0.131237
0.868774,0.131226
0.868835,0.131165
0.868842,0.131158
0.868848,0.131152
0.868895,0.131105
0.868902,0.131098
0.868872,0.131128
0.868878,0.131122
0.868912,0.131088
0.868918,0.131082
0.868961,0.131039
0.868999,0.131001
0.868983,0.131017
0.868994,0.131006
0.869032,0.130968
0.869066,0.130934
0.869099,0.130901
0.869138,0.130862
0.868787,0.131213
0.868847,0.131153
0.868881,0.131119
0.868905,0.131095
0.868889,0.131111
0.868896,0.131104
0.868902,0.131098
0.868935,0.131065
0.868906,0.131094
0.86889,0.13111
0.86891,0.13109
0.86897,0.13103
0.868941,0.131059
0.868911,0.131089
0.868949,0.131051
0.868956,0.131044
0.868967,0.131033
0.869005,0.130995
0.869011,0.130989
0.868982,0.131018
0.869042,0.130958
0.869013,0.130987
0.868618,0.131382
0.868679,0.131321
0.868649,0.131351
0.86871,0.13129
0.868707,0.131293
0.86879,0.13121
0.86876,0.13124
0.868821,0.131179
0.868827,0.131173
0.868874,0.131126
0.868907,0.131093
0.868878,0.131122
0.868884,0.131116
0.868909,0.131091
0.868947,0.131053
0.868931,0.131069
0.868928,0.131072
0.868988,0.131012
0.869026,0.130974
0.868997,0.131003
0.869017,0.130983
0.869041,0.130959
0.869039,0.130961
0.869045,0.130955
0.869065,0.130935
0.869076,0.130924
0.8691,0.1309
0.869138,0.130862
0.869198,0.130802
0.869209,0.130791
0.869206,0.130794
0.86919,0.13081
0.868798,0.131202
0.868817,0.131183
0.868802,0.131198
0.868844,0.131156
0.868864,0.131136
0.868834,0.131166
0.868845,0.131155
0.868816,0.131184
0.868858,0.131142
0.868865,0.131135
0.868862,0.131138
0.868869,0.131131
0.868839,0.131161
0.868877,0.131123
0.86891,0.13109
0.86893,0.13107
0.868525,0.131475
0.868509,0.131491
0.86848,0.13152
0.868504,0.131496
0.868546,0.131454
0.868651,0.131349
0.868675,0.131325
0.868659,0.131341
0.868706,0.131294
0.868712,0.131288
0.868772,0.131228
0.868779,0.131221
0.868825,0.131175
0.86888,0.13112
0.868878,0.131122
0.868884,0.131116
0.868953,0.131047
0.868937,0.131063
0.868934,0.131066
0.868967,0.131033
0.869,0.131
0.868998,0.131002
0.869066,0.130934
0.869104,0.130896
0.869128,0.130872
0.869134,0.130866
0.86918,0.13082
0.869165,0.130835
0.869162,0.130838
0.8692,0.1308
0.869246,0.130754
0.869256,0.130744
0.869338,0.130662
0.869344,0.130656
0.869315,0.130685
0.869348,0.130652
0.869385,0.130615
0.869405,0.130595
0.869442,0.130558
0.869466,0.130534
0.869464,0.130536
0.869461,0.130539
0.869468,0.130532
0.869527,0.130473
0.869498,0.130502
0.869531,0.130469
0.869568,0.130432
0.869609,0.130391
0.86958,0.13042
0.869661,0.130339
0.869694,0.130306
0.869678,0.130322
0.869737,0.130263
0.869757,0.130243
0.869763,0.130237
0.869822,0.130178
0.869876,0.130124
0.869887,0.130113
0.869933,0.130067
0.869965,0.130035
0.869971,0.130029
0.869978,0.130022
0.869984,0.130016
0.869956,0.130044
0.869568,0.130432
0.869648,0.130352
0.869685,0.130315
0.869744,0.130256
0.869754,0.130246
0.869765,0.130235
0.869801,0.130199
0.869812,0.130188
0.869823,0.130177
0.869899,0.130101
0.86987,0.13013
0.869483,0.130517
0.869455,0.130545
0.869496,0.130504
0.869468,0.130532
0.8695,0.1305
0.869472,0.130528
0.869495,0.130505
0.869057,0.130943
0.869081,0.130919
0.869117,0.130883
0.869089,0.130911
0.86869,0.13131
0.868697,0.131303
0.868703,0.131297
0.868749,0.131251
0.868786,0.131214
0.868796,0.131204
0.868829,0.131171
0.868866,0.131134
0.868924,0.131076
0.868944,0.131056
0.868967,0.131033
0.868991,0.131009
0.869036,0.130964
0.869008,0.130992
0.868993,0.131007
0.868977,0.131023
0.869044,0.130956
0.869103,0.130897
0.869139,0.130861
0.86925,0.13075
0.869326,0.130674
0.86935,0.13065
0.869356,0.130644
0.869341,0.130659
0.869347,0.130653
0.869345,0.130655
0.869412,0.130588
0.869383,0.130617
0.869437,0.130563
0.86947,0.13053
0.869476,0.130524
0.869521,0.130479
0.869506,0.130494
0.869478,0.130522
0.869514,0.130486
