0.5,0.5
0.00990099,0.990099
0.00990099,0.990099
0.00990099,0.990099
0.00990099,0.990099
0.00990099,0.990099
0.00990099,0.990099
0.974359,0.025641
0.968153,0.0318471
0.974359,0.025641
0.971246,0.028754
0.974359,0.025641
0.976445,0.0235546
0.977941,0.0220588
0.977492,0.022508
0.978541,0.0214592
0.979381,0.0206186
0.98007,0.0199297
0.979592,0.0204082
0.979187,0.0208127
0.979742,0.0202578
0.980224,0.0197764
0.980645,0.0193548
0.981017,0.0189825
0.979943,0.0200573
0.979647,0.0203528
0.980013,0.0199871
0.979742,0.0202578
0.98007,0.0199297
0.977082,0.0229178
0.976968,0.0230316
0.976864,0.0231362
0.97725,0.0227498
0.977608,0.0223916
0.977941,0.0220588
0.977817,0.0221828
0.978121,0.021879
0.978405,0.0215947
0.977885,0.022115
0.977397,0.0226033
0.977307,0.0226929
0.976147,0.0238532
0.976445,0.0235546
0.976389,0.0236111
0.976666,0.0233345
0.976285,0.0237154
0.976236,0.0237636
0.976496,0.0235036
0.976147,0.0238532
0.976105,0.0238949
0.97635,0.0236496
0.976585,0.0234152
0.976809,0.0231908
0.97649,0.0235101
0.976707,0.0232932
0.976915,0.023085
0.975359,0.0246407
0.97534,0.0246603
0.97508,0.0249198
0.975303,0.0246973
0.975517,0.024483
0.975496,0.0245041
0.963586,0.0364136
0.963563,0.0364372
0.962902,0.0370984
0.963204,0.0367958
0.963188,0.0368118
0.963476,0.0365239
0.963158,0.0368421
0.963437,0.0365631
0.962841,0.0371591
0.961697,0.0383029
0.961706,0.0382942
0.949535,0.0504648
0.948842,0.0511576
0.948869,0.0511311
0.949239,0.0507614
0.937305,0.0626945
0.936105,0.063895
0.936556,0.0634441
0.936596,0.0634043
0.936634,0.0633655
0.93706,0.06294
0.937092,0.0629085
0.923668,0.0763322
0.923733,0.0762672
0.922502,0.0774977
0.922581,0.0774194
0.923077,0.0769231
0.923561,0.0764388
0.924034,0.0759662
0.91299,0.0870102
0.913512,0.086488
0.913114,0.0868856
0.913174,0.0868255
0.912791,0.0872093
0.91329,0.0867096
0.902675,0.0973249
0.903217,0.0967828
0.902798,0.0972022
0.900052,0.0999482
0.900141,0.0998592
0.900684,0.0993159
0.900313,0.0996869
0.900396,0.0996036
0.90092,0.0990803
0.900558,0.0994422
0.89012,0.10988
0.890678,0.109322
0.890756,0.109244
0.879725,0.120275
0.880318,0.119682
0.880899,0.119101
0.881469,0.118531
0.881057,0.118943
0.881615,0.118385
0.882334,0.117666
0.880997,0.119003
0.879689,0.120311
0.880628,0.119372
0.881171,0.118829
0.87151,0.12849
0.87208,0.12792
0.870283,0.129717
0.86087,0.13913
0.860485,0.139515
0.861087,0.138913
0.86168,0.13832
0.860816,0.139184
0.8614,0.1386
0.859401,0.140599
0.859987,0.140013
0.860565,0.139435
0.861133,0.138867
0.859877,0.140123
0.860441,0.139559
0.860996,0.139004
0.861542,0.138458
0.852005,0.147995
0.852576,0.147424
0.853138,0.146862
0.853692,0.146308
0.844495,0.155505
0.844259,0.155741
0.844837,0.155163
0.844019,0.155981
0.845358,0.154642
0.844558,0.155442
0.83514,0.16486
0.835594,0.164406
0.835718,0.164282
0.837087,0.162913
0.837659,0.162341
0.83732,0.16268
0.838658,0.161342
0.839739,0.160261
0.840288,0.159712
0.840398,0.159602
0.840507,0.159493
0.840614,0.159386
0.841142,0.158858
0.840824,0.159176
0.841259,0.158741
0.831503,0.168497
0.832049,0.167951
0.832589,0.167411
0.8327,0.1673
0.832809,0.167191
0.8325,0.1675
0.83137,0.16863
0.822226,0.177774
0.822353,0.177647
0.814682,0.185318
0.815248,0.184752
0.815374,0.184626
0.80654,0.19346
0.807123,0.192877
0.799876,0.200124
0.799545,0.200455
0.800138,0.199862
0.801485,0.198515
0.802017,0.197983
0.802997,0.197003
0.803574,0.196426
0.804954,0.195046
0.805103,0.194897
0.798977,0.201023
0.799549,0.200451
0.799696,0.200304
0.799426,0.200574
0.799985,0.200015
0.800539,0.199461
0.801076,0.198924
0.794784,0.205216
0.794928,0.205072
0.79507,0.20493
0.795619,0.204381
0.796164,0.203836
0.797104,0.202896
0.788579,0.211421
0.789954,0.210046
0.790909,0.209091
0.784603,0.215397
0.785566,0.214434
0.780255,0.219745
0.775093,0.224907
0.775632,0.224368
0.774972,0.225028
0.775113,0.224887
0.775288,0.224712
0.774284,0.225716
0.774859,0.225141
0.775038,0.224962
0.775215,0.224785
0.775776,0.224224
0.775948,0.224052
0.775735,0.224265
0.777893,0.222107
0.779225,0.220775
0.779438,0.220562
0.780023,0.219977
0.774624,0.225376
0.775173,0.224827
0.76881,0.23119
0.769756,0.230244
0.771805,0.228195
0.772741,0.227259
0.772924,0.227076
0.773463,0.226537
0.773661,0.226339
0.772432,0.227568
0.774813,0.225187
0.775709,0.224291
0.775891,0.224109
0.775049,0.224951
0.774929,0.225071
0.775486,0.224514
0.777795,0.222205
0.778306,0.221694
0.778814,0.221186
0.77749,0.22251
0.777999,0.222001
0.777597,0.222403
0.778777,0.221223
0.778699,0.221301
0.773274,0.226726
0.770322,0.229678
0.770837,0.229163
0.765548,0.234452
0.766068,0.233932
0.766585,0.233415
0.767841,0.232159
0.768349,0.231651
0.768854,0.231146
0.769046,0.230954
0.769607,0.230393
0.770165,0.229835
0.770657,0.229343
0.770843,0.229157
0.771028,0.228972
0.771579,0.228421
0.772059,0.227941
0.772535,0.227465
0.773008,0.226992
0.773183,0.226817
0.767827,0.232173
0.768302,0.231698
0.76951,0.23049
0.770635,0.229365
0.771169,0.228831
0.772635,0.227365
0.77316,0.22684
0.773615,0.226385
0.768499,0.231501
0.768455,0.231545
0.768916,0.231084
0.764051,0.235949
0.765576,0.234424
0.766037,0.233963
0.767598,0.232402
0.766376,0.233624
0.768076,0.231924
0.763685,0.236315
0.764143,0.235857
0.759508,0.240492
0.76003,0.23997
0.760208,0.239792
0.754663,0.245337
0.754569,0.245431
0.750226,0.249774
0.750698,0.249302
0.750607,0.249393
0.752323,0.247677
0.752786,0.247214
0.752969,0.247031
0.7526,0.2474
0.752782,0.247218
0.748207,0.251793
0.748393,0.251607
0.748852,0.251148
0.749308,0.250692
0.750668,0.249332
0.750851,0.249149
0.751908,0.248092
0.75216,0.24784
0.75234,0.24766
0.752255,0.247745
0.753034,0.246966
0.752766,0.247234
0.752945,0.247055
0.753122,0.246878
0.748865,0.251135
0.745365,0.254635
0.744918,0.255082
0.745103,0.254897
0.748246,0.251754
0.748684,0.251316
0.748098,0.251902
0.744339,0.255661
0.741823,0.258177
0.74259,0.25741
0.742006,0.257994
0.74277,0.25723
0.738833,0.261167
0.734702,0.265298
0.734889,0.265111
0.735075,0.264925
0.735516,0.264484
0.735187,0.264813
0.735625,0.264375
0.737226,0.262774
0.732994,0.267006
0.734407,0.265593
0.736933,0.263067
0.732462,0.267538
0.732899,0.267101
0.734828,0.265172
0.734771,0.265229
0.731115,0.268885
0.731552,0.268448
0.731986,0.268014
0.732417,0.267583
0.732846,0.267154
0.731876,0.268124
0.732062,0.267938
0.728469,0.271531
0.729826,0.270174
0.729251,0.270749
0.730657,0.269343
0.730444,0.269556
0.732469,0.267531
0.73249,0.26751
0.732745,0.267255
0.733166,0.266834
0.728714,0.271286
0.729732,0.270268
0.730678,0.269322
0.731389,0.268611
0.731806,0.268194
0.731669,0.268331
0.732793,0.267207
0.732982,0.267018
0.733967,0.266033
0.734376,0.265624
0.73535,0.26465
0.737531,0.262469
0.737061,0.262939
0.736504,0.263496
0.737949,0.262051
0.737771,0.262229
0.73802,0.26198
0.738206,0.261794
0.737761,0.262239
0.739083,0.260917
0.739072,0.260928
0.739328,0.260672
0.73999,0.26001
0.740181,0.259819
0.741767,0.258233
0.740955,0.259045
0.740547,0.259453
0.740937,0.259063
0.742178,0.257822
0.740672,0.259328
0.741342,0.258658
0.741731,0.258269
0.742117,0.257883
0.743083,0.256917
0.743222,0.256778
0.743859,0.256141
0.744558,0.255442
0.745816,0.254184
0.746686,0.253314
0.747124,0.252876
0.74726,0.25274
0.747453,0.252547
0.747824,0.252176
0.746287,0.253713
0.745767,0.254233
0.745968,0.254032
0.745471,0.254529
0.745953,0.254047
0.746741,0.253259
0.746771,0.253229
0.747142,0.252858
0.747822,0.252178
0.748019,0.251981
0.74737,0.25263
0.748121,0.251879
0.744536,0.255464
0.743704,0.256296
0.743981,0.256019
0.744166,0.255834
0.740619,0.259381
0.740566,0.259434
0.740937,0.259063
0.741306,0.258694
0.742229,0.257771
0.742624,0.257376
0.742829,0.257171
0.743194,0.256806
0.740882,0.259118
0.742264,0.257736
0.742377,0.257623
0.742421,0.257579
0.74167,0.25833
0.741875,0.258125
0.741604,0.258396
0.738404,0.261596
0.738368,0.261632
0.738171,0.261829
0.737286,0.262714
0.734274,0.265726
0.729657,0.270343
0.727114,0.272886
0.723585,0.276415
0.723884,0.276116
0.72387,0.27613
0.724715,0.275285
0.725014,0.274986
0.726079,0.273921
0.726832,0.273168
0.727128,0.272872
0.727877,0.272123
0.728695,0.271305
0.725317,0.274683
0.725159,0.274841
0.725379,0.274621
0.725148,0.274852
0.726638,0.273362
0.726709,0.273291
0.727075,0.272925
0.724264,0.275736
0.724186,0.275814
0.724702,0.275298
0.72492,0.27508
0.722738,0.277262
0.722956,0.277044
0.720659,0.279341
0.717593,0.282407
0.714411,0.285589
0.714487,0.285513
0.712584,0.287416
0.713157,0.286843
0.71353,0.28647
0.713526,0.286474
0.713461,0.286539
0.714331,0.285669
0.713692,0.286308
0.710874,0.289126
0.711245,0.288755
0.711615,0.288385
0.709974,0.290026
0.710201,0.289799
0.711156,0.288844
0.712165,0.287835
0.712192,0.287808
0.713883,0.286117
0.713976,0.286024
0.715162,0.284838
0.716787,0.283213
0.718331,0.281669
0.718817,0.281183
0.720651,0.279349
0.722383,0.277617
0.722525,0.277475
0.723065,0.276935
0.722954,0.277046
0.723492,0.276508
0.722834,0.277166
0.722809,0.277191
0.72316,0.27684
0.723009,0.276991
0.724156,0.275844
0.724504,0.275496
0.724662,0.275338
0.724325,0.275675
0.724854,0.275146
0.724648,0.275352
0.725478,0.274522
0.72523,0.27477
0.725455,0.274545
0.725679,0.274321
0.725962,0.274038
0.726304,0.273696
0.722842,0.277158
0.723066,0.276934
0.72365,0.27635
0.723991,0.276009
0.724095,0.275905
0.72138,0.27862
0.718276,0.281724
0.718325,0.281675
0.71891,0.28109
0.71855,0.28145
0.718892,0.281108
0.719116,0.280884
0.720294,0.279706
0.720633,0.279367
0.721441,0.278559
0.721028,0.278972
0.722068,0.277932
0.722577,0.277423
0.723445,0.276555
0.723665,0.276335
0.723884,0.276116
0.725021,0.274979
0.725129,0.274871
0.725742,0.274258
0.72607,0.27393
0.726516,0.273484
0.727559,0.272441
0.727833,0.272167
0.724879,0.275121
0.725212,0.274788
0.725387,0.274613
0.725186,0.274814
0.725995,0.274005
0.726322,0.273678
0.726756,0.273244
0.727451,0.272549
0.727313,0.272687
0.727694,0.272306
0.728277,0.271723
0.72891,0.27109
0.72949,0.27051
0.729708,0.270292
0.730538,0.269462
0.730298,0.269702
0.731167,0.268833
0.731636,0.268364
0.732449,0.267551
0.730017,0.269983
0.730136,0.269864
0.730305,0.269695
0.730326,0.269674
0.730347,0.269653
0.726959,0.273041
0.726793,0.273207
0.727657,0.272343
0.727974,0.272026
0.728147,0.271853
0.728417,0.271583
0.728731,0.271269
0.729338,0.270662
0.726959,0.273041
0.727176,0.272824
0.727297,0.272703
0.72718,0.27282
0.728272,0.271728
0.725443,0.274557
0.725756,0.274244
0.725591,0.274409
0.725712,0.274288
0.72348,0.27652
0.723648,0.276352
0.721341,0.278659
0.721232,0.278768
0.721124,0.278876
0.721445,0.278555
0.718877,0.281123
0.719301,0.280699
0.720239,0.279761
0.721871,0.278129
0.722048,0.277952
0.721855,0.278145
0.719925,0.280075
0.717456,0.282544
0.7151,0.2849
0.715418,0.284582
0.71592,0.28408
0.716234,0.283766
0.716874,0.283126
0.716728,0.283272
0.71704,0.28296
0.713659,0.286341
0.713881,0.286119
0.714247,0.285753
0.714384,0.285616
0.71434,0.28566
0.714624,0.285376
0.712313,0.287687
0.711211,0.288789
0.711485,0.288515
0.711798,0.288202
0.713223,0.286777
0.713946,0.286054
0.713866,0.286134
0.714136,0.285864
0.7145,0.2855
0.71195,0.28805
0.712722,0.287278
0.713478,0.286522
0.711302,0.288698
0.711789,0.288211
0.71223,0.28777
0.709901,0.290099
0.710337,0.289663
0.711077,0.288923
0.71118,0.28882
0.71187,0.28813
0.711974,0.288026
0.710086,0.289914
0.710811,0.289189
0.711081,0.288919
0.711391,0.288609
0.709189,0.290811
0.709336,0.290664
0.710312,0.289688
0.710425,0.289575
0.710531,0.289469
0.708348,0.291652
0.708538,0.291462
0.706289,0.293711
0.706561,0.293439
0.705008,0.294992
0.704961,0.295039
0.70523,0.29477
0.705893,0.294107
0.703765,0.296235
0.704503,0.295497
0.704853,0.295147
0.705813,0.294187
0.70591,0.29409
0.707085,0.292915
0.707236,0.292764
0.707275,0.292725
0.707584,0.292416
0.707312,0.292688
0.707768,0.292232
0.708323,0.291677
0.70859,0.29141
0.708447,0.291553
0.709343,0.290657
0.709753,0.290247
0.710057,0.289943
0.710571,0.289429
0.71112,0.28888
0.711129,0.288871
0.711728,0.288272
0.711567,0.288433
0.712291,0.287709
0.712717,0.287283
0.713079,0.286921
0.713614,0.286386
0.711455,0.288545
0.711995,0.288005
0.711833,0.288167
0.712323,0.287677
0.713122,0.286878
0.713547,0.286453
0.713315,0.286685
0.713713,0.286287
0.71421,0.28579
0.714401,0.285599
0.714946,0.285054
0.715242,0.284758
0.715028,0.284972
0.715643,0.284357
0.716448,0.283552
0.716801,0.283199
0.716872,0.283128
0.71649,0.28351
0.716481,0.283519
0.716804,0.283196
0.715063,0.284937
0.715161,0.284839
0.715644,0.284356
0.715936,0.284064
0.716346,0.283654
0.716696,0.283304
0.716323,0.283677
0.713944,0.286056
0.715101,0.284899
0.715479,0.284521
0.713795,0.286205
0.713635,0.286365
0.713385,0.286615
0.713613,0.286387
0.713904,0.286096
0.713327,0.286673
0.713241,0.286759
0.711555,0.288445
0.711537,0.288463
0.711487,0.288513
0.711802,0.288198
0.711881,0.288119
0.712378,0.287622
0.71282,0.28718
0.713106,0.286894
0.713484,0.286516
0.714383,0.285617
0.712297,0.287703
0.71278,0.28722
0.713444,0.286556
0.713986,0.286014
0.71438,0.28562
0.714984,0.285016
0.715166,0.284834
0.715766,0.284234
0.715623,0.284377
0.716129,0.283871
0.716382,0.283618
0.716241,0.283759
0.716405,0.283595
0.715675,0.284325
0.716043,0.283957
0.716353,0.283647
0.716025,0.283975
0.716304,0.283696
0.714133,0.285867
0.714879,0.285121
0.715007,0.284993
0.714891,0.285109
0.715338,0.284662
0.715398,0.284602
0.715762,0.284238
0.715933,0.284067
0.716503,0.283497
0.716188,0.283812
0.716601,0.283399
0.716772,0.283228
0.717209,0.282791
0.717725,0.282275
0.717703,0.282297
0.717926,0.282074
0.718201,0.281799
0.718123,0.281877
0.718235,0.281765
0.71851,0.28149
0.718834,0.281166
0.718842,0.281158
0.719116,0.280884
0.718821,0.281179
0.718896,0.281104
0.718422,0.281578
0.718499,0.281501
0.718852,0.281148
0.719125,0.280875
0.719381,0.280619
0.719097,0.280903
0.719192,0.280808
0.719414,0.280586
0.718779,0.281221
0.718803,0.281197
0.719256,0.280744
0.720085,0.279915
0.719709,0.280291
0.719411,0.280589
0.719886,0.280114
0.72026,0.27974
0.720514,0.279486
0.719906,0.280094
0.720477,0.279523
0.720895,0.279105
0.720976,0.279024
0.721084,0.278916
0.721305,0.278695
0.722302,0.277698
0.721709,0.278291
0.722075,0.277925
0.722343,0.277657
0.722164,0.277836
0.721748,0.278252
0.7215,0.2785
0.721287,0.278713
0.72136,0.27864
0.721704,0.278296
0.721302,0.278698
0.721569,0.278431
0.721846,0.278154
0.721611,0.278389
0.722186,0.277814
0.721791,0.278209
0.722138,0.277862
0.722387,0.277613
0.722316,0.277684
0.72193,0.27807
0.722221,0.277779
0.72231,0.27769
0.722449,0.277551
0.722828,0.277172
0.722986,0.277014
0.722466,0.277534
0.722248,0.277752
0.722178,0.277822
0.722233,0.277767
0.722946,0.277054
0.723191,0.276809
0.72348,0.27652
0.723418,0.276582
0.723281,0.276719
0.723503,0.276497
0.723897,0.276103
0.723542,0.276458
0.723874,0.276126
0.724115,0.275885
0.724378,0.275622
0.724468,0.275532
0.723969,0.276031
0.72474,0.27526
0.724537,0.275463
0.723754,0.276246
0.724231,0.275769
0.724179,0.275821
0.724558,0.275442
0.724504,0.275496
0.724992,0.275008
0.725646,0.274354
0.725829,0.274171
0.726091,0.273909
0.726176,0.273824
0.726459,0.273541
0.725986,0.274014
0.726072,0.273928
0.726296,0.273704
0.726654,0.273346
0.726736,0.273264
0.726273,0.273727
0.726464,0.273536
0.726613,0.273387
0.726156,0.273844
0.725836,0.274164
0.725385,0.274615
0.72507,0.27493
0.725426,0.274574
0.725912,0.274088
0.726261,0.273739
0.726375,0.273625
0.726658,0.273342
0.726846,0.273154
0.726667,0.273333
0.727224,0.272776
0.727578,0.272422
0.7274,0.2726
0.727094,0.272906
0.727565,0.272435
0.728137,0.271863
0.728407,0.271593
0.728758,0.271242
0.729416,0.270584
0.729747,0.270253
0.729756,0.270244
0.729833,0.270167
0.730161,0.269839
0.730361,0.269639
0.730434,0.269566
0.730755,0.269245
0.73104,0.26896
0.730989,0.269011
0.730815,0.269185
0.728664,0.271336
0.728956,0.271044
0.728906,0.271094
0.728857,0.271143
0.729052,0.270948
0.729245,0.270755
0.729776,0.270224
0.729726,0.270274
0.729438,0.270562
0.72939,0.27061
0.729816,0.270184
0.729531,0.270469
0.729483,0.270517
0.729319,0.270681
0.729038,0.270962
0.729225,0.270775
0.729521,0.270479
0.729591,0.270409
0.729917,0.270083
0.72964,0.27036
0.730078,0.269922
0.730146,0.269854
0.73039,0.26961
0.730573,0.269427
0.730756,0.269244
0.730998,0.269002
0.731403,0.268597
0.731245,0.268755
0.731088,0.268912
0.731043,0.268957
0.730888,0.269112
0.731122,0.268878
0.731262,0.268738
0.73144,0.26856
0.731616,0.268384
0.731665,0.268335
0.731841,0.268159
0.732634,0.267366
0.732935,0.267065
0.732891,0.267109
0.733208,0.266792
0.733056,0.266944
0.732798,0.267202
0.733076,0.266924
0.733098,0.266902
0.731325,0.268675
0.731484,0.268516
0.731654,0.268346
0.731504,0.268496
0.731665,0.268335
0.732149,0.267851
0.73221,0.26779
0.732344,0.267656
0.732197,0.267803
0.732466,0.267534
0.732688,0.267312
0.732851,0.267149
0.7325,0.2675
0.732458,0.267542
0.732518,0.267482
0.732578,0.267422
0.732232,0.267768
0.732495,0.267505
0.732454,0.267546
0.732312,0.267688
0.732071,0.267929
0.732331,0.267669
0.73264,0.26736
0.730627,0.269373
0.730287,0.269713
0.730646,0.269354
0.730749,0.269251
0.730673,0.269327
0.730932,0.269068
0.731237,0.268763
0.731198,0.268802
0.730963,0.269037
0.731252,0.268748
0.73138,0.26862
0.731051,0.268949
0.731306,0.268694
0.731493,0.268507
0.731359,0.268641
0.73142,0.26858
0.730998,0.269002
0.731059,0.268941
0.731,0.269
0.730775,0.269225
0.731219,0.268781
0.731469,0.268531
0.731529,0.268471
0.731305,0.268695
0.731875,0.268125
0.731934,0.268066
0.731712,0.268288
0.731491,0.268509
0.731177,0.268823
0.731444,0.268556
0.731779,0.268221
0.731982,0.268018
0.732233,0.267767
0.732499,0.267501
0.732651,0.267349
0.732711,0.267289
0.732586,0.267414
0.732463,0.267537
0.732704,0.267296
0.732854,0.267146
0.732549,0.267451
0.733055,0.266945
0.732842,0.267158
0.73317,0.26683
0.733048,0.266952
0.732927,0.267073
0.732806,0.267194
0.733041,0.266959
0.732832,0.267168
0.732801,0.267199
0.732858,0.267142
0.732915,0.267085
0.733234,0.266766
0.733799,0.266201
0.733941,0.266059
0.733909,0.266091
0.733704,0.266296
0.733499,0.266501
0.733295,0.266705
0.733554,0.266446
0.73361,0.26639
0.733236,0.266764
0.73295,0.26705
0.733181,0.266819
0.733255,0.266745
0.733523,0.266477
0.733496,0.266504
0.733554,0.266446
0.733869,0.266131
0.733926,0.266074
0.733898,0.266102
0.733871,0.266129
0.733507,0.266493
0.733313,0.266687
0.733203,0.266797
0.733429,0.266571
0.733646,0.266354
0.733871,0.266129
0.733845,0.266155
0.733903,0.266097
0.733546,0.266454
0.733687,0.266313
0.733497,0.266503
0.733143,0.266857
0.733448,0.266552
0.733681,0.266319
0.733576,0.266424
0.733389,0.266611
0.733691,0.266309
0.733505,0.266495
0.733562,0.266438
0.733808,0.266192
0.733784,0.266216
0.733842,0.266158
0.733979,0.266021
0.734298,0.265702
0.733955,0.266045
0.734012,0.265988
0.734148,0.265852
0.734283,0.265717
0.734418,0.265582
0.733921,0.266079
0.734006,0.265994
0.734455,0.265545
0.734432,0.265568
0.734566,0.265434
0.734543,0.265457
0.734286,0.265714
0.734419,0.265581
0.734706,0.265294
0.734809,0.265191
0.734709,0.265291
0.73461,0.26539
0.734892,0.265108
0.734966,0.265034
0.734791,0.265209
0.734923,0.265077
0.734901,0.265099
0.734956,0.265044
0.734707,0.265293
0.734967,0.265033
0.735097,0.264903
0.735151,0.264849
0.73513,0.26487
0.734884,0.265116
0.734938,0.265062
0.734918,0.265082
0.735047,0.264953
0.735249,0.264751
0.735562,0.264438
0.735393,0.264607
0.735298,0.264702
0.735573,0.264427
0.735625,0.264375
0.735384,0.264616
0.73551,0.26449
0.735562,0.264438
0.735615,0.264385
0.735739,0.264261
0.735863,0.264137
0.735986,0.264014
0.736125,0.263875
0.73596,0.26404
0.736011,0.263989
0.736133,0.263867
0.736112,0.263888
0.736306,0.263694
0.736213,0.263787
0.736334,0.263666
0.736525,0.263475
0.736927,0.263073
0.736834,0.263166
0.736672,0.263328
0.736509,0.263491
0.736558,0.263442
0.736789,0.263211
0.736558,0.263442
0.736537,0.263463
0.736516,0.263484
0.736426,0.263574
0.736267,0.263733
0.736288,0.263712
0.736584,0.263416
0.736564,0.263436
0.736475,0.263525
0.736731,0.263269
0.736643,0.263357
0.736349,0.263651
0.736124,0.263876
0.736174,0.263826
0.736088,0.263912
0.736001,0.263999
0.736187,0.263813
0.736236,0.263764
0.736611,0.263389
0.736389,0.263611
0.736577,0.263423
0.736822,0.263178
0.736871,0.263129
0.737122,0.262878
0.737211,0.262789
0.737327,0.262673
0.737175,0.262825
0.737364,0.262636
0.737613,0.262387
0.737395,0.262605
0.737576,0.262424
0.737763,0.262237
0.737415,0.262585
0.737265,0.262735
0.73738,0.26262
0.737587,0.262413
0.737505,0.262495
0.737357,0.262643
0.737143,0.262857
0.737258,0.262742
0.737373,0.262627
0.737654,0.262346
0.737832,0.262168
0.737751,0.262249
0.738023,0.261977
0.738071,0.261929
0.738312,0.261688
0.738166,0.261834
0.737957,0.262043
0.737812,0.262188
0.73786,0.26214
0.737844,0.262156
0.737765,0.262235
0.737877,0.262123
0.737543,0.262457
0.737506,0.262494
0.737555,0.262445
0.737414,0.262586
0.7374,0.2626
0.737762,0.262238
0.737987,0.262013
0.73791,0.26209
0.737896,0.262104
0.738096,0.261904
0.73827,0.26173
0.737881,0.262119
0.73819,0.26181
0.738052,0.261948
0.738327,0.261673
0.738252,0.261748
0.738301,0.261699
0.738226,0.261774
0.738292,0.261708
0.738217,0.261783
0.738329,0.261671
0.738316,0.261684
0.736349,0.263651
0.736337,0.263663
0.73614,0.26386
0.735943,0.264057
0.736177,0.263823
0.736594,0.263406
0.736582,0.263418
0.736508,0.263492
0.736496,0.263504
0.736423,0.263577
0.736592,0.263408
0.736459,0.263541
0.736716,0.263284
0.736644,0.263356
0.736632,0.263368
0.736499,0.263501
0.736773,0.263227
0.736582,0.263418
0.73651,0.26349
0.736559,0.263441
0.736488,0.263512
0.736596,0.263404
0.736406,0.263594
0.736632,0.263368
0.736503,0.263497
0.736459,0.263541
0.736894,0.263106
0.736883,0.263117
0.736813,0.263187
0.736685,0.263315
0.736616,0.263384
0.736547,0.263453
0.736361,0.263639
0.736117,0.263883
0.735932,0.264068
0.735865,0.264135
0.735973,0.264027
0.735905,0.264095
0.735896,0.264104
0.735713,0.264287
0.735647,0.264353
0.735754,0.264246
0.735688,0.264312
0.735957,0.264043
0.735891,0.264109
0.735653,0.264347
0.735416,0.264584
0.735408,0.264592
0.735343,0.264657
0.735336,0.264664
0.735271,0.264729
0.735264,0.264736
0.735143,0.264857
0.73525,0.26475
0.735129,0.264871
0.735009,0.264991
0.735228,0.264772
0.735461,0.264539
0.735285,0.264715
0.735335,0.264665
0.735328,0.264672
0.735265,0.264735
0.735602,0.264398
0.735595,0.264405
0.735532,0.264468
0.73547,0.26453
0.735519,0.264481
0.735792,0.264208
0.736063,0.263937
0.736,0.264
0.735883,0.264117
0.736045,0.263955
0.736204,0.263796
0.736362,0.263638
0.7363,0.2637
0.736293,0.263707
0.736504,0.263496
0.736279,0.263721
0.736217,0.263783
0.736102,0.263898
0.736313,0.263687
0.736143,0.263857
0.736028,0.263972
0.735751,0.264249
0.735691,0.264309
0.735739,0.264261
0.735841,0.264159
0.735942,0.264058
0.735775,0.264225
0.736016,0.263984
0.735849,0.264151
0.736004,0.263996
0.736276,0.263724
0.736392,0.263608
0.73644,0.26356
0.736327,0.263673
0.736322,0.263678
0.736475,0.263525
0.736629,0.263371
0.73657,0.26343
0.73681,0.26319
0.736804,0.263196
0.736903,0.263097
0.73695,0.26305
0.736944,0.263056
0.736885,0.263115
0.736775,0.263225
0.736873,0.263127
0.736868,0.263132
0.736758,0.263242
0.736856,0.263144
0.736798,0.263202
0.73674,0.26326
0.736631,0.263369
0.736522,0.263478
0.736656,0.263344
0.736651,0.263349
0.736646,0.263354
0.736898,0.263102
0.736687,0.263313
0.736836,0.263164
0.736728,0.263272
0.737082,0.262918
0.737229,0.262771
0.737326,0.262674
0.737472,0.262528
0.737568,0.262432
0.73741,0.26259
0.737303,0.262697
0.737196,0.262804
0.73704,0.26296
0.737085,0.262915
0.737267,0.262733
0.737363,0.262637
0.737458,0.262542
0.737552,0.262448
0.737247,0.262753
0.737342,0.262658
0.737187,0.262813
0.737082,0.262918
0.736928,0.263072
0.736924,0.263076
0.73677,0.26323
0.736766,0.263234
0.736662,0.263338
0.736609,0.263391
0.736753,0.263247
0.736749,0.263251
0.736843,0.263157
0.736838,0.263162
0.736834,0.263166
0.736928,0.263072
0.737021,0.262979
0.736967,0.263033
0.736914,0.263086
0.736764,0.263236
0.736962,0.263038
0.737006,0.262994
0.73716,0.26284
0.737468,0.262532
0.737367,0.262633
0.737266,0.262734
0.737117,0.262883
0.736872,0.263128
0.736821,0.263179
0.736528,0.263472
0.736574,0.263426
0.736523,0.263477
0.736712,0.263288
0.736805,0.263195
0.737197,0.262803
0.737289,0.262711
0.737476,0.262524
0.737425,0.262575
0.737374,0.262626
0.737276,0.262724
0.737467,0.262533
0.737369,0.262631
0.737508,0.262492
0.73741,0.26259
0.737734,0.262266
0.737871,0.262129
0.738102,0.261898
0.738378,0.261622
0.738463,0.261537
0.738617,0.261383
0.738567,0.261433
0.738656,0.261344
0.738792,0.261208
0.738649,0.261351
0.738598,0.261402
0.738456,0.261544
0.738499,0.261501
0.738541,0.261459
0.738675,0.261325
0.73858,0.26142
0.738576,0.261424
0.738716,0.261284
0.738991,0.261009
0.739143,0.260857
0.739185,0.260815
0.739227,0.260773
0.739223,0.260777
0.739265,0.260735
0.739216,0.260784
0.739122,0.260878
0.739164,0.260836
0.739025,0.260975
0.739022,0.260978
0.738973,0.261027
0.73897,0.26103
0.738967,0.261033
0.739184,0.260816
0.739046,0.260954
0.739296,0.260704
0.739293,0.260707
0.739111,0.260889
0.739108,0.260892
0.739061,0.260939
0.739103,0.260897
0.739234,0.260766
0.73932,0.26068
0.739361,0.260639
0.739447,0.260553
0.739488,0.260512
0.739574,0.260426
0.739526,0.260474
0.739883,0.260117
0.740012,0.259988
0.740336,0.259664
0.740289,0.259711
0.740636,0.259364
0.740501,0.259499
0.74041,0.25959
0.740363,0.259637
0.740447,0.259553
0.7404,0.2596
0.740397,0.259603
0.74022,0.25978
0.74013,0.25987
0.740084,0.259916
0.740254,0.259746
0.740208,0.259792
0.740204,0.259796
0.740158,0.259842
0.740198,0.259802
0.740109,0.259891
0.740021,0.259979
0.740018,0.259982
0.739887,0.260113
0.739841,0.260159
0.739924,0.260076
0.74005,0.25995
0.740132,0.259868
0.740087,0.259913
0.740041,0.259959
0.740039,0.259961
0.740036,0.259964
0.740033,0.259967
0.740181,0.259819
0.740306,0.259694
0.740514,0.259486
0.740511,0.259489
0.740724,0.259276
0.740721,0.259279
0.740885,0.259115
0.740882,0.259118
0.741144,0.258856
0.741058,0.258942
0.74093,0.25907
0.740718,0.259282
0.740913,0.259087
0.740828,0.259172
0.740742,0.259258
0.74049,0.25951
0.740447,0.259553
0.74032,0.25968
0.740542,0.259458
0.740541,0.259459
0.740762,0.259238
0.740678,0.259322
0.740552,0.259448
0.740468,0.259532
0.740384,0.259616
0.740424,0.259576
0.740299,0.259701
0.740175,0.259825
0.740256,0.259744
0.740489,0.259511
0.740488,0.259512
0.740405,0.259595
0.740631,0.259369
0.740589,0.259411
0.740547,0.259453
0.740506,0.259494
0.740464,0.259536
0.740504,0.259496
0.740422,0.259578
0.740584,0.259416
0.740542,0.259458
0.74042,0.25958
0.740298,0.259702
0.740216,0.259784
0.740054,0.259946
0.740256,0.259744
0.740255,0.259745
0.740255,0.259745
0.740174,0.259826
0.740174,0.259826
0.740173,0.259827
0.740133,0.259867
0.740012,0.259988
0.740052,0.259948
0.740052,0.259948
0.739932,0.260068
0.739892,0.260108
0.739892,0.260108
0.739773,0.260227
0.739614,0.260386
0.739495,0.260505
0.739575,0.260425
0.739575,0.260425
0.739835,0.260165
0.739954,0.260046
0.739993,0.260007
0.740033,0.259967
0.740112,0.259888
0.740033,0.259967
0.740072,0.259928
0.740151,0.259849
0.740033,0.259967
0.739994,0.260006
0.740112,0.259888
0.740112,0.259888
0.739995,0.260005
0.739956,0.260044
0.739956,0.260044
0.740073,0.259927
0.740151,0.259849
0.740331,0.259669
0.740486,0.259514
0.740641,0.259359
0.74064,0.25936
0.740563,0.259437
0.74064,0.25936
0.740678,0.259322
0.740678,0.259322
0.740562,0.259438
0.740332,0.259668
0.740332,0.259668
0.740485,0.259515
0.740408,0.259592
0.740294,0.259706
0.740141,0.259859
0.740179,0.259821
0.74018,0.25982
0.74018,0.25982
0.740256,0.259744
0.740142,0.259858
0.740143,0.259857
0.740294,0.259706
0.740219,0.259781
0.740257,0.259743
0.740295,0.259705
0.74037,0.25963
0.740295,0.259705
0.740295,0.259705
0.740182,0.259818
0.740257,0.259743
0.740183,0.259817
0.74007,0.25993
0.740146,0.259854
0.740271,0.259729
0.740234,0.259766
0.740309,0.259691
0.740421,0.259579
0.740459,0.259541
0.740422,0.259578
0.740274,0.259726
0.740311,0.259689
0.740274,0.259726
0.740312,0.259688
0.740275,0.259725
0.740165,0.259835
0.740091,0.259909
0.740166,0.259834
0.740129,0.259871
0.740314,0.259686
0.740497,0.259503
0.740571,0.259429
0.740607,0.259393
0.740723,0.259277
0.740869,0.259131
0.740832,0.259168
0.740796,0.259204
0.740869,0.259131
0.740977,0.259023
0.740869,0.259131
0.74105,0.25895
0.740905,0.259095
0.741121,0.258879
0.741085,0.258915
0.741157,0.258843
0.741192,0.258808
0.741084,0.258916
0.74094,0.25906
0.74094,0.25906
0.741048,0.258952
0.740976,0.259024
0.741011,0.258989
0.74094,0.25906
0.741082,0.258918
0.741011,0.258989
0.740868,0.259132
0.740904,0.259096
0.740975,0.259025
0.740904,0.259096
0.740904,0.259096
0.741045,0.258955
0.740974,0.259026
0.740868,0.259132
0.740797,0.259203
0.740797,0.259203
0.740692,0.259308
0.740903,0.259097
0.741008,0.258992
0.741149,0.258851
0.741078,0.258922
0.741113,0.258887
0.741183,0.258817
0.741182,0.258818
0.741546,0.258454
0.741616,0.258384
0.741719,0.258281
0.741545,0.258455
0.741336,0.258664
0.741267,0.258733
0.741162,0.258838
0.741301,0.258699
0.741197,0.258803
0.741266,0.258734
0.741162,0.258838
0.741058,0.258942
0.740955,0.259045
0.740748,0.259252
0.740783,0.259217
0.740783,0.259217
0.740818,0.259182
0.740853,0.259147
0.740784,0.259216
0.74075,0.25925
0.740888,0.259112
0.740751,0.259249
0.740854,0.259146
0.740888,0.259112
0.740718,0.259282
0.740821,0.259179
0.740821,0.259179
0.740685,0.259315
0.740753,0.259247
0.740686,0.259314
0.740822,0.259178
0.740788,0.259212
0.740755,0.259245
0.740654,0.259346
0.74062,0.25938
0.740587,0.259413
0.740588,0.259412
0.740588,0.259412
0.740488,0.259512
0.740421,0.259579
0.740523,0.259477
0.740523,0.259477
0.740423,0.259577
0.740424,0.259576
0.740358,0.259642
0.740258,0.259742
0.740125,0.259875
0.740159,0.259841
0.740127,0.259873
0.740328,0.259672
0.740362,0.259638
0.74033,0.25967
0.740297,0.259703
0.740497,0.259503
0.740464,0.259536
0.740498,0.259502
0.740366,0.259634
0.7404,0.2596
0.740434,0.259566
0.740336,0.259664
0.740402,0.259598
0.740271,0.259729
0.740404,0.259596
0.740339,0.259661
0.740438,0.259562
0.740438,0.259562
0.740374,0.259626
0.740342,0.259658
0.740244,0.259756
0.740212,0.259788
0.740148,0.259852
0.740019,0.259981
0.740085,0.259915
0.739955,0.260045
0.740054,0.259946
0.740281,0.259719
0.740185,0.259815
0.740218,0.259782
0.740317,0.259683
0.740318,0.259682
0.740383,0.259617
0.740352,0.259648
0.740353,0.259647
0.740451,0.259549
0.740419,0.259581
0.740388,0.259612
0.740421,0.259579
0.740358,0.259642
0.740487,0.259513
0.740392,0.259608
0.740361,0.259639
0.740362,0.259638
0.740331,0.259669
0.740172,0.259828
0.740205,0.259795
0.740206,0.259794
0.740271,0.259729
0.740272,0.259728
0.740455,0.259545
0.740583,0.259417
0.740552,0.259448
0.740584,0.259416
0.740522,0.259478
0.740523,0.259477
0.740493,0.259507
0.740651,0.259349
0.740652,0.259348
0.740653,0.259347
0.740685,0.259315
0.740718,0.259282
0.740656,0.259344
0.740594,0.259406
0.740626,0.259374
0.740658,0.259342
0.740628,0.259372
0.740598,0.259402
0.740567,0.259433
0.74035,0.25965
0.740413,0.259587
0.740414,0.259586
0.740416,0.259584
0.740386,0.259614
0.740325,0.259675
0.740388,0.259612
0.74042,0.25958
0.74039,0.25961
0.74036,0.25964
0.740238,0.259762
0.740208,0.259792
0.740147,0.259853
0.74018,0.25982
0.740088,0.259912
0.739997,0.260003
0.740117,0.259883
0.739965,0.260035
0.739905,0.260095
0.739876,0.260124
0.739785,0.260215
0.739787,0.260213
0.739728,0.260272
0.73976,0.26024
0.739762,0.260238
0.739642,0.260358
0.739644,0.260356
0.739615,0.260385
0.739678,0.260322
0.73991,0.26009
0.739881,0.260119
0.739822,0.260178
0.739733,0.260267
0.739765,0.260235
0.739798,0.260202
0.73983,0.26017
0.739772,0.260228
0.739834,0.260166
0.739715,0.260285
0.739687,0.260313
0.73981,0.26019
0.739873,0.260127
0.739784,0.260216
0.739786,0.260214
0.739638,0.260362
0.73961,0.26039
0.739552,0.260448
0.739464,0.260536
0.739497,0.260503
0.739559,0.260441
0.739711,0.260289
0.739713,0.260287
0.739775,0.260225
0.739777,0.260223
0.739749,0.260251
0.739811,0.260189
0.739754,0.260246
0.739726,0.260274
0.739728,0.260272
0.73973,0.26027
0.739762,0.260238
0.739705,0.260295
0.739647,0.260353
0.739679,0.260321
0.739741,0.260259
0.739772,0.260228
0.739774,0.260226
0.739688,0.260312
0.73966,0.26034
0.739604,0.260396
0.739753,0.260247
0.739726,0.260274
0.739669,0.260331
0.739554,0.260446
0.739585,0.260415
0.739529,0.260471
0.739619,0.260381
0.73968,0.26032
0.739682,0.260318
0.739742,0.260258
0.739861,0.260139
0.739863,0.260137
0.739836,0.260164
0.739808,0.260192
0.739927,0.260073
0.73987,0.26013
0.739814,0.260186
0.739816,0.260184
0.73976,0.26024
0.739676,0.260324
0.739707,0.260293
0.739709,0.260291
0.739768,0.260232
0.740007,0.259993
0.740038,0.259962
0.74004,0.25996
0.739984,0.260016
0.739957,0.260043
0.740151,0.259849
0.740296,0.259704
0.740298,0.259702
0.740185,0.259815
0.740159,0.259841
0.740075,0.259925
0.740049,0.259951
0.740137,0.259863
0.740053,0.259947
0.740055,0.259945
0.74,0.26
0.739974,0.260026
0.740005,0.259995
0.740007,0.259993
0.740009,0.259991
0.739983,0.260017
0.740042,0.259958
0.739959,0.260041
0.739876,0.260124
0.739907,0.260093
0.739853,0.260147
0.739912,0.260088
0.739914,0.260086
0.739944,0.260056
0.73989,0.26011
0.739949,0.260051
0.739895,0.260105
0.739869,0.260131
0.739871,0.260129
0.739901,0.260099
0.739904,0.260096
0.740018,0.259982
0.74002,0.25998
0.739994,0.260006
0.740024,0.259976
0.74011,0.25989
0.740056,0.259944
0.740086,0.259914
0.740144,0.259856
0.740007,0.259993
0.740092,0.259908
0.740122,0.259878
0.740096,0.259904
0.740071,0.259929
0.5,0.5
0.990099,0.00990099
0.990099,0.00990099
0.990099,0.00990099
0.990099,0.00990099
0.990099,0.00990099
0.990099,0.00990099
0.990099,0.00990099
0.990099,0.00990099
0.990099,0.00990099
0.990099,0.00990099
0.990099,0.00990099
0.990099,0.00990099
0.990099,0.00990099
0.433333,0.566667
0.419355,0.580645
0.419355,0.580645
0.393939,0.606061
0.393939,0.606061
0.393939,0.606061
0.42623,0.57377
0.510638,0.489362
0.517241,0.482759
0.551724,0.448276
0.526316,0.473684
0.532359,0.467641
0.529412,0.470588
0.5776,0.4224
0.606936,0.393064
0.622642,0.377358
0.60199,0.39801
0.61727,0.38273
0.634146,0.365854
0.638507,0.361493
0.614754,0.385246
0.622754,0.377246
0.626866,0.373134
0.626198,0.373802
0.60961,0.39039
0.594901,0.405099
0.563636,0.436364
0.563636,0.436364
0.559322,0.440678
0.566667,0.433333
0.57377,0.42623
0.569975,0.430025
0.576979,0.423021
0.580645,0.419355
0.658502,0.341498
0.66087,0.33913
0.669221,0.330779
0.672466,0.327534
0.667883,0.332117
0.65493,0.34507
0.655738,0.344262
0.673411,0.326589
0.678344,0.321656
0.679199,0.320801
0.680997,0.319003
0.683833,0.316167
0.687551,0.312449
0.690203,0.309797
0.694712,0.305288
0.682762,0.317238
0.688127,0.311873
0.690583,0.309417
0.6875,0.3125
0.702245,0.297755
0.704516,0.295484
0.70505,0.29495
0.69651,0.30349
0.695374,0.304626
0.692833,0.307167
0.683114,0.316886
0.671463,0.328537
0.673759,0.326241
0.664234,0.335766
0.672091,0.327909
0.674286,0.325714
0.676421,0.323579
0.667447,0.332553
0.669555,0.330445
0.676186,0.323814
0.680288,0.319712
0.684385,0.315615
0.686992,0.313008
0.68888,0.31112
0.692762,0.307238
0.695868,0.304132
0.696312,0.303688
0.698043,0.301957
0.699733,0.300267
0.701384,0.298616
0.707489,0.292511
0.706597,0.293403
0.708155,0.291845
0.709677,0.290323
0.711971,0.288029
0.713453,0.286547
0.71376,0.28624
0.705523,0.294477
0.703095,0.296905
0.707685,0.292315
0.69863,0.30137
0.697897,0.302103
0.701112,0.298888
0.704268,0.295732
0.704597,0.295403
0.695926,0.304074
0.700326,0.299674
0.700664,0.299336
0.689174,0.310826
0.682079,0.317921
0.683506,0.316494
0.684906,0.315094
0.686576,0.313424
0.68593,0.31407
0.687949,0.312051
0.692204,0.307796
0.693515,0.306485
0.68673,0.31327
0.685145,0.314855
0.687737,0.312263
0.687519,0.312481
0.689442,0.310558
0.691965,0.308035
0.69233,0.30767
0.693566,0.306434
0.693911,0.306089
0.687358,0.312642
0.688574,0.311426
0.691271,0.308729
0.692446,0.307554
0.693603,0.306397
0.692837,0.307163
0.693976,0.306024
0.687687,0.312313
0.686126,0.313874
0.680007,0.319993
0.675554,0.324446
0.676507,0.323493
0.672727,0.327273
0.673887,0.326113
0.676486,0.323514
0.67761,0.32239
0.673306,0.326694
0.667732,0.332268
0.662319,0.337681
0.657061,0.342939
0.660848,0.339152
0.657165,0.342835
0.657512,0.342488
0.659718,0.340282
0.660683,0.339317
0.654767,0.345233
0.652494,0.347506
0.654206,0.345794
0.647799,0.352201
0.643046,0.356954
0.643816,0.356184
0.641822,0.358178
0.635576,0.364424
0.63115,0.36885
0.632308,0.367692
0.632701,0.367299
0.630234,0.369766
0.632441,0.367559
0.633569,0.366431
0.629886,0.370114
0.632775,0.367225
0.633669,0.366331
0.633133,0.366867
0.633149,0.366851
0.64302,0.35698
0.644093,0.355907
0.64857,0.35143
0.651387,0.348613
0.656047,0.343953
0.655788,0.344212
0.651644,0.348356
0.653729,0.346271
0.656197,0.343803
0.656567,0.343433
0.656712,0.343288
0.660711,0.339289
0.661694,0.338306
0.662624,0.337376
0.667257,0.332743
0.667195,0.332805
0.668517,0.331483
0.667744,0.332256
0.669399,0.330601
0.67034,0.32966
0.666444,0.333556
0.668651,0.331349
0.669935,0.330065
0.670857,0.329143
0.670144,0.329856
0.671231,0.328769
0.671602,0.328398
0.672498,0.327502
0.672858,0.327142
0.673738,0.326262
0.674609,0.325391
0.675472,0.324528
0.676325,0.323675
0.677741,0.322259
0.680661,0.319339
0.682187,0.317813
0.678254,0.321746
0.673726,0.326274
0.67541,0.32459
0.670111,0.329889
0.67045,0.32955
0.67098,0.32902
0.672155,0.327845
0.672489,0.327511
0.674138,0.325862
0.669446,0.330554
0.669777,0.330223
0.672097,0.327903
0.673097,0.326903
0.674232,0.325768
0.675025,0.324975
0.674871,0.325129
0.675652,0.324348
0.677229,0.322771
0.67707,0.32293
0.677833,0.322167
0.67813,0.32187
0.679221,0.320779
0.680304,0.319696
0.676234,0.323766
0.677769,0.322231
0.675702,0.324298
0.671691,0.328309
0.669203,0.330797
0.665758,0.334242
0.666848,0.333152
0.667599,0.332401
0.663772,0.336228
0.661555,0.338445
0.65694,0.34306
0.658237,0.341763
0.658,0.342
0.658755,0.341245
0.659068,0.340932
0.659379,0.340621
0.656159,0.343841
0.657664,0.342336
0.658399,0.341601
0.655565,0.344435
0.657806,0.342194
0.65661,0.34339
0.656915,0.343085
0.657639,0.342361
0.657425,0.342575
0.657637,0.342363
0.655582,0.344418
0.652515,0.347485
0.649496,0.350504
0.646524,0.353476
0.645483,0.354517
0.642453,0.357547
0.643184,0.356816
0.645992,0.354008
0.646206,0.353794
0.647233,0.352767
0.647136,0.352864
0.648557,0.351443
0.648858,0.351142
0.648277,0.351723
0.648579,0.351421
0.648018,0.351982
0.652821,0.347179
0.650622,0.349378
0.652493,0.347507
0.648879,0.351121
0.650063,0.349937
0.651417,0.348583
0.651718,0.348282
0.652394,0.347606
0.653065,0.346935
0.649889,0.350111
0.647862,0.352138
0.649339,0.350661
0.649205,0.350795
0.656357,0.343643
0.657903,0.342097
0.654773,0.345227
0.655519,0.344481
0.651288,0.348712
0.651266,0.348734
0.653663,0.346337
0.653473,0.346527
0.653119,0.346881
0.655734,0.344266
0.657227,0.342773
0.658211,0.341789
0.657875,0.342125
0.658043,0.341957
0.657895,0.342105
0.657579,0.342421
0.655108,0.344892
0.655614,0.344386
0.658437,0.341563
0.660113,0.339887
0.660747,0.339253
0.658068,0.341932
0.658314,0.341686
0.655907,0.344093
0.653066,0.346934
0.656095,0.343905
0.65673,0.34327
0.657362,0.342638
0.657089,0.342911
0.657638,0.342362
0.658079,0.341921
0.658334,0.341666
0.65896,0.34104
0.659289,0.340711
0.660041,0.339959
0.660372,0.339628
0.660987,0.339013
0.661461,0.338539
0.662072,0.337928
0.663384,0.336616
0.664617,0.335383
0.66494,0.33506
0.665955,0.334045
0.666274,0.333726
0.666317,0.333683
0.665149,0.334851
0.665739,0.334261
0.663487,0.336513
0.663541,0.336459
0.665906,0.334094
0.667979,0.332021
0.668303,0.331697
0.669082,0.330918
0.669401,0.330599
0.669403,0.330597
0.67238,0.32762
0.674653,0.325347
0.675656,0.324344
0.677144,0.322856
0.677704,0.322296
0.674949,0.325051
0.675445,0.324555
0.676432,0.323568
0.676849,0.323151
0.676325,0.323675
0.676357,0.323643
0.676099,0.323901
0.676421,0.323579
0.677101,0.322899
0.677036,0.322964
0.676898,0.323102
0.674405,0.325595
0.670788,0.329212
0.671342,0.328658
0.672075,0.327925
0.672624,0.327376
0.673169,0.326831
0.672941,0.327059
0.674657,0.325343
0.67515,0.32485
0.672494,0.327506
0.669009,0.330991
0.669733,0.330267
0.671428,0.328572
0.673453,0.326547
0.673769,0.326231
0.67321,0.32679
0.674479,0.325521
0.675008,0.324992
0.675534,0.324466
0.676832,0.323168
0.675188,0.324812
0.676094,0.323906
0.675668,0.324332
0.676568,0.323432
0.677798,0.322202
0.677464,0.322536
0.679692,0.320308
0.68,0.32
0.679898,0.320102
0.680122,0.319878
0.680023,0.319977
0.680892,0.319108
0.681194,0.318806
0.680493,0.319507
0.681844,0.318156
0.682466,0.317534
0.682138,0.317862
0.682565,0.317435
0.682375,0.317625
0.682868,0.317132
0.686291,0.313709
0.686777,0.313223
0.68707,0.31293
0.687552,0.312448
0.688722,0.311278
0.687776,0.312224
0.68862,0.31138
0.688694,0.311306
0.688525,0.311475
0.689552,0.310448
0.688826,0.311174
0.688478,0.311522
0.690716,0.309284
0.688828,0.311172
0.688162,0.311838
0.688408,0.311592
0.688855,0.311145
0.689768,0.310232
0.692342,0.307658
0.692296,0.307704
0.69259,0.30741
0.691026,0.308974
0.69149,0.30851
0.691783,0.308217
0.692188,0.307812
0.692399,0.307601
0.693165,0.306835
0.693453,0.306547
0.693715,0.306285
0.694308,0.305692
0.694733,0.305267
0.694968,0.305032
0.692698,0.307302
0.692323,0.307677
0.69389,0.30611
0.694336,0.305664
0.694477,0.305523
0.695357,0.304643
0.695752,0.304248
0.69617,0.30383
0.694596,0.305404
0.694413,0.305587
0.694855,0.305145
0.692448,0.307552
0.692702,0.307298
0.693146,0.306854
0.693109,0.306891
0.693361,0.306639
0.693784,0.306216
0.694423,0.305577
0.69471,0.30529
0.695096,0.304904
0.695531,0.304469
0.696246,0.303754
0.696713,0.303287
0.697243,0.302757
0.697478,0.302522
0.697454,0.302546
0.697577,0.302423
0.698106,0.301894
0.69862,0.30138
0.698887,0.301113
0.699154,0.300846
0.699885,0.300115
0.700433,0.299567
0.701373,0.298627
0.701358,0.298642
0.701774,0.298226
0.701621,0.298379
0.702023,0.297977
0.702149,0.297851
0.702645,0.297355
0.703139,0.296861
0.703548,0.296452
0.703058,0.296942
0.703972,0.296028
0.704105,0.295895
0.704493,0.295507
0.705012,0.294988
0.705276,0.294724
0.705154,0.294846
0.705793,0.294207
0.706193,0.293807
0.705774,0.294226
0.706038,0.293962
0.706655,0.293345
0.7073,0.2927
0.707568,0.292432
0.706178,0.293822
0.706435,0.293565
0.706081,0.293919
0.705604,0.294396
0.706118,0.293882
0.706511,0.293489
0.7069,0.2931
0.70801,0.29199
0.70923,0.29077
0.709133,0.290867
0.709753,0.290247
0.710486,0.289514
0.710468,0.289532
0.710846,0.289154
0.710884,0.289116
0.71053,0.28947
0.710915,0.289085
0.711185,0.288815
0.711908,0.288092
0.711948,0.288052
0.712666,0.287334
0.713045,0.286955
0.713087,0.286913
0.712913,0.287087
0.712521,0.287479
0.712569,0.287431
0.712198,0.287802
0.712466,0.287534
0.712845,0.287155
0.713445,0.286555
0.713284,0.286716
0.713343,0.286657
0.710187,0.289813
0.710147,0.289853
0.710533,0.289467
0.710719,0.289281
0.71092,0.28908
0.708727,0.291273
0.710405,0.289595
0.710574,0.289426
0.711932,0.288068
0.712301,0.287699
0.712891,0.287109
0.710225,0.289775
0.710292,0.289708
0.711321,0.288679
0.70877,0.29123
0.70925,0.29075
0.709531,0.290469
0.707202,0.292798
0.707891,0.292109
0.70854,0.29146
0.709334,0.290666
0.70911,0.29089
0.709485,0.290515
0.709851,0.290149
0.707472,0.292528
0.70775,0.29225
0.707926,0.292074
0.707344,0.292656
0.708239,0.291761
0.708608,0.291392
0.709188,0.290812
0.709455,0.290545
0.7087,0.2913
0.709068,0.290932
0.709081,0.290919
0.709468,0.290532
0.710026,0.289974
0.707109,0.292891
0.707662,0.292338
0.707451,0.292549
0.707536,0.292464
0.707333,0.292667
0.708169,0.291831
0.708527,0.291473
0.70866,0.29134
0.709561,0.290439
0.708972,0.291028
0.709264,0.290736
0.708506,0.291494
0.708135,0.291865
0.70852,0.29148
0.708876,0.291124
0.708972,0.291028
0.707744,0.292256
0.708206,0.291794
0.709466,0.290534
0.710669,0.289331
0.710242,0.289758
0.710595,0.289405
0.710976,0.289024
0.711162,0.288838
0.711468,0.288532
0.711948,0.288052
0.712597,0.287403
0.713915,0.286085
0.714537,0.285463
0.71522,0.28478
0.71652,0.28348
0.716589,0.283411
0.71715,0.28285
0.717427,0.282573
0.717455,0.282545
0.717646,0.282354
0.717985,0.282015
0.718121,0.281879
0.715098,0.284902
0.715327,0.284673
0.716829,0.283171
0.717395,0.282605
0.717589,0.282411
0.717925,0.282075
0.715331,0.284669
0.715602,0.284398
0.71646,0.28354
0.716662,0.283338
0.716509,0.283491
0.716934,0.283066
0.717154,0.282846
0.717422,0.282578
0.717617,0.282383
0.716045,0.283955
0.714058,0.285942
0.714474,0.285526
0.712341,0.287659
0.712576,0.287424
0.712514,0.287486
0.710484,0.289516
0.708305,0.291695
0.708159,0.291841
0.708462,0.291538
0.706448,0.293552
0.707209,0.292791
0.707635,0.292365
0.707947,0.292053
0.708776,0.291224
0.709064,0.290936
0.709407,0.290593
0.709044,0.290956
0.709325,0.290675
0.709075,0.290925
0.708723,0.291277
0.709357,0.290643
0.709775,0.290225
0.71014,0.28986
0.708355,0.291645
0.707584,0.292416
0.707662,0.292338
0.7075,0.2925
0.707581,0.292419
0.708058,0.291942
0.707312,0.292688
0.70751,0.29249
0.70739,0.29261
0.707474,0.292526
0.707681,0.292319
0.708163,0.291837
0.708579,0.291421
0.708655,0.291345
0.708741,0.291259
0.708963,0.291037
0.709177,0.290823
0.708638,0.291362
0.707539,0.292461
0.70742,0.29258
0.707969,0.292031
0.707886,0.292114
0.707793,0.292207
0.707507,0.292493
0.707534,0.292466
0.706866,0.293134
0.706978,0.293022
0.706886,0.293114
0.707203,0.292797
0.707534,0.292466
0.70821,0.29179
0.708131,0.291869
0.7081,0.2919
0.708463,0.291537
0.708577,0.291423
0.70869,0.29131
0.709355,0.290645
0.708537,0.291463
0.708517,0.291483
0.709329,0.290671
0.708892,0.291108
0.709162,0.290838
0.709306,0.290694
0.709588,0.290412
0.710379,0.289621
0.710308,0.289692
0.710244,0.289756
0.710099,0.289901
0.710752,0.289248
0.711333,0.288667
0.712148,0.287852
0.712097,0.287903
0.712031,0.287969
0.711096,0.288904
0.711499,0.288501
0.709409,0.290591
0.70977,0.29023
0.710158,0.289842
0.710805,0.289195
0.711087,0.288913
0.712239,0.287761
0.712453,0.287547
0.712739,0.287261
0.713099,0.286901
0.712891,0.287109
0.713083,0.286917
0.713382,0.286618
0.713708,0.286292
0.711765,0.288235
0.71017,0.28983
0.710383,0.289617
0.711118,0.288882
0.710978,0.289022
0.711356,0.288644
0.710966,0.289034
0.711509,0.288491
0.709635,0.290365
0.707838,0.292162
0.706268,0.293732
0.706452,0.293548
0.706392,0.293608
0.705514,0.294486
0.703672,0.296328
0.701516,0.298484
0.701953,0.298047
0.70246,0.29754
0.702403,0.297597
0.702684,0.297316
0.700877,0.299123
0.701158,0.298842
0.699466,0.300534
0.699808,0.300192
0.700089,0.299911
0.700354,0.299646
0.700573,0.299427
0.700952,0.299048
0.701112,0.298888
0.701216,0.298784
0.701367,0.298633
0.70137,0.29863
0.701402,0.298598
0.701341,0.298659
0.701763,0.298237
0.701808,0.298192
0.701759,0.298241
0.701984,0.298016
0.701627,0.298373
0.701581,0.298419
0.701842,0.298158
0.701796,0.298204
0.702312,0.297688
0.702309,0.297691
0.702962,0.297038
0.702467,0.297533
0.702424,0.297576
0.702738,0.297262
0.703151,0.296849
0.703198,0.296802
0.703157,0.296843
0.702526,0.297474
0.702341,0.297659
0.702496,0.297504
0.7031,0.2969
0.702939,0.297061
0.702812,0.297188
0.702635,0.297365
0.702913,0.297087
0.703604,0.296396
0.703726,0.296274
0.703838,0.296162
0.703664,0.296336
0.704059,0.295941
0.70445,0.29555
0.704889,0.295111
0.705153,0.294847
0.705462,0.294538
0.705428,0.294572
0.705447,0.294553
0.705434,0.294566
0.705404,0.294596
0.705586,0.294414
0.705694,0.294306
0.705528,0.294472
0.705709,0.294291
0.705995,0.294005
0.706103,0.293897
0.706786,0.293214
0.707294,0.292706
0.707665,0.292335
0.707928,0.292072
0.708385,0.291615
0.708647,0.291353
0.708826,0.291174
0.709148,0.290852
0.708852,0.291148
0.709217,0.290783
0.709235,0.290765
0.708813,0.291187
0.709155,0.290845
0.708344,0.291656
0.708525,0.291475
0.708701,0.291299
0.709215,0.290785
0.709565,0.290435
0.709845,0.290155
0.710326,0.289674
0.710707,0.289293
0.711192,0.288808
0.711734,0.288266
0.71208,0.28792
0.712763,0.287237
0.712234,0.287766
0.712655,0.287345
0.712379,0.287621
0.712727,0.287273
0.71233,0.28767
0.712305,0.287695
0.713104,0.286896
0.713201,0.286799
0.713617,0.286383
0.713591,0.286409
0.713564,0.286436
0.713899,0.286101
0.714471,0.285529
0.714543,0.285457
0.714936,0.285064
0.71509,0.28491
0.715418,0.284582
0.715599,0.284401
0.715781,0.284219
0.715518,0.284482
0.715256,0.284744
0.714996,0.285004
0.716137,0.283863
0.715529,0.284471
0.715503,0.284497
0.715822,0.284178
0.715681,0.284319
0.715769,0.284231
0.715514,0.284486
0.715716,0.284284
0.715463,0.284537
0.715438,0.284562
0.715686,0.284314
0.715857,0.284143
0.715608,0.284392
0.715585,0.284415
0.715919,0.284081
0.716425,0.283575
0.716766,0.283234
0.71702,0.28298
0.717218,0.282782
0.717304,0.282696
0.717489,0.282511
0.718117,0.281883
0.718203,0.281797
0.717743,0.282257
0.718047,0.281953
0.718241,0.281759
0.718527,0.281473
0.71898,0.28102
0.719133,0.280867
0.717376,0.282624
0.717568,0.282432
0.717329,0.282671
0.717198,0.282802
0.717175,0.282825
0.717438,0.282562
0.717659,0.282341
0.716999,0.283001
0.717362,0.282638
0.717553,0.282447
0.717806,0.282194
0.717786,0.282214
0.71807,0.28193
0.718468,0.281532
0.718551,0.281449
0.71853,0.28147
0.718631,0.281369
0.71861,0.28139
0.718899,0.281101
0.71857,0.28143
0.718549,0.281451
0.718427,0.281573
0.719221,0.280779
0.719097,0.280903
0.719378,0.280622
0.719054,0.280946
0.718732,0.281268
0.719012,0.280988
0.718891,0.281109
0.718771,0.281229
0.719033,0.280967
0.719144,0.280856
0.719299,0.280701
0.719379,0.280621
0.719655,0.280345
0.719145,0.280855
0.719029,0.280971
0.719601,0.280399
0.71968,0.28032
0.719564,0.280436
0.719857,0.280143
0.719549,0.280451
0.719436,0.280564
0.719419,0.280581
0.718924,0.281076
0.719274,0.280726
0.719354,0.280646
0.719557,0.280443
0.719821,0.280179
0.719711,0.280289
0.719696,0.280304
0.719493,0.280507
0.719385,0.280615
0.719589,0.280411
0.719576,0.280424
0.719095,0.280905
0.719083,0.280917
0.719072,0.280928
0.718874,0.281126
0.718585,0.281415
0.718861,0.281139
0.718574,0.281426
0.718381,0.281619
0.718464,0.281536
0.71873,0.28127
0.718629,0.281371
0.718989,0.281011
0.719378,0.280622
0.719628,0.280372
0.719528,0.280472
0.719669,0.280331
0.71957,0.28043
0.719859,0.280141
0.719941,0.280059
0.720229,0.279771
0.72022,0.27978
0.719944,0.280056
0.719847,0.280153
0.719751,0.280249
0.719478,0.280522
0.719561,0.280439
0.719554,0.280446
0.719724,0.280276
0.719629,0.280371
0.719881,0.280119
0.720211,0.279789
0.720205,0.279795
0.720112,0.279888
0.720106,0.279894
0.71984,0.28016
0.720007,0.279993
0.720346,0.279654
0.720571,0.279429
0.72071,0.27929
0.720618,0.279382
0.720271,0.279729
0.720181,0.279819
0.720237,0.279763
0.720676,0.279324
0.720247,0.279753
0.720159,0.279841
0.72041,0.27959
0.720069,0.279931
0.720067,0.279933
0.719896,0.280104
0.720057,0.279943
0.720434,0.279566
0.720627,0.279373
0.720678,0.279322
0.720677,0.279323
0.721069,0.278931
0.721068,0.278932
0.721203,0.278797
0.72079,0.27921
0.720872,0.279128
0.720708,0.279292
0.72079,0.27921
0.720954,0.279046
0.721524,0.278476
0.721523,0.278477
0.721765,0.278235
0.72144,0.27856
0.721359,0.278641
0.721278,0.278722
0.721762,0.278238
0.721601,0.278399
0.721441,0.278559
0.721202,0.278798
0.721521,0.278479
0.721442,0.278558
0.721205,0.278795
0.721126,0.278874
0.720891,0.279109
0.721143,0.278857
0.721395,0.278605
0.721397,0.278603
0.721555,0.278445
0.72169,0.27831
0.721457,0.278543
0.721381,0.278619
0.721424,0.278576
0.721427,0.278573
0.721642,0.278358
0.721491,0.278509
0.721185,0.278815
0.721344,0.278656
0.721117,0.278883
0.721187,0.278813
0.721259,0.278741
0.721035,0.278965
0.720812,0.279188
0.720742,0.279258
0.720597,0.279403
0.720604,0.279396
0.720877,0.279123
0.720884,0.279116
0.720589,0.279411
0.720597,0.279403
0.720605,0.279395
0.720987,0.279013
0.721263,0.278737
0.721195,0.278805
0.721128,0.278872
0.721135,0.278865
0.721586,0.278414
0.721592,0.278408
0.721524,0.278476
0.721712,0.278288
0.721572,0.278428
0.721871,0.278129
0.721804,0.278196
0.721664,0.278336
0.721598,0.278402
0.721532,0.278468
0.721611,0.278389
0.721685,0.278315
0.722068,0.277932
0.722393,0.277607
0.722327,0.277673
0.722406,0.277594
0.722627,0.277373
0.722705,0.277295
0.722568,0.277432
0.722575,0.277425
0.722368,0.277632
0.722621,0.277379
0.722698,0.277302
0.722916,0.277084
0.723182,0.276818
0.722977,0.277023
0.723091,0.276909
0.723418,0.276582
0.723425,0.276575
0.723572,0.276428
0.72316,0.27684
0.723098,0.276902
0.723105,0.276895
0.723182,0.276818
0.722982,0.277018
0.723127,0.276873
0.723423,0.276577
0.723224,0.276776
0.723094,0.276906
0.722965,0.277035
0.72311,0.27689
0.723118,0.276882
0.723348,0.276652
0.723591,0.276409
0.723666,0.276334
0.723539,0.276461
0.723412,0.276588
0.723555,0.276445
0.723563,0.276437
0.72337,0.27663
0.723446,0.276554
0.72332,0.27668
0.723329,0.276671
0.723271,0.276729
0.723952,0.276048
0.723695,0.276305
0.724033,0.275967
0.723975,0.276025
0.723654,0.276346
0.72353,0.27647
0.72367,0.27633
0.72394,0.27606
0.723882,0.276118
0.723695,0.276305
0.723573,0.276427
0.723581,0.276419
0.723265,0.276735
0.723209,0.276791
0.723479,0.276521
0.723294,0.276706
0.723433,0.276567
0.723716,0.276284
0.723817,0.276183
0.723826,0.276174
0.723964,0.276036
0.723781,0.276219
0.72418,0.27582
0.724316,0.275684
0.724071,0.275929
0.723827,0.276173
0.723963,0.276037
0.723657,0.276343
0.723541,0.276459
0.7233,0.2767
0.723373,0.276627
0.72359,0.27641
0.723601,0.276399
0.723612,0.276388
0.723748,0.276252
0.723945,0.276055
0.724079,0.275921
0.724027,0.275973
0.723789,0.276211
0.723552,0.276448
0.723563,0.276437
0.723574,0.276426
0.723864,0.276136
0.724027,0.275973
0.724038,0.275962
0.723926,0.276074
0.723937,0.276063
0.724009,0.275991
0.72402,0.27598
0.723848,0.276152
0.724059,0.275941
0.724192,0.275808
0.724263,0.275737
0.724153,0.275847
0.724345,0.275655
0.724956,0.275044
0.724726,0.275274
0.724915,0.275085
0.724924,0.275076
0.724934,0.275066
0.724884,0.275116
0.724775,0.275225
0.724725,0.275275
0.724794,0.275206
0.724803,0.275197
0.724695,0.275305
0.724528,0.275472
0.724597,0.275403
0.72449,0.27551
0.7245,0.2755
0.724627,0.275373
0.724918,0.275082
0.724811,0.275189
0.724705,0.275295
0.724541,0.275459
0.724661,0.275339
0.724498,0.275502
0.724714,0.275286
0.72461,0.27539
0.724917,0.275083
0.724755,0.275245
0.724927,0.275073
0.724766,0.275234
0.724663,0.275337
0.724503,0.275497
0.724745,0.275255
0.724955,0.275045
0.724738,0.275262
0.724579,0.275421
0.724592,0.275408
0.724605,0.275395
0.724504,0.275496
0.724176,0.275824
0.724019,0.275981
0.724089,0.275911
0.724216,0.275784
0.724116,0.275884
0.724696,0.275304
0.724428,0.275572
0.724273,0.275727
0.724006,0.275994
0.72402,0.27598
0.724248,0.275752
0.724374,0.275626
0.724276,0.275724
0.724593,0.275407
0.724495,0.275505
0.724786,0.275214
0.724917,0.275083
0.724876,0.275124
0.724669,0.275331
0.725039,0.274961
0.725053,0.274947
0.725067,0.274933
0.725137,0.274863
0.725206,0.274794
0.72511,0.27489
0.725015,0.274985
0.724702,0.275298
0.724608,0.275392
0.72446,0.27554
0.724257,0.275743
0.724219,0.275781
0.724597,0.275403
0.724612,0.275388
0.724465,0.275535
0.724427,0.275573
0.724226,0.275774
0.724807,0.275193
0.724714,0.275286
0.724676,0.275324
0.724531,0.275469
0.724707,0.275293
0.724402,0.275598
0.724578,0.275422
0.724381,0.275619
0.72445,0.27555
0.724533,0.275467
0.724443,0.275557
0.7243,0.2757
0.724158,0.275842
0.724016,0.275984
0.724315,0.275685
0.724384,0.275616
0.724716,0.275284
0.724732,0.275268
0.72459,0.27541
0.724502,0.275498
0.724716,0.275284
0.724784,0.275216
0.7248,0.2752
0.72492,0.27508
0.724729,0.275271
0.724849,0.275151
